Crime ID,Month,Reported by,Falls within,Longitude,Latitude,Location,LSOA code,LSOA name,Crime type,Last outcome category,Context
c0c9490b4784f1ed49f131b209778a3608d8e9dc7d2e73bcadc1cd8fc37d2537,2016-01,Norfolk Constabulary,Norfolk Constabulary,-1.197202,51.215865,On or near Church Farm Close,E01022532,Basingstoke and Deane 022A,Violence and sexual offences,Status update unavailable,
9df6a7f8ae2f224b28b66661cf3a070090d59422ebc718dd36cab367cdc168ba,2016-01,Norfolk Constabulary,Norfolk Constabulary,1.029399,52.746422,On or near Blackhorse Meadow,E01026436,Breckland 001A,Burglary,Investigation complete; no suspect identified,
5cd2388d8a7e59c399aace2a4f82dbf69a853cdfcab70c76c68ed41715db99b3,2016-01,Norfolk Constabulary,Norfolk Constabulary,1.072912,52.698043,On or near Blind Lane,E01026436,Breckland 001A,Burglary,Investigation complete; no suspect identified,
b7beaf5b5dd3a929cdadf2922ca99e0dd7d0a44e296f0434e6fa544c1ad73a53,2016-01,Norfolk Constabulary,Norfolk Constabulary,1.062192,52.717242,On or near Back Lane,E01026436,Breckland 001A,Vehicle crime,Investigation complete; no suspect identified,
059a1c630e35a647bc8535a425f6b4787ba2a5711a99a4d866a358f1aea918b2,2016-01,Norfolk Constabulary,Norfolk Constabulary,1.056109,52.720259,On or near Bakery Lane,E01026436,Breckland 001A,Other crime,Status update unavailable,
,2016-01,Norfolk Constabulary,Norfolk Constabulary,0.981465,52.712871,On or near Sports/Recreation Area,E01026461,Breckland 001C,Anti-social behaviour,,
d03c3820a08573bb934e5ea5057db365c08b23837557c3d51f7c2f2f247f7471,2016-01,Norfolk Constabulary,Norfolk Constabulary,1.042037,52.711718,On or near Heath Road,E01026461,Breckland 001C,Other theft,Investigation complete; no suspect identified,
759ba2c9155718e4709ae97589f1a12cd690d86bfbb182a875d3657a0aa7239e,2016-01,Norfolk Constabulary,Norfolk Constabulary,0.987233,52.715154,On or near Petrol Station,E01026461,Breckland 001C,Other theft,Investigation complete; no suspect identified,
c424431dfb0c3917188d3ae81241f069d4d076cad50610d9e8625bcc2e8061e7,2016-01,Norfolk Constabulary,Norfolk Constabulary,0.981465,52.712871,On or near Sports/Recreation Area,E01026461,Breckland 001C,Violence and sexual offences,Status update unavailable,
,2016-01,Norfolk Constabulary,Norfolk Constabulary,0.946326,52.745153,On or near Orchard Close,E01026483,Breckland 001E,Anti-social behaviour,,
,2016-01,Norfolk Constabulary,Norfolk Constabulary,0.954951,52.743194,On or near Station Road,E01033042,Breckland 001F,Anti-social behaviour,,
,2016-01,Norfolk Constabulary,Norfolk Constabulary,0.952401,52.720155,On or near Park/Open Space,E01033042,Breckland 001F,Anti-social behaviour,,
5f77bdc97790ab89ed5f3c7a057878b8510b519854312bfa76eb4be5cfbf3a42,2016-01,Norfolk Constabulary,Norfolk Constabulary,0.982590,52.743679,On or near Sports/Recreation Area,E01033042,Breckland 001F,Burglary,Investigation complete; no suspect identified,
6f3d2bfcb9533f654fcdcc63430dc198b41f92bce378909f08d748cc5c6c0082,2016-01,Norfolk Constabulary,Norfolk Constabulary,0.992408,52.771462,On or near The Street,E01033042,Breckland 001F,Criminal damage and arson,Status update unavailable,
e6e2af3540c8e5f3314fbb6eb5498e6e1208f7f586b046a6263cbf9a7b711bf1,2016-01,Norfolk Constabulary,Norfolk Constabulary,0.978293,52.718913,On or near Ward Crescent,E01033042,Breckland 001F,Violence and sexual offences,Investigation complete; no suspect identified,
2afb0d1abd24a6d5de92d11262749f631ce42df2bfde68a0184192d9e4baff97,2016-01,Norfolk Constabulary,Norfolk Constabulary,0.982590,52.743679,On or near Sports/Recreation Area,E01033042,Breckland 001F,Violence and sexual offences,Status update unavailable,
,2016-01,Norfolk Constabulary,Norfolk Constabulary,0.846273,52.771284,On or near Dereham Road,E01026442,Breckland 002A,Anti-social behaviour,,
dae42af406e53c6f5a0b90a8a817f373526c6115356ae6f34cd18bce5299ea19,2016-01,Norfolk Constabulary,Norfolk Constabulary,0.879028,52.778047,On or near Main Dereham Road,E01026442,Breckland 002A,Other theft,Investigation complete; no suspect identified,
09952caa65930f8a612c5fce79d80a10f80e3fdcb5f549059e4bce9b867ff5fe,2016-01,Norfolk Constabulary,Norfolk Constabulary,0.843194,52.772041,On or near High Street,E01026442,Breckland 002A,Other theft,Investigation complete; no suspect identified,
cb92426e3c58064f5c5e88b20f084457dd347adfce7791ea682fa19468d5d289,2016-01,Norfolk Constabulary,Norfolk Constabulary,0.832963,52.771135,On or near Mill Road,E01026442,Breckland 002A,Violence and sexual offences,Investigation complete; no suspect identified,
,2016-01,Norfolk Constabulary,Norfolk Constabulary,0.763030,52.677080,On or near Necton Road,E01026443,Breckland 002B,Anti-social behaviour,,
,2016-01,Norfolk Constabulary,Norfolk Constabulary,0.790804,52.723055,On or near Manor Drive,E01026443,Breckland 002B,Anti-social behaviour,,
,2016-01,Norfolk Constabulary,Norfolk Constabulary,0.790804,52.723055,On or near Manor Drive,E01026443,Breckland 002B,Anti-social behaviour,,
,2016-01,Norfolk Constabulary,Norfolk Constabulary,0.790804,52.723055,On or near Manor Drive,E01026443,Breckland 002B,Anti-social behaviour,,
,2016-01,Norfolk Constabulary,Norfolk Constabulary,0.785135,52.727990,On or near Keppel Close,E01026443,Breckland 002B,Anti-social behaviour,,
,2016-01,Norfolk Constabulary,Norfolk Constabulary,0.790804,52.723055,On or near Manor Drive,E01026443,Breckland 002B,Anti-social behaviour,,
38f67921335ba22d8c52537e3f8ad35e25f980e91b946a9622a8b8e984866663,2016-01,Norfolk Constabulary,Norfolk Constabulary,0.874653,52.713469,On or near Park/Open Space,E01026443,Breckland 002B,Burglary,Investigation complete; no suspect identified,
553a51d3627c561e8c0e19869c2e34b31f1d539d4f8f6dcd7a028e9be33db3af,2016-01,Norfolk Constabulary,Norfolk Constabulary,0.763030,52.677080,On or near Necton Road,E01026443,Breckland 002B,Burglary,Investigation complete; no suspect identified,
78f1761b6c2b748be15374f485cc84c178aafa4fa18aebc25dbcec68d7fec8b7,2016-01,Norfolk Constabulary,Norfolk Constabulary,0.757613,52.681729,On or near School Lane,E01026443,Breckland 002B,Burglary,Investigation complete; no suspect identified,
504e83d4f4666992bf50ad858c8f0d72288ceb397443781e6df3d40d71728fff,2016-01,Norfolk Constabulary,Norfolk Constabulary,0.793281,52.722888,On or near Church Street,E01026443,Breckland 002B,Other theft,Status update unavailable,
,2016-01,Norfolk Constabulary,Norfolk Constabulary,0.585081,52.681321,On or near Westfields,E01026445,Breckland 002C,Anti-social behaviour,,
,2016-01,Norfolk Constabulary,Norfolk Constabulary,0.584237,52.682311,On or near Meadow Close,E01026445,Breckland 002C,Anti-social behaviour,,
59dd5bd7da23da75df05a4ddec6914a1253dbe35a412d1778764d56b2b29ee43,2016-01,Norfolk Constabulary,Norfolk Constabulary,0.585845,52.683984,On or near Blacksmiths Way,E01026445,Breckland 002C,Burglary,Investigation complete; no suspect identified,
031525592f57379182a352623ffbcc988046891ceecde704a0393d8f4e50be5d,2016-01,Norfolk Constabulary,Norfolk Constabulary,0.733781,52.665232,On or near Hill'S Close,E01026445,Breckland 002C,Criminal damage and arson,Unable to prosecute suspect,
1157a619d75d6e9d66f15a830e5b28fbe22f271c2960d52172d380226f0c225b,2016-01,Norfolk Constabulary,Norfolk Constabulary,0.591024,52.682495,On or near Swaffham Road,E01026445,Breckland 002C,Violence and sexual offences,Unable to prosecute suspect,
,2016-01,Norfolk Constabulary,Norfolk Constabulary,0.885293,52.740719,On or near The Drift,E01026462,Breckland 002D,Anti-social behaviour,,
,2016-01,Norfolk Constabulary,Norfolk Constabulary,0.927931,52.717228,On or near Maple Close,E01026462,Breckland 002D,Anti-social behaviour,,
,2016-01,Norfolk Constabulary,Norfolk Constabulary,0.918653,52.730856,On or near Church Road,E01026462,Breckland 002D,Anti-social behaviour,,
,2016-01,Norfolk Constabulary,Norfolk Constabulary,0.918653,52.730856,On or near Church Road,E01026462,Breckland 002D,Anti-social behaviour,,
6986a78e7361734ed54bdcd92da9571a4cc3cabbf6db02390046c093447f8336,2016-01,Norfolk Constabulary,Norfolk Constabulary,0.936762,52.729194,On or near Peacock Lane,E01026462,Breckland 002D,Burglary,Investigation complete; no suspect identified,
8ba522fe2e240f24f1d9e224627a8f014402976f6cdae66cc3b9818b076e682c,2016-01,Norfolk Constabulary,Norfolk Constabulary,0.927092,52.716646,On or near Beetley Meadows,E01026462,Breckland 002D,Other theft,Unable to prosecute suspect,
446a2b3f65a15b9a733cd97a11008771a491d3b3230908d33c7bd08b4bf6c37a,2016-01,Norfolk Constabulary,Norfolk Constabulary,0.879285,52.760388,On or near Sports/Recreation Area,E01026462,Breckland 002D,Other theft,Investigation complete; no suspect identified,
,2016-01,Norfolk Constabulary,Norfolk Constabulary,0.935743,52.683617,On or near Dairy Crescent,E01026428,Breckland 003A,Anti-social behaviour,,
,2016-01,Norfolk Constabulary,Norfolk Constabulary,0.938109,52.685573,On or near Sheddick Court,E01026428,Breckland 003A,Anti-social behaviour,,
,2016-01,Norfolk Constabulary,Norfolk Constabulary,0.938109,52.685573,On or near Sheddick Court,E01026428,Breckland 003A,Anti-social behaviour,,
1091f929f021f1160894d0cda8971f0491640bc6e17487a67f74d960de99be2b,2016-01,Norfolk Constabulary,Norfolk Constabulary,0.935386,52.686675,On or near Sandy Lane East,E01026428,Breckland 003A,Drugs,Offender given penalty notice,
15fc6da698580034dbea6fc3df0592e49959f3f85f89189c0e0ae62e64f7e000,2016-01,Norfolk Constabulary,Norfolk Constabulary,0.931102,52.689434,On or near Wordsworth Drive,E01026428,Breckland 003A,Possession of weapons,Status update unavailable,
7e7b09ac8f73f2bc089fe394893467b3c2241f6ddd942918aa53756ddf6f7659,2016-01,Norfolk Constabulary,Norfolk Constabulary,0.935386,52.686675,On or near Sandy Lane East,E01026428,Breckland 003A,Public order,Offender given penalty notice,
ff7a890be0cf04e5f57555841ef87e3fe5931ba871bf7f9f251a71c497b1ed3e,2016-01,Norfolk Constabulary,Norfolk Constabulary,0.931081,52.687798,On or near Humbletoft Road,E01026428,Breckland 003A,Violence and sexual offences,Formal action is not in the public interest,
bca88e0870bcd5a9d6726c079fc8624be972d0e6e290ab3f2649c9bac8c660e7,2016-01,Norfolk Constabulary,Norfolk Constabulary,0.939794,52.682681,On or near Quebec Road,E01026428,Breckland 003A,Violence and sexual offences,Investigation complete; no suspect identified,
dd7dc326624a92315e84527450b9cd241b999b30cc259f1612a6dd525728e6c9,2016-01,Norfolk Constabulary,Norfolk Constabulary,0.939794,52.682681,On or near Quebec Road,E01026428,Breckland 003A,Violence and sexual offences,Status update unavailable,
4d089c4d207cdff08e4aca45fa75e7b7054b7c02278b79072580343e16f72f44,2016-01,Norfolk Constabulary,Norfolk Constabulary,0.937220,52.683797,On or near Stanton Close,E01026428,Breckland 003A,Violence and sexual offences,Local resolution,
32dad5a5eb27599e1ef2845053b1716490aa0c9e9b5331ca47465b6e469dcd88,2016-01,Norfolk Constabulary,Norfolk Constabulary,0.931616,52.686948,On or near Girling Road,E01026428,Breckland 003A,Violence and sexual offences,Offender given a caution,
64314be86e239feb9d792f2e9b1da93720be4a47703e922e3aab87d6b254a58b,2016-01,Norfolk Constabulary,Norfolk Constabulary,0.931102,52.689434,On or near Wordsworth Drive,E01026428,Breckland 003A,Violence and sexual offences,Court result unavailable,
,2016-01,Norfolk Constabulary,Norfolk Constabulary,0.949979,52.681654,On or near Cecil Road,E01026429,Breckland 003B,Anti-social behaviour,,
,2016-01,Norfolk Constabulary,Norfolk Constabulary,0.945902,52.685712,On or near Danesfort Drive,E01026429,Breckland 003B,Anti-social behaviour,,
8f041f48a7703521e9cbbd36ca70b978484f02b706305048f40e9478970d6681,2016-01,Norfolk Constabulary,Norfolk Constabulary,0.948106,52.680424,On or near Ramillies Close,E01026429,Breckland 003B,Criminal damage and arson,Status update unavailable,
b3ddbb6fd8edb36039168d7672ed8603f7c994216645178c5afb9daa91ca65b6,2016-01,Norfolk Constabulary,Norfolk Constabulary,0.948106,52.680424,On or near Ramillies Close,E01026429,Breckland 003B,Other theft,Status update unavailable,
a5cc6869b9e5d1fa2fe7e4bf308f2ea75fd9ac3e2df6edcd5b3ed6a99d1e544d,2016-01,Norfolk Constabulary,Norfolk Constabulary,0.949031,52.683827,On or near Albert Myhill Close,E01026429,Breckland 003B,Public order,Court result unavailable,
9453776b934f8221506147ca224651944274cdf48bab660fa397830e0ef5cdf7,2016-01,Norfolk Constabulary,Norfolk Constabulary,0.948106,52.680424,On or near Ramillies Close,E01026429,Breckland 003B,Violence and sexual offences,Status update unavailable,
90010a2759b53ded1103785ea47bbcb498e675132349006952183e098844521b,2016-01,Norfolk Constabulary,Norfolk Constabulary,0.948106,52.680424,On or near Ramillies Close,E01026429,Breckland 003B,Violence and sexual offences,Formal action is not in the public interest,
a9ffac310730911c6162b6b5a605f3020fd33b924a6e9610ea24511785d323cd,2016-01,Norfolk Constabulary,Norfolk Constabulary,0.948106,52.680424,On or near Ramillies Close,E01026429,Breckland 003B,Violence and sexual offences,Local resolution,
3d708334a2b04f6b10111c4f469ac26f0a3879bc6d95ce1de2ad8797ac75163b,2016-01,Norfolk Constabulary,Norfolk Constabulary,0.945902,52.685712,On or near Danesfort Drive,E01026429,Breckland 003B,Violence and sexual offences,Status update unavailable,
,2016-01,Norfolk Constabulary,Norfolk Constabulary,0.957119,52.690963,On or near Parking Area,E01026430,Breckland 003C,Anti-social behaviour,,
f3a34814b7583d61222a0c7996041311ccd2c884d9959b10588cca29e0a673a8,2016-01,Norfolk Constabulary,Norfolk Constabulary,0.965978,52.679078,On or near Teasel Close,E01026430,Breckland 003C,Public order,Unable to prosecute suspect,
f3d2e4fff7ee0d31a9547c66f9682f9e77a1398bc2ff27d3ff1a0ac6eddf8e0b,2016-01,Norfolk Constabulary,Norfolk Constabulary,0.955749,52.680107,On or near Keepers Close,E01026430,Breckland 003C,Violence and sexual offences,Status update unavailable,
,2016-01,Norfolk Constabulary,Norfolk Constabulary,0.944895,52.686142,On or near Cemetery Road,E01026431,Breckland 003D,Anti-social behaviour,,
,2016-01,Norfolk Constabulary,Norfolk Constabulary,0.943293,52.691137,On or near Warner Avenue,E01026431,Breckland 003D,Anti-social behaviour,,
,2016-01,Norfolk Constabulary,Norfolk Constabulary,0.942410,52.690107,On or near Castell Road,E01026431,Breckland 003D,Anti-social behaviour,,
,2016-01,Norfolk Constabulary,Norfolk Constabulary,0.944895,52.686142,On or near Cemetery Road,E01026431,Breckland 003D,Anti-social behaviour,,
,2016-01,Norfolk Constabulary,Norfolk Constabulary,0.777230,52.650445,On or near Mill Street,E01026446,Breckland 004A,Anti-social behaviour,,
,2016-01,Norfolk Constabulary,Norfolk Constabulary,0.765238,52.673152,On or near Necton Road,E01026446,Breckland 004A,Anti-social behaviour,,
d76c1e2213d94721e1a39ae84d8ba8e4e7a3931a8ad2433343607e391661ba01,2016-01,Norfolk Constabulary,Norfolk Constabulary,0.777414,52.648678,On or near Chantry Court,E01026446,Breckland 004A,Violence and sexual offences,Status update unavailable,
52bf0dca49c2a6204a46cdba62000b58a5200172e7a8ae5c3e4d08dd9329f778,2016-01,Norfolk Constabulary,Norfolk Constabulary,0.901030,52.715776,On or near Sweetbriar Gardens,E01026452,Breckland 004B,Violence and sexual offences,Unable to prosecute suspect,
20a9835cecf60972f1e8279c17f78ef9290cb19ec3d055560045c553a7485be6,2016-01,Norfolk Constabulary,Norfolk Constabulary,0.926212,52.677172,On or near Redfern Close,E01026452,Breckland 004B,Violence and sexual offences,Formal action is not in the public interest,
24bb32d1c2d9eb265bbb04daef0e384a5f4375c761ce4fbb92fc66ef3b0bb361,2016-01,Norfolk Constabulary,Norfolk Constabulary,0.922743,52.678849,On or near Parking Area,E01026452,Breckland 004B,Violence and sexual offences,Formal action is not in the public interest,
,2016-01,Norfolk Constabulary,Norfolk Constabulary,0.874041,52.706416,On or near Chapel Road,E01026453,Breckland 004C,Anti-social behaviour,,
,2016-01,Norfolk Constabulary,Norfolk Constabulary,0.874041,52.706416,On or near Chapel Road,E01026453,Breckland 004C,Anti-social behaviour,,
,2016-01,Norfolk Constabulary,Norfolk Constabulary,0.892438,52.676338,On or near Chapel Lane,E01026453,Breckland 004C,Anti-social behaviour,,
877546b4490b954587fb15d2e49f4018735359654cdf772373ceb1ecfc2d9430,2016-01,Norfolk Constabulary,Norfolk Constabulary,0.858043,52.685446,On or near Dickfool'S Lane,E01026453,Breckland 004C,Vehicle crime,Investigation complete; no suspect identified,
1dc26c9d372213d9d94641c8d04b1c27db55baae589d6cbf480945fa4fb5d907,2016-01,Norfolk Constabulary,Norfolk Constabulary,0.890425,52.671180,On or near Mayfair,E01026453,Breckland 004C,Violence and sexual offences,Formal action is not in the public interest,
e0c7d0caf68d12b1f130ea747849e11571971d6cbfc4f15c25a0267cf589f41f,2016-01,Norfolk Constabulary,Norfolk Constabulary,0.890425,52.671180,On or near Mayfair,E01026453,Breckland 004C,Violence and sexual offences,Formal action is not in the public interest,
69a8b564c8f8e37cd0c6febd65a0e20c9530ea39eac47190b8d5b9061e954638,2016-01,Norfolk Constabulary,Norfolk Constabulary,0.890425,52.671180,On or near Mayfair,E01026453,Breckland 004C,Violence and sexual offences,Status update unavailable,
6c347114067d7c78b2587142e29724a074d6ddde574b4b08aef9a55f0719b45d,2016-01,Norfolk Constabulary,Norfolk Constabulary,0.890425,52.671180,On or near Mayfair,E01026453,Breckland 004C,Violence and sexual offences,Unable to prosecute suspect,
bab79b4d993e87ba26fdef7d37c68dfa412d7ee10ba2e8041dd815de2f4e9bdf,2016-01,Norfolk Constabulary,Norfolk Constabulary,0.855122,52.679923,On or near Providence Drive,E01026453,Breckland 004C,Other crime,Court result unavailable,
,2016-01,Norfolk Constabulary,Norfolk Constabulary,0.927237,52.677686,On or near Harry Blunt Way,E01026454,Breckland 004D,Anti-social behaviour,,
59eb447cb331af0f3870ae2b7108b3fe9e0639d861f8a38558c217f4a14f1470,2016-01,Norfolk Constabulary,Norfolk Constabulary,0.928550,52.676736,On or near Bluebell Close,E01026454,Breckland 004D,Violence and sexual offences,Unable to prosecute suspect,
,2016-01,Norfolk Constabulary,Norfolk Constabulary,0.943208,52.675357,On or near Swan Road,E01026425,Breckland 005A,Anti-social behaviour,,
,2016-01,Norfolk Constabulary,Norfolk Constabulary,0.943208,52.675357,On or near Swan Road,E01026425,Breckland 005A,Anti-social behaviour,,
,2016-01,Norfolk Constabulary,Norfolk Constabulary,0.937687,52.672670,On or near Heffer Close,E01026425,Breckland 005A,Anti-social behaviour,,
,2016-01,Norfolk Constabulary,Norfolk Constabulary,0.937128,52.671182,On or near Howlett Close,E01026425,Breckland 005A,Anti-social behaviour,,
,2016-01,Norfolk Constabulary,Norfolk Constabulary,0.934554,52.671408,On or near Aldiss Avenue,E01026425,Breckland 005A,Anti-social behaviour,,
,2016-01,Norfolk Constabulary,Norfolk Constabulary,0.933547,52.672710,On or near Mallard Way,E01026425,Breckland 005A,Anti-social behaviour,,
,2016-01,Norfolk Constabulary,Norfolk Constabulary,0.939676,52.680921,On or near Church Street,E01026425,Breckland 005A,Anti-social behaviour,,
,2016-01,Norfolk Constabulary,Norfolk Constabulary,0.939676,52.680921,On or near Church Street,E01026425,Breckland 005A,Anti-social behaviour,,
b6449371256101d90c8694f4ee9c22d2bd8cea87be04b0c1ab2edc96efe6dc3f,2016-01,Norfolk Constabulary,Norfolk Constabulary,0.937944,52.671872,On or near Hyde Road,E01026425,Breckland 005A,Burglary,Offender sent to prison,
84410dc6eec6f0fcae3cab5176e5dbf632580605b2b42f2ac32fa7ddca2c3c0a,2016-01,Norfolk Constabulary,Norfolk Constabulary,0.933547,52.672710,On or near Mallard Way,E01026425,Breckland 005A,Criminal damage and arson,Investigation complete; no suspect identified,
6bb58235f80ffa4254cdb6935cc2f308f794f3ce82aa7b0f1579af50232b9ab2,2016-01,Norfolk Constabulary,Norfolk Constabulary,0.939676,52.680921,On or near Church Street,E01026425,Breckland 005A,Criminal damage and arson,Investigation complete; no suspect identified,
83c5bc8dbb5ad69b56b5e4045a958c50bc8e29c5a4dbfbe99cff29844254aa72,2016-01,Norfolk Constabulary,Norfolk Constabulary,0.938486,52.679728,On or near St Withburga Lane,E01026425,Breckland 005A,Criminal damage and arson,Investigation complete; no suspect identified,
f6070fb27ec54acaf2e6a5598558162db9f6419d2d59e22bcfa4ac84c5051f28,2016-01,Norfolk Constabulary,Norfolk Constabulary,0.932673,52.672480,On or near Johnson Close,E01026425,Breckland 005A,Other theft,Investigation complete; no suspect identified,
fc0ad1a212083241d1532542500c8ec5082e66ea9f9b9d2a6e89cc9dd549c733,2016-01,Norfolk Constabulary,Norfolk Constabulary,0.939676,52.680921,On or near Church Street,E01026425,Breckland 005A,Public order,Offender given a caution,
a4ed0a09d6e97082106b8ca002c559b902799bc4c9a67a68bb6490f56d39a87b,2016-01,Norfolk Constabulary,Norfolk Constabulary,0.940934,52.677401,On or near Baxter Row,E01026425,Breckland 005A,Vehicle crime,Investigation complete; no suspect identified,
41e4b7fd2fb99377b0dcd04aa11e188723ab0cdaf70c185dee4005253731d13d,2016-01,Norfolk Constabulary,Norfolk Constabulary,0.938486,52.679728,On or near St Withburga Lane,E01026425,Breckland 005A,Vehicle crime,Offender given suspended prison sentence,
4392b906d6ce8fb207db0c621b5330f16b27d4db25549647545cf79b6e401adc,2016-01,Norfolk Constabulary,Norfolk Constabulary,0.937128,52.671182,On or near Howlett Close,E01026425,Breckland 005A,Violence and sexual offences,Court result unavailable,
4f1dea280acd7ab9fa72b309b1e682557c326edf672d496fc352d2c05ff81679,2016-01,Norfolk Constabulary,Norfolk Constabulary,0.934554,52.671408,On or near Aldiss Avenue,E01026425,Breckland 005A,Violence and sexual offences,Unable to prosecute suspect,
db54ea4408f4d79265d82ba2ec58360f49aabb04ad6f36a43df0655397e9b5bd,2016-01,Norfolk Constabulary,Norfolk Constabulary,0.931713,52.672503,On or near Crane Close,E01026425,Breckland 005A,Violence and sexual offences,Formal action is not in the public interest,
65b9a5391150a8ebab6036f322d6bd517eec0d9d3dd73797e0f4eb6bdebef6f2,2016-01,Norfolk Constabulary,Norfolk Constabulary,0.937944,52.671872,On or near Hyde Road,E01026425,Breckland 005A,Violence and sexual offences,Local resolution,
981825f9562dd5aa8453cf7b82f3b84bfe0826e03d801f6b33236256ac50672c,2016-01,Norfolk Constabulary,Norfolk Constabulary,0.937759,52.675735,On or near Sardis Way,E01026425,Breckland 005A,Violence and sexual offences,Formal action is not in the public interest,
94fe2c5e377cb3dc4cbd82f639f3df07f6497dd64a3a75fa3bc38ef49d3d81a7,2016-01,Norfolk Constabulary,Norfolk Constabulary,0.937128,52.671182,On or near Howlett Close,E01026425,Breckland 005A,Violence and sexual offences,Formal action is not in the public interest,
70aacb01516e5e98ef1b627863cbebf28a9b0e98db2f041be1d0565622ed0c56,2016-01,Norfolk Constabulary,Norfolk Constabulary,0.937194,52.680533,On or near Washbridge,E01026425,Breckland 005A,Violence and sexual offences,Formal action is not in the public interest,
2623834b4490aebe6beb9990aaeaad63319e8c5efea02358e158b4857c18b9af,2016-01,Norfolk Constabulary,Norfolk Constabulary,0.941203,52.676791,On or near Howard Crescent,E01026425,Breckland 005A,Violence and sexual offences,Formal action is not in the public interest,
b59800d0c36ea2e985bd07de89d731827edc97db9a0560f9f76a670c81597c8b,2016-01,Norfolk Constabulary,Norfolk Constabulary,0.939676,52.680921,On or near Church Street,E01026425,Breckland 005A,Violence and sexual offences,Formal action is not in the public interest,
,2016-01,Norfolk Constabulary,Norfolk Constabulary,0.939768,52.681845,On or near Nightclub,E01026426,Breckland 005B,Anti-social behaviour,,
,2016-01,Norfolk Constabulary,Norfolk Constabulary,0.943950,52.678477,On or near Commercial Road,E01026426,Breckland 005B,Anti-social behaviour,,
,2016-01,Norfolk Constabulary,Norfolk Constabulary,0.941318,52.681357,On or near Supermarket,E01026426,Breckland 005B,Anti-social behaviour,,
,2016-01,Norfolk Constabulary,Norfolk Constabulary,0.943378,52.678986,On or near Cross Way,E01026426,Breckland 005B,Anti-social behaviour,,
,2016-01,Norfolk Constabulary,Norfolk Constabulary,0.940219,52.681951,On or near Ruthen Place,E01026426,Breckland 005B,Anti-social behaviour,,
,2016-01,Norfolk Constabulary,Norfolk Constabulary,0.940219,52.681951,On or near Ruthen Place,E01026426,Breckland 005B,Anti-social behaviour,,
,2016-01,Norfolk Constabulary,Norfolk Constabulary,0.940658,52.681229,On or near Red Lion Street,E01026426,Breckland 005B,Anti-social behaviour,,
,2016-01,Norfolk Constabulary,Norfolk Constabulary,0.939975,52.681633,On or near Quebec Street,E01026426,Breckland 005B,Anti-social behaviour,,
,2016-01,Norfolk Constabulary,Norfolk Constabulary,0.940658,52.681229,On or near Red Lion Street,E01026426,Breckland 005B,Anti-social behaviour,,
,2016-01,Norfolk Constabulary,Norfolk Constabulary,0.940658,52.681229,On or near Red Lion Street,E01026426,Breckland 005B,Anti-social behaviour,,
,2016-01,Norfolk Constabulary,Norfolk Constabulary,0.940658,52.681229,On or near Red Lion Street,E01026426,Breckland 005B,Anti-social behaviour,,
,2016-01,Norfolk Constabulary,Norfolk Constabulary,0.942710,52.681808,On or near Olney Road,E01026426,Breckland 005B,Anti-social behaviour,,
,2016-01,Norfolk Constabulary,Norfolk Constabulary,0.941145,52.680327,On or near High Street,E01026426,Breckland 005B,Anti-social behaviour,,
5320683b4c3fef622abeddb0067e4dfd5afcbdd3955cb66806ae276f470789e6,2016-01,Norfolk Constabulary,Norfolk Constabulary,0.960155,52.677434,On or near Bramley Road,E01026426,Breckland 005B,Burglary,Investigation complete; no suspect identified,
3b4e912f0b3d99d2bdd5c1433a26d55b8f4df464319442e10a0ab4bcf0d6c8ac,2016-01,Norfolk Constabulary,Norfolk Constabulary,0.935623,52.682703,On or near Parking Area,E01026426,Breckland 005B,Criminal damage and arson,Status update unavailable,
e6549bd70751e0310390fc7a31bb46c4ee181de770e2f1581d466f929ed1a89e,2016-01,Norfolk Constabulary,Norfolk Constabulary,0.939975,52.681633,On or near Quebec Street,E01026426,Breckland 005B,Criminal damage and arson,Unable to prosecute suspect,
f186e054a1a084e13641fe897fa699b2ad54f56fb4ef46a12fc8b3d1ad1feb89,2016-01,Norfolk Constabulary,Norfolk Constabulary,0.943950,52.678477,On or near Commercial Road,E01026426,Breckland 005B,Criminal damage and arson,Investigation complete; no suspect identified,
9b778dd331fb008508af225cdd67ace50c26987cc52e90539ca8baabe31e49f9,2016-01,Norfolk Constabulary,Norfolk Constabulary,0.937555,52.682826,On or near Swaffham Road,E01026426,Breckland 005B,Criminal damage and arson,Investigation complete; no suspect identified,
c892c245cd971932fed76279cdd282af292c20f3bb7c153470bc52ef0d709411,2016-01,Norfolk Constabulary,Norfolk Constabulary,0.940658,52.681229,On or near Red Lion Street,E01026426,Breckland 005B,Criminal damage and arson,Investigation complete; no suspect identified,
9cd56a6a6838385932aa2460e7b1e52b29f7179688d92ea42f1564436735eb6f,2016-01,Norfolk Constabulary,Norfolk Constabulary,0.937555,52.682826,On or near Swaffham Road,E01026426,Breckland 005B,Criminal damage and arson,Investigation complete; no suspect identified,
388a9f32566add32fd94910f1b92502c87b6ece0d166f74907a6a3d9beac318b,2016-01,Norfolk Constabulary,Norfolk Constabulary,0.937555,52.682826,On or near Swaffham Road,E01026426,Breckland 005B,Criminal damage and arson,Investigation complete; no suspect identified,
faf569ab0c60329b54f4e7489f7e73bbb8801411c43c9f336ecf0f777ac2e594,2016-01,Norfolk Constabulary,Norfolk Constabulary,0.952026,52.674265,On or near Ambassador Way,E01026426,Breckland 005B,Criminal damage and arson,Investigation complete; no suspect identified,
7f198740a36054f0e5a29d049956c1938b84250b424cfd0287682deda1b8f2e1,2016-01,Norfolk Constabulary,Norfolk Constabulary,0.939768,52.681845,On or near Nightclub,E01026426,Breckland 005B,Criminal damage and arson,Investigation complete; no suspect identified,
b2f524f6a67f90c9c1fe827fe9459f688d899af0fedca7c446efba4975421e6b,2016-01,Norfolk Constabulary,Norfolk Constabulary,0.940219,52.681951,On or near Ruthen Place,E01026426,Breckland 005B,Drugs,Offender given a caution,
2ae926320094f85958011d67a07b8d8eb6717bace5c5efe3bc7c5901a00d628c,2016-01,Norfolk Constabulary,Norfolk Constabulary,0.946630,52.678932,On or near Petrol Station,E01026426,Breckland 005B,Other theft,Status update unavailable,
887593a4c0e748b7e578d8c152a0f8b7d988d019fa265620660a618ba6d8f249,2016-01,Norfolk Constabulary,Norfolk Constabulary,0.939975,52.681633,On or near Quebec Street,E01026426,Breckland 005B,Other theft,Status update unavailable,
77771cfc2e199d5bd0f13eed556f65dc03e930613e2e1d9503550c4caad91f80,2016-01,Norfolk Constabulary,Norfolk Constabulary,0.940021,52.678134,On or near Courtenay Close,E01026426,Breckland 005B,Other theft,Formal action is not in the public interest,
edc51ad990c54ca87e14da748a9b09d11ff1eeb175d80da88c5b57bcca339326,2016-01,Norfolk Constabulary,Norfolk Constabulary,0.941805,52.678476,On or near Banyard Place,E01026426,Breckland 005B,Other theft,Investigation complete; no suspect identified,
daa026b365c7ec125acf136e42ca46cc9750df777a48da7dff2ef40f297a3641,2016-01,Norfolk Constabulary,Norfolk Constabulary,0.941145,52.680327,On or near High Street,E01026426,Breckland 005B,Possession of weapons,Status update unavailable,
e3c2c7620654ba3e92b2e9ba3ce407c896a15233ae2b06599f34261e5a233828,2016-01,Norfolk Constabulary,Norfolk Constabulary,0.935623,52.682703,On or near Parking Area,E01026426,Breckland 005B,Public order,Court result unavailable,
27a281d6785cc5189ac2787c1cfb720d24e09eae07419ee0bbf7ff4192712238,2016-01,Norfolk Constabulary,Norfolk Constabulary,0.943378,52.678986,On or near Cross Way,E01026426,Breckland 005B,Public order,Investigation complete; no suspect identified,
ae4426c16b5323e923061451e8903f02ac4ff527d21121f5a5b78c8b2151e776,2016-01,Norfolk Constabulary,Norfolk Constabulary,0.939975,52.681633,On or near Quebec Street,E01026426,Breckland 005B,Public order,Offender given suspended prison sentence,
90edadc05b7994dc61159de4a83dc2af9b1cec2483d022735cfca5c77af0c488,2016-01,Norfolk Constabulary,Norfolk Constabulary,0.942560,52.679366,On or near Wright'S Walk,E01026426,Breckland 005B,Shoplifting,Local resolution,
fa818634c0ae1d6f7a8ec5c188f6c365046b4d8bede5efdaa8429449dfb9359b,2016-01,Norfolk Constabulary,Norfolk Constabulary,0.941318,52.681357,On or near Supermarket,E01026426,Breckland 005B,Shoplifting,Investigation complete; no suspect identified,
485e7d3d3d7ae7174d2b2d4f1927809e759b7b19e3606fc7a7897d41b7914402,2016-01,Norfolk Constabulary,Norfolk Constabulary,0.942560,52.679366,On or near Wright'S Walk,E01026426,Breckland 005B,Shoplifting,Unable to prosecute suspect,
161c8a11751c0d3899ae08fa271733a86d58eda03eef0f679187700cc971588e,2016-01,Norfolk Constabulary,Norfolk Constabulary,0.942560,52.679366,On or near Wright'S Walk,E01026426,Breckland 005B,Shoplifting,Status update unavailable,
eff60d2da68194bf8e72618d3a291ea6297fed682bc259fb6c5e1538e7389a2f,2016-01,Norfolk Constabulary,Norfolk Constabulary,0.941318,52.681357,On or near Supermarket,E01026426,Breckland 005B,Shoplifting,Status update unavailable,
6b964672b1876327b8b59cd0b51fe5fe8cf72f8c2085efd61c51e863a16fb823,2016-01,Norfolk Constabulary,Norfolk Constabulary,0.942560,52.679366,On or near Wright'S Walk,E01026426,Breckland 005B,Violence and sexual offences,Status update unavailable,
046e5e889e9bc70fc98db9d661a16b528de75389b0a8cb91cac18bb002d8632b,2016-01,Norfolk Constabulary,Norfolk Constabulary,0.941805,52.678476,On or near Banyard Place,E01026426,Breckland 005B,Violence and sexual offences,Local resolution,
25677ce0d024ad3292775a97a1847a2485853d7ef80c25129e0b5c42e90d023b,2016-01,Norfolk Constabulary,Norfolk Constabulary,0.942560,52.679366,On or near Wright'S Walk,E01026426,Breckland 005B,Violence and sexual offences,Court result unavailable,
d59c554fd78feb4ab4e2f3a400b34bafb06653cb582d96aedf61683ae5554d6c,2016-01,Norfolk Constabulary,Norfolk Constabulary,0.946630,52.678932,On or near Petrol Station,E01026426,Breckland 005B,Violence and sexual offences,Investigation complete; no suspect identified,
5ff56e11b742075414e3f30d4fac7cb31be512de4d3eeaa66b60658a7018c0bd,2016-01,Norfolk Constabulary,Norfolk Constabulary,0.940658,52.681229,On or near Red Lion Street,E01026426,Breckland 005B,Violence and sexual offences,Formal action is not in the public interest,
c5bc0e32708acbe46418255b82be15a1fe8c616ebbe12be0569812492b995312,2016-01,Norfolk Constabulary,Norfolk Constabulary,0.935623,52.682703,On or near Parking Area,E01026426,Breckland 005B,Violence and sexual offences,Court result unavailable,
7f4ebd306dd364231966d3fdd27c3e9c3f71213a265f84f16216f5da082c4766,2016-01,Norfolk Constabulary,Norfolk Constabulary,0.940021,52.678134,On or near Courtenay Close,E01026426,Breckland 005B,Violence and sexual offences,Formal action is not in the public interest,
77ca67560fdd4cd66d3947b3d6db9ba25775b377939799a387a4f2336ece7f26,2016-01,Norfolk Constabulary,Norfolk Constabulary,0.937555,52.682826,On or near Swaffham Road,E01026426,Breckland 005B,Violence and sexual offences,Court result unavailable,
724158e1f4dbb9c42a2804b0958262263dd2e54850fdb6ccc2b3b83e8e464dee,2016-01,Norfolk Constabulary,Norfolk Constabulary,0.935623,52.682703,On or near Parking Area,E01026426,Breckland 005B,Violence and sexual offences,Court result unavailable,
8d6e457d38bd0c712ae9bc951a6d395396792ab160e254ad4b6cf1e79cb0a201,2016-01,Norfolk Constabulary,Norfolk Constabulary,0.946754,52.680997,On or near Matsell Way,E01026426,Breckland 005B,Violence and sexual offences,Status update unavailable,
b1e9627d76223b29651a4abbed2ed19be00e0fa9f362664d459a837450882310,2016-01,Norfolk Constabulary,Norfolk Constabulary,0.945212,52.675891,On or near Petrol Station,E01026426,Breckland 005B,Violence and sexual offences,Local resolution,
8d9aa687e86fa10a1c55b292ac11905636d10ff4faafa586bd8b55b7276d93bc,2016-01,Norfolk Constabulary,Norfolk Constabulary,0.941805,52.678476,On or near Banyard Place,E01026426,Breckland 005B,Violence and sexual offences,Status update unavailable,
54092c475b214b140a81673113bc94ab8816ca0a07d8ca185db854fb02d7960c,2016-01,Norfolk Constabulary,Norfolk Constabulary,0.935623,52.682703,On or near Parking Area,E01026426,Breckland 005B,Violence and sexual offences,Court result unavailable,
6b13de29390792c80deb1b65f3e6ed154cebc6575fa7a0aff2aa728e66f0ea1e,2016-01,Norfolk Constabulary,Norfolk Constabulary,0.942053,52.680188,On or near Chapel Mews,E01026426,Breckland 005B,Violence and sexual offences,Investigation complete; no suspect identified,
06a84c45f52d646cd5c930f3f4ec192cf5d042ba5a0154cf7ac00f8348d3503c,2016-01,Norfolk Constabulary,Norfolk Constabulary,0.942560,52.679366,On or near Wright'S Walk,E01026426,Breckland 005B,Violence and sexual offences,Unable to prosecute suspect,
914f7691c55b4340ec106de1dc17e7bf938c8377f5baf034fe6ea1d23c7dce56,2016-01,Norfolk Constabulary,Norfolk Constabulary,0.946537,52.674698,On or near Yaxham Road,E01026426,Breckland 005B,Violence and sexual offences,Status update unavailable,
6135af2892d6b615c7a2e3989808b4b389980f83f3c263b7adce3d660bcf9d2b,2016-01,Norfolk Constabulary,Norfolk Constabulary,0.935623,52.682703,On or near Parking Area,E01026426,Breckland 005B,Violence and sexual offences,Court result unavailable,
b0aab87a7807f635405598124f7aacd1f3809106b57672c3ed9660910ec0e2a6,2016-01,Norfolk Constabulary,Norfolk Constabulary,0.937555,52.682826,On or near Swaffham Road,E01026426,Breckland 005B,Violence and sexual offences,Court result unavailable,
50f6205b3e2ad7f7a6c8d9f56c408aa544c45a8b50e067a817a61469d4b56a57,2016-01,Norfolk Constabulary,Norfolk Constabulary,0.946630,52.678932,On or near Petrol Station,E01026426,Breckland 005B,Violence and sexual offences,Status update unavailable,
b9e58dab569f873d5c75a0df62c759401d35a0145f7949064e8f71356482e68b,2016-01,Norfolk Constabulary,Norfolk Constabulary,0.942053,52.680188,On or near Chapel Mews,E01026426,Breckland 005B,Violence and sexual offences,Unable to prosecute suspect,
35258b11656bd304afd618d9f9290c1f0edd00dac6bd6a48ad8ffe3a2c33024f,2016-01,Norfolk Constabulary,Norfolk Constabulary,0.937555,52.682826,On or near Swaffham Road,E01026426,Breckland 005B,Violence and sexual offences,Court result unavailable,
3a01a7b615bac75f6f597e5576091a39a7ae7f2a3ed098bfdc282300f0dc888b,2016-01,Norfolk Constabulary,Norfolk Constabulary,0.941805,52.678476,On or near Banyard Place,E01026426,Breckland 005B,Violence and sexual offences,Formal action is not in the public interest,
,2016-01,Norfolk Constabulary,Norfolk Constabulary,0.946581,52.672944,On or near Tavern Lane,E01026427,Breckland 005C,Anti-social behaviour,,
,2016-01,Norfolk Constabulary,Norfolk Constabulary,0.951832,52.673802,On or near Greens Road,E01026427,Breckland 005C,Anti-social behaviour,,
,2016-01,Norfolk Constabulary,Norfolk Constabulary,0.943924,52.672803,On or near Russet Way,E01026427,Breckland 005C,Anti-social behaviour,,
baa43fca8d617980b69d5963c42520b8163e138e59c67e58b7f29dc1510c647a,2016-01,Norfolk Constabulary,Norfolk Constabulary,0.954839,52.669914,On or near George Borrow Road,E01026427,Breckland 005C,Criminal damage and arson,Investigation complete; no suspect identified,
de55cc6ef795228de4a441d8dc188428781862e297c0c8602eb6911a80d7c316,2016-01,Norfolk Constabulary,Norfolk Constabulary,0.943924,52.672803,On or near Russet Way,E01026427,Breckland 005C,Other theft,Local resolution,
e1b9f75d3ef05d70b073a2d9d828d63adf38e652d4d8f425c022fecb6717cc5d,2016-01,Norfolk Constabulary,Norfolk Constabulary,0.954466,52.671407,On or near Petrol Station,E01026427,Breckland 005C,Other theft,Unable to prosecute suspect,
2331c7b2e219a26867a6cd922c8ce4688a111a792f37e10d9b2a3644ed786a06,2016-01,Norfolk Constabulary,Norfolk Constabulary,0.952434,52.668688,On or near Stephen Beaumont Way,E01026427,Breckland 005C,Vehicle crime,Status update unavailable,
1e97fe3eeea25fe2809a6ae32869cc7a4f78e2b310a8051e34db4e6ec76b0f61,2016-01,Norfolk Constabulary,Norfolk Constabulary,0.954839,52.669914,On or near George Borrow Road,E01026427,Breckland 005C,Violence and sexual offences,Status update unavailable,
a477337f5e0ea37ac4f30ebabe70f2980eabe92943317863898531590fa4592e,2016-01,Norfolk Constabulary,Norfolk Constabulary,0.941780,52.673702,On or near Metamec Drive,E01026427,Breckland 005C,Violence and sexual offences,Status update unavailable,
502d6903b2078f019b6e0ac59a58e6c5a2d66c8139629d8e0bb2a2bbcea9b1dc,2016-01,Norfolk Constabulary,Norfolk Constabulary,0.942774,52.671986,On or near South Green Gardens,E01026427,Breckland 005C,Violence and sexual offences,Unable to prosecute suspect,
,2016-01,Norfolk Constabulary,Norfolk Constabulary,0.931836,52.666385,On or near Luxembourg Way,E01026432,Breckland 005D,Anti-social behaviour,,
,2016-01,Norfolk Constabulary,Norfolk Constabulary,0.929785,52.662704,On or near Charles Close,E01026433,Breckland 005E,Anti-social behaviour,,
,2016-01,Norfolk Constabulary,Norfolk Constabulary,0.929785,52.662704,On or near Charles Close,E01026433,Breckland 005E,Anti-social behaviour,,
,2016-01,Norfolk Constabulary,Norfolk Constabulary,0.928405,52.663080,On or near Zara Way,E01026433,Breckland 005E,Anti-social behaviour,,
,2016-01,Norfolk Constabulary,Norfolk Constabulary,0.929083,52.663926,On or near Hill Fields,E01026433,Breckland 005E,Anti-social behaviour,,
b82f003839c5104a09ad7f55cf4e1eda5f3bc7cebc68b0ccc496cc33fccce27f,2016-01,Norfolk Constabulary,Norfolk Constabulary,0.929785,52.662704,On or near Charles Close,E01026433,Breckland 005E,Criminal damage and arson,Status update unavailable,
492182874bac1bb6b590c1948fdbbc63d4dd82554daf03e60a3214bc220285d0,2016-01,Norfolk Constabulary,Norfolk Constabulary,0.929785,52.662704,On or near Charles Close,E01026433,Breckland 005E,Public order,Formal action is not in the public interest,
7722b4c654850d0e825dd7ca6cb18dbb2454b45da75c68c9a38256b7a5c3eea5,2016-01,Norfolk Constabulary,Norfolk Constabulary,0.932216,52.662338,On or near Recreation Road,E01026433,Breckland 005E,Violence and sexual offences,Unable to prosecute suspect,
9b35328debec88ca98d98a6c6ffceae4f4bdad8f7b234607bf27e7640005de49,2016-01,Norfolk Constabulary,Norfolk Constabulary,0.929785,52.662704,On or near Charles Close,E01026433,Breckland 005E,Violence and sexual offences,Status update unavailable,
df86b3628b9370f4f87a71af3869ca6c297402cf3f3af8a271dbcef61a86a572,2016-01,Norfolk Constabulary,Norfolk Constabulary,0.929472,52.666866,On or near Lisbon Road,E01026433,Breckland 005E,Violence and sexual offences,Status update unavailable,
c3dcf7ee27bb23fc91a671ca7b17b22e88f119ed698617bb850567c4b9f65d1e,2016-01,Norfolk Constabulary,Norfolk Constabulary,0.929785,52.662704,On or near Charles Close,E01026433,Breckland 005E,Violence and sexual offences,Formal action is not in the public interest,
8916dad7b9a59e600bcc62dd8285fdfc529c8295e0536842bf14f58a372616b3,2016-01,Norfolk Constabulary,Norfolk Constabulary,0.929083,52.663926,On or near Hill Fields,E01026433,Breckland 005E,Violence and sexual offences,Formal action is not in the public interest,
3844f74cd7b6c7363b52dbd9fb94457011d89e394ed3646e6c6759ec5e092e09,2016-01,Norfolk Constabulary,Norfolk Constabulary,0.929472,52.666866,On or near Lisbon Road,E01026433,Breckland 005E,Violence and sexual offences,Status update unavailable,
,2016-01,Norfolk Constabulary,Norfolk Constabulary,0.929391,52.663667,On or near Peters Close,E01026434,Breckland 005F,Anti-social behaviour,,
3a0e205ed1106e2e7c077c0f57392a745dc6d93c3d45e35d4218d96b76740d5b,2016-01,Norfolk Constabulary,Norfolk Constabulary,0.936982,52.659531,On or near Nidus Gardens,E01026434,Breckland 005F,Burglary,Court result unavailable,
5991f83dee368dd08f68209a41d92528aaef7988a8dc70573f8ce45d363e7f9f,2016-01,Norfolk Constabulary,Norfolk Constabulary,0.940699,52.665977,On or near Chapel Lane,E01026434,Breckland 005F,Burglary,Formal action is not in the public interest,
,2016-01,Norfolk Constabulary,Norfolk Constabulary,1.036391,52.679893,On or near Fox Lane,E01026479,Breckland 006A,Anti-social behaviour,,
,2016-01,Norfolk Constabulary,Norfolk Constabulary,1.040176,52.649391,On or near Welborne Road,E01026479,Breckland 006A,Anti-social behaviour,,
1b50422a9c45aa9aa03e2394582a141459f122b81dd44d51b2d6a6b9739639ba,2016-01,Norfolk Constabulary,Norfolk Constabulary,1.023677,52.692692,On or near Elsing Road,E01026479,Breckland 006A,Burglary,Investigation complete; no suspect identified,
343357ddf42271d64d93095f6e1317dbeab959c5547521076488533cc535095f,2016-01,Norfolk Constabulary,Norfolk Constabulary,1.003159,52.685084,On or near Parking Area,E01026479,Breckland 006A,Other theft,Investigation complete; no suspect identified,
a8a1cd723ff86a49b60230c846c9ae4ad3f1bc0ea3d84d5e135dae2c17abd26f,2016-01,Norfolk Constabulary,Norfolk Constabulary,1.019213,52.659540,On or near Farrow Close,E01026480,Breckland 006B,Criminal damage and arson,Investigation complete; no suspect identified,
,2016-01,Norfolk Constabulary,Norfolk Constabulary,1.069118,52.675416,On or near Bishop Herbert Close,E01026481,Breckland 006C,Anti-social behaviour,,
370601faf68c632fbb9aa1e2f569bb25204eb40d751dac577dbf1a0887b88eda,2016-01,Norfolk Constabulary,Norfolk Constabulary,1.092350,52.688859,On or near Ley'S Lane,E01026481,Breckland 006C,Other theft,Investigation complete; no suspect identified,
5305306e51594f696cc65ec6e4fae62e4f91cc1130a2ef0e66126593d0cbc84b,2016-01,Norfolk Constabulary,Norfolk Constabulary,1.071786,52.652082,On or near Park/Open Space,E01026481,Breckland 006C,Other theft,Formal action is not in the public interest,
65ba2668eb4f4a23795f4f09f272c9ab15d173403f3873648e1444c72ab7cb49,2016-01,Norfolk Constabulary,Norfolk Constabulary,1.099184,52.662484,On or near Berry'S Lane,E01026481,Breckland 006C,Violence and sexual offences,Formal action is not in the public interest,
,2016-01,Norfolk Constabulary,Norfolk Constabulary,1.012563,52.644773,On or near Garvestone Road,E01026484,Breckland 006D,Anti-social behaviour,,
,2016-01,Norfolk Constabulary,Norfolk Constabulary,0.991447,52.628707,On or near Town Lane,E01026484,Breckland 006D,Anti-social behaviour,,
,2016-01,Norfolk Constabulary,Norfolk Constabulary,0.991447,52.628707,On or near Town Lane,E01026484,Breckland 006D,Anti-social behaviour,,
16a50493b6bc0a56f47634f94ec2166c3f3cc30b54b7733cfb7a4e953b8bda8a,2016-01,Norfolk Constabulary,Norfolk Constabulary,0.995290,52.610327,On or near Park/Open Space,E01026484,Breckland 006D,Burglary,Investigation complete; no suspect identified,
95534b35fac0288f5c34cb4466783b46a03ec9ca469fa8bdbb6755cc25ec3921,2016-01,Norfolk Constabulary,Norfolk Constabulary,0.985444,52.616511,On or near Tinkers' Lane,E01026485,Breckland 006E,Burglary,Investigation complete; no suspect identified,
,2016-01,Norfolk Constabulary,Norfolk Constabulary,0.676298,52.651330,On or near Highfield Avenue,E01026455,Breckland 007A,Anti-social behaviour,,
,2016-01,Norfolk Constabulary,Norfolk Constabulary,0.679311,52.650803,On or near Lawrence Way,E01026455,Breckland 007A,Anti-social behaviour,,
,2016-01,Norfolk Constabulary,Norfolk Constabulary,0.688825,52.648016,On or near Supermarket,E01026455,Breckland 007A,Anti-social behaviour,,
,2016-01,Norfolk Constabulary,Norfolk Constabulary,0.683464,52.650529,On or near Swaffham Police Station,E01026455,Breckland 007A,Anti-social behaviour,,
,2016-01,Norfolk Constabulary,Norfolk Constabulary,0.661973,52.652840,On or near Lynn Road,E01026455,Breckland 007A,Anti-social behaviour,,
,2016-01,Norfolk Constabulary,Norfolk Constabulary,0.676298,52.651330,On or near Highfield Avenue,E01026455,Breckland 007A,Anti-social behaviour,,
74be676b71147958445d5b52ed4cfafb2f52b8355547c2591cc0eb72640d44ad,2016-01,Norfolk Constabulary,Norfolk Constabulary,0.688825,52.648016,On or near Supermarket,E01026455,Breckland 007A,Burglary,Investigation complete; no suspect identified,
8c0a86a8dc8a27b3ca15778efc22510aaae90fde4ed5e8f44c8638424fae483d,2016-01,Norfolk Constabulary,Norfolk Constabulary,0.661973,52.652840,On or near Lynn Road,E01026455,Breckland 007A,Criminal damage and arson,Investigation complete; no suspect identified,
136fbc62bfe27abbd3443429b0ddab6e929bb0de87ef80c6d040aee890a85737,2016-01,Norfolk Constabulary,Norfolk Constabulary,0.689644,52.646900,On or near Pit Lane,E01026455,Breckland 007A,Drugs,Offender given suspended prison sentence,
8d217e3ac517526040572c64ca48598bd4bf7f16516d2af7ed04f7a80faecbac,2016-01,Norfolk Constabulary,Norfolk Constabulary,0.683133,52.650195,On or near Petrol Station,E01026455,Breckland 007A,Other theft,Local resolution,
86aa81b16e5fca73396db37c933e9609b2c5a09cb318d63a3643107a86974101,2016-01,Norfolk Constabulary,Norfolk Constabulary,0.685794,52.647050,On or near Whitesands Mews,E01026455,Breckland 007A,Other theft,Investigation complete; no suspect identified,
32e2e1ab48672928061a4cc755901dca8283fce5485d06be7ebed136eccac4fe,2016-01,Norfolk Constabulary,Norfolk Constabulary,0.723850,52.652530,On or near Petrol Station,E01026455,Breckland 007A,Public order,Status update unavailable,
0349724b0b4f6746b13da9f421fb56bc53be73c1e1c54a9e56d5cf061691bdc8,2016-01,Norfolk Constabulary,Norfolk Constabulary,0.688825,52.648016,On or near Supermarket,E01026455,Breckland 007A,Shoplifting,Offender sent to prison,
ab152eaf30b74c171c799ed4248c77a472ebdbb38f48748e94ea8e396979826d,2016-01,Norfolk Constabulary,Norfolk Constabulary,0.685838,52.646078,On or near Orchard Place,E01026455,Breckland 007A,Violence and sexual offences,Offender given a caution,
39c2130d122d2c3f695318375ff97637f0a97c24921518c8ad5b2d049d003a97,2016-01,Norfolk Constabulary,Norfolk Constabulary,0.685838,52.646078,On or near Orchard Place,E01026455,Breckland 007A,Violence and sexual offences,Unable to prosecute suspect,
,2016-01,Norfolk Constabulary,Norfolk Constabulary,0.689551,52.646363,On or near The Pightle,E01026456,Breckland 007B,Anti-social behaviour,,
,2016-01,Norfolk Constabulary,Norfolk Constabulary,0.697600,52.644777,On or near Hillside,E01026456,Breckland 007B,Anti-social behaviour,,
94d1cc8a413bd02f414c3ac92f5b00ba516f7b3e33e34664d6350acd1c6287c5,2016-01,Norfolk Constabulary,Norfolk Constabulary,0.689551,52.646363,On or near The Pightle,E01026456,Breckland 007B,Shoplifting,Offender sent to prison,
532e0555725abb74bc9c5131d7665ba2e3af43f5da977400a69e5e84a5f840b4,2016-01,Norfolk Constabulary,Norfolk Constabulary,0.707696,52.648350,On or near Norwich Road,E01026456,Breckland 007B,Violence and sexual offences,Unable to prosecute suspect,
9b0dd02ff85c3390e19de929541757c37ef360dec25319fedca021ca779557d2,2016-01,Norfolk Constabulary,Norfolk Constabulary,0.707696,52.648350,On or near Norwich Road,E01026456,Breckland 007B,Violence and sexual offences,Offender given community sentence,
adc8f125eabd551119e94cc1ba5cb0619a59027699e9c6eb5ae0e9fe3fdee629,2016-01,Norfolk Constabulary,Norfolk Constabulary,0.707696,52.648350,On or near Norwich Road,E01026456,Breckland 007B,Violence and sexual offences,Offender given community sentence,
31ecef41f4eee4c12a741b189f284e5b250f1d264643666d4ec8227a75dd362a,2016-01,Norfolk Constabulary,Norfolk Constabulary,0.707696,52.648350,On or near Norwich Road,E01026456,Breckland 007B,Violence and sexual offences,Offender given community sentence,
ef305e55ccfbdd2203a3e7c9ce22511c7c42132ef1f133c2e9b9fcaac3667831,2016-01,Norfolk Constabulary,Norfolk Constabulary,0.707696,52.648350,On or near Norwich Road,E01026456,Breckland 007B,Violence and sexual offences,Offender given community sentence,
,2016-01,Norfolk Constabulary,Norfolk Constabulary,0.688541,52.633275,On or near Brandon Road,E01026457,Breckland 007C,Anti-social behaviour,,
,2016-01,Norfolk Constabulary,Norfolk Constabulary,0.688541,52.633275,On or near Brandon Road,E01026457,Breckland 007C,Anti-social behaviour,,
,2016-01,Norfolk Constabulary,Norfolk Constabulary,0.690590,52.642814,On or near Pleasant Row,E01026458,Breckland 007D,Anti-social behaviour,,
a42f10a54608beb4cd93ab4fdc4d5cf250c3259e006a1bbfd04a39369e283171,2016-01,Norfolk Constabulary,Norfolk Constabulary,0.691140,52.645274,On or near Beech Close,E01026458,Breckland 007D,Burglary,Investigation complete; no suspect identified,
df2bf1e446b6cf05c1ad3444070f5cf0b7c1f3aaf4c1076b0d48f374b0375f58,2016-01,Norfolk Constabulary,Norfolk Constabulary,0.691140,52.645274,On or near Beech Close,E01026458,Breckland 007D,Burglary,Status update unavailable,
555e504079b8e9f5fafdd2f89618b38dc48e5431b707152f9c7dc3714609a69e,2016-01,Norfolk Constabulary,Norfolk Constabulary,0.692658,52.638217,On or near Kestrel Close,E01026458,Breckland 007D,Criminal damage and arson,Investigation complete; no suspect identified,
bd31e339adec56b24a0a077cfd4f1c51186e07eb1bef6737712f322d1742a1fc,2016-01,Norfolk Constabulary,Norfolk Constabulary,0.692658,52.638217,On or near Kestrel Close,E01026458,Breckland 007D,Criminal damage and arson,Investigation complete; no suspect identified,
a9c3f253989148c139f146ec38ba8a2b3cb5eac13ac3e9f04750db02dfe9c201,2016-01,Norfolk Constabulary,Norfolk Constabulary,0.692810,52.641415,On or near The Oaklands,E01026458,Breckland 007D,Criminal damage and arson,Investigation complete; no suspect identified,
e454ab3b639ecfcfe98cc150bc3220a8a102c02dd397d9df7e71bdef89acd7d7,2016-01,Norfolk Constabulary,Norfolk Constabulary,0.695254,52.641485,On or near Stratton Close,E01026458,Breckland 007D,Violence and sexual offences,Status update unavailable,
4c09ec5eee93b53df5993aa2d392f9a8279a9ad15d109dcd60cb5b6ec665bad0,2016-01,Norfolk Constabulary,Norfolk Constabulary,0.692658,52.638217,On or near Kestrel Close,E01026458,Breckland 007D,Violence and sexual offences,Status update unavailable,
3418a4d5c388bb11b1828b1117e22fba08c7166dc5db1e9164c4afb527fccdde,2016-01,Norfolk Constabulary,Norfolk Constabulary,0.686677,52.639027,On or near Mill Farm Nurseries,E01026458,Breckland 007D,Violence and sexual offences,Unable to prosecute suspect,
,2016-01,Norfolk Constabulary,Norfolk Constabulary,0.688630,52.650862,On or near Station Street,E01026459,Breckland 007E,Anti-social behaviour,,
,2016-01,Norfolk Constabulary,Norfolk Constabulary,0.689512,52.654636,On or near Admiral Wilson Way,E01026459,Breckland 007E,Anti-social behaviour,,
,2016-01,Norfolk Constabulary,Norfolk Constabulary,0.687549,52.656380,On or near Petrol Station,E01026459,Breckland 007E,Anti-social behaviour,,
,2016-01,Norfolk Constabulary,Norfolk Constabulary,0.694444,52.651881,On or near Manor Way,E01026459,Breckland 007E,Anti-social behaviour,,
,2016-01,Norfolk Constabulary,Norfolk Constabulary,0.694444,52.651881,On or near Manor Way,E01026459,Breckland 007E,Anti-social behaviour,,
,2016-01,Norfolk Constabulary,Norfolk Constabulary,0.688630,52.650862,On or near Station Street,E01026459,Breckland 007E,Anti-social behaviour,,
,2016-01,Norfolk Constabulary,Norfolk Constabulary,0.694444,52.651881,On or near Manor Way,E01026459,Breckland 007E,Anti-social behaviour,,
95e5cd9f6e470369396cf1e7075a462456e7f9b4d1ca13c22452b29b3f076b3d,2016-01,Norfolk Constabulary,Norfolk Constabulary,0.684048,52.655705,On or near Conference/Exhibition Centre,E01026459,Breckland 007E,Other theft,Investigation complete; no suspect identified,
e3070061cd89025ee4aafb413e9a31f4a9d4c002e7e34f99fdeddd478a360689,2016-01,Norfolk Constabulary,Norfolk Constabulary,0.694444,52.651881,On or near Manor Way,E01026459,Breckland 007E,Public order,Formal action is not in the public interest,
6f0d182c8cb65c6519b5b91a1592f0bd67e1c02e7c726b999d0913f449b6ac9d,2016-01,Norfolk Constabulary,Norfolk Constabulary,0.687549,52.656380,On or near Petrol Station,E01026459,Breckland 007E,Vehicle crime,Investigation complete; no suspect identified,
803f80cf859cb982bc014a03ad16af6dd6dc6d19cc25a305b323400fca006214,2016-01,Norfolk Constabulary,Norfolk Constabulary,0.694444,52.651881,On or near Manor Way,E01026459,Breckland 007E,Violence and sexual offences,Unable to prosecute suspect,
7511f6ea1d7b280895329e1d5857474a8c8e9ac1491d3f3bf785dfc964fc8cbc,2016-01,Norfolk Constabulary,Norfolk Constabulary,0.694444,52.651881,On or near Manor Way,E01026459,Breckland 007E,Violence and sexual offences,Formal action is not in the public interest,
2779f4e6df72316cee51e4327c072740281a0d8a2218afe94abf735395e9acc3,2016-01,Norfolk Constabulary,Norfolk Constabulary,0.691543,52.650391,On or near Pedlar'S Grove,E01026459,Breckland 007E,Violence and sexual offences,Investigation complete; no suspect identified,
d5c18752212fe397f6080247a1ce72ff7c7d4f6b43436308305e561ee17e3106,2016-01,Norfolk Constabulary,Norfolk Constabulary,0.684780,52.654870,On or near Turbine Way,E01026459,Breckland 007E,Violence and sexual offences,Status update unavailable,
6d397bb74a57985aa37754b5a13562526332d8c8b20573db62d008f220447591,2016-01,Norfolk Constabulary,Norfolk Constabulary,0.684780,52.654870,On or near Turbine Way,E01026459,Breckland 007E,Violence and sexual offences,Formal action is not in the public interest,
17c23a16668e6027ddc392d104b1d9da645410e08b8f04658eefc89e6ca3d1d1,2016-01,Norfolk Constabulary,Norfolk Constabulary,0.694444,52.651881,On or near Manor Way,E01026459,Breckland 007E,Violence and sexual offences,Status update unavailable,
,2016-01,Norfolk Constabulary,Norfolk Constabulary,0.802489,52.584851,On or near Pound Hill,E01026437,Breckland 008A,Anti-social behaviour,,
7da022ce524e0d4ef881800658a0c785e1da9e43a4c5e229dad0c2e829acd11c,2016-01,Norfolk Constabulary,Norfolk Constabulary,0.848010,52.639294,On or near Church Street,E01026438,Breckland 008B,Other crime,Formal action is not in the public interest,
,2016-01,Norfolk Constabulary,Norfolk Constabulary,0.906814,52.633495,On or near Dereham Road,E01026451,Breckland 008C,Anti-social behaviour,,
,2016-01,Norfolk Constabulary,Norfolk Constabulary,0.906814,52.633495,On or near Dereham Road,E01026451,Breckland 008C,Anti-social behaviour,,
5f085ae57f079973cae52e300c4802beb11591707f935b85edefa8629a51b3be,2016-01,Norfolk Constabulary,Norfolk Constabulary,0.908305,52.624547,On or near Black Moor Road,E01026451,Breckland 008C,Other theft,Investigation complete; no suspect identified,
d29003f0ec0c8e63ac668f9a5d703f1a2805a3b8f4c1f84ff34e8a622c956d68,2016-01,Norfolk Constabulary,Norfolk Constabulary,0.895591,52.629624,On or near Chapel Street,E01026451,Breckland 008C,Public order,Status update unavailable,
ccd3b81be5cf85d64876d502984616ddf26af8192c7e2330872e541a82b83176,2016-01,Norfolk Constabulary,Norfolk Constabulary,0.895591,52.629624,On or near Chapel Street,E01026451,Breckland 008C,Public order,Status update unavailable,
9b4786d25b6926a5fdcffb2b41577fd6272b6d3f2be05653dfb7d37ed0f325ed,2016-01,Norfolk Constabulary,Norfolk Constabulary,0.891404,52.628881,On or near New Road,E01026451,Breckland 008C,Violence and sexual offences,Formal action is not in the public interest,
,2016-01,Norfolk Constabulary,Norfolk Constabulary,0.791081,52.635776,On or near Red Lion Close,E01026495,Breckland 008D,Anti-social behaviour,,
,2016-01,Norfolk Constabulary,Norfolk Constabulary,0.787122,52.606742,On or near The Green,E01026495,Breckland 008D,Anti-social behaviour,,
6bff1e31f6824daa910e3787775c25ee7d756946604592b43f4de62143790240,2016-01,Norfolk Constabulary,Norfolk Constabulary,0.752373,52.629929,On or near White Oaks,E01026495,Breckland 008D,Violence and sexual offences,Unable to prosecute suspect,
dc11811e407263206a1690f3ebf5e3a2434cd5ee2a11627c998e50069dbee44c,2016-01,Norfolk Constabulary,Norfolk Constabulary,0.736586,52.620880,On or near Park/Open Space,E01026496,Breckland 008E,Burglary,Investigation complete; no suspect identified,
fdbb9e7c2ad8c9fb6b40c5ac472565e0315db3b3522e41778e410f3bc7366f5d,2016-01,Norfolk Constabulary,Norfolk Constabulary,0.756742,52.624674,On or near Houghton Lane,E01026496,Breckland 008E,Criminal damage and arson,Investigation complete; no suspect identified,
234a00ec74dc70ccf102e4ad3b4286d770bc90ab4f3f996f7c8405fec237155b,2016-01,Norfolk Constabulary,Norfolk Constabulary,0.786727,52.603550,On or near The Oaks,E01026496,Breckland 008E,Violence and sexual offences,Court result unavailable,
468e5c7051509b9c7f9161ffabb6818da3573d01fb74d7586a7fa56d3a788be0,2016-01,Norfolk Constabulary,Norfolk Constabulary,0.824702,52.573038,On or near Nelson Court,E01026486,Breckland 009A,Violence and sexual offences,Formal action is not in the public interest,
7288a4b3980255cfa1661becd5ff7799432f475357e377a5e0daaa892b3bd386,2016-01,Norfolk Constabulary,Norfolk Constabulary,0.836580,52.571153,On or near Hunters Oak,E01026486,Breckland 009A,Violence and sexual offences,Local resolution,
,2016-01,Norfolk Constabulary,Norfolk Constabulary,0.850504,52.571475,On or near Akrotiri Square,E01026487,Breckland 009B,Anti-social behaviour,,
d26640eeab84dfab1f6a00b66e5f43b23dc4474101af6cd2574d6cd68ff71650,2016-01,Norfolk Constabulary,Norfolk Constabulary,0.850625,52.572434,On or near Tom Turley Close,E01026487,Breckland 009B,Violence and sexual offences,Status update unavailable,
d970fb657bc9ff4ec4273700a04e57428ec4258f1922471dc55187b8cd0e2ce2,2016-01,Norfolk Constabulary,Norfolk Constabulary,0.850625,52.572434,On or near Tom Turley Close,E01026487,Breckland 009B,Violence and sexual offences,Status update unavailable,
4e3499a51894e027e844c9fa61923406918d563e98372765268df16864da7d0c,2016-01,Norfolk Constabulary,Norfolk Constabulary,0.851317,52.570583,On or near Parking Area,E01026487,Breckland 009B,Violence and sexual offences,Status update unavailable,
,2016-01,Norfolk Constabulary,Norfolk Constabulary,0.832163,52.570179,On or near Dale Close,E01026488,Breckland 009C,Anti-social behaviour,,
,2016-01,Norfolk Constabulary,Norfolk Constabulary,0.823674,52.571066,On or near Beechwood Avenue,E01026488,Breckland 009C,Anti-social behaviour,,
,2016-01,Norfolk Constabulary,Norfolk Constabulary,0.821022,52.568827,On or near West Road,E01026488,Breckland 009C,Anti-social behaviour,,
,2016-01,Norfolk Constabulary,Norfolk Constabulary,0.821022,52.568827,On or near West Road,E01026488,Breckland 009C,Anti-social behaviour,,
,2016-01,Norfolk Constabulary,Norfolk Constabulary,0.828138,52.570473,On or near Memorial Way,E01026488,Breckland 009C,Anti-social behaviour,,
,2016-01,Norfolk Constabulary,Norfolk Constabulary,0.827258,52.571475,On or near Gable Court,E01026488,Breckland 009C,Anti-social behaviour,,
,2016-01,Norfolk Constabulary,Norfolk Constabulary,0.825971,52.571667,On or near Middle Street,E01026488,Breckland 009C,Anti-social behaviour,,
,2016-01,Norfolk Constabulary,Norfolk Constabulary,0.824124,52.570479,On or near St Giles Road,E01026488,Breckland 009C,Anti-social behaviour,,
,2016-01,Norfolk Constabulary,Norfolk Constabulary,0.828189,52.571722,On or near Cadman Way,E01026488,Breckland 009C,Anti-social behaviour,,
,2016-01,Norfolk Constabulary,Norfolk Constabulary,0.821022,52.568827,On or near West Road,E01026488,Breckland 009C,Anti-social behaviour,,
,2016-01,Norfolk Constabulary,Norfolk Constabulary,0.832163,52.570179,On or near Dale Close,E01026488,Breckland 009C,Anti-social behaviour,,
e74ffd4b989911c5bca7f907fa45e605269b1ef1c7060a831c48c517a582a4de,2016-01,Norfolk Constabulary,Norfolk Constabulary,0.823674,52.571066,On or near Beechwood Avenue,E01026488,Breckland 009C,Burglary,Investigation complete; no suspect identified,
1f44393642ce972e89798b2e7038dbf3b079592a8ed596befc33f875e79ea096,2016-01,Norfolk Constabulary,Norfolk Constabulary,0.822608,52.571703,On or near Harvey Street,E01026488,Breckland 009C,Burglary,Investigation complete; no suspect identified,
89eefc41c75c9ea6a7f37e7d39d7d753a1a14b59171e0528470f835be2e61108,2016-01,Norfolk Constabulary,Norfolk Constabulary,0.826877,52.570603,On or near Gregor Shanks Way,E01026488,Breckland 009C,Criminal damage and arson,Investigation complete; no suspect identified,
f12423f973a2bcf37e1710f8fcabb581428dd75178c8634262efa74ec7093b63,2016-01,Norfolk Constabulary,Norfolk Constabulary,0.825971,52.571667,On or near Middle Street,E01026488,Breckland 009C,Criminal damage and arson,Investigation complete; no suspect identified,
755b8f2ea95969a2800b86abb34ede8aa2ee254134940c841ff9d55469a2fff9,2016-01,Norfolk Constabulary,Norfolk Constabulary,0.825971,52.571667,On or near Middle Street,E01026488,Breckland 009C,Other theft,Status update unavailable,
81d3b911942dd6b15af031e1f02958e29aef89d022c2f63522215db229e32b73,2016-01,Norfolk Constabulary,Norfolk Constabulary,0.823674,52.571066,On or near Beechwood Avenue,E01026488,Breckland 009C,Shoplifting,Offender sent to prison,
d745d78104303ce90bf2241df97c476ece917845a9a657837b9d8fa87e2a60ff,2016-01,Norfolk Constabulary,Norfolk Constabulary,0.824124,52.570479,On or near St Giles Road,E01026488,Breckland 009C,Violence and sexual offences,Court result unavailable,
55095c9e3a53f5e71ce3accc9fa642fedbfd9b912d0109c9622e1c78beb7573b,2016-01,Norfolk Constabulary,Norfolk Constabulary,0.822608,52.571703,On or near Harvey Street,E01026488,Breckland 009C,Violence and sexual offences,Formal action is not in the public interest,
1918bb496da67036883b754e03ef8ef3418676af56ca914e03f73f21c71920bf,2016-01,Norfolk Constabulary,Norfolk Constabulary,0.825971,52.571667,On or near Middle Street,E01026488,Breckland 009C,Violence and sexual offences,Unable to prosecute suspect,
112125b0ed327e6c03844307910f781fc8d91957832cbb765fa2760fab178282,2016-01,Norfolk Constabulary,Norfolk Constabulary,0.825971,52.571667,On or near Middle Street,E01026488,Breckland 009C,Violence and sexual offences,Court result unavailable,
19b9111b071dce6d99de056c6e0bb93f6a3cd901a92b857679760e74f31ddc63,2016-01,Norfolk Constabulary,Norfolk Constabulary,0.832163,52.570179,On or near Dale Close,E01026488,Breckland 009C,Other crime,Formal action is not in the public interest,
,2016-01,Norfolk Constabulary,Norfolk Constabulary,0.817380,52.570955,On or near Tom Milford Place,E01026489,Breckland 009D,Anti-social behaviour,,
0f179518b5ec51e0be71392d7961c326e9e2499820cd58eee05817471af7fc47,2016-01,Norfolk Constabulary,Norfolk Constabulary,0.811271,52.570974,On or near Brandon Road,E01026489,Breckland 009D,Burglary,Investigation complete; no suspect identified,
8c0d5e215504881fa3e9c821221134608bf953d67f2bac98e1c523db85ee8067,2016-01,Norfolk Constabulary,Norfolk Constabulary,0.810382,52.571850,On or near Three Post Road,E01026489,Breckland 009D,Violence and sexual offences,Formal action is not in the public interest,
,2016-01,Norfolk Constabulary,Norfolk Constabulary,0.830302,52.568785,On or near Charles Avenue,E01026490,Breckland 009E,Anti-social behaviour,,
,2016-01,Norfolk Constabulary,Norfolk Constabulary,0.837916,52.568765,On or near Wood Lane,E01026490,Breckland 009E,Anti-social behaviour,,
,2016-01,Norfolk Constabulary,Norfolk Constabulary,0.820765,52.566207,On or near Queensway,E01026490,Breckland 009E,Anti-social behaviour,,
3fbfe2463546e5cbb77a99f0dd22ac47cf4143476ec49c7b8ef39593eeeb7430,2016-01,Norfolk Constabulary,Norfolk Constabulary,0.829135,52.566250,On or near Thetford Road,E01026490,Breckland 009E,Burglary,Investigation complete; no suspect identified,
d171b15fba1b4a0c2d382dff826caa322e7ca0a6f472520129152e5a299985cc,2016-01,Norfolk Constabulary,Norfolk Constabulary,0.832084,52.565757,On or near Canon Close,E01026490,Breckland 009E,Vehicle crime,Investigation complete; no suspect identified,
0859cc2183612f0c80952c2770818bf0f42e77020c4f904a5bad46c9e15660b4,2016-01,Norfolk Constabulary,Norfolk Constabulary,0.822759,52.564865,On or near Merton Road,E01026490,Breckland 009E,Violence and sexual offences,Investigation complete; no suspect identified,
963250f0ce380279a4a9a34b0f20e79da09ea52fe25283b6af9bfe9860e3db63,2016-01,Norfolk Constabulary,Norfolk Constabulary,0.820839,52.564605,On or near Malthouse Close,E01026490,Breckland 009E,Violence and sexual offences,Status update unavailable,
6dadbafb0b73b3401a3ef6bf23dffef8ef8a838f5cc128272c174f74707acc99,2016-01,Norfolk Constabulary,Norfolk Constabulary,0.935500,52.532741,On or near The Street,E01026419,Breckland 010A,Criminal damage and arson,Status update unavailable,
d340938300c3b18032ff3fb74463024638ddbde9580cbe4408a325b3bb04b2e5,2016-01,Norfolk Constabulary,Norfolk Constabulary,0.932155,52.560873,On or near Ellingham Road,E01026419,Breckland 010A,Other theft,Investigation complete; no suspect identified,
9ec992d2e3f21a84d2e94caea22995189643c39bc2589fe2bdd38cbd52d21e21,2016-01,Norfolk Constabulary,Norfolk Constabulary,0.972711,52.532603,On or near Glebe Meadow,E01026420,Breckland 010B,Criminal damage and arson,Investigation complete; no suspect identified,
9d65165621bf49ab62ae46d08f4ff3e467bac7019cc18ad7d6b8c1f41d0f69ba,2016-01,Norfolk Constabulary,Norfolk Constabulary,0.976368,52.533896,On or near Church Street,E01026420,Breckland 010B,Violence and sexual offences,Formal action is not in the public interest,
,2016-01,Norfolk Constabulary,Norfolk Constabulary,0.889735,52.541179,On or near Coronation Terrace,E01026464,Breckland 010D,Anti-social behaviour,,
1e37c37b2d54566074731218b47c3916f228c85371b8088dc80e4171bc503b50,2016-01,Norfolk Constabulary,Norfolk Constabulary,0.839164,52.585110,On or near Crown Crescent,E01026464,Breckland 010D,Violence and sexual offences,Status update unavailable,
66a707987ffd599fe4d03ec762a148c0478c15df0877d4e61a015fccf9b7ecfc,2016-01,Norfolk Constabulary,Norfolk Constabulary,0.879134,52.576375,On or near Mill Lane,E01026464,Breckland 010D,Violence and sexual offences,Offender given community sentence,
e62334dced4be77a4d5e52363361ffa02149b39bdd21d2695eb7c9a2608e4052,2016-01,Norfolk Constabulary,Norfolk Constabulary,0.877313,52.580808,On or near Muriel Way,E01026464,Breckland 010D,Violence and sexual offences,Status update unavailable,
d9a0475e9145f2acd7ffdc646611c08cad517b0ba5c3ccb0ebd47c1014c80b57,2016-01,Norfolk Constabulary,Norfolk Constabulary,0.877313,52.580808,On or near Muriel Way,E01026464,Breckland 010D,Violence and sexual offences,Unable to prosecute suspect,
,2016-01,Norfolk Constabulary,Norfolk Constabulary,0.876628,52.497965,On or near Scotgate Close,E01026491,Breckland 010E,Anti-social behaviour,,
,2016-01,Norfolk Constabulary,Norfolk Constabulary,0.878261,52.498374,On or near Parliament Lane,E01026491,Breckland 010E,Anti-social behaviour,,
,2016-01,Norfolk Constabulary,Norfolk Constabulary,0.803673,52.459933,On or near Park/Open Space,E01026491,Breckland 010E,Anti-social behaviour,,
,2016-01,Norfolk Constabulary,Norfolk Constabulary,0.929763,52.480239,On or near Park/Open Space,E01026491,Breckland 010E,Anti-social behaviour,,
41cb75757d89f79cfe60fb2e143ba9059588bdff647ef8b044c1239f2a27ecc9,2016-01,Norfolk Constabulary,Norfolk Constabulary,0.915583,52.533720,On or near B1077,E01026491,Breckland 010E,Burglary,Investigation complete; no suspect identified,
1f2dc58f1bddc74d502601ba12682d46a2b3e2199ebef561b55061d0890ec551,2016-01,Norfolk Constabulary,Norfolk Constabulary,0.875740,52.495198,On or near School Square,E01026491,Breckland 010E,Criminal damage and arson,Investigation complete; no suspect identified,
bac691b797d0cda0df29e4f26fb3a679f9de7ee1882a02f2bdd3408101d3898b,2016-01,Norfolk Constabulary,Norfolk Constabulary,0.929763,52.480239,On or near Park/Open Space,E01026491,Breckland 010E,Other theft,Formal action is not in the public interest,
74e4ca45b8b019cab742bf2333348ff9018d69fe4441cf98e18f7d63a37b273d,2016-01,Norfolk Constabulary,Norfolk Constabulary,0.903405,52.478560,On or near Watton Road,E01026491,Breckland 010E,Vehicle crime,Investigation complete; no suspect identified,
7a60c4ba011ea3ebd5aec551df0bd7b334496f40c6f360218c8382a6de018581,2016-01,Norfolk Constabulary,Norfolk Constabulary,0.824040,52.534268,On or near Pockthorpe Lane,E01026491,Breckland 010E,Other crime,Offender given suspended prison sentence,
,2016-01,Norfolk Constabulary,Norfolk Constabulary,0.855246,52.565416,On or near Marauder Road,E01033040,Breckland 010F,Anti-social behaviour,,
,2016-01,Norfolk Constabulary,Norfolk Constabulary,0.855744,52.569667,On or near Wellington Road,E01033040,Breckland 010F,Anti-social behaviour,,
,2016-01,Norfolk Constabulary,Norfolk Constabulary,0.855640,52.566018,On or near Liberator Close,E01033040,Breckland 010F,Anti-social behaviour,,
6176e62b46e41d9116d118f68a9c865c803b8501d18e647223db2d341e15f433,2016-01,Norfolk Constabulary,Norfolk Constabulary,0.858740,52.554918,On or near Hmp Wayland,E01033040,Breckland 010F,Criminal damage and arson,Status update unavailable,
46c4e9956f9d9f3c79012e65bec5120990d391a8217c00c92a5c81c2f5c711a5,2016-01,Norfolk Constabulary,Norfolk Constabulary,0.855744,52.569667,On or near Wellington Road,E01033040,Breckland 010F,Criminal damage and arson,Investigation complete; no suspect identified,
44f5aea669533c4f2035cf436e3fef0b5de232eed1ac26624886c3537ed55d67,2016-01,Norfolk Constabulary,Norfolk Constabulary,0.855246,52.565416,On or near Marauder Road,E01033040,Breckland 010F,Criminal damage and arson,Local resolution,
ffa29d6264c575d50100273d4c73b040ae429337c5e897a12d1e7f9395f76094,2016-01,Norfolk Constabulary,Norfolk Constabulary,0.854587,52.568903,On or near Lancaster Avenue,E01033040,Breckland 010F,Criminal damage and arson,Status update unavailable,
3829af85f594059b0651c40bc59e743355a523f1addc772fd626087935dc2026,2016-01,Norfolk Constabulary,Norfolk Constabulary,0.859831,52.569415,On or near Halton Gardens,E01033040,Breckland 010F,Drugs,Offender given a caution,
f6782f5c6deb97968be13310e47662d9201a516f2cebfdf2dfd190818eac0b24,2016-01,Norfolk Constabulary,Norfolk Constabulary,0.858740,52.554918,On or near Hmp Wayland,E01033040,Breckland 010F,Violence and sexual offences,Court result unavailable,
ac6c84db89eb33f07e93bb4608d9e6ce9290ead7489b182ebaeac9fea13d33b2,2016-01,Norfolk Constabulary,Norfolk Constabulary,0.858740,52.554918,On or near Hmp Wayland,E01033040,Breckland 010F,Violence and sexual offences,Status update unavailable,
22471d5e11d5be317f7bdc8de4857c022bdc7d405c2319bfc5e28d16a2329b4e,2016-01,Norfolk Constabulary,Norfolk Constabulary,0.858740,52.554918,On or near Hmp Wayland,E01033040,Breckland 010F,Violence and sexual offences,Court result unavailable,
cba9f3cc5cc8c74e7b4fb3235ccc3b9261d7108598501c3fede35673bb53ce2e,2016-01,Norfolk Constabulary,Norfolk Constabulary,0.859831,52.569415,On or near Halton Gardens,E01033040,Breckland 010F,Violence and sexual offences,Formal action is not in the public interest,
68c4683ff030af64251b0477b552d6f5bceb3da51548235854b4253785a11f66,2016-01,Norfolk Constabulary,Norfolk Constabulary,0.855246,52.565416,On or near Marauder Road,E01033040,Breckland 010F,Violence and sexual offences,Unable to prosecute suspect,
71c6a5529e039690ae4328dd5f1949262bae9c5efedefd46655316e3514e599b,2016-01,Norfolk Constabulary,Norfolk Constabulary,0.858740,52.554918,On or near Hmp Wayland,E01033040,Breckland 010F,Violence and sexual offences,Status update unavailable,
d2618d75d9f445c02740404c8ac160d481d7cabaf84921416d4bf4c3187bfe86,2016-01,Norfolk Constabulary,Norfolk Constabulary,0.858740,52.554918,On or near Hmp Wayland,E01033040,Breckland 010F,Violence and sexual offences,Investigation complete; no suspect identified,
4ee391840f71eef86b062d2a045597e0ab646e9cc29db7c5bcd39f3935f5cfe1,2016-01,Norfolk Constabulary,Norfolk Constabulary,0.862615,52.556659,On or near Church View Close,E01033040,Breckland 010F,Violence and sexual offences,Status update unavailable,
e91549958673479aec0b5042902d7f6d6e5872908cafa9a569d073c0ce76b6b6,2016-01,Norfolk Constabulary,Norfolk Constabulary,0.858740,52.554918,On or near Hmp Wayland,E01033040,Breckland 010F,Other crime,Unable to prosecute suspect,
a41b2c01c28b2c6750f0e82cd6fcd548b7eaad965cc4815e85ae83522ce2c731,2016-01,Norfolk Constabulary,Norfolk Constabulary,0.858740,52.554918,On or near Hmp Wayland,E01033040,Breckland 010F,Other crime,Status update unavailable,
93b4108ccb7cab7a213091e20774effd2a64b1b0d3100019302af0dfe4f820c5,2016-01,Norfolk Constabulary,Norfolk Constabulary,0.858740,52.554918,On or near Hmp Wayland,E01033040,Breckland 010F,Other crime,Status update unavailable,
4aa4a5a9626a0b99e48d64141ad0b40b6d7aa24a26f8a7c1b9f27ec532b9aba3,2016-01,Norfolk Constabulary,Norfolk Constabulary,0.858740,52.554918,On or near Hmp Wayland,E01033040,Breckland 010F,Other crime,Status update unavailable,
29354dc9fd4421c5bfa653e793c7947727494b0696b15c7010d703bdcdce802e,2016-01,Norfolk Constabulary,Norfolk Constabulary,0.858740,52.554918,On or near Hmp Wayland,E01033040,Breckland 010F,Other crime,Status update unavailable,
cad12235d08120b7d0dbce8fd85e5dfe0bbff614ed4a2c3aa8043b6d7470ab2c,2016-01,Norfolk Constabulary,Norfolk Constabulary,0.858740,52.554918,On or near Hmp Wayland,E01033040,Breckland 010F,Other crime,Unable to prosecute suspect,
53107e979fc63f76abecb996e23282b451e59ef696a88f30138acec15032db12,2016-01,Norfolk Constabulary,Norfolk Constabulary,0.858740,52.554918,On or near Hmp Wayland,E01033040,Breckland 010F,Other crime,Unable to prosecute suspect,
814c18eafad061eaf6de4fc0e2d27f7d7bbe43c0dffefb165213777f9ca56a5b,2016-01,Norfolk Constabulary,Norfolk Constabulary,0.858740,52.554918,On or near Hmp Wayland,E01033040,Breckland 010F,Other crime,Offender given penalty notice,
e74677479e9a7389998100cb9db29fe30156b4b31f9d303e9300b2cf29a7f4af,2016-01,Norfolk Constabulary,Norfolk Constabulary,0.858740,52.554918,On or near Hmp Wayland,E01033040,Breckland 010F,Other crime,Status update unavailable,
de0fe0624755323c2a725ff8dd748d1177806102340ba58e6684943094b85dde,2016-01,Norfolk Constabulary,Norfolk Constabulary,0.858740,52.554918,On or near Hmp Wayland,E01033040,Breckland 010F,Other crime,Status update unavailable,
7afdc8ce852bbcc94ac16efac7df6ec003c841470247cf9c05acba2b9b270a9d,2016-01,Norfolk Constabulary,Norfolk Constabulary,0.858740,52.554918,On or near Hmp Wayland,E01033040,Breckland 010F,Other crime,Status update unavailable,
daff50ea2634b2eeaac9a530d375610161dc2ace017a9d4f8f2180701831e577,2016-01,Norfolk Constabulary,Norfolk Constabulary,0.858740,52.554918,On or near Hmp Wayland,E01033040,Breckland 010F,Other crime,Status update unavailable,
9a9ac1a28f58bf9338c07f2770abc8046abd6555173926a5138e02460199bffe,2016-01,Norfolk Constabulary,Norfolk Constabulary,0.858740,52.554918,On or near Hmp Wayland,E01033040,Breckland 010F,Other crime,Offender given penalty notice,
4a0e05fc4f8e51a52519d69d7c35e14e74ebddf68ad98ae488e3b6d9882970cf,2016-01,Norfolk Constabulary,Norfolk Constabulary,0.858740,52.554918,On or near Hmp Wayland,E01033040,Breckland 010F,Other crime,Status update unavailable,
4aeb799e6184821403349e28484956267a6dc8e44f111da2eb96ed9121356f16,2016-01,Norfolk Constabulary,Norfolk Constabulary,0.858740,52.554918,On or near Hmp Wayland,E01033040,Breckland 010F,Other crime,Status update unavailable,
6111d4e2b29a3fb173fe3b6907dd73c6b56d40d6c29f2046e888992bbee5ac6c,2016-01,Norfolk Constabulary,Norfolk Constabulary,0.858740,52.554918,On or near Hmp Wayland,E01033040,Breckland 010F,Other crime,Status update unavailable,
,2016-01,Norfolk Constabulary,Norfolk Constabulary,0.866325,52.569195,On or near Boscombe Road,E01033041,Breckland 010G,Anti-social behaviour,,
,2016-01,Norfolk Constabulary,Norfolk Constabulary,0.867438,52.569519,On or near Northolt Road,E01033041,Breckland 010G,Anti-social behaviour,,
0cfeb0afcf4422c36e1b8be4fbc327e31080c4bffdc480603fd5b71859334f59,2016-01,Norfolk Constabulary,Norfolk Constabulary,0.876585,52.549171,On or near The Street,E01033041,Breckland 010G,Vehicle crime,Investigation complete; no suspect identified,
9861b20c68cf0733678d1b10d7d6fde4d9cae61463675d3afb0fecc566e4ad66,2016-01,Norfolk Constabulary,Norfolk Constabulary,0.859894,52.569935,On or near Halton Road,E01033041,Breckland 010G,Violence and sexual offences,Unable to prosecute suspect,
1d86322dbe6eb4f5d7a9baa185f88470b0cf862c8f452903d98303904651a322,2016-01,Norfolk Constabulary,Norfolk Constabulary,1.008850,52.508370,On or near Plantation Close,E01026422,Breckland 011A,Criminal damage and arson,Investigation complete; no suspect identified,
b1f7fe3d02eb2bf03c16597a534d93a82540ddd3b438ffa4b4dbbf040a0243c3,2016-01,Norfolk Constabulary,Norfolk Constabulary,1.008850,52.508370,On or near Plantation Close,E01026422,Breckland 011A,Criminal damage and arson,Formal action is not in the public interest,
ae77174bedfba0c3ca5c3bd0358f76fda738fc981b79100543a4ca74078cbdcf,2016-01,Norfolk Constabulary,Norfolk Constabulary,1.008850,52.508370,On or near Plantation Close,E01026422,Breckland 011A,Criminal damage and arson,Investigation complete; no suspect identified,
01796726bab11187b5d78c0de0560b3ff9658278f48e26e8424b308beba5b0dc,2016-01,Norfolk Constabulary,Norfolk Constabulary,1.008850,52.508370,On or near Plantation Close,E01026422,Breckland 011A,Criminal damage and arson,Investigation complete; no suspect identified,
98dd2f1ecdbd78829f581b95cf9e23d41c6dd4584437a30dc116ce70473528d1,2016-01,Norfolk Constabulary,Norfolk Constabulary,0.980979,52.496180,On or near London Road,E01026422,Breckland 011A,Other theft,Investigation complete; no suspect identified,
,2016-01,Norfolk Constabulary,Norfolk Constabulary,1.017763,52.505292,On or near Leys Lane,E01026423,Breckland 011B,Anti-social behaviour,,
,2016-01,Norfolk Constabulary,Norfolk Constabulary,1.018668,52.514847,On or near New North Road,E01026423,Breckland 011B,Anti-social behaviour,,
,2016-01,Norfolk Constabulary,Norfolk Constabulary,1.028571,52.506437,On or near Buckenham Road,E01026423,Breckland 011B,Anti-social behaviour,,
,2016-01,Norfolk Constabulary,Norfolk Constabulary,1.015519,52.512553,On or near Halford Road,E01026423,Breckland 011B,Anti-social behaviour,,
ebad6b3359eea53a73a117be7570765576541d8fcb75b8e90175d1b64498eb63,2016-01,Norfolk Constabulary,Norfolk Constabulary,1.021900,52.514252,On or near Station Road,E01026423,Breckland 011B,Burglary,Investigation complete; no suspect identified,
232a704184d756fa2f1b098d0b18aa03ae3495cc476398212e7b4a4d4fd8ce8a,2016-01,Norfolk Constabulary,Norfolk Constabulary,1.024946,52.510748,On or near Blenheim Drive,E01026423,Breckland 011B,Criminal damage and arson,Investigation complete; no suspect identified,
d84dc7ea6f8ac104ecabc5d5f5b84e9f3b8afc394f4894eed9d86de4a0b69ed1,2016-01,Norfolk Constabulary,Norfolk Constabulary,1.015519,52.512553,On or near Halford Road,E01026423,Breckland 011B,Public order,Court result unavailable,
8d331fc29a7c14976d9cb29acd1d18e452f18489e024189e6d0a611cb71702d7,2016-01,Norfolk Constabulary,Norfolk Constabulary,1.021900,52.514252,On or near Station Road,E01026423,Breckland 011B,Theft from the person,Unable to prosecute suspect,
acd00debd19a7d742f4f5d5ad5d1831be782c176c365c60dcbd7ebaef76bd2b1,2016-01,Norfolk Constabulary,Norfolk Constabulary,1.025138,52.511606,On or near Wymbur Drive,E01026423,Breckland 011B,Violence and sexual offences,Offender given a caution,
66c0cd12b5a69759a2dece86eb14df1c7bdd56878e3a57b62e5c7f75614f5e60,2016-01,Norfolk Constabulary,Norfolk Constabulary,1.015519,52.512553,On or near Halford Road,E01026423,Breckland 011B,Violence and sexual offences,Offender given a caution,
61785ccc6824c9b616585417fabc5b9d7aec47e76a6213cbc933d396726eae67,2016-01,Norfolk Constabulary,Norfolk Constabulary,1.022202,52.514793,On or near Parking Area,E01026423,Breckland 011B,Violence and sexual offences,Local resolution,
0c6f4d9fbb4c4247b7ef77fc3c69c8a36998edabdcdd052855e9e3cf10a7dcdd,2016-01,Norfolk Constabulary,Norfolk Constabulary,1.028571,52.506437,On or near Buckenham Road,E01026423,Breckland 011B,Violence and sexual offences,Status update unavailable,
01935a0921be74a06dd82c1af54e262ac48716bba312e896e57d016b8d12e48c,2016-01,Norfolk Constabulary,Norfolk Constabulary,1.015519,52.512553,On or near Halford Road,E01026423,Breckland 011B,Violence and sexual offences,Unable to prosecute suspect,
,2016-01,Norfolk Constabulary,Norfolk Constabulary,1.010874,52.517276,On or near Yew Tree Road,E01026447,Breckland 011C,Anti-social behaviour,,
,2016-01,Norfolk Constabulary,Norfolk Constabulary,1.009643,52.520185,On or near Alexandra Way,E01026447,Breckland 011C,Anti-social behaviour,,
,2016-01,Norfolk Constabulary,Norfolk Constabulary,1.009643,52.520185,On or near Alexandra Way,E01026447,Breckland 011C,Anti-social behaviour,,
,2016-01,Norfolk Constabulary,Norfolk Constabulary,1.007903,52.519528,On or near Norfolk Drive,E01026447,Breckland 011C,Anti-social behaviour,,
,2016-01,Norfolk Constabulary,Norfolk Constabulary,1.010874,52.517276,On or near Yew Tree Road,E01026447,Breckland 011C,Anti-social behaviour,,
0448ae77323aa810230001291a0eabd1d8389d29bd5d0a90d4987969f199ef9c,2016-01,Norfolk Constabulary,Norfolk Constabulary,1.007065,52.523452,On or near Warren'S Lane,E01026447,Breckland 011C,Criminal damage and arson,Unable to prosecute suspect,
148684e7dbb72e2ac767d047d412dfa812911302241583a833bda4a5710ef68f,2016-01,Norfolk Constabulary,Norfolk Constabulary,1.010874,52.517276,On or near Yew Tree Road,E01026447,Breckland 011C,Public order,Status update unavailable,
e939b4b3ae222cb1e3aed9ad7ae82a6094d9be61e9dcd7b1f5a3456568d6ad1e,2016-01,Norfolk Constabulary,Norfolk Constabulary,1.009641,52.518000,On or near Estcourt Road,E01026447,Breckland 011C,Violence and sexual offences,Court result unavailable,
b4a6121d3435beb302d8e10712eb8cbc2742fee76891ecb399e4632f0d2485e1,2016-01,Norfolk Constabulary,Norfolk Constabulary,1.013504,52.517794,On or near Wayland Close,E01026447,Breckland 011C,Violence and sexual offences,Unable to prosecute suspect,
f2d2f87c7366014a80ac1302d94b5a04ba154e5acde35ce7f5af5f0efeace34c,2016-01,Norfolk Constabulary,Norfolk Constabulary,1.010874,52.517276,On or near Yew Tree Road,E01026447,Breckland 011C,Violence and sexual offences,Investigation complete; no suspect identified,
,2016-01,Norfolk Constabulary,Norfolk Constabulary,1.016535,52.518139,On or near Queen'S Square,E01026449,Breckland 011D,Anti-social behaviour,,
556c5a4568d1e6524c12ff18c77b31291e68b43d6dc70763d32101c8f9051d4a,2016-01,Norfolk Constabulary,Norfolk Constabulary,1.014789,52.517401,On or near Petrol Station,E01026449,Breckland 011D,Criminal damage and arson,Status update unavailable,
391b5a2560254c5902bd2caa313685639306235bcbbdb819ca2cb3ea27ab2b2b,2016-01,Norfolk Constabulary,Norfolk Constabulary,1.014789,52.517401,On or near Petrol Station,E01026449,Breckland 011D,Criminal damage and arson,Investigation complete; no suspect identified,
93216abe56eb1aec55b686e301e04f92647ecc8c336522dc851d701b33dcd81f,2016-01,Norfolk Constabulary,Norfolk Constabulary,1.012790,52.515537,On or near High Street,E01026449,Breckland 011D,Drugs,Offender given a caution,
a2446f4c333f0e145cc25db0bed74bcc121e3a1d961c6ad720f8fafdfc6ae349,2016-01,Norfolk Constabulary,Norfolk Constabulary,1.017271,52.518111,On or near Church Street,E01026449,Breckland 011D,Drugs,Offender given a caution,
abd85749d3b73b2b6087c70813f71fb9c066eee47f23e957097ae65865993db3,2016-01,Norfolk Constabulary,Norfolk Constabulary,1.016535,52.518139,On or near Queen'S Square,E01026449,Breckland 011D,Public order,Formal action is not in the public interest,
4e6c258ab4e6f7c969b2172b0a5c745d583c35f05fd4de7d0675028075bb9796,2016-01,Norfolk Constabulary,Norfolk Constabulary,1.014437,52.516340,On or near Connaught Plain,E01026449,Breckland 011D,Theft from the person,Investigation complete; no suspect identified,
7134018b07d57718c45f82ee9c774d6f167dfa4a27a95bdd51be11b175d4f8fc,2016-01,Norfolk Constabulary,Norfolk Constabulary,1.012790,52.515537,On or near High Street,E01026449,Breckland 011D,Violence and sexual offences,Status update unavailable,
9d3fa34064c532b69a50afe3ed9825d03a2705dc8cf61f8917795b27fc3f182b,2016-01,Norfolk Constabulary,Norfolk Constabulary,1.016526,52.519075,On or near Parking Area,E01026449,Breckland 011D,Violence and sexual offences,Offender given penalty notice,
2d888a5d9968b70f1dbaaa1015bf4142a373d83445b18c674211e620039bc2ea,2016-01,Norfolk Constabulary,Norfolk Constabulary,1.014258,52.520400,On or near Queen'S Road,E01026449,Breckland 011D,Violence and sexual offences,Status update unavailable,
f098eab9be652e153d001cd05c750acd52651f6dc0a3839e67a39d6a8cce67f9,2016-01,Norfolk Constabulary,Norfolk Constabulary,1.025930,52.521191,On or near Morar Drive,E01026449,Breckland 011D,Other crime,Formal action is not in the public interest,
a414a2bda4ae639dfd0da3cd2b1a19f4d2296afffb1b848d5c21d790252920b3,2016-01,Norfolk Constabulary,Norfolk Constabulary,1.010685,52.515150,On or near Parking Area,E01026449,Breckland 011D,Other crime,Status update unavailable,
,2016-01,Norfolk Constabulary,Norfolk Constabulary,1.004562,52.511834,On or near Police Station,E01026450,Breckland 011E,Anti-social behaviour,,
,2016-01,Norfolk Constabulary,Norfolk Constabulary,1.001330,52.515243,On or near Bryony Way,E01026450,Breckland 011E,Anti-social behaviour,,
,2016-01,Norfolk Constabulary,Norfolk Constabulary,1.004562,52.511834,On or near Police Station,E01026450,Breckland 011E,Anti-social behaviour,,
9cfd70bd34b260e95dd71bde0d883eeb2219554ef9ab6411ed87648e6af9b19d,2016-01,Norfolk Constabulary,Norfolk Constabulary,1.010493,52.515370,On or near Leigh Close,E01026450,Breckland 011E,Bicycle theft,Investigation complete; no suspect identified,
92a67b9c3a96d0e9fc830b4542120709126f5e7e221a4aa448b687c3aa4bf67f,2016-01,Norfolk Constabulary,Norfolk Constabulary,1.003064,52.514723,On or near Sorrel Drive,E01026450,Breckland 011E,Criminal damage and arson,Offender given community sentence,
a714b18aef89bdd2c2827ded6f1afc8219e55ed1843d827cea4225c43af7a5b4,2016-01,Norfolk Constabulary,Norfolk Constabulary,0.629992,52.543183,On or near Park/Open Space,E01026424,Breckland 012A,Other theft,Formal action is not in the public interest,
,2016-01,Norfolk Constabulary,Norfolk Constabulary,0.657293,52.606877,On or near Park/Open Space,E01026444,Breckland 012B,Anti-social behaviour,,
,2016-01,Norfolk Constabulary,Norfolk Constabulary,0.571375,52.584226,On or near St John'S Close,E01026444,Breckland 012B,Anti-social behaviour,,
0e56ea962964d9d8c2f8fc5f11045e4fbae640eac3b8dae45e2909fe0ef32611,2016-01,Norfolk Constabulary,Norfolk Constabulary,0.645020,52.608114,On or near Sports/Recreation Area,E01026444,Breckland 012B,Drugs,Court result unavailable,
cb142c93a95fe1c860f31df04fcce2228e23f0a1a79e00ff89e4df32bb27f9a0,2016-01,Norfolk Constabulary,Norfolk Constabulary,0.762877,52.566296,On or near Pilgrims Way,E01026444,Breckland 012B,Violence and sexual offences,Awaiting court outcome,
,2016-01,Norfolk Constabulary,Norfolk Constabulary,0.608976,52.471071,On or near Fairfax Drive,E01026492,Breckland 012C,Anti-social behaviour,,
,2016-01,Norfolk Constabulary,Norfolk Constabulary,0.612949,52.467063,On or near All Saints,E01026492,Breckland 012C,Anti-social behaviour,,
,2016-01,Norfolk Constabulary,Norfolk Constabulary,0.612757,52.471518,On or near St Edmund Road,E01026492,Breckland 012C,Anti-social behaviour,,
,2016-01,Norfolk Constabulary,Norfolk Constabulary,0.612949,52.467063,On or near All Saints,E01026492,Breckland 012C,Anti-social behaviour,,
,2016-01,Norfolk Constabulary,Norfolk Constabulary,0.607687,52.470938,On or near Oliver Court,E01026492,Breckland 012C,Anti-social behaviour,,
7ec1d3ec8aeba572092242d360e4ec483c1b7fcef960c66e62d6acd27ae21fb4,2016-01,Norfolk Constabulary,Norfolk Constabulary,0.612949,52.467063,On or near All Saints,E01026492,Breckland 012C,Criminal damage and arson,Investigation complete; no suspect identified,
,2016-01,Norfolk Constabulary,Norfolk Constabulary,0.670309,52.493496,On or near Parking Area,E01026493,Breckland 012D,Anti-social behaviour,,
,2016-01,Norfolk Constabulary,Norfolk Constabulary,0.754939,52.447842,On or near Earl Warren,E01026493,Breckland 012D,Anti-social behaviour,,
d78ee6a3b8fc93367c182aac53cffce5c7bff410ba4a677ac12bc0feba227a36,2016-01,Norfolk Constabulary,Norfolk Constabulary,0.692092,52.476501,On or near A134,E01026493,Breckland 012D,Criminal damage and arson,Investigation complete; no suspect identified,
1c3cdf8ee09acc54cc2a9f57e655d1fc8df2e4e2cd646b439b033997fb38e0a0,2016-01,Norfolk Constabulary,Norfolk Constabulary,0.624647,52.454062,On or near Parking Area,E01026493,Breckland 012D,Drugs,Offender given a drugs possession warning,
4676d6b9b3b6aea0efd1bd1783a7a8fd9e6362e45159cd25575ec40a1186fc98,2016-01,Norfolk Constabulary,Norfolk Constabulary,0.624647,52.454062,On or near Parking Area,E01026493,Breckland 012D,Drugs,Offender given a drugs possession warning,
d46df1d6c960be0e893f282a0dc0db9bf3788a2bd1765171c0aceef5af65758e,2016-01,Norfolk Constabulary,Norfolk Constabulary,0.706132,52.504174,On or near Park/Open Space,E01026493,Breckland 012D,Other theft,Investigation complete; no suspect identified,
0c1326e87f6ac6f514df295852b718772e9e9a5c3fc4fbb55ce97d7c7f0e0cbd,2016-01,Norfolk Constabulary,Norfolk Constabulary,0.754939,52.447842,On or near Earl Warren,E01026493,Breckland 012D,Public order,Unable to prosecute suspect,
63b60bba57f9ea2acfe8289ad262f29391532af449a4fc365a55d1039e3f7f3c,2016-01,Norfolk Constabulary,Norfolk Constabulary,1.017805,52.481181,On or near Barker'S Lane,E01026421,Breckland 013A,Burglary,Investigation complete; no suspect identified,
34310f89517c7367d5ebdfb9c8587801b0de467fbfa13ccd346110ea1fda16a3,2016-01,Norfolk Constabulary,Norfolk Constabulary,1.034062,52.489020,On or near Attleborough Road,E01026421,Breckland 013A,Burglary,Investigation complete; no suspect identified,
8c7820323f303002858f58ee5f1ce29d5b5df8aab6889bcd617a81165733dcd7,2016-01,Norfolk Constabulary,Norfolk Constabulary,1.072394,52.470610,On or near Marsh Lane,E01026421,Breckland 013A,Other theft,Investigation complete; no suspect identified,
b2001667973ce04cae82d18ed333f8fe8507c0749123fe85c7b33907ab0433b0,2016-01,Norfolk Constabulary,Norfolk Constabulary,1.057401,52.493734,On or near Abbey Road,E01026421,Breckland 013A,Robbery,Status update unavailable,
dd865066920e6b11d2a96e866b9ed4fe1cbb3a0780911815ac4ef6bd762749cc,2016-01,Norfolk Constabulary,Norfolk Constabulary,1.074801,52.473453,On or near Sports/Recreation Area,E01026421,Breckland 013A,Violence and sexual offences,Status update unavailable,
867e180163960ad6c0b577d7c0424c50024d11fab68227868377150f761670f6,2016-01,Norfolk Constabulary,Norfolk Constabulary,1.057401,52.493734,On or near Abbey Road,E01026421,Breckland 013A,Violence and sexual offences,Unable to prosecute suspect,
,2016-01,Norfolk Constabulary,Norfolk Constabulary,1.046868,52.453276,On or near Sports/Recreation Area,E01026435,Breckland 013B,Anti-social behaviour,,
,2016-01,Norfolk Constabulary,Norfolk Constabulary,1.037702,52.449501,On or near Crown Way,E01026435,Breckland 013B,Anti-social behaviour,,
,2016-01,Norfolk Constabulary,Norfolk Constabulary,1.037702,52.449501,On or near Crown Way,E01026435,Breckland 013B,Anti-social behaviour,,
,2016-01,Norfolk Constabulary,Norfolk Constabulary,1.027317,52.445963,On or near Parking Area,E01026435,Breckland 013B,Anti-social behaviour,,
07ceedce02497349a816e2213d972c135509f0c387947787c5516fa0851a9ef1,2016-01,Norfolk Constabulary,Norfolk Constabulary,1.014913,52.451388,On or near Fen Lane,E01026435,Breckland 013B,Burglary,Investigation complete; no suspect identified,
8740a2215399ef568caa82628a3742658ae21b7c97b0245241b17fee01920755,2016-01,Norfolk Constabulary,Norfolk Constabulary,1.065736,52.468265,On or near Southgate,E01026435,Breckland 013B,Burglary,Investigation complete; no suspect identified,
ce837dba82817faecb791d6ebc5f30aa9f73d35ae542cfefa007686fdf1f0878,2016-01,Norfolk Constabulary,Norfolk Constabulary,1.046145,52.457737,On or near Andrew'S Furlong,E01026435,Breckland 013B,Burglary,Investigation complete; no suspect identified,
1c74ed7e8c5301b0a0047c0c358161a46f2bd55f57c7d75063c3a18278624dc6,2016-01,Norfolk Constabulary,Norfolk Constabulary,1.046145,52.457737,On or near Andrew'S Furlong,E01026435,Breckland 013B,Burglary,Investigation complete; no suspect identified,
d9a8e95524083e2a26ee779aed76af16ff64946f80b369cdd009ab74d89c2b3d,2016-01,Norfolk Constabulary,Norfolk Constabulary,1.035750,52.451934,On or near Church Lane,E01026435,Breckland 013B,Criminal damage and arson,Unable to prosecute suspect,
5575aa44acead9fcca19145b1daf0e1c1302669d6eaf5c6be6de212c5a96fb92,2016-01,Norfolk Constabulary,Norfolk Constabulary,0.963009,52.485094,On or near A11,E01026435,Breckland 013B,Criminal damage and arson,Court result unavailable,
60dff323d9f4550b473b331b0507ef6c94b98ea4720d1d98c0e38c94ab4b13c6,2016-01,Norfolk Constabulary,Norfolk Constabulary,0.938230,52.490811,On or near Park/Open Space,E01026435,Breckland 013B,Criminal damage and arson,Investigation complete; no suspect identified,
9e70ae0a3b4607a5102f8500f17c6b84cf8966695e28d9e561e11a96cee995d1,2016-01,Norfolk Constabulary,Norfolk Constabulary,1.009297,52.459904,On or near New Lane,E01026435,Breckland 013B,Drugs,Formal action is not in the public interest,
65493bff417ea73d4d0a91849858a899847ec3eba146ae9971a28c771e39d6d5,2016-01,Norfolk Constabulary,Norfolk Constabulary,0.961396,52.469423,On or near Heath Road,E01026435,Breckland 013B,Other theft,Unable to prosecute suspect,
9779980da57bcfd5cc1ff3ba08f3ff41805f331e26f1254c6df29fda1f207639,2016-01,Norfolk Constabulary,Norfolk Constabulary,1.037702,52.449501,On or near Crown Way,E01026435,Breckland 013B,Public order,Formal action is not in the public interest,
58e52ebe113856027d9c3e272b47ab912a6838469a4d81af20b5e90a9e927066,2016-01,Norfolk Constabulary,Norfolk Constabulary,1.046145,52.457737,On or near Andrew'S Furlong,E01026435,Breckland 013B,Vehicle crime,Investigation complete; no suspect identified,
6d224f80dfeb31c3178f7500efd79e005f375e9f6c7bdcdf97d5c65431f64bd7,2016-01,Norfolk Constabulary,Norfolk Constabulary,1.040130,52.453773,On or near Gaymer Close,E01026435,Breckland 013B,Vehicle crime,Investigation complete; no suspect identified,
2c50a3ac10bb482878f1f119c72f93c307ae237ed34f11fa2e82533527e89177,2016-01,Norfolk Constabulary,Norfolk Constabulary,0.974081,52.463835,On or near Quidenham Road,E01026435,Breckland 013B,Violence and sexual offences,Status update unavailable,
36c8c63a88b759eacc38e2f8aef4413e9444953c6031091eb6fb9ee0f738956a,2016-01,Norfolk Constabulary,Norfolk Constabulary,1.040456,52.454232,On or near Wayland Way,E01026435,Breckland 013B,Violence and sexual offences,Status update unavailable,
f2c0fafcf76e79bc741182ac80848ce4bfd0f483e6774ea34e0eff6b19f4a690,2016-01,Norfolk Constabulary,Norfolk Constabulary,0.963401,52.467925,On or near Heath Road,E01026435,Breckland 013B,Violence and sexual offences,Formal action is not in the public interest,
575e8aac243b15339aa2c916fd6b071ee7b602dec1cc0d90170665c8e99b0d64,2016-01,Norfolk Constabulary,Norfolk Constabulary,0.974081,52.463835,On or near Quidenham Road,E01026435,Breckland 013B,Violence and sexual offences,Awaiting court outcome,
,2016-01,Norfolk Constabulary,Norfolk Constabulary,1.026367,52.519624,On or near Etive Close,E01026448,Breckland 013C,Anti-social behaviour,,
,2016-01,Norfolk Constabulary,Norfolk Constabulary,1.034669,52.524780,On or near Bickley Close,E01026448,Breckland 013C,Anti-social behaviour,,
c1e05f4d828672c15d6b509108eaf1148b7b638650618b95b85fef028c254579,2016-01,Norfolk Constabulary,Norfolk Constabulary,1.087527,52.519302,On or near Besthorpe Carr,E01026448,Breckland 013C,Burglary,Investigation complete; no suspect identified,
9cff759ebeb8c1c89a5b93dc120fdc5062df920f585d156e541287def17c6134,2016-01,Norfolk Constabulary,Norfolk Constabulary,1.048446,52.524866,On or near Silver Street,E01026448,Breckland 013C,Criminal damage and arson,Investigation complete; no suspect identified,
ec4ed89eac513377bcfbf5d578c7218aae20123587b6a07567d72334c8008954,2016-01,Norfolk Constabulary,Norfolk Constabulary,1.048446,52.524866,On or near Silver Street,E01026448,Breckland 013C,Other theft,Investigation complete; no suspect identified,
82d33b35350de62873427e57c0dbed18465df587d9b478a3779ee762360cb319,2016-01,Norfolk Constabulary,Norfolk Constabulary,1.051077,52.531750,On or near Petrol Station,E01026448,Breckland 013C,Other theft,Formal action is not in the public interest,
f27a8d52f760f89b43e955cdcc6a4b3f5d0a394f90d1751fd009c7a06faf72bc,2016-01,Norfolk Constabulary,Norfolk Constabulary,1.029399,52.518692,On or near Cygnet Close,E01026448,Breckland 013C,Violence and sexual offences,Formal action is not in the public interest,
36bae320529009d4c544a2dc45c664e62de308c5601a6d558d89cce0e2205661,2016-01,Norfolk Constabulary,Norfolk Constabulary,1.087527,52.519302,On or near Besthorpe Carr,E01026448,Breckland 013C,Other crime,Court result unavailable,
8f7d7d0e29eb84f6c5378ddaa89a1a71eb492080cd3a435a0503ec74fa00404b,2016-01,Norfolk Constabulary,Norfolk Constabulary,0.932487,52.437490,On or near Harling Barn,E01026439,Breckland 014A,Drugs,Offender given a drugs possession warning,
1789c5ce08776697de128ef673ae32642be4c0ac1eeaf00de00f0378009f54a9,2016-01,Norfolk Constabulary,Norfolk Constabulary,0.932487,52.437490,On or near Harling Barn,E01026439,Breckland 014A,Other crime,Offender given a caution,
8edbb19f9117bd2a7a1fb05bd3241c1e609d7b7898638d2c78e52c0fe3830ef9,2016-01,Norfolk Constabulary,Norfolk Constabulary,0.909503,52.468302,On or near Watton Road,E01026440,Breckland 014B,Criminal damage and arson,Court result unavailable,
98f8ee9e0655f7db8f70057b9b21cf924dd05abdac2d30a45001f6d1753a16b7,2016-01,Norfolk Constabulary,Norfolk Constabulary,0.911316,52.452726,On or near B1111,E01026440,Breckland 014B,Violence and sexual offences,Formal action is not in the public interest,
,2016-01,Norfolk Constabulary,Norfolk Constabulary,0.860005,52.421641,On or near Park/Open Space,E01026441,Breckland 014C,Anti-social behaviour,,
,2016-01,Norfolk Constabulary,Norfolk Constabulary,0.931765,52.437481,On or near The Glebe,E01026441,Breckland 014C,Anti-social behaviour,,
1059e0993ea26dcdc8812e3733f9e2c563bdec0e705bc162c81d212a65978c0c,2016-01,Norfolk Constabulary,Norfolk Constabulary,0.860005,52.421641,On or near Park/Open Space,E01026441,Breckland 014C,Burglary,Investigation complete; no suspect identified,
bb1f0345a336e10d523bfd14f86c78eff97c78a2d864a64857910d99ad71e397,2016-01,Norfolk Constabulary,Norfolk Constabulary,0.860005,52.421641,On or near Park/Open Space,E01026441,Breckland 014C,Criminal damage and arson,Investigation complete; no suspect identified,
1185ff6e3788440574742fa87310fcb083f95746c914b1c88e65f86d4817cf6b,2016-01,Norfolk Constabulary,Norfolk Constabulary,0.949993,52.395147,On or near Diss Road,E01026441,Breckland 014C,Public order,Unable to prosecute suspect,
287570fde7dafb35b9b65e9b49b131b98f9701f608114a595c9570307473dcd0,2016-01,Norfolk Constabulary,Norfolk Constabulary,0.933492,52.437340,On or near Timber Road,E01026441,Breckland 014C,Other crime,Offender given a caution,
,2016-01,Norfolk Constabulary,Norfolk Constabulary,0.958464,52.376292,On or near Meadowside,E01026494,Breckland 014D,Anti-social behaviour,,
134ed9a0a9e32019fc51c4877a4d8d4a9c155798d303cc2510435e822193ec3e,2016-01,Norfolk Constabulary,Norfolk Constabulary,0.997539,52.435939,On or near The Beck,E01026494,Breckland 014D,Burglary,Investigation complete; no suspect identified,
1f94b61a4c68c043d77daad1b6dfd7479e890ff0e1cb00302edbc85719bd141d,2016-01,Norfolk Constabulary,Norfolk Constabulary,0.997851,52.435122,On or near Back Lane,E01026494,Breckland 014D,Vehicle crime,Investigation complete; no suspect identified,
,2016-01,Norfolk Constabulary,Norfolk Constabulary,0.748218,52.418367,On or near Ben Culey Drive,E01026465,Breckland 015A,Anti-social behaviour,,
,2016-01,Norfolk Constabulary,Norfolk Constabulary,0.744029,52.418186,On or near Priory Park,E01026465,Breckland 015A,Anti-social behaviour,,
,2016-01,Norfolk Constabulary,Norfolk Constabulary,0.748314,52.418734,On or near The Sidings,E01026465,Breckland 015A,Anti-social behaviour,,
,2016-01,Norfolk Constabulary,Norfolk Constabulary,0.748314,52.418734,On or near The Sidings,E01026465,Breckland 015A,Anti-social behaviour,,
,2016-01,Norfolk Constabulary,Norfolk Constabulary,0.743852,52.416985,On or near Abbeygate,E01026465,Breckland 015A,Anti-social behaviour,,
,2016-01,Norfolk Constabulary,Norfolk Constabulary,0.737224,52.419441,On or near Ripon Way,E01026465,Breckland 015A,Anti-social behaviour,,
8914713771981edc26c8b6d0232a824faec057f66d1b13b9b65b63f206cc6b70,2016-01,Norfolk Constabulary,Norfolk Constabulary,0.737912,52.417725,On or near Salisbury Way,E01026465,Breckland 015A,Burglary,Investigation complete; no suspect identified,
8de0db7c7c51bdca440e1790e9e7e2765083fd185f57f289e2e2d0e7e74c20ba,2016-01,Norfolk Constabulary,Norfolk Constabulary,0.746365,52.416486,On or near Painter Street,E01026465,Breckland 015A,Criminal damage and arson,Offender given a caution,
5ed386e693287c4da9bef2e4f4e844f21b4d469101df10b84517c1e37d8c877e,2016-01,Norfolk Constabulary,Norfolk Constabulary,0.748030,52.416537,On or near Claxton Close,E01026465,Breckland 015A,Drugs,Offender given a drugs possession warning,
dd4711d299c65d6bef9eff7c6e7f8d988b471b9afef7c3a0a748a0bcdc789f0f,2016-01,Norfolk Constabulary,Norfolk Constabulary,0.748218,52.418367,On or near Ben Culey Drive,E01026465,Breckland 015A,Public order,Formal action is not in the public interest,
122b89c60f8d0c21446fc801027ece328b5701c7960f71de259bf36589b9064e,2016-01,Norfolk Constabulary,Norfolk Constabulary,0.740294,52.418200,On or near Monksgate,E01026465,Breckland 015A,Public order,Formal action is not in the public interest,
392f0778e060cf9f8dc33629f258e14f511852dbb5c1241c9a16b65a40bade73,2016-01,Norfolk Constabulary,Norfolk Constabulary,0.737224,52.419441,On or near Ripon Way,E01026465,Breckland 015A,Violence and sexual offences,Status update unavailable,
e500d6c90fa7b1efd67b85eeede21de5aec03fbaf4e73ffd9238d60de90c1e03,2016-01,Norfolk Constabulary,Norfolk Constabulary,0.746203,52.417434,On or near Station Road,E01026465,Breckland 015A,Violence and sexual offences,Unable to prosecute suspect,
0ba64696f0d36e464baaec938d868f86269637ca290e0fd3ed784a1dbea6ac9d,2016-01,Norfolk Constabulary,Norfolk Constabulary,0.737224,52.419441,On or near Ripon Way,E01026465,Breckland 015A,Violence and sexual offences,Formal action is not in the public interest,
,2016-01,Norfolk Constabulary,Norfolk Constabulary,0.752358,52.422497,On or near Croxton Road,E01026466,Breckland 015B,Anti-social behaviour,,
,2016-01,Norfolk Constabulary,Norfolk Constabulary,0.748749,52.422186,On or near Sports/Recreation Area,E01026466,Breckland 015B,Anti-social behaviour,,
,2016-01,Norfolk Constabulary,Norfolk Constabulary,0.741953,52.423603,On or near Mundford Road,E01026466,Breckland 015B,Anti-social behaviour,,
e8e1f5330d9c526139f8316f9a8dda9240f7424eb969403551ada2c91b3301b3,2016-01,Norfolk Constabulary,Norfolk Constabulary,0.741953,52.423603,On or near Mundford Road,E01026466,Breckland 015B,Burglary,Investigation complete; no suspect identified,
4dce4b02841f65ee6314719701b810f93103f8c9555387f4e955bed68f317471,2016-01,Norfolk Constabulary,Norfolk Constabulary,0.750780,52.427867,On or near Anna Sewell Close,E01026466,Breckland 015B,Criminal damage and arson,Status update unavailable,
bf6150dd6a6748de465e525f9b31e4d30ecce5c158f3e50e1b64b43b26a798cc,2016-01,Norfolk Constabulary,Norfolk Constabulary,0.741953,52.423603,On or near Mundford Road,E01026466,Breckland 015B,Criminal damage and arson,Investigation complete; no suspect identified,
d5eb78400ffa0c99df7e163f4281cbf4be17c60c510810cddfef0b457e89fe10,2016-01,Norfolk Constabulary,Norfolk Constabulary,0.741953,52.423603,On or near Mundford Road,E01026466,Breckland 015B,Other theft,Investigation complete; no suspect identified,
1d2b7233c712e204e0f71bcb54ca9ce46db94961cf3406d09c363bf5e6b37a66,2016-01,Norfolk Constabulary,Norfolk Constabulary,0.751796,52.426000,On or near Anne Boleyn Close,E01026466,Breckland 015B,Public order,Court result unavailable,
e93e7c98ef7eeb8078e3311f0c436d9f11d916eea57d89ce2eb00f1bb8a4669a,2016-01,Norfolk Constabulary,Norfolk Constabulary,0.753986,52.425733,On or near Anna Gurney Close,E01026466,Breckland 015B,Robbery,Status update unavailable,
cbf6875801272784b4deb2166b03778e57efece444e30a37175c80b2459a0965,2016-01,Norfolk Constabulary,Norfolk Constabulary,0.752560,52.429039,On or near Ethel Colman Way,E01026466,Breckland 015B,Violence and sexual offences,Unable to prosecute suspect,
73da2483aad7522200fb2b88c915f87d13a3c1e8c57f8f776e859cb28fd17e50,2016-01,Norfolk Constabulary,Norfolk Constabulary,0.755277,52.428508,On or near Harriet Martineau Close,E01026466,Breckland 015B,Violence and sexual offences,Unable to prosecute suspect,
140fb139de9d41debab764536dbc6180889073b86708d8c1722483cc4cf06635,2016-01,Norfolk Constabulary,Norfolk Constabulary,0.752957,52.427627,On or near Celia Phillips Close,E01026466,Breckland 015B,Violence and sexual offences,Local resolution,
,2016-01,Norfolk Constabulary,Norfolk Constabulary,0.734862,52.420494,On or near Guildford Way,E01026467,Breckland 015C,Anti-social behaviour,,
,2016-01,Norfolk Constabulary,Norfolk Constabulary,0.733409,52.417218,On or near Chester Way,E01026467,Breckland 015C,Anti-social behaviour,,
,2016-01,Norfolk Constabulary,Norfolk Constabulary,0.731027,52.419368,On or near Edinburgh Way,E01026467,Breckland 015C,Anti-social behaviour,,
,2016-01,Norfolk Constabulary,Norfolk Constabulary,0.733314,52.418290,On or near Exeter Way,E01026467,Breckland 015C,Anti-social behaviour,,
,2016-01,Norfolk Constabulary,Norfolk Constabulary,0.736220,52.429599,On or near Parking Area,E01026467,Breckland 015C,Anti-social behaviour,,
,2016-01,Norfolk Constabulary,Norfolk Constabulary,0.735303,52.418595,On or near York Way,E01026467,Breckland 015C,Anti-social behaviour,,
,2016-01,Norfolk Constabulary,Norfolk Constabulary,0.735303,52.418595,On or near York Way,E01026467,Breckland 015C,Anti-social behaviour,,
c7f76c8856dc80b14ccb178bd9b1c61eca525c97da7938b9e16665e9f2d91528,2016-01,Norfolk Constabulary,Norfolk Constabulary,0.733409,52.417218,On or near Chester Way,E01026467,Breckland 015C,Criminal damage and arson,Investigation complete; no suspect identified,
975bd1a8ac94bb36caac4e9979f4efe113968193e083557228b78e975125bc0f,2016-01,Norfolk Constabulary,Norfolk Constabulary,0.732130,52.417697,On or near Coventry Way,E01026467,Breckland 015C,Public order,Offender fined,
5784267d05489acdbc66fc1f5a60cf0dc058512f3d63b3c8bcf29d38bccc049a,2016-01,Norfolk Constabulary,Norfolk Constabulary,0.729660,52.420326,On or near Elgin Way,E01026467,Breckland 015C,Theft from the person,Investigation complete; no suspect identified,
4ba8df780e878a15ae7b68f1957b3ab8c0d886945d30fff171ddaeadfd1c4f2a,2016-01,Norfolk Constabulary,Norfolk Constabulary,0.736220,52.429599,On or near Parking Area,E01026467,Breckland 015C,Vehicle crime,Investigation complete; no suspect identified,
b8bd9245cd6c0d5afe5b8a521d88e5e044149c29653aa457ec93e78177b20c11,2016-01,Norfolk Constabulary,Norfolk Constabulary,0.736420,52.425466,On or near Brunel Way,E01026467,Breckland 015C,Vehicle crime,Investigation complete; no suspect identified,
a9b874eb29395cc95e97d1345ec5fe82984d27bc0fc0458b0ac5e0b01747fe13,2016-01,Norfolk Constabulary,Norfolk Constabulary,0.727064,52.423785,On or near Petrol Station,E01026467,Breckland 015C,Vehicle crime,Investigation complete; no suspect identified,
afc3c30661c34a62f0a65b034647a7759c24f2b86c915ddcee0d2d54161684b6,2016-01,Norfolk Constabulary,Norfolk Constabulary,0.733504,52.421370,On or near Hereford Close,E01026467,Breckland 015C,Vehicle crime,Investigation complete; no suspect identified,
450817cbf0400f022ea9a9e7cdc6d0c5e106be4d6a7ef3fb7bee28c890d978f5,2016-01,Norfolk Constabulary,Norfolk Constabulary,0.727064,52.423785,On or near Petrol Station,E01026467,Breckland 015C,Vehicle crime,Investigation complete; no suspect identified,
bb162f6c860a900093c41a29b5f26225c70e2aea3ba9dc08515dc88366b8570b,2016-01,Norfolk Constabulary,Norfolk Constabulary,0.735303,52.418595,On or near York Way,E01026467,Breckland 015C,Vehicle crime,Investigation complete; no suspect identified,
aeee9acd67617c1c9bd1e7c507df8d4e04ea6adb8ab84d6020e94cb61fb53b81,2016-01,Norfolk Constabulary,Norfolk Constabulary,0.732994,52.421202,On or near Gloucester Way,E01026467,Breckland 015C,Vehicle crime,Investigation complete; no suspect identified,
256436a57af7c7f09f8abc772d90f25581c971c804258b89e2db3c44a5d8966f,2016-01,Norfolk Constabulary,Norfolk Constabulary,0.731793,52.420097,On or near Ely Way,E01026467,Breckland 015C,Violence and sexual offences,Status update unavailable,
e4f1cbcdbeab4f0eacd8606f7a23b27f3ea4d40ceeb220d5fda8f8c2442cbd01,2016-01,Norfolk Constabulary,Norfolk Constabulary,0.731170,52.418349,On or near Durham Way,E01026467,Breckland 015C,Violence and sexual offences,Status update unavailable,
c89464026da4f9fdabec47653d436dbec4d0978e03b50c5d887e623537752e94,2016-01,Norfolk Constabulary,Norfolk Constabulary,0.729660,52.420326,On or near Elgin Way,E01026467,Breckland 015C,Other crime,Status update unavailable,
,2016-01,Norfolk Constabulary,Norfolk Constabulary,0.752041,52.412460,On or near Pike Lane,E01026468,Breckland 016A,Anti-social behaviour,,
,2016-01,Norfolk Constabulary,Norfolk Constabulary,0.747903,52.413779,On or near Nightclub,E01026468,Breckland 016A,Anti-social behaviour,,
,2016-01,Norfolk Constabulary,Norfolk Constabulary,0.745603,52.416063,On or near St Nicholas Street,E01026468,Breckland 016A,Anti-social behaviour,,
,2016-01,Norfolk Constabulary,Norfolk Constabulary,0.750998,52.413186,On or near Market Place,E01026468,Breckland 016A,Anti-social behaviour,,
,2016-01,Norfolk Constabulary,Norfolk Constabulary,0.752650,52.410665,On or near Old Market Street,E01026468,Breckland 016A,Anti-social behaviour,,
,2016-01,Norfolk Constabulary,Norfolk Constabulary,0.745175,52.415093,On or near Minstergate,E01026468,Breckland 016A,Anti-social behaviour,,
,2016-01,Norfolk Constabulary,Norfolk Constabulary,0.752780,52.410159,On or near Ford Street,E01026468,Breckland 016A,Anti-social behaviour,,
,2016-01,Norfolk Constabulary,Norfolk Constabulary,0.752780,52.410159,On or near Ford Street,E01026468,Breckland 016A,Anti-social behaviour,,
,2016-01,Norfolk Constabulary,Norfolk Constabulary,0.747553,52.414777,On or near Parking Area,E01026468,Breckland 016A,Anti-social behaviour,,
,2016-01,Norfolk Constabulary,Norfolk Constabulary,0.748832,52.414297,On or near Parking Area,E01026468,Breckland 016A,Anti-social behaviour,,
,2016-01,Norfolk Constabulary,Norfolk Constabulary,0.748913,52.413000,On or near Tanner Street,E01026468,Breckland 016A,Anti-social behaviour,,
,2016-01,Norfolk Constabulary,Norfolk Constabulary,0.752882,52.414392,On or near Parking Area,E01026468,Breckland 016A,Anti-social behaviour,,
0a9e13855cc011f03e70b15aa7303e59cc46b877ed91d12aedcaa87ae2cf9359,2016-01,Norfolk Constabulary,Norfolk Constabulary,0.749948,52.413318,On or near Well Street,E01026468,Breckland 016A,Burglary,Investigation complete; no suspect identified,
6a180bd2ad0142f8463fa6395a5710bf9e6307a5b68f015564da05ac0155faac,2016-01,Norfolk Constabulary,Norfolk Constabulary,0.752882,52.414392,On or near Parking Area,E01026468,Breckland 016A,Criminal damage and arson,Investigation complete; no suspect identified,
92695ebee7a507130e584e8e494dd9d35a04c4aa95c739afc52d6ecab504cabc,2016-01,Norfolk Constabulary,Norfolk Constabulary,0.752780,52.410159,On or near Ford Street,E01026468,Breckland 016A,Criminal damage and arson,Investigation complete; no suspect identified,
75e500fbf4ebfee5a3c6ae85c5ee07984e1f747fcd2667495a27eb23995dc5f6,2016-01,Norfolk Constabulary,Norfolk Constabulary,0.747159,52.413877,On or near Parking Area,E01026468,Breckland 016A,Criminal damage and arson,Investigation complete; no suspect identified,
e4c69d80cdd65b666e188030121389144676a623763cd22f9874bdb86b36222b,2016-01,Norfolk Constabulary,Norfolk Constabulary,0.748832,52.414297,On or near Parking Area,E01026468,Breckland 016A,Criminal damage and arson,Investigation complete; no suspect identified,
0bc5a731d483b365b74c92a55054a4a50ed67f6af450148c4ca9e4d2a9e76c11,2016-01,Norfolk Constabulary,Norfolk Constabulary,0.751767,52.413716,On or near The Link,E01026468,Breckland 016A,Criminal damage and arson,Investigation complete; no suspect identified,
88f8208b5fa1e8ee2e03c59329ee920fdbb70245d99ae2e1bdec43303543e150,2016-01,Norfolk Constabulary,Norfolk Constabulary,0.749948,52.413318,On or near Well Street,E01026468,Breckland 016A,Criminal damage and arson,Investigation complete; no suspect identified,
fb23433fb0c73dc0e44a48c64b32b4a8ddfeaa4ac64bc505c579ff891e33dfcb,2016-01,Norfolk Constabulary,Norfolk Constabulary,0.747159,52.413877,On or near Parking Area,E01026468,Breckland 016A,Criminal damage and arson,Investigation complete; no suspect identified,
a9b544ab97581eece8f973961b5c286921eeda0f1a2acbc79215fba4b74299d1,2016-01,Norfolk Constabulary,Norfolk Constabulary,0.759048,52.417989,On or near Norwich Road,E01026468,Breckland 016A,Criminal damage and arson,Unable to prosecute suspect,
7b44bd91c587064a7ee351e15173bd6fa3973ece11fe1466b75ec1d07deb2a8f,2016-01,Norfolk Constabulary,Norfolk Constabulary,0.754061,52.414895,On or near Magdalen Street,E01026468,Breckland 016A,Criminal damage and arson,Investigation complete; no suspect identified,
4ada21fe2eb0bc31ca033d0b7192ab0e81fd3fc7a0bf3320ce8ec7fa3bf31745,2016-01,Norfolk Constabulary,Norfolk Constabulary,0.747903,52.413779,On or near Nightclub,E01026468,Breckland 016A,Criminal damage and arson,Investigation complete; no suspect identified,
426efc6325d73a2696b8e204134523647b8f45bea61e6be188480ffe4b7360f1,2016-01,Norfolk Constabulary,Norfolk Constabulary,0.747159,52.413877,On or near Parking Area,E01026468,Breckland 016A,Criminal damage and arson,Investigation complete; no suspect identified,
6866ec3a9e2b48a65335ab511e7869e2a20c4e3ee232acad9e54ee4c68f45fbb,2016-01,Norfolk Constabulary,Norfolk Constabulary,0.749948,52.413318,On or near Well Street,E01026468,Breckland 016A,Criminal damage and arson,Investigation complete; no suspect identified,
7d3a920e39bd1674737e84ea773f270239fb435c211267418bc28d59694b10bc,2016-01,Norfolk Constabulary,Norfolk Constabulary,0.745603,52.416063,On or near St Nicholas Street,E01026468,Breckland 016A,Drugs,Offender given a caution,
eeefcc63f652fb12d60dff827827a9b95aa5cf6ef302d6ed28eac3557742f6b7,2016-01,Norfolk Constabulary,Norfolk Constabulary,0.754061,52.414895,On or near Magdalen Street,E01026468,Breckland 016A,Other theft,Investigation complete; no suspect identified,
a174069dea26578b00077e60590d406aab9157af17dbbfdfe41536cf5c4df907,2016-01,Norfolk Constabulary,Norfolk Constabulary,0.749948,52.413318,On or near Well Street,E01026468,Breckland 016A,Other theft,Investigation complete; no suspect identified,
f9fc67b884273454d3ac660867c152a9fb86e8047ca65dfc2a6f6cee9c0d97d7,2016-01,Norfolk Constabulary,Norfolk Constabulary,0.749948,52.413318,On or near Well Street,E01026468,Breckland 016A,Other theft,Investigation complete; no suspect identified,
31a3a8df8964af9efc709a3e1a4e4165e100b02d8e1cda31f34241b71eba4bc3,2016-01,Norfolk Constabulary,Norfolk Constabulary,0.749948,52.413318,On or near Well Street,E01026468,Breckland 016A,Shoplifting,Unable to prosecute suspect,
9239a074b3504df9c63b0c242088824a994ccbd64fa39fb8b015eabe8795f123,2016-01,Norfolk Constabulary,Norfolk Constabulary,0.754251,52.415817,On or near Lime Kiln Lane,E01026468,Breckland 016A,Shoplifting,Formal action is not in the public interest,
966151199918b9bd9c9807d54a32aa0f9bf99138e4a5322ba4cbe8f7d63abbe4,2016-01,Norfolk Constabulary,Norfolk Constabulary,0.745175,52.415093,On or near Minstergate,E01026468,Breckland 016A,Shoplifting,Investigation complete; no suspect identified,
182099894b40fe1767e9a5a940bdd4511565ed439c7c5f835585cc547af409b6,2016-01,Norfolk Constabulary,Norfolk Constabulary,0.748832,52.414297,On or near Parking Area,E01026468,Breckland 016A,Shoplifting,Investigation complete; no suspect identified,
ccb88ebd629d7c96841da74bcc18a9bbe78f079b2d55ce369c6beef44c1decd5,2016-01,Norfolk Constabulary,Norfolk Constabulary,0.752025,52.415976,On or near Supermarket,E01026468,Breckland 016A,Theft from the person,Investigation complete; no suspect identified,
e667e9f84894393ced4315e95fa0a7f3cafce61e506efa949b30ebde98a04426,2016-01,Norfolk Constabulary,Norfolk Constabulary,0.750343,52.414936,On or near Earls' Street,E01026468,Breckland 016A,Vehicle crime,Investigation complete; no suspect identified,
9ae6d7387e5d7df467fef273aaaab3d23004821ded5a084b88c1b30673644ea5,2016-01,Norfolk Constabulary,Norfolk Constabulary,0.750998,52.413186,On or near Market Place,E01026468,Breckland 016A,Violence and sexual offences,Offender given a caution,
f20b83a1468ad90c696c9abdfda30d09e7f92014abb022d9047d75be1a3908d7,2016-01,Norfolk Constabulary,Norfolk Constabulary,0.752041,52.412460,On or near Pike Lane,E01026468,Breckland 016A,Violence and sexual offences,Court result unavailable,
f61d13a1698a60f738098f5f1af88609982ad4255f131bdd7d8510cb18dd8fdb,2016-01,Norfolk Constabulary,Norfolk Constabulary,0.750998,52.413186,On or near Market Place,E01026468,Breckland 016A,Violence and sexual offences,Court result unavailable,
061f9233775111ffd50b0eef062e58ad0779ee50133ea7e25b69a7bc7af1b955,2016-01,Norfolk Constabulary,Norfolk Constabulary,0.749948,52.413318,On or near Well Street,E01026468,Breckland 016A,Violence and sexual offences,Formal action is not in the public interest,
0fef7fd7fbb1e7499c13b53123a92c72dee3346db00ba8c68b1654cf5a681be1,2016-01,Norfolk Constabulary,Norfolk Constabulary,0.755416,52.413748,On or near Melford Bridge Road,E01026468,Breckland 016A,Violence and sexual offences,Offender given a caution,
fbe634d160d7eda590613c0b1f0837c60d30ba5d0ba1c46500cda295f770709b,2016-01,Norfolk Constabulary,Norfolk Constabulary,0.753955,52.413431,On or near Lambert'S,E01026468,Breckland 016A,Violence and sexual offences,Status update unavailable,
a9349b219bd74bf3ef875d8b3a40f85df0ee7338b10a55f52e45cca21540ff91,2016-01,Norfolk Constabulary,Norfolk Constabulary,0.747159,52.413877,On or near Parking Area,E01026468,Breckland 016A,Violence and sexual offences,Offender given a caution,
8247cc2f83464bb0b9202e1c0380d4efef14e4d3afb39eb2e4e711a4cf976e26,2016-01,Norfolk Constabulary,Norfolk Constabulary,0.750420,52.412165,On or near Raymond Street,E01026468,Breckland 016A,Violence and sexual offences,Formal action is not in the public interest,
17ba8749a3011bdb143fc3641269e7fcbc77928563161d99453a1e851668c4fc,2016-01,Norfolk Constabulary,Norfolk Constabulary,0.749948,52.413318,On or near Well Street,E01026468,Breckland 016A,Violence and sexual offences,Status update unavailable,
f51e174de8a368380e460683d724ee5cc425ac769465bb7f23281ba656d757a3,2016-01,Norfolk Constabulary,Norfolk Constabulary,0.749948,52.413318,On or near Well Street,E01026468,Breckland 016A,Violence and sexual offences,Formal action is not in the public interest,
4037a84cc7c2569c4ee9ea80069310a862e0c9d39c74cc0415159f81c86f4353,2016-01,Norfolk Constabulary,Norfolk Constabulary,0.747159,52.413877,On or near Parking Area,E01026468,Breckland 016A,Violence and sexual offences,Offender given a caution,
d6dc48f9a25d74de9202b7cc61bf17e1ad3d56f42865f57e236303f8d13f1bc0,2016-01,Norfolk Constabulary,Norfolk Constabulary,0.749948,52.413318,On or near Well Street,E01026468,Breckland 016A,Violence and sexual offences,Formal action is not in the public interest,
533e523461e7ecd8e0c6221f195fc0d2c08d99c41e26c13eb858031fb2541ed2,2016-01,Norfolk Constabulary,Norfolk Constabulary,0.750420,52.412165,On or near Raymond Street,E01026468,Breckland 016A,Violence and sexual offences,Formal action is not in the public interest,
5b9da68927b65eac1c1c86a9b74e01ec256ad107900857af958632dc18d42809,2016-01,Norfolk Constabulary,Norfolk Constabulary,0.749948,52.413318,On or near Well Street,E01026468,Breckland 016A,Other crime,Formal action is not in the public interest,
,2016-01,Norfolk Constabulary,Norfolk Constabulary,0.750396,52.416266,On or near Thetford Police Station,E01026469,Breckland 016B,Anti-social behaviour,,
,2016-01,Norfolk Constabulary,Norfolk Constabulary,0.750396,52.416266,On or near Thetford Police Station,E01026469,Breckland 016B,Anti-social behaviour,,
,2016-01,Norfolk Constabulary,Norfolk Constabulary,0.750396,52.416266,On or near Thetford Police Station,E01026469,Breckland 016B,Anti-social behaviour,,
7498a601a7acb48763a27de8a54436dcf11415b577c95c0214efd28abb6dff6f,2016-01,Norfolk Constabulary,Norfolk Constabulary,0.750400,52.417984,On or near Wheatacres,E01026469,Breckland 016B,Criminal damage and arson,Offender given community sentence,
f7ae0f318f7021f8a41185d574e162bd9573429fba569186d4ab7a930ae3ef7c,2016-01,Norfolk Constabulary,Norfolk Constabulary,0.749413,52.416298,On or near Supermarket,E01026469,Breckland 016B,Criminal damage and arson,Offender ordered to pay compensation,
2b6c0c1e1608cb3ec0d8d61306af5b3fff0c0e357cc73b8d9b02eb84fc3f9dc7,2016-01,Norfolk Constabulary,Norfolk Constabulary,0.749662,52.417236,On or near Allison'S Close,E01026469,Breckland 016B,Vehicle crime,Investigation complete; no suspect identified,
9a8f994c4ef07090c6add596027929419e92771eb047f189e5b6dd98f703152d,2016-01,Norfolk Constabulary,Norfolk Constabulary,0.750400,52.417984,On or near Wheatacres,E01026469,Breckland 016B,Violence and sexual offences,Court result unavailable,
,2016-01,Norfolk Constabulary,Norfolk Constabulary,0.767460,52.420319,On or near George Road,E01026470,Breckland 016C,Anti-social behaviour,,
,2016-01,Norfolk Constabulary,Norfolk Constabulary,0.767460,52.420319,On or near George Road,E01026470,Breckland 016C,Anti-social behaviour,,
1cf185380ce2eb220f6214932de4d7c00a9865fb90889dd664ccc212f8445e0e,2016-01,Norfolk Constabulary,Norfolk Constabulary,0.765234,52.418824,On or near Coltsfoot Way,E01026470,Breckland 016C,Burglary,Investigation complete; no suspect identified,
706c965a7db1f69d55162cd39af0dba1de6261b4bff21c1d02f03f3c3c08bc53,2016-01,Norfolk Constabulary,Norfolk Constabulary,0.769218,52.418794,On or near Hazel Covert,E01026470,Breckland 016C,Criminal damage and arson,Investigation complete; no suspect identified,
6d551178af56747b50e49c3d68fa0e85893c37af92f45052e5f4c1583f39fe8f,2016-01,Norfolk Constabulary,Norfolk Constabulary,0.764701,52.419943,On or near Buttercup Close,E01026470,Breckland 016C,Criminal damage and arson,Investigation complete; no suspect identified,
8e1b2345f71aca0d3aeff04f349a4d80fa05a79e98217585c99101291afb13ae,2016-01,Norfolk Constabulary,Norfolk Constabulary,0.764701,52.419943,On or near Buttercup Close,E01026470,Breckland 016C,Criminal damage and arson,Investigation complete; no suspect identified,
f477a74ae095c88c952edb7da98167124e895ddc2fa8b37f5f7aba21ab374ef2,2016-01,Norfolk Constabulary,Norfolk Constabulary,0.768582,52.421327,On or near Lawrence Road,E01026470,Breckland 016C,Criminal damage and arson,Investigation complete; no suspect identified,
0358993fd069ae28e8419222c593b3a50297eba65b0942bfbf439a74ed79176a,2016-01,Norfolk Constabulary,Norfolk Constabulary,0.767930,52.419831,On or near Spindle Drive,E01026470,Breckland 016C,Criminal damage and arson,Status update unavailable,
883f4b6f92771d9ef9aa86da2474b8650cc40786e1abacb949e5b14955972044,2016-01,Norfolk Constabulary,Norfolk Constabulary,0.769339,52.421435,On or near Peter Drive,E01026470,Breckland 016C,Drugs,Offender given community sentence,
0465de493483c9dadc58851059672edba8febcec731b5dbab80c4c92e2768a97,2016-01,Norfolk Constabulary,Norfolk Constabulary,0.769339,52.421435,On or near Peter Drive,E01026470,Breckland 016C,Other theft,Investigation complete; no suspect identified,
a30e3e642dcb20cbdf9686ddf665609d990bf3fab7b8a08b4a41bc3ac796be85,2016-01,Norfolk Constabulary,Norfolk Constabulary,0.769339,52.421435,On or near Peter Drive,E01026470,Breckland 016C,Public order,Offender given community sentence,
48ce607c9d4f0e0b457434a56ad409fbb96504cef6940d55493866da7cc7ec3a,2016-01,Norfolk Constabulary,Norfolk Constabulary,0.769339,52.421435,On or near Peter Drive,E01026470,Breckland 016C,Shoplifting,Offender given conditional discharge,
87a76ea33a4746804b155d8fd1083add3ef62ff2fc30af4bb400549c2fe6bc3f,2016-01,Norfolk Constabulary,Norfolk Constabulary,0.769339,52.421435,On or near Peter Drive,E01026470,Breckland 016C,Vehicle crime,Investigation complete; no suspect identified,
81050105cf4574cc4ddeb0fd501b564876c1ed4d9874a4c77dba8831b1d633eb,2016-01,Norfolk Constabulary,Norfolk Constabulary,0.764773,52.422270,On or near Duncan Close,E01026470,Breckland 016C,Vehicle crime,Investigation complete; no suspect identified,
6b52a706db527faf9b66d642639f2ea7728d68b8799cfadf3f0b5459d0568728,2016-01,Norfolk Constabulary,Norfolk Constabulary,0.764337,52.419070,On or near Mallow Road,E01026470,Breckland 016C,Vehicle crime,Investigation complete; no suspect identified,
4ef546601b4bf7c29f76aaa5537349a92bcf65d517952a8ed3557c4d10cd64c9,2016-01,Norfolk Constabulary,Norfolk Constabulary,0.764337,52.419070,On or near Mallow Road,E01026470,Breckland 016C,Violence and sexual offences,Local resolution,
f732d50362187e9a9f1b5028cc863adb8f94904e84b65e737bea0f856b48762d,2016-01,Norfolk Constabulary,Norfolk Constabulary,0.763461,52.418227,On or near Thistle Close,E01026470,Breckland 016C,Violence and sexual offences,Offender given a caution,
,2016-01,Norfolk Constabulary,Norfolk Constabulary,0.761206,52.416976,On or near Speedwell Close,E01026471,Breckland 016D,Anti-social behaviour,,
,2016-01,Norfolk Constabulary,Norfolk Constabulary,0.766241,52.417767,On or near Thyme Close,E01026471,Breckland 016D,Anti-social behaviour,,
a1ff926fd27eba773d6d035b4e5816d42ec2584f2acda487eaf5b8fff3b69be2,2016-01,Norfolk Constabulary,Norfolk Constabulary,0.761206,52.416976,On or near Speedwell Close,E01026471,Breckland 016D,Vehicle crime,Investigation complete; no suspect identified,
a8b0beacdd8dfb56f335f8589e3b17c92705054dd7517f3447252dc4c141e392,2016-01,Norfolk Constabulary,Norfolk Constabulary,0.763850,52.414567,On or near Primrose Close,E01026471,Breckland 016D,Violence and sexual offences,Court result unavailable,
ff0337b66ebc7475f527af09f7c8063c685306c883fa2937cc507abff8d8910f,2016-01,Norfolk Constabulary,Norfolk Constabulary,0.763850,52.414567,On or near Primrose Close,E01026471,Breckland 016D,Violence and sexual offences,Offender sent to prison,
,2016-01,Norfolk Constabulary,Norfolk Constabulary,0.759031,52.425723,On or near Eliot Close,E01026472,Breckland 016E,Anti-social behaviour,,
,2016-01,Norfolk Constabulary,Norfolk Constabulary,0.756716,52.427522,On or near Further/Higher Educational Building,E01026472,Breckland 016E,Anti-social behaviour,,
666c1f33c36b11fd6114d07a4bdd54ff2dd97169e5915eec01c9743150bb9022,2016-01,Norfolk Constabulary,Norfolk Constabulary,0.757521,52.422979,On or near Woodlands Close,E01026472,Breckland 016E,Burglary,Investigation complete; no suspect identified,
d65e661330a4b59c3fd622817cd2b5133fa70c5ef661b50a539e61b21abb4259,2016-01,Norfolk Constabulary,Norfolk Constabulary,0.753809,52.421951,On or near Barley Way,E01026472,Breckland 016E,Violence and sexual offences,Formal action is not in the public interest,
1647085f73c6237a4929d5152b835f8fc3a5837bdefe41ab7e8fc3bae75029f7,2016-01,Norfolk Constabulary,Norfolk Constabulary,0.761656,52.425815,On or near Betjeman Close,E01026472,Breckland 016E,Other crime,Status update unavailable,
6570b67b2bc70f6fff56cd99b92dd578af45b43f7dd5b88d51def7efc72e3960,2016-01,Norfolk Constabulary,Norfolk Constabulary,0.761605,52.424530,On or near Keats Close,E01026473,Breckland 016F,Bicycle theft,Investigation complete; no suspect identified,
6cff5a49a6f76c0b4b3808b80866441c8887e6b0f62ddd6fa7a2ccd7bd69204a,2016-01,Norfolk Constabulary,Norfolk Constabulary,0.762160,52.421648,On or near Jellicoe Place,E01026473,Breckland 016F,Criminal damage and arson,Investigation complete; no suspect identified,
b80492efc22e3172e7037bb93e14e628ca9d3615617bf927f102198d3511fbcf,2016-01,Norfolk Constabulary,Norfolk Constabulary,0.759346,52.421102,On or near Drake Road,E01026473,Breckland 016F,Vehicle crime,Investigation complete; no suspect identified,
1be8681afef24b19b3703954bffba01fa15bb38c7f4376823bae12f788c330b3,2016-01,Norfolk Constabulary,Norfolk Constabulary,0.762980,52.424408,On or near Hawthorn Way,E01026473,Breckland 016F,Vehicle crime,Investigation complete; no suspect identified,
f468152bde2d57f4696b80ccb3cf8a5556d0b189b2486bdc755856e826ec4671,2016-01,Norfolk Constabulary,Norfolk Constabulary,0.762980,52.424408,On or near Hawthorn Way,E01026473,Breckland 016F,Violence and sexual offences,Offender given a caution,
d41edf8d5e6324f6d2555a94c962399aa923d381c3a57b5b01bfe63e81ce5274,2016-01,Norfolk Constabulary,Norfolk Constabulary,0.761605,52.424530,On or near Keats Close,E01026473,Breckland 016F,Violence and sexual offences,Formal action is not in the public interest,
c6d35d414c2d3b9fae36de76fdc34b6e4e12e110cda084f825602f8ef62cad3e,2016-01,Norfolk Constabulary,Norfolk Constabulary,0.762420,52.423459,On or near Ramsey Close,E01026473,Breckland 016F,Other crime,Status update unavailable,
,2016-01,Norfolk Constabulary,Norfolk Constabulary,0.737125,52.412626,On or near Prior Stephen Way,E01026474,Breckland 017A,Anti-social behaviour,,
,2016-01,Norfolk Constabulary,Norfolk Constabulary,0.737125,52.412626,On or near Prior Stephen Way,E01026474,Breckland 017A,Anti-social behaviour,,
,2016-01,Norfolk Constabulary,Norfolk Constabulary,0.740710,52.410196,On or near Dane Close,E01026474,Breckland 017A,Anti-social behaviour,,
0bcabb52a80c987db126d7290637a4a7b29cbb6270dac922b8694bf75df8463b,2016-01,Norfolk Constabulary,Norfolk Constabulary,0.724690,52.413202,On or near New England Way,E01026474,Breckland 017A,Burglary,Investigation complete; no suspect identified,
d090de670153fb26cd9e2915031ea782d303eefe134655e0a885421637fe732c,2016-01,Norfolk Constabulary,Norfolk Constabulary,0.732793,52.412250,On or near St John'S Way,E01026474,Breckland 017A,Burglary,Investigation complete; no suspect identified,
80cfa234041990107005cff37cf60d0f9402e675e2f539838e9dd7161f279beb,2016-01,Norfolk Constabulary,Norfolk Constabulary,0.737125,52.412626,On or near Prior Stephen Way,E01026474,Breckland 017A,Criminal damage and arson,Status update unavailable,
24304d58581730992270beb0cff3ddf2a2af55ebb7541747f27518d4867d9b63,2016-01,Norfolk Constabulary,Norfolk Constabulary,0.743123,52.412361,On or near Parking Area,E01026474,Breckland 017A,Criminal damage and arson,Investigation complete; no suspect identified,
523fee18bc0462e5127ea44572d9aedaecade069f9205f385ef8861693a92903,2016-01,Norfolk Constabulary,Norfolk Constabulary,0.743123,52.412361,On or near Parking Area,E01026474,Breckland 017A,Other theft,Investigation complete; no suspect identified,
cd8fe6c4d0bd7fb9bb01e6afb10f2859642cc4611e3aa3ce592b9406b3ab2893,2016-01,Norfolk Constabulary,Norfolk Constabulary,0.738058,52.413918,On or near Pedestrian Subway,E01026474,Breckland 017A,Robbery,Investigation complete; no suspect identified,
0a42cd8436921780d62c8a2b5b9aee2a65934625f3a9449915e04e80557a69df,2016-01,Norfolk Constabulary,Norfolk Constabulary,0.735666,52.413757,On or near Castleford Close,E01026474,Breckland 017A,Vehicle crime,Investigation complete; no suspect identified,
802414658f7d163c51b01edf9d95fa91cdb5f2d6cf11a44ca8aef572f42d2161,2016-01,Norfolk Constabulary,Norfolk Constabulary,0.730449,52.412637,On or near Mackenzie Road,E01026474,Breckland 017A,Vehicle crime,Investigation complete; no suspect identified,
d6efabf062c875d3b6298d8b6e616ab19f717e0ec992a677d5e07631f4735ff1,2016-01,Norfolk Constabulary,Norfolk Constabulary,0.732793,52.412250,On or near St John'S Way,E01026474,Breckland 017A,Vehicle crime,Investigation complete; no suspect identified,
a720f7cb8a1f36613d3dcb4e6e1eb8763294f05f6a90990d81333780f25bb639,2016-01,Norfolk Constabulary,Norfolk Constabulary,0.737125,52.412626,On or near Prior Stephen Way,E01026474,Breckland 017A,Vehicle crime,Investigation complete; no suspect identified,
f986483b5eb678c0e8c15dfd9f98ad6eb3cbe1d31f8327121139921023d4206f,2016-01,Norfolk Constabulary,Norfolk Constabulary,0.735666,52.413757,On or near Castleford Close,E01026474,Breckland 017A,Vehicle crime,Investigation complete; no suspect identified,
53f84bd724f20db4b99d95acd0b55e3c71f9a3b47f6cd8c7875d16804e6d4676,2016-01,Norfolk Constabulary,Norfolk Constabulary,0.737125,52.412626,On or near Prior Stephen Way,E01026474,Breckland 017A,Vehicle crime,Investigation complete; no suspect identified,
7e03240daafb2ebbb8fa66ccf8fbdd3d6e109cb2871efe002fbfb9a2eeb51d5d,2016-01,Norfolk Constabulary,Norfolk Constabulary,0.746063,52.412806,On or near Parking Area,E01026474,Breckland 017A,Violence and sexual offences,Formal action is not in the public interest,
3f96ac08be1dc2b1cdfd6393459ba5fb34d52276796a0580db6933c0d21ce926,2016-01,Norfolk Constabulary,Norfolk Constabulary,0.743123,52.412361,On or near Parking Area,E01026474,Breckland 017A,Violence and sexual offences,Offender given a caution,
389d0df37cc7543b6cbdc3d759fc883c715b1ec959850f2910f8bce95454fba2,2016-01,Norfolk Constabulary,Norfolk Constabulary,0.731658,52.415055,On or near Haling Way,E01026474,Breckland 017A,Violence and sexual offences,Court result unavailable,
d6e00bbfb06fe708d3f9a85a0d9c3fccd7dce59273ae7a61a409b1b69a80cc50,2016-01,Norfolk Constabulary,Norfolk Constabulary,0.746063,52.412806,On or near Parking Area,E01026474,Breckland 017A,Violence and sexual offences,Status update unavailable,
,2016-01,Norfolk Constabulary,Norfolk Constabulary,0.744533,52.407122,On or near Hillary Road,E01026475,Breckland 017B,Anti-social behaviour,,
,2016-01,Norfolk Constabulary,Norfolk Constabulary,0.753484,52.408002,On or near Parking Area,E01026475,Breckland 017B,Anti-social behaviour,,
b41cf5c86b3f4801ef42caf7f9b066cc8efc46472883f85bb2ffc40048539b3a,2016-01,Norfolk Constabulary,Norfolk Constabulary,0.742900,52.408761,On or near Nelson Crescent,E01026475,Breckland 017B,Criminal damage and arson,Unable to prosecute suspect,
cad43683183d081991b4afae2041dcaf054d180af16cf6e95b03617fba510e8b,2016-01,Norfolk Constabulary,Norfolk Constabulary,0.748916,52.404304,On or near Nunnery Drive,E01026475,Breckland 017B,Violence and sexual offences,Status update unavailable,
a4cd1705abef22aeeaf26d2c8d6201801c464abfebaa4ef179e978165406b327,2016-01,Norfolk Constabulary,Norfolk Constabulary,0.745994,52.406971,On or near Bury Road,E01026475,Breckland 017B,Violence and sexual offences,Formal action is not in the public interest,
,2016-01,Norfolk Constabulary,Norfolk Constabulary,0.733412,52.409889,On or near St Martin'S Way,E01026476,Breckland 017C,Anti-social behaviour,,
,2016-01,Norfolk Constabulary,Norfolk Constabulary,0.735238,52.408992,On or near London Road,E01026476,Breckland 017C,Anti-social behaviour,,
,2016-01,Norfolk Constabulary,Norfolk Constabulary,0.735238,52.408992,On or near London Road,E01026476,Breckland 017C,Anti-social behaviour,,
70e26e5c864ab3676bf38b4cd323dbddb8abc72621b89f81de4b2aa077e0159f,2016-01,Norfolk Constabulary,Norfolk Constabulary,0.735607,52.407590,On or near Mingay Road,E01026476,Breckland 017C,Burglary,Investigation complete; no suspect identified,
19a50c78b809bea05682f1c2909bf5dd7231141f3d65a5973da5e0e5ddd84457,2016-01,Norfolk Constabulary,Norfolk Constabulary,0.735607,52.407590,On or near Mingay Road,E01026476,Breckland 017C,Burglary,Investigation complete; no suspect identified,
7351cfa964c59eb6d84ae6f4901ca4729f96de60f42ea61f600675c12886b359,2016-01,Norfolk Constabulary,Norfolk Constabulary,0.735607,52.407590,On or near Mingay Road,E01026476,Breckland 017C,Burglary,Investigation complete; no suspect identified,
56303e1509b4c9044f424bcc77143a25f371326a2f0a4f630203ae1870265132,2016-01,Norfolk Constabulary,Norfolk Constabulary,0.735607,52.407590,On or near Mingay Road,E01026476,Breckland 017C,Burglary,Investigation complete; no suspect identified,
8c2b118a1d11f069781aec25da1766468f596f09e541498137f33ff87639ea5d,2016-01,Norfolk Constabulary,Norfolk Constabulary,0.733412,52.409889,On or near St Martin'S Way,E01026476,Breckland 017C,Criminal damage and arson,Investigation complete; no suspect identified,
a01046d445898b03cbb2bdb90eeb7cdabb85cb43b4ab54aabe14cdff90011cf0,2016-01,Norfolk Constabulary,Norfolk Constabulary,0.735361,52.408126,On or near Sloane Way,E01026476,Breckland 017C,Vehicle crime,Formal action is not in the public interest,
bbd507e2b524f9e97bf4cfe916b6704e13fddf1df6319d091d5530e3405af23e,2016-01,Norfolk Constabulary,Norfolk Constabulary,0.733412,52.409889,On or near St Martin'S Way,E01026476,Breckland 017C,Vehicle crime,Investigation complete; no suspect identified,
7de67540db0a312fe22770060fbc4ce39861ceac200ecaedbdbabc5cc485a15b,2016-01,Norfolk Constabulary,Norfolk Constabulary,0.733412,52.409889,On or near St Martin'S Way,E01026476,Breckland 017C,Vehicle crime,Investigation complete; no suspect identified,
53272309a8ac002e4ce857ef1aac90b2d540693f1dd950084954d2286c008b6e,2016-01,Norfolk Constabulary,Norfolk Constabulary,0.733412,52.409889,On or near St Martin'S Way,E01026476,Breckland 017C,Vehicle crime,Investigation complete; no suspect identified,
c89e2c9cfb20c5a85dfa59e9c18207e5858fb9e8179abd713436f51d60ee4685,2016-01,Norfolk Constabulary,Norfolk Constabulary,0.733412,52.409889,On or near St Martin'S Way,E01026476,Breckland 017C,Vehicle crime,Investigation complete; no suspect identified,
f20e6a4cc5a8622abbc767ce18f9f8ee639b117f023806ff58f9b13541e84cb9,2016-01,Norfolk Constabulary,Norfolk Constabulary,0.733412,52.409889,On or near St Martin'S Way,E01026476,Breckland 017C,Violence and sexual offences,Unable to prosecute suspect,
,2016-01,Norfolk Constabulary,Norfolk Constabulary,0.736941,52.410122,On or near Jubilee Close,E01026477,Breckland 017D,Anti-social behaviour,,
,2016-01,Norfolk Constabulary,Norfolk Constabulary,0.745367,52.409189,On or near St Mary'S Crescent,E01026477,Breckland 017D,Anti-social behaviour,,
,2016-01,Norfolk Constabulary,Norfolk Constabulary,0.742564,52.409749,On or near Saxon Place,E01026477,Breckland 017D,Anti-social behaviour,,
,2016-01,Norfolk Constabulary,Norfolk Constabulary,0.736941,52.410122,On or near Jubilee Close,E01026477,Breckland 017D,Anti-social behaviour,,
,2016-01,Norfolk Constabulary,Norfolk Constabulary,0.737626,52.406230,On or near Ulfkell Road,E01026477,Breckland 017D,Anti-social behaviour,,
8c5e46780be0dce0cd00dd7e8b3ab2aa6769f3fbae23a015c2d98fd90c87aa48,2016-01,Norfolk Constabulary,Norfolk Constabulary,0.747918,52.406926,On or near St Michael'S Close,E01026477,Breckland 017D,Bicycle theft,Investigation complete; no suspect identified,
2533324886b9b7bd768c282d7dcb56d5bb7c11c7089e8545603333f41dba1f1d,2016-01,Norfolk Constabulary,Norfolk Constabulary,0.747918,52.406926,On or near St Michael'S Close,E01026477,Breckland 017D,Burglary,Investigation complete; no suspect identified,
c08c21858f750e8307a8d44ec529ba52b5176fe2b0df1d1374da4d2edb26a034,2016-01,Norfolk Constabulary,Norfolk Constabulary,0.736941,52.410122,On or near Jubilee Close,E01026477,Breckland 017D,Criminal damage and arson,Unable to prosecute suspect,
2e2ea5118e762e4737005308a621dfe99205b70556820ae915d4157b690c9ab9,2016-01,Norfolk Constabulary,Norfolk Constabulary,0.736941,52.410122,On or near Jubilee Close,E01026477,Breckland 017D,Criminal damage and arson,Investigation complete; no suspect identified,
c8d0bf6dc231e864a2d2609bf98c15d6fc780d16f9258aac74dd2314932e1b37,2016-01,Norfolk Constabulary,Norfolk Constabulary,0.737927,52.404452,On or near Pine Close,E01026477,Breckland 017D,Other theft,Unable to prosecute suspect,
b0b5ca0bf075e9ae3f7df373387ed52573eb80c527c0314519280f37176dd888,2016-01,Norfolk Constabulary,Norfolk Constabulary,0.743746,52.405342,On or near Kingsway,E01026477,Breckland 017D,Vehicle crime,Investigation complete; no suspect identified,
42cdc0e29066c8642ffa5c8bcb466999cf2bcc1be70148eed62939dee1b2c5ae,2016-01,Norfolk Constabulary,Norfolk Constabulary,0.740563,52.406639,On or near Fulmerston Close,E01026477,Breckland 017D,Violence and sexual offences,Status update unavailable,
cdb0bcd8955e99848864ecd60a884fff6b19022e409ec15f030aa8d1355bc77b,2016-01,Norfolk Constabulary,Norfolk Constabulary,0.739632,52.406336,On or near Sweyn Close,E01026477,Breckland 017D,Violence and sexual offences,Formal action is not in the public interest,
bad19b04a7ca3aa702468ec6e1df6e82bcc6c0b9c02c39a067b15b3b046e6695,2016-01,Norfolk Constabulary,Norfolk Constabulary,0.737626,52.406230,On or near Ulfkell Road,E01026477,Breckland 017D,Violence and sexual offences,Status update unavailable,
962fd41325881dbd252d84145e8bca6a735754275afe615c31d9f69bb7ed88c7,2016-01,Norfolk Constabulary,Norfolk Constabulary,0.743691,52.406350,On or near Queensway,E01026477,Breckland 017D,Violence and sexual offences,Status update unavailable,
595a1359fb0ae54a7fa245325b0462ad42146fb281179517fac44e7fc829148a,2016-01,Norfolk Constabulary,Norfolk Constabulary,0.739278,52.410355,On or near Icknield Close,E01026477,Breckland 017D,Violence and sexual offences,Status update unavailable,
,2016-01,Norfolk Constabulary,Norfolk Constabulary,0.729790,52.401726,On or near Ash Close,E01026478,Breckland 017E,Anti-social behaviour,,
,2016-01,Norfolk Constabulary,Norfolk Constabulary,0.741807,52.402050,On or near Sports/Recreation Area,E01026478,Breckland 017E,Anti-social behaviour,,
,2016-01,Norfolk Constabulary,Norfolk Constabulary,0.741807,52.402050,On or near Sports/Recreation Area,E01026478,Breckland 017E,Anti-social behaviour,,
,2016-01,Norfolk Constabulary,Norfolk Constabulary,0.741807,52.402050,On or near Sports/Recreation Area,E01026478,Breckland 017E,Anti-social behaviour,,
,2016-01,Norfolk Constabulary,Norfolk Constabulary,0.741807,52.402050,On or near Sports/Recreation Area,E01026478,Breckland 017E,Anti-social behaviour,,
,2016-01,Norfolk Constabulary,Norfolk Constabulary,0.721636,52.404450,On or near Shopping Area,E01026478,Breckland 017E,Anti-social behaviour,,
1aa59c3f5e22a39c8d62027d8c445005400a3d96070e7e0c1998a5f7ffa64bb2,2016-01,Norfolk Constabulary,Norfolk Constabulary,0.721636,52.404450,On or near Shopping Area,E01026478,Breckland 017E,Burglary,Formal action is not in the public interest,
2cdf8b89d636ea5c3379251016d2c09758a78362e61edcbdd595b30616aa8bc3,2016-01,Norfolk Constabulary,Norfolk Constabulary,0.721636,52.404450,On or near Shopping Area,E01026478,Breckland 017E,Criminal damage and arson,Investigation complete; no suspect identified,
4e7f29049fa1bd62e2dcccad8730b0605c6743d54002f7ba1a80befef47d44f1,2016-01,Norfolk Constabulary,Norfolk Constabulary,0.736087,52.404647,On or near Beech Close,E01026478,Breckland 017E,Criminal damage and arson,Investigation complete; no suspect identified,
4f05682812885998e0e216746f83ad2797715699346cdfbb47f61d38a05978b1,2016-01,Norfolk Constabulary,Norfolk Constabulary,0.720804,52.404074,On or near Petrol Station,E01026478,Breckland 017E,Drugs,Offender given a drugs possession warning,
c98eda10834626850eedb98a82809f8456391171211f0a80694c7dfbc726e629,2016-01,Norfolk Constabulary,Norfolk Constabulary,0.736087,52.404647,On or near Beech Close,E01026478,Breckland 017E,Drugs,Offender given a drugs possession warning,
c424737a0ca172b60ab635c5bf714e7f7497f86c31ef0efedeb8543c24a0fde6,2016-01,Norfolk Constabulary,Norfolk Constabulary,0.732066,52.404290,On or near Napier Place,E01026478,Breckland 017E,Other theft,Investigation complete; no suspect identified,
84251b569fa409d3d90792f163492b57d94406a5f906c667ed39e98df6acada5,2016-01,Norfolk Constabulary,Norfolk Constabulary,0.721636,52.404450,On or near Shopping Area,E01026478,Breckland 017E,Public order,Status update unavailable,
73a0341a7bed8dc09ac6ef2e864db54b6d8b655b6d2e2702fd1564bd44a9d491,2016-01,Norfolk Constabulary,Norfolk Constabulary,0.721636,52.404450,On or near Shopping Area,E01026478,Breckland 017E,Shoplifting,Formal action is not in the public interest,
4f0be3edb2ecfc8a66b3ca1af7832c88b661c9fd5e77c99d0ef176f27d8ab6d8,2016-01,Norfolk Constabulary,Norfolk Constabulary,0.728574,52.405127,On or near Burrell Way,E01026478,Breckland 017E,Shoplifting,Investigation complete; no suspect identified,
d30af11ecea69ca213e5217df13a90e79949654bd97236b1cd78063e2a08fda4,2016-01,Norfolk Constabulary,Norfolk Constabulary,0.720804,52.404074,On or near Petrol Station,E01026478,Breckland 017E,Shoplifting,Offender given a caution,
dbfa840ef8bd3474efd41b2f0b9dc28349ae131121c238ceb7b653a1d6cec2e9,2016-01,Norfolk Constabulary,Norfolk Constabulary,0.720804,52.404074,On or near Petrol Station,E01026478,Breckland 017E,Shoplifting,Local resolution,
2d271f8b2bcf65fcce8848b00675977642d492d46eda4d9c1b46a198ef8cfcf5,2016-01,Norfolk Constabulary,Norfolk Constabulary,0.721636,52.404450,On or near Shopping Area,E01026478,Breckland 017E,Shoplifting,Offender fined,
9d3f3cfa0bea1142446c16799efc0d3647baf232b76a63ab2b450d96274a9752,2016-01,Norfolk Constabulary,Norfolk Constabulary,0.720804,52.404074,On or near Petrol Station,E01026478,Breckland 017E,Shoplifting,Court result unavailable,
f49a1d1bc43da6c7e6bf60328ae4d10b680dde37c880663367bbbf1a2d756eff,2016-01,Norfolk Constabulary,Norfolk Constabulary,0.720804,52.404074,On or near Petrol Station,E01026478,Breckland 017E,Shoplifting,Investigation complete; no suspect identified,
,2016-01,Norfolk Constabulary,Norfolk Constabulary,1.254265,52.791813,On or near Manor Close,E01026499,Broadland 001A,Anti-social behaviour,,
,2016-01,Norfolk Constabulary,Norfolk Constabulary,1.257257,52.795319,On or near Sir William'S Close,E01026499,Broadland 001A,Anti-social behaviour,,
,2016-01,Norfolk Constabulary,Norfolk Constabulary,1.251736,52.794104,On or near Supermarket,E01026499,Broadland 001A,Anti-social behaviour,,
5bc92a0e1b6996c8f94731205898a21e01019ddda8f432417c5015b89a6b2fa3,2016-01,Norfolk Constabulary,Norfolk Constabulary,1.257257,52.795319,On or near Sir William'S Close,E01026499,Broadland 001A,Criminal damage and arson,Investigation complete; no suspect identified,
2e081eab19088aaaa9c5c12bf47304959176731f003545d725c8538eacbe4b98,2016-01,Norfolk Constabulary,Norfolk Constabulary,1.257257,52.795319,On or near Sir William'S Close,E01026499,Broadland 001A,Criminal damage and arson,Investigation complete; no suspect identified,
af3831958c038ec6b59184e09aa0f4b9c81f3d6a2cba04f36a87a82f1015b7f9,2016-01,Norfolk Constabulary,Norfolk Constabulary,1.254293,52.787621,On or near Norwich Road,E01026499,Broadland 001A,Criminal damage and arson,Investigation complete; no suspect identified,
a589bdf6b051cecf7df3ec6be30a63e4d67ae1ca93537b2651af3f772f1c24f6,2016-01,Norfolk Constabulary,Norfolk Constabulary,1.253411,52.796261,On or near White Hart Street,E01026499,Broadland 001A,Criminal damage and arson,Court result unavailable,
4b0a4648efe2ede255bad5aa0596b9f34f9f36ccbe1e45703a7d6c600d3e5e96,2016-01,Norfolk Constabulary,Norfolk Constabulary,1.251104,52.795569,On or near Supermarket,E01026499,Broadland 001A,Public order,Status update unavailable,
40c76f351e12a86f13ded5a1ea05f41e9b1f1696e64fb6c43114f68cfe93531b,2016-01,Norfolk Constabulary,Norfolk Constabulary,1.254265,52.791813,On or near Manor Close,E01026499,Broadland 001A,Shoplifting,Offender given suspended prison sentence,
fbf310c6f1ecd6572e80cb59be3991651cadd9e92e891e2bd7937acaf229f250,2016-01,Norfolk Constabulary,Norfolk Constabulary,1.251104,52.795569,On or near Supermarket,E01026499,Broadland 001A,Shoplifting,Local resolution,
0bad0b5d79cda8af159673697c9bb6a6dadcc664e28af6be4c08a2157e5717b8,2016-01,Norfolk Constabulary,Norfolk Constabulary,1.254265,52.791813,On or near Manor Close,E01026499,Broadland 001A,Violence and sexual offences,Formal action is not in the public interest,
b3d95c3f2f26d6fca81fd33507a4d6f8d6e64acd2e4f03830b71ecd2a19d6ca3,2016-01,Norfolk Constabulary,Norfolk Constabulary,1.249755,52.795795,On or near Church Terrace,E01026500,Broadland 001B,Burglary,Investigation complete; no suspect identified,
b5bb3f353d06e3f46eded3f63c6ebbbe3920854f3ca1064b644bd0a26dd4c7db,2016-01,Norfolk Constabulary,Norfolk Constabulary,1.245846,52.794499,On or near Pound Lane,E01026500,Broadland 001B,Other theft,Formal action is not in the public interest,
aaf0d4c03b1187abb2e3c8df8269cc1471d33f70a20448591816829f7102a81b,2016-01,Norfolk Constabulary,Norfolk Constabulary,1.249565,52.786483,On or near Canon Hoare Road,E01026500,Broadland 001B,Vehicle crime,Investigation complete; no suspect identified,
,2016-01,Norfolk Constabulary,Norfolk Constabulary,1.258979,52.769155,On or near Rodgate,E01026501,Broadland 001C,Anti-social behaviour,,
,2016-01,Norfolk Constabulary,Norfolk Constabulary,1.255649,52.791271,On or near Parking Area,E01026501,Broadland 001C,Anti-social behaviour,,
,2016-01,Norfolk Constabulary,Norfolk Constabulary,1.251575,52.768684,On or near George Edwards Close,E01026501,Broadland 001C,Anti-social behaviour,,
,2016-01,Norfolk Constabulary,Norfolk Constabulary,1.255649,52.791271,On or near Parking Area,E01026501,Broadland 001C,Anti-social behaviour,,
,2016-01,Norfolk Constabulary,Norfolk Constabulary,1.255649,52.791271,On or near Parking Area,E01026501,Broadland 001C,Anti-social behaviour,,
d1957a15014aef591a1062abe518236cee9320ab97d21214da21f894d96d4f68,2016-01,Norfolk Constabulary,Norfolk Constabulary,1.261503,52.788808,On or near Lancaster Gardens,E01026501,Broadland 001C,Criminal damage and arson,Investigation complete; no suspect identified,
22907adb1f5e5aaaa6fc8ccbd58704ecef6c4457d7d6f6d1d619f71fc6c623fa,2016-01,Norfolk Constabulary,Norfolk Constabulary,1.251575,52.768684,On or near George Edwards Close,E01026501,Broadland 001C,Violence and sexual offences,Formal action is not in the public interest,
56c927d330f98e927bb03b1bd303da7a9e01217c8f6bb452f97015c39acac70d,2016-01,Norfolk Constabulary,Norfolk Constabulary,1.251575,52.768684,On or near George Edwards Close,E01026501,Broadland 001C,Violence and sexual offences,Formal action is not in the public interest,
43599bbe66feaa784f1aa3ffa25dec2a5ef60befd639ea85170e426e041f445c,2016-01,Norfolk Constabulary,Norfolk Constabulary,1.263540,52.762329,On or near Mill Road,E01026501,Broadland 001C,Violence and sexual offences,Offender given a caution,
cdc2af0885bab40d21fe8ebd1231c71f19d85c70453dc246206d3931d9d0309d,2016-01,Norfolk Constabulary,Norfolk Constabulary,1.214356,52.778314,On or near Park/Open Space,E01026501,Broadland 001C,Violence and sexual offences,Status update unavailable,
a04b9766cf3c57adba3acd4841860cabc672a59549352796db8ad9bc44b68b6e,2016-01,Norfolk Constabulary,Norfolk Constabulary,1.251575,52.768684,On or near George Edwards Close,E01026501,Broadland 001C,Violence and sexual offences,Formal action is not in the public interest,
d966b2541e17b356e1d0b893413f4106ec038d7dbbd0f2a889bd138d84d8a758,2016-01,Norfolk Constabulary,Norfolk Constabulary,1.263540,52.762329,On or near Mill Road,E01026501,Broadland 001C,Violence and sexual offences,Defendant found not guilty,
234a286d7b2b021da5fcafbc037c387b97e2d70088ef0fd8a155c4c8ac95a051,2016-01,Norfolk Constabulary,Norfolk Constabulary,1.263540,52.762329,On or near Mill Road,E01026501,Broadland 001C,Violence and sexual offences,Unable to prosecute suspect,
,2016-01,Norfolk Constabulary,Norfolk Constabulary,1.243602,52.792663,On or near Cawston Road,E01026502,Broadland 001D,Anti-social behaviour,,
,2016-01,Norfolk Constabulary,Norfolk Constabulary,1.238537,52.793179,On or near Hospital,E01026502,Broadland 001D,Anti-social behaviour,,
,2016-01,Norfolk Constabulary,Norfolk Constabulary,1.240345,52.794748,On or near Sapwell Close,E01026502,Broadland 001D,Anti-social behaviour,,
,2016-01,Norfolk Constabulary,Norfolk Constabulary,1.240345,52.794748,On or near Sapwell Close,E01026502,Broadland 001D,Anti-social behaviour,,
6df823511c2c71e702c5a76d8000198681d9079d02a869b9a44d70ce66fce71b,2016-01,Norfolk Constabulary,Norfolk Constabulary,1.240345,52.794748,On or near Sapwell Close,E01026502,Broadland 001D,Burglary,Investigation complete; no suspect identified,
,2016-01,Norfolk Constabulary,Norfolk Constabulary,1.268778,52.803923,On or near Aylsham Police Station,E01026503,Broadland 001E,Anti-social behaviour,,
45c769d773c796a7f8d6d707cfdc4f34f70435d312deef8ac6d8bc30b5be3549,2016-01,Norfolk Constabulary,Norfolk Constabulary,1.268778,52.803923,On or near Aylsham Police Station,E01026503,Broadland 001E,Criminal damage and arson,Offender given community sentence,
3718b3b7e2621ce3f324e970cb2c030ee167ca18a643e2a125c7ee920aed601e,2016-01,Norfolk Constabulary,Norfolk Constabulary,1.268778,52.803923,On or near Aylsham Police Station,E01026503,Broadland 001E,Criminal damage and arson,Formal action is not in the public interest,
8a4dadef92818a1f24e582e085473aab049734c4417a974c9c2b64cb0a6a7c51,2016-01,Norfolk Constabulary,Norfolk Constabulary,1.255988,52.796802,On or near Gashouse Hill,E01026503,Broadland 001E,Other theft,Investigation complete; no suspect identified,
dac562288b7b03c0a7ab0a1bb12d1d0d3f1148ef4a97382bcdf9d39feaaf5f52,2016-01,Norfolk Constabulary,Norfolk Constabulary,1.268778,52.803923,On or near Aylsham Police Station,E01026503,Broadland 001E,Violence and sexual offences,Offender ordered to pay compensation,
45c3d10924a72ad9f03563b7e24e8ff3fff325829a832c1267f2adfbfa827312,2016-01,Norfolk Constabulary,Norfolk Constabulary,1.268778,52.803923,On or near Aylsham Police Station,E01026503,Broadland 001E,Violence and sexual offences,Court result unavailable,
14e001a217c5d572aa356c91011ea6d46d9fafdf325db667124c6551e46d290e,2016-01,Norfolk Constabulary,Norfolk Constabulary,1.268778,52.803923,On or near Aylsham Police Station,E01026503,Broadland 001E,Violence and sexual offences,Court result unavailable,
fc9bd96b095113828f38f197f317b85762d6bc805e1b94bf12d0ec95037e2cf0,2016-01,Norfolk Constabulary,Norfolk Constabulary,1.260473,52.795276,On or near Sir William'S Lane,E01026503,Broadland 001E,Other crime,Formal action is not in the public interest,
416d213fafdf0662763b11dfcf0a9a6614246d9e8bc2e099490ba1ce829f32e2,2016-01,Norfolk Constabulary,Norfolk Constabulary,1.045373,52.793118,On or near Foulsham Road,E01026522,Broadland 002A,Other theft,Investigation complete; no suspect identified,
36c791b97d9a6603b4545c5005f68051a18fecfbc612eae64d875bb5296ed3d0,2016-01,Norfolk Constabulary,Norfolk Constabulary,1.010991,52.783114,On or near High Street,E01026522,Broadland 002A,Violence and sexual offences,Status update unavailable,
98d80256605b2891b176d3083b1888dbbf5af467b67796eaca5b1deb4ba984a6,2016-01,Norfolk Constabulary,Norfolk Constabulary,1.009383,52.781303,On or near String Lane,E01026522,Broadland 002A,Other crime,Formal action is not in the public interest,
,2016-01,Norfolk Constabulary,Norfolk Constabulary,1.167040,52.769462,On or near Aylsham Road,E01026523,Broadland 002B,Anti-social behaviour,,
,2016-01,Norfolk Constabulary,Norfolk Constabulary,1.210778,52.776055,On or near Sports/Recreation Area,E01026523,Broadland 002B,Anti-social behaviour,,
b9b5587e9526ac6033915f8d19e4f9e230eca887764336cd77cd31349db56a16,2016-01,Norfolk Constabulary,Norfolk Constabulary,1.190484,52.773321,On or near Holt Road,E01026523,Broadland 002B,Other theft,Status update unavailable,
115f3db64f2664e6f68c1521d44d83e1b79bc4f033f27a01c6395de63ce10272,2016-01,Norfolk Constabulary,Norfolk Constabulary,1.165211,52.770617,On or near Stocks Loke,E01026523,Broadland 002B,Other theft,Investigation complete; no suspect identified,
e4d80a6360b5ab30730f0c943bcfcc6698df5d76509016258dd42eacee9fad1a,2016-01,Norfolk Constabulary,Norfolk Constabulary,1.162017,52.769506,On or near Ames Court,E01026523,Broadland 002B,Violence and sexual offences,Unable to prosecute suspect,
ba26df82691baa2c46a04ae218f79a4f4d0ebf3aa52c4cf936207d62b6aa6c80,2016-01,Norfolk Constabulary,Norfolk Constabulary,1.210778,52.776055,On or near Sports/Recreation Area,E01026523,Broadland 002B,Violence and sexual offences,Formal action is not in the public interest,
09fd5aa7336eae2b8ae1eaedc6e79f76b25a202721620d4587e30965cfdb3b0f,2016-01,Norfolk Constabulary,Norfolk Constabulary,1.210778,52.776055,On or near Sports/Recreation Area,E01026523,Broadland 002B,Violence and sexual offences,Status update unavailable,
857aeb0ba42d58d5b8ba7a4006e1425b0b80c626b161fdf5c8d83d52b1f219f7,2016-01,Norfolk Constabulary,Norfolk Constabulary,1.210778,52.776055,On or near Sports/Recreation Area,E01026523,Broadland 002B,Violence and sexual offences,Status update unavailable,
9c38964c4f553088b21a2a7461e55d1f2eca777722fa54486e0febf02df9a128,2016-01,Norfolk Constabulary,Norfolk Constabulary,1.179242,52.760079,On or near Rodwell Corner,E01026523,Broadland 002B,Violence and sexual offences,Awaiting court outcome,
8152ccdc1a8f9f0e6341e77b8eed89591dbd7d24ace018ac575e4f3fcfb054f1,2016-01,Norfolk Constabulary,Norfolk Constabulary,1.210778,52.776055,On or near Sports/Recreation Area,E01026523,Broadland 002B,Violence and sexual offences,Status update unavailable,
77d8ac5a753cf1bfa95e62e9e12b7b638589f9befdbfa3b8e22af55ba775721f,2016-01,Norfolk Constabulary,Norfolk Constabulary,1.165519,52.774440,On or near Old Station Yard,E01026523,Broadland 002B,Violence and sexual offences,Court result unavailable,
272e7cdec4259dcde3312ab190ecf7e952515c0a71fc662a0089a1ec249095f1,2016-01,Norfolk Constabulary,Norfolk Constabulary,1.210778,52.776055,On or near Sports/Recreation Area,E01026523,Broadland 002B,Violence and sexual offences,Status update unavailable,
,2016-01,Norfolk Constabulary,Norfolk Constabulary,1.151632,52.681568,On or near Park/Open Space,E01026524,Broadland 002C,Anti-social behaviour,,
07219a47150983f7ca5ce5ced2b2ca4614d96035df5b462e86a272c1a6c1ea4c,2016-01,Norfolk Constabulary,Norfolk Constabulary,1.108273,52.660294,On or near Fellowes Road,E01026524,Broadland 002C,Criminal damage and arson,Investigation complete; no suspect identified,
6f5919d503cc9451cf15b303fc91fc47f48b746b7d7b173494fff4318c4a89b9,2016-01,Norfolk Constabulary,Norfolk Constabulary,1.125347,52.698911,On or near Church Farm Close,E01026524,Broadland 002C,Other theft,Investigation complete; no suspect identified,
490b67bd4bf9f7303dbabf09b78050f2e0f33ec387667cf245b45a28606b7e2d,2016-01,Norfolk Constabulary,Norfolk Constabulary,1.164140,52.680803,On or near Pitt Farm Green,E01026524,Broadland 002C,Violence and sexual offences,Court result unavailable,
e25d68141998ec862ca39e4c15edb2e9db0c852c2f33e0970c203775a800c347,2016-01,Norfolk Constabulary,Norfolk Constabulary,1.141358,52.709738,On or near Fakenham Road,E01026525,Broadland 002D,Burglary,Offender sent to prison,
7fcb7c971ee05934f69e77a05c6f8cdbf243850e420b1dc0fa4eb40b3e23740c,2016-01,Norfolk Constabulary,Norfolk Constabulary,1.127082,52.760801,On or near The Street,E01026525,Broadland 002D,Other theft,Unable to prosecute suspect,
,2016-01,Norfolk Constabulary,Norfolk Constabulary,1.111449,52.762561,On or near Reepham Police Station,E01026547,Broadland 002E,Anti-social behaviour,,
3b34dd76a833278d5ff36d90fa4c79d517df157f8803efe2ec988259e710ac14,2016-01,Norfolk Constabulary,Norfolk Constabulary,1.114967,52.768854,On or near Collers Way,E01026547,Broadland 002E,Burglary,Investigation complete; no suspect identified,
d8a5b30e17b4117954b7bb8c1cf7f448497769fc6da7944ff78443b764eae481,2016-01,Norfolk Constabulary,Norfolk Constabulary,1.110256,52.765578,On or near Silver End,E01026547,Broadland 002E,Criminal damage and arson,Investigation complete; no suspect identified,
6b423273948098c28aef28368a42d75db6060e6ba0b6af2f9ffcd456e62a2929,2016-01,Norfolk Constabulary,Norfolk Constabulary,1.112403,52.766376,On or near Bartle Court,E01026547,Broadland 002E,Criminal damage and arson,Investigation complete; no suspect identified,
9e38178817cb2ce0a50addb15d6d3c36648edab2b42a1a245cbb95cfb67390ef,2016-01,Norfolk Constabulary,Norfolk Constabulary,1.115356,52.764131,On or near Bircham Road,E01026548,Broadland 002F,Other theft,Investigation complete; no suspect identified,
,2016-01,Norfolk Constabulary,Norfolk Constabulary,1.291634,52.770968,On or near The Street,E01026514,Broadland 003A,Anti-social behaviour,,
0d638a9f68ed85371a29b9ff5e49ef79cc6e0461695601bb99fb341beab76d7c,2016-01,Norfolk Constabulary,Norfolk Constabulary,1.304189,52.755438,On or near St Andrews Close,E01026514,Broadland 003A,Burglary,Investigation complete; no suspect identified,
408c4e2a4bd84e296718b908e3afddc659971aa1ba6a3cae8d1e4870d7eb34b0,2016-01,Norfolk Constabulary,Norfolk Constabulary,1.329240,52.758937,On or near Old Hall Gardens,E01026514,Broadland 003A,Burglary,Investigation complete; no suspect identified,
6a3ceeaab1d4011ae946f9ffe4a5f214cd0d7ff4a37f0b746090e8373b7799ae,2016-01,Norfolk Constabulary,Norfolk Constabulary,1.339624,52.763277,On or near Skeyton Road,E01026514,Broadland 003A,Criminal damage and arson,Status update unavailable,
,2016-01,Norfolk Constabulary,Norfolk Constabulary,1.317834,52.707391,On or near Pound Hill,E01026515,Broadland 003B,Anti-social behaviour,,
,2016-01,Norfolk Constabulary,Norfolk Constabulary,1.323764,52.706901,On or near Freyden Way,E01026515,Broadland 003B,Anti-social behaviour,,
586b18e094fce45805de4ea65afa3a0a41c6c8d18fd2e5e074bc951ec29d1347,2016-01,Norfolk Constabulary,Norfolk Constabulary,1.326824,52.707031,On or near Well Green,E01026515,Broadland 003B,Criminal damage and arson,Unable to prosecute suspect,
b7b50a7fab4bdfc4dd21c8ebfb2c4cb9fd778289c1c32119fee09162d7790493,2016-01,Norfolk Constabulary,Norfolk Constabulary,1.326824,52.707031,On or near Well Green,E01026515,Broadland 003B,Violence and sexual offences,Unable to prosecute suspect,
84bf9012cd0c8c9b9e0c6fcb8c8c8474a6c5bddc379559a5d25ccaa350ef9a11,2016-01,Norfolk Constabulary,Norfolk Constabulary,1.326824,52.707031,On or near Well Green,E01026515,Broadland 003B,Violence and sexual offences,Unable to prosecute suspect,
c85fd53ae04472ea04c4d154bb8efba76a48961ea0b3e177f13b5b6ca45ad75b,2016-01,Norfolk Constabulary,Norfolk Constabulary,1.326824,52.707031,On or near Well Green,E01026515,Broadland 003B,Violence and sexual offences,Unable to prosecute suspect,
ee7954c2f6dbee8da3b672377a10bfac1441bd0bc20767bd2542e9d828ce287e,2016-01,Norfolk Constabulary,Norfolk Constabulary,1.317888,52.736762,On or near Coltishall Road,E01026515,Broadland 003B,Violence and sexual offences,Status update unavailable,
ab9155b3f523973e82c38fc62e1025bd246ba4b3fc1e8bcbeb854f1f6cf3aac9,2016-01,Norfolk Constabulary,Norfolk Constabulary,1.326824,52.707031,On or near Well Green,E01026515,Broadland 003B,Violence and sexual offences,Unable to prosecute suspect,
dc0e7dcef2377b5326d81a6c8b07dd9016d4af96d1aa2511b691773a43db01e3,2016-01,Norfolk Constabulary,Norfolk Constabulary,1.326824,52.707031,On or near Well Green,E01026515,Broadland 003B,Violence and sexual offences,Unable to prosecute suspect,
58ec82f4d881b15cc62c87f800e8708b23a478d1d8c62e2cd20e3be0253705b5,2016-01,Norfolk Constabulary,Norfolk Constabulary,1.326824,52.707031,On or near Well Green,E01026515,Broadland 003B,Violence and sexual offences,Unable to prosecute suspect,
dca46c378032d91b7755bf631b3621901c88c2391c103e3fd96bf1c602880b02,2016-01,Norfolk Constabulary,Norfolk Constabulary,1.307123,52.755824,On or near Bure Valley Close,E01026515,Broadland 003B,Violence and sexual offences,Unable to prosecute suspect,
,2016-01,Norfolk Constabulary,Norfolk Constabulary,1.360290,52.736503,On or near Hancock Close,E01026516,Broadland 003C,Anti-social behaviour,,
cf07a856022dd2596a2dcdf0bc5a1ca983ae216a4c4c7679278416b1042ea614,2016-01,Norfolk Constabulary,Norfolk Constabulary,1.360192,52.737351,On or near Park/Open Space,E01026516,Broadland 003C,Criminal damage and arson,Investigation complete; no suspect identified,
fea3ed9031c1691a1e7cd4575dbd55411fbdf5c8cbeed3a698998f3a7ab83c55,2016-01,Norfolk Constabulary,Norfolk Constabulary,1.362390,52.731838,On or near Rectory Road,E01026516,Broadland 003C,Criminal damage and arson,Investigation complete; no suspect identified,
7c56178d0a9f5e7c61dc9e6e8ea23df4528b84d5f0d67dda5decc07ce8eca2c9,2016-01,Norfolk Constabulary,Norfolk Constabulary,1.357863,52.728064,On or near Petrol Station,E01026516,Broadland 003C,Other theft,Investigation complete; no suspect identified,
db2b880b4e1a71db7ccf8a606561b51c41cc0bd833bb5481daa80a736d702440,2016-01,Norfolk Constabulary,Norfolk Constabulary,1.362175,52.741549,On or near Potspoon Hole,E01026516,Broadland 003C,Vehicle crime,Investigation complete; no suspect identified,
2b969381ac4e95bbdf276972a264abad3e213557b1c62975587d062f48b0c08a,2016-01,Norfolk Constabulary,Norfolk Constabulary,1.357957,52.728133,On or near Church Street,E01026516,Broadland 003C,Violence and sexual offences,Formal action is not in the public interest,
6c532be129942b5dad4e59878371e463720c8ea04fd7363450a879d13a546bf0,2016-01,Norfolk Constabulary,Norfolk Constabulary,1.360136,52.735851,On or near Ling Close,E01026516,Broadland 003C,Other crime,Status update unavailable,
df158cf6b55a7c08995cade103bf8d9071ff7873cf60a69a61a7d103680d9f45,2016-01,Norfolk Constabulary,Norfolk Constabulary,1.360136,52.735851,On or near Ling Close,E01026516,Broadland 003C,Other crime,Formal action is not in the public interest,
,2016-01,Norfolk Constabulary,Norfolk Constabulary,1.342045,52.699084,On or near North Walsham Road,E01026517,Broadland 003D,Anti-social behaviour,,
365ab5ecd2983bb32335e6c3c7f669ff5cecef42ff8c2c2bfb783083171cc046,2016-01,Norfolk Constabulary,Norfolk Constabulary,1.366235,52.728671,On or near Kings Road,E01026517,Broadland 003D,Public order,Status update unavailable,
c42af3cb642d111297a2be7ab1f7016e0a622cb50902d6117b50749e292885e1,2016-01,Norfolk Constabulary,Norfolk Constabulary,1.342045,52.699084,On or near North Walsham Road,E01026517,Broadland 003D,Violence and sexual offences,Status update unavailable,
,2016-01,Norfolk Constabulary,Norfolk Constabulary,1.290486,52.729414,On or near Pollard Road,E01026533,Broadland 004A,Anti-social behaviour,,
0a8339906964f171446c7a8d687facbd642ef61067fd49a25f12210fdad8d557,2016-01,Norfolk Constabulary,Norfolk Constabulary,1.253956,52.729056,On or near Short-Thorn Road,E01026534,Broadland 004B,Criminal damage and arson,Status update unavailable,
5e7815aa69ee2a2bbd1685e131678eb21b1929afa6a6a3d20da4355a1144c0b2,2016-01,Norfolk Constabulary,Norfolk Constabulary,1.260234,52.744487,On or near Morgans Way,E01026534,Broadland 004B,Drugs,Status update unavailable,
,2016-01,Norfolk Constabulary,Norfolk Constabulary,1.210330,52.721217,On or near Sports/Recreation Area,E01026535,Broadland 004C,Anti-social behaviour,,
5b098f932a5257ebf2826a818affc7973256a9bfbfbdc3d9a2355fe09b3579c9,2016-01,Norfolk Constabulary,Norfolk Constabulary,1.209145,52.717184,On or near The Street,E01026535,Broadland 004C,Burglary,Investigation complete; no suspect identified,
616bc22e92706c39211615fd909589eee3f66f8acaee592a3ae4b210ce534546,2016-01,Norfolk Constabulary,Norfolk Constabulary,1.240249,52.705231,On or near Laburnum Close,E01026535,Broadland 004C,Criminal damage and arson,Investigation complete; no suspect identified,
d0ea6e00037137f848cbd8c5f923130c1a05d98df709afc604befa1f6943efd3,2016-01,Norfolk Constabulary,Norfolk Constabulary,1.202853,52.715196,On or near Schoolfield,E01026535,Broadland 004C,Other theft,Formal action is not in the public interest,
38801c71075e08026b86056c0f67262c24af0d21a0f2b57e7ed7b1a99308c32b,2016-01,Norfolk Constabulary,Norfolk Constabulary,1.202853,52.715196,On or near Schoolfield,E01026535,Broadland 004C,Other theft,Formal action is not in the public interest,
6e2c945efc56f7130e4d98c43c674136e8a11b7e0776eccdf65588fa3c30684f,2016-01,Norfolk Constabulary,Norfolk Constabulary,1.198392,52.708473,On or near Taverham Road,E01026535,Broadland 004C,Violence and sexual offences,Unable to prosecute suspect,
cc62236fe944dbd10ee3ab0a94819913e0c4b58a2839f4d5fb135fd85e62494b,2016-01,Norfolk Constabulary,Norfolk Constabulary,1.237253,52.708172,On or near Olive Crescent,E01026535,Broadland 004C,Violence and sexual offences,Investigation complete; no suspect identified,
,2016-01,Norfolk Constabulary,Norfolk Constabulary,1.237455,52.698904,On or near Meadowsweet,E01026536,Broadland 004D,Anti-social behaviour,,
,2016-01,Norfolk Constabulary,Norfolk Constabulary,1.250352,52.691167,On or near Church Street,E01026536,Broadland 004D,Anti-social behaviour,,
9bb241e762e35cf81adb898a133f69834f1893073d1865c82ceb152ffba50780,2016-01,Norfolk Constabulary,Norfolk Constabulary,1.250352,52.691167,On or near Church Street,E01026536,Broadland 004D,Burglary,Investigation complete; no suspect identified,
,2016-01,Norfolk Constabulary,Norfolk Constabulary,1.239406,52.697259,On or near Thistledown Road,E01026537,Broadland 004E,Anti-social behaviour,,
,2016-01,Norfolk Constabulary,Norfolk Constabulary,1.239789,52.700827,On or near Shepherds Close,E01026537,Broadland 004E,Anti-social behaviour,,
,2016-01,Norfolk Constabulary,Norfolk Constabulary,1.243869,52.696354,On or near Columbine Road,E01026537,Broadland 004E,Anti-social behaviour,,
cd2f8b4dbbb0386e6fbf1c70f152814557a3ca62262f0822815162671d2da82b,2016-01,Norfolk Constabulary,Norfolk Constabulary,1.243869,52.696354,On or near Columbine Road,E01026537,Broadland 004E,Criminal damage and arson,Investigation complete; no suspect identified,
cb852ab167b5196c347a2e39e263c69ee4ce5f9b5822cc39b617cda3e3df0253,2016-01,Norfolk Constabulary,Norfolk Constabulary,1.241586,52.696515,On or near Pimpernel Road,E01026537,Broadland 004E,Violence and sexual offences,Formal action is not in the public interest,
99873155dc7fbb507be1f108912973d6788d1487e651c9086692fe8e2fd8fbd5,2016-01,Norfolk Constabulary,Norfolk Constabulary,1.243869,52.696354,On or near Columbine Road,E01026537,Broadland 004E,Violence and sexual offences,Unable to prosecute suspect,
c381faf0725286a79cc11c5346dd78bd15d966483c22ab333fa710300c7608ec,2016-01,Norfolk Constabulary,Norfolk Constabulary,1.241586,52.696515,On or near Pimpernel Road,E01026537,Broadland 004E,Violence and sexual offences,Formal action is not in the public interest,
a8481061eb6fa7a7c32be135c55ea7c34ae9911a91914a182b3f32852cde41fa,2016-01,Norfolk Constabulary,Norfolk Constabulary,1.235384,52.698915,On or near Poppyfields,E01026537,Broadland 004E,Violence and sexual offences,Offender given a caution,
7584399a71ed145a0a68f4fbd4b4a9c2e17bfa83d305bd25cc6d695370ebaf2c,2016-01,Norfolk Constabulary,Norfolk Constabulary,1.277158,52.685850,On or near Abbey Road,E01026549,Broadland 005A,Bicycle theft,Status update unavailable,
8f04c41a6f4e98ab3f84f8fde9516ac437bc4a2b8fe8025caea3ce8633847801,2016-01,Norfolk Constabulary,Norfolk Constabulary,1.291009,52.693300,On or near Meadow Farm Lane,E01026549,Broadland 005A,Criminal damage and arson,Investigation complete; no suspect identified,
b50deed68a5ad1b3c76a19d3b3c2f45ae4ab1de961a07988f7be62f927a606ac,2016-01,Norfolk Constabulary,Norfolk Constabulary,1.285315,52.691389,On or near St Mary'S Close,E01026549,Broadland 005A,Other theft,Investigation complete; no suspect identified,
,2016-01,Norfolk Constabulary,Norfolk Constabulary,1.328934,52.687095,On or near Bowling Green Close,E01026551,Broadland 005C,Anti-social behaviour,,
,2016-01,Norfolk Constabulary,Norfolk Constabulary,1.328934,52.687095,On or near Bowling Green Close,E01026551,Broadland 005C,Anti-social behaviour,,
,2016-01,Norfolk Constabulary,Norfolk Constabulary,1.326787,52.687093,On or near James Green Close,E01026551,Broadland 005C,Anti-social behaviour,,
2056fb630386d27071403b70ff73d2276e6c488da0c0c11daf8b4fe4faaa15ae,2016-01,Norfolk Constabulary,Norfolk Constabulary,1.328934,52.687095,On or near Bowling Green Close,E01026551,Broadland 005C,Public order,Formal action is not in the public interest,
,2016-01,Norfolk Constabulary,Norfolk Constabulary,1.320493,52.688601,On or near William Peck Road,E01026552,Broadland 005D,Anti-social behaviour,,
,2016-01,Norfolk Constabulary,Norfolk Constabulary,1.318235,52.688682,On or near William Peck Close,E01026552,Broadland 005D,Anti-social behaviour,,
,2016-01,Norfolk Constabulary,Norfolk Constabulary,1.318235,52.688682,On or near William Peck Close,E01026552,Broadland 005D,Anti-social behaviour,,
,2016-01,Norfolk Constabulary,Norfolk Constabulary,1.318235,52.688682,On or near William Peck Close,E01026552,Broadland 005D,Anti-social behaviour,,
,2016-01,Norfolk Constabulary,Norfolk Constabulary,1.318891,52.690885,On or near Ivy Road,E01026552,Broadland 005D,Anti-social behaviour,,
,2016-01,Norfolk Constabulary,Norfolk Constabulary,1.318235,52.688682,On or near William Peck Close,E01026552,Broadland 005D,Anti-social behaviour,,
,2016-01,Norfolk Constabulary,Norfolk Constabulary,1.318235,52.688682,On or near William Peck Close,E01026552,Broadland 005D,Anti-social behaviour,,
2f0abb0ea8bacc049ced88ed02ba2f5602dfc555caab20dbea317415365e58e9,2016-01,Norfolk Constabulary,Norfolk Constabulary,1.206575,52.684383,On or near Haverscroft Close,E01026562,Broadland 006A,Violence and sexual offences,Court result unavailable,
b63a681b7f67fce826efbff17ce330709d41c1474815a734a0f36da25d11d5b1,2016-01,Norfolk Constabulary,Norfolk Constabulary,1.206575,52.684383,On or near Haverscroft Close,E01026562,Broadland 006A,Violence and sexual offences,Formal action is not in the public interest,
c06fd0aad71e919bfbbed0535d791c8022f61dbd551841921073da369c2e5a45,2016-01,Norfolk Constabulary,Norfolk Constabulary,1.206575,52.684383,On or near Haverscroft Close,E01026562,Broadland 006A,Violence and sexual offences,Status update unavailable,
,2016-01,Norfolk Constabulary,Norfolk Constabulary,1.210620,52.688680,On or near Becks Fur,E01026563,Broadland 006B,Anti-social behaviour,,
b9bdcd6d8400f9e80383f54df52a38b7205c2f23f90a82b34e428ada30172f09,2016-01,Norfolk Constabulary,Norfolk Constabulary,1.212097,52.690853,On or near Pyehurn Mews,E01026563,Broadland 006B,Violence and sexual offences,Status update unavailable,
c891bdda3a2a4f4a394cb2e8591452b6851c13aeb3ab76e9b815846d83da0643,2016-01,Norfolk Constabulary,Norfolk Constabulary,1.212913,52.691892,On or near Freeland Close,E01026563,Broadland 006B,Violence and sexual offences,Unable to prosecute suspect,
,2016-01,Norfolk Constabulary,Norfolk Constabulary,1.198932,52.690354,On or near Broom Close,E01026564,Broadland 006C,Anti-social behaviour,,
e59503173af3338ca479290f038f2e119fce82b2aaaa23244b2c4497cd7dbc4a,2016-01,Norfolk Constabulary,Norfolk Constabulary,1.190071,52.693669,On or near Park/Open Space,E01026564,Broadland 006C,Burglary,Investigation complete; no suspect identified,
bb8650cf61c583f011a2e7488ddc205ecf742c90b98736b300bbd9688e2535ce,2016-01,Norfolk Constabulary,Norfolk Constabulary,1.207356,52.682311,On or near Taverham (Thorpe Marriott) Beat Base,E01026564,Broadland 006C,Burglary,Status update unavailable,
4760e9d8e88c9b6043a114d2ddd23fe5cb6ab5e77c6e5c56551ca9795df69874,2016-01,Norfolk Constabulary,Norfolk Constabulary,1.190071,52.693669,On or near Park/Open Space,E01026564,Broadland 006C,Other theft,Investigation complete; no suspect identified,
70335e0d3488dd501c08ee21155ca801a4a743376d4142c78f6dfb9f487ef16a,2016-01,Norfolk Constabulary,Norfolk Constabulary,1.191735,52.689092,On or near Broadgate,E01026564,Broadland 006C,Violence and sexual offences,Status update unavailable,
eab5716e28cfb372a1edace8993903c788d14ecdf7ed5e65509aae61fbfc9a2a,2016-01,Norfolk Constabulary,Norfolk Constabulary,1.198072,52.686484,On or near Supermarket,E01026564,Broadland 006C,Violence and sexual offences,Status update unavailable,
,2016-01,Norfolk Constabulary,Norfolk Constabulary,1.208026,52.684793,On or near Mont Cross,E01026565,Broadland 006D,Anti-social behaviour,,
,2016-01,Norfolk Constabulary,Norfolk Constabulary,1.206430,52.686231,On or near Nutwood Close,E01026565,Broadland 006D,Anti-social behaviour,,
e4916c80bcabd2542c8b3fa60422be891e28828362c56c3ba87048d9e5c5cdb4,2016-01,Norfolk Constabulary,Norfolk Constabulary,1.206430,52.686231,On or near Nutwood Close,E01026565,Broadland 006D,Drugs,Court result unavailable,
50b34e03d41a90b9bd5e87771fb130f60d40615e0aa67a28cdf1e85a0207a8b2,2016-01,Norfolk Constabulary,Norfolk Constabulary,1.206430,52.686231,On or near Nutwood Close,E01026565,Broadland 006D,Violence and sexual offences,Investigation complete; no suspect identified,
d1d6cc810b8f0fe22d326ec7f9de1052fbd769471f298945665b69ad2f94542d,2016-01,Norfolk Constabulary,Norfolk Constabulary,1.194761,52.681681,On or near Parking Area,E01026566,Broadland 006E,Violence and sexual offences,Local resolution,
648f45ff0e6f3a958f3e0eb08a2a49b525558dc9a7bf3ab152335b2ea8ccfe95,2016-01,Norfolk Constabulary,Norfolk Constabulary,1.191011,52.687690,On or near Mulberry Court,E01026566,Broadland 006E,Violence and sexual offences,Formal action is not in the public interest,
2ecd3142f6ea5455c53fd610f63cec9aa45092d3594fa5057c6e657181443d92,2016-01,Norfolk Constabulary,Norfolk Constabulary,1.197496,52.680429,On or near St Edmund'S Rise,E01026566,Broadland 006E,Violence and sexual offences,Status update unavailable,
c29bab5cef19959fe9b2f2e40663a17b76efe33bc6f4194872e2765bff01bf13,2016-01,Norfolk Constabulary,Norfolk Constabulary,1.194761,52.681681,On or near Parking Area,E01026566,Broadland 006E,Violence and sexual offences,Local resolution,
,2016-01,Norfolk Constabulary,Norfolk Constabulary,1.201160,52.683999,On or near Rossons Road,E01026567,Broadland 006F,Anti-social behaviour,,
,2016-01,Norfolk Constabulary,Norfolk Constabulary,1.201160,52.683999,On or near Rossons Road,E01026567,Broadland 006F,Anti-social behaviour,,
4aac13c08fdbc98a6932d5489e318aa3682aa32fcf092aa1606d1fb499390a1d,2016-01,Norfolk Constabulary,Norfolk Constabulary,1.194269,52.678798,On or near Costessey Road,E01026567,Broadland 006F,Other theft,Investigation complete; no suspect identified,
493ffe351b5293ba377929a46b4413ba28f6bf0682593e6ccc83702eeea94173,2016-01,Norfolk Constabulary,Norfolk Constabulary,1.209071,52.678056,On or near Argyll Crescent,E01026568,Broadland 006G,Other theft,Investigation complete; no suspect identified,
88b5afa088eff08072a219283a7460d81a50a7e6c1bea955e3ac5515475810b0,2016-01,Norfolk Constabulary,Norfolk Constabulary,1.210154,52.678494,On or near Seaforth Drive,E01026568,Broadland 006G,Other theft,Investigation complete; no suspect identified,
227f652f1ed93f0d24e9cf6ba0530204092c213b050149182d11cd9fa06431cc,2016-01,Norfolk Constabulary,Norfolk Constabulary,1.204475,52.676724,On or near Coleridge Close,E01026568,Broadland 006G,Violence and sexual offences,Offender given suspended prison sentence,
b2770335f26754a75d0f27a47d239072eee86f581b9262ba229c6a84f73e857b,2016-01,Norfolk Constabulary,Norfolk Constabulary,1.209265,52.676063,On or near Tusser Road,E01026568,Broadland 006G,Violence and sexual offences,Status update unavailable,
eff337f6c72dadd0c5c015201f09082ef0e9f5249a9a2205c568aa2dd002fde5,2016-01,Norfolk Constabulary,Norfolk Constabulary,1.203023,52.677509,On or near Taverham Chase,E01026568,Broadland 006G,Violence and sexual offences,Status update unavailable,
e53eebfe68095ecae92a9f417ad53bc129e0d713540d162d5337cc2dce6ec53f,2016-01,Norfolk Constabulary,Norfolk Constabulary,1.207378,52.676969,On or near Lytton Road,E01026568,Broadland 006G,Violence and sexual offences,Local resolution,
93a1a0f3428ec01eb20add7f2c9eaa7060a78932f1a550ab8317ed5b42fcefa4,2016-01,Norfolk Constabulary,Norfolk Constabulary,1.203023,52.677509,On or near Taverham Chase,E01026568,Broadland 006G,Violence and sexual offences,Status update unavailable,
c0264c7c53fa5ae6b3f6813fe194ace54bb2ccbd89fabdd9f9de2cc56c7555f4,2016-01,Norfolk Constabulary,Norfolk Constabulary,1.217538,52.687953,On or near Steeple Chase,E01026518,Broadland 007A,Criminal damage and arson,Investigation complete; no suspect identified,
3587b6e46c13de00abd55b3f8edf4767d72a10423b78d3ac29e478ee2121e8ed,2016-01,Norfolk Constabulary,Norfolk Constabulary,1.216294,52.687951,On or near Felsham Way,E01026518,Broadland 007A,Violence and sexual offences,Investigation complete; no suspect identified,
,2016-01,Norfolk Constabulary,Norfolk Constabulary,1.220041,52.690394,On or near Brancaster Close,E01026519,Broadland 007B,Anti-social behaviour,,
d84c61dbd4899e5b4d207ee95ef3e174029397ca5746df06253bf4cb06887f71,2016-01,Norfolk Constabulary,Norfolk Constabulary,1.213351,52.686969,On or near Acres Way,E01026519,Broadland 007B,Violence and sexual offences,Unable to prosecute suspect,
23260cba61a4a36a57aa88a479810f790700883df54edd9fc9627256b28eb5cd,2016-01,Norfolk Constabulary,Norfolk Constabulary,1.238146,52.670448,On or near Drayton High Road,E01026520,Broadland 007C,Burglary,Investigation complete; no suspect identified,
,2016-01,Norfolk Constabulary,Norfolk Constabulary,1.220178,52.676172,On or near The Crescent,E01026521,Broadland 007D,Anti-social behaviour,,
,2016-01,Norfolk Constabulary,Norfolk Constabulary,1.219297,52.675665,On or near Taverham Road,E01026521,Broadland 007D,Anti-social behaviour,,
4983cbfcff00707bcf8d2a042558c937a73815b441948486d99bf8055b0abc70,2016-01,Norfolk Constabulary,Norfolk Constabulary,1.220178,52.676172,On or near The Crescent,E01026521,Broadland 007D,Criminal damage and arson,Unable to prosecute suspect,
7b33987fee9d1d5878c4a3fc719b6034f36ace0e60ab3168ef1e25eeece16f0a,2016-01,Norfolk Constabulary,Norfolk Constabulary,1.220398,52.674943,On or near Station Road,E01026521,Broadland 007D,Criminal damage and arson,Investigation complete; no suspect identified,
54263cd4035be6139776cb642bcce24caab58bc5b0b1f0f27d611b8bc79b77e7,2016-01,Norfolk Constabulary,Norfolk Constabulary,1.223049,52.675779,On or near Petrol Station,E01026521,Broadland 007D,Criminal damage and arson,Offender given suspended prison sentence,
a31d9e42380dd13e34ef34a5fc692949c15f691bd045f9a7d7a105c59d20a72a,2016-01,Norfolk Constabulary,Norfolk Constabulary,1.232919,52.676598,On or near Bone Road,E01026521,Broadland 007D,Violence and sexual offences,Formal action is not in the public interest,
dc56b2dad8bbe57dd5ee4a3d6d28025b98475a14950be7f295d48ea423675589,2016-01,Norfolk Constabulary,Norfolk Constabulary,1.225972,52.674080,On or near Fairview Close,E01026521,Broadland 007D,Violence and sexual offences,Status update unavailable,
,2016-01,Norfolk Constabulary,Norfolk Constabulary,1.412767,52.646170,On or near Beech Drive,E01026545,Broadland 008A,Anti-social behaviour,,
,2016-01,Norfolk Constabulary,Norfolk Constabulary,1.412975,52.645238,On or near Lakeland Close,E01026545,Broadland 008A,Anti-social behaviour,,
07042c30688c06a515395d05d2f8a5555e06b92903e2e0be164eb84838a75475,2016-01,Norfolk Constabulary,Norfolk Constabulary,1.410151,52.647514,On or near Hospital Road,E01026545,Broadland 008A,Violence and sexual offences,Status update unavailable,
0bdbb913055397268743f4d84fed3c862123f62f802a411f24c16b2e0241940b,2016-01,Norfolk Constabulary,Norfolk Constabulary,1.412975,52.645238,On or near Lakeland Close,E01026545,Broadland 008A,Violence and sexual offences,Investigation complete; no suspect identified,
,2016-01,Norfolk Constabulary,Norfolk Constabulary,1.369087,52.650399,On or near Heatherwood Close,E01026546,Broadland 008B,Anti-social behaviour,,
,2016-01,Norfolk Constabulary,Norfolk Constabulary,1.376756,52.665461,On or near Wilde Road,E01026578,Broadland 008C,Anti-social behaviour,,
,2016-01,Norfolk Constabulary,Norfolk Constabulary,1.379223,52.665606,On or near Cornwall Close,E01026578,Broadland 008C,Anti-social behaviour,,
d6d05184a64e23bb7fe3c06e6f41d7900e5bb3a3e8e48fe6880651106ebe027f,2016-01,Norfolk Constabulary,Norfolk Constabulary,1.373158,52.671760,On or near Mackintosh Road,E01026578,Broadland 008C,Criminal damage and arson,Local resolution,
fa5eee3c8bd15109b6d2a1eee57a6686e2034d0bddbd4552140f2f6b47e01658,2016-01,Norfolk Constabulary,Norfolk Constabulary,1.379905,52.659507,On or near Broad Lane,E01026578,Broadland 008C,Criminal damage and arson,Status update unavailable,
f6c16775002cda051d8358d3844570be4d2712312059c8cbd1b34e2a3b7c44a7,2016-01,Norfolk Constabulary,Norfolk Constabulary,1.383340,52.663177,On or near Burton Drive,E01026578,Broadland 008C,Public order,Investigation complete; no suspect identified,
e4ef9a87bbd6196dc87b1ad6b3d19d40f29a98ed43fefa4f94d5a3993fbdca50,2016-01,Norfolk Constabulary,Norfolk Constabulary,1.428412,52.682998,On or near Salhouse Road,E01026579,Broadland 008D,Burglary,Formal action is not in the public interest,
d3df8f30187b536b5594a05f0ae5c4da8fab844f58b291a47907c50182044b5c,2016-01,Norfolk Constabulary,Norfolk Constabulary,1.390800,52.672218,On or near Wood Green,E01026579,Broadland 008D,Burglary,Investigation complete; no suspect identified,
46f576d94a9ea1942ce6b2e87dc9f1b5f74ad4062a5e16b3b8b6c9adaccfdb4b,2016-01,Norfolk Constabulary,Norfolk Constabulary,1.390800,52.672218,On or near Wood Green,E01026579,Broadland 008D,Vehicle crime,Investigation complete; no suspect identified,
db15bd95d9c931d19f2e75529a141a9daf83f9f0e97addc3953d684f76590bbe,2016-01,Norfolk Constabulary,Norfolk Constabulary,1.399655,52.703533,On or near Plattens Court,E01026580,Broadland 008E,Burglary,Investigation complete; no suspect identified,
0d54ae4c8ee2289b21f5e072e38bcb9b24311332d359e6ebec4df81cee7f49dc,2016-01,Norfolk Constabulary,Norfolk Constabulary,1.399322,52.701717,On or near Norwich Road,E01026580,Broadland 008E,Burglary,Investigation complete; no suspect identified,
d102c4e51fe5518dedb134cd0736d1407c2fba3084fd67efb3a613772ae15367,2016-01,Norfolk Constabulary,Norfolk Constabulary,1.397327,52.702340,On or near Skinners Lane,E01026580,Broadland 008E,Burglary,Investigation complete; no suspect identified,
4bfb51971710f4955d59fcf018a96797724596063fb921fef8655d8a1af4cd2b,2016-01,Norfolk Constabulary,Norfolk Constabulary,1.399322,52.701717,On or near Norwich Road,E01026580,Broadland 008E,Violence and sexual offences,Offender sent to prison,
89c03caf4f1f0cca2d963c20bd182b76e3e9a4f4c1a5d4f651a11cf672344f2b,2016-01,Norfolk Constabulary,Norfolk Constabulary,1.405453,52.707827,On or near Staitheway Road,E01026580,Broadland 008E,Violence and sexual offences,Status update unavailable,
03304dc923c903cf3c4aa2275454e07e1edc6e263b15d4a85beed9f29403f8f0,2016-01,Norfolk Constabulary,Norfolk Constabulary,1.397327,52.702340,On or near Skinners Lane,E01026580,Broadland 008E,Violence and sexual offences,Status update unavailable,
,2016-01,Norfolk Constabulary,Norfolk Constabulary,1.296956,52.664589,On or near Catton Court,E01026540,Broadland 009A,Anti-social behaviour,,
,2016-01,Norfolk Constabulary,Norfolk Constabulary,1.301797,52.666010,On or near Woodham Leas,E01026540,Broadland 009A,Anti-social behaviour,,
735337793471adad586ba279cc1a9c233b25fe7b65b1cf37cdaed84cd7277128,2016-01,Norfolk Constabulary,Norfolk Constabulary,1.305292,52.668224,On or near The Paddocks,E01026540,Broadland 009A,Criminal damage and arson,Investigation complete; no suspect identified,
fcbfc37736716677028a9a315003395080a987f69b6248c6593aa2d0ef3fb06a,2016-01,Norfolk Constabulary,Norfolk Constabulary,1.305292,52.668224,On or near The Paddocks,E01026540,Broadland 009A,Criminal damage and arson,Investigation complete; no suspect identified,
68ffa7ed1d09fdf2cd905abca9b5d60e6bf25de7302a8708f8b948d4813eb263,2016-01,Norfolk Constabulary,Norfolk Constabulary,1.305292,52.668224,On or near The Paddocks,E01026540,Broadland 009A,Criminal damage and arson,Investigation complete; no suspect identified,
d0a5f95bfadb35257924e2ca1eaebd61a6ff8114a10cec32a4d0fd10be3ce9ca,2016-01,Norfolk Constabulary,Norfolk Constabulary,1.305292,52.668224,On or near The Paddocks,E01026540,Broadland 009A,Criminal damage and arson,Investigation complete; no suspect identified,
6ebe17a98ae9e59834529fbde49130c69bb3f09794be7d84ff342a9d551a1131,2016-01,Norfolk Constabulary,Norfolk Constabulary,1.296186,52.664583,On or near St Faith'S Road,E01026540,Broadland 009A,Criminal damage and arson,Investigation complete; no suspect identified,
a293243e51090edeb0641d37671fee33f463e7af3741d3c03007cf2cb22704da,2016-01,Norfolk Constabulary,Norfolk Constabulary,1.301380,52.667541,On or near Lodge Lane,E01026540,Broadland 009A,Criminal damage and arson,Investigation complete; no suspect identified,
c708ab634c888cb3557b40329e3d2374859cd3a7226476cc7ac15f93cdc727d6,2016-01,Norfolk Constabulary,Norfolk Constabulary,1.305292,52.668224,On or near The Paddocks,E01026540,Broadland 009A,Violence and sexual offences,Investigation complete; no suspect identified,
,2016-01,Norfolk Constabulary,Norfolk Constabulary,1.313658,52.666164,On or near White Woman Lane,E01026541,Broadland 009B,Anti-social behaviour,,
,2016-01,Norfolk Constabulary,Norfolk Constabulary,1.311847,52.661790,On or near Tills Road,E01026541,Broadland 009B,Anti-social behaviour,,
0a5d60a127f6d709d51aed6f4b68f533f5b0b756d06ccbd0e56b2919136fc652,2016-01,Norfolk Constabulary,Norfolk Constabulary,1.309271,52.671152,On or near Buxton Road,E01026541,Broadland 009B,Criminal damage and arson,Investigation complete; no suspect identified,
b90dd3553080b82586e015f0b2ed392d3a06b94246842612145eb2074c1fb1e7,2016-01,Norfolk Constabulary,Norfolk Constabulary,1.310717,52.666408,On or near Longe Road,E01026541,Broadland 009B,Criminal damage and arson,Investigation complete; no suspect identified,
d6ae5ce0962a9e87646c0309d2bf378839bfa1cc9cbec9bc82b1732311cc2327,2016-01,Norfolk Constabulary,Norfolk Constabulary,1.313658,52.666164,On or near White Woman Lane,E01026541,Broadland 009B,Drugs,Status update unavailable,
fb5719e6957b735c908f95baa3a81e4c32f016d4c7110f9978ca06e5cea94416,2016-01,Norfolk Constabulary,Norfolk Constabulary,1.315568,52.664429,On or near Archer Close,E01026541,Broadland 009B,Public order,Status update unavailable,
39c3917b41e458e33a5792b4aacd49bb3f152898672747ee6c871275708976b3,2016-01,Norfolk Constabulary,Norfolk Constabulary,1.317564,52.668132,On or near Sports/Recreation Area,E01026541,Broadland 009B,Violence and sexual offences,Status update unavailable,
58454508cc39c6c95885a9d50053cfdef90dc8dc82cc08912a98011216463d65,2016-01,Norfolk Constabulary,Norfolk Constabulary,1.310717,52.666408,On or near Longe Road,E01026541,Broadland 009B,Violence and sexual offences,Formal action is not in the public interest,
,2016-01,Norfolk Constabulary,Norfolk Constabulary,1.303196,52.661816,On or near Spixworth Road,E01026542,Broadland 009C,Anti-social behaviour,,
,2016-01,Norfolk Constabulary,Norfolk Constabulary,1.307780,52.659844,On or near Bracey Avenue,E01026542,Broadland 009C,Anti-social behaviour,,
,2016-01,Norfolk Constabulary,Norfolk Constabulary,1.307780,52.659844,On or near Bracey Avenue,E01026542,Broadland 009C,Anti-social behaviour,,
,2016-01,Norfolk Constabulary,Norfolk Constabulary,1.308933,52.665118,On or near Brayfield Way,E01026542,Broadland 009C,Anti-social behaviour,,
361b9a151d79df779c9ea12f60dae2d20584e10e910b51492a9f95179eb06b85,2016-01,Norfolk Constabulary,Norfolk Constabulary,1.309636,52.659351,On or near Tills Close,E01026542,Broadland 009C,Public order,Defendant found not guilty,
,2016-01,Norfolk Constabulary,Norfolk Constabulary,1.303914,52.658783,On or near The Warren,E01026543,Broadland 009D,Anti-social behaviour,,
92143e5fc9c00929206a4667904a31b0777e4be2de344446500acefea636d501,2016-01,Norfolk Constabulary,Norfolk Constabulary,1.306172,52.657739,On or near Dixon'S Fold,E01026543,Broadland 009D,Criminal damage and arson,Investigation complete; no suspect identified,
54a5af9706c69e8de445467999a30f4cb85e028ba3d502b635c0ed19edc5aa42,2016-01,Norfolk Constabulary,Norfolk Constabulary,1.302749,52.656477,On or near Grange Close,E01026543,Broadland 009D,Violence and sexual offences,Status update unavailable,
,2016-01,Norfolk Constabulary,Norfolk Constabulary,1.293661,52.669555,On or near Evans Way,E01026544,Broadland 009E,Anti-social behaviour,,
618b280f5af48a8c0303a4fdac81c6b7e1f016dddf9caf39823e6437381b916e,2016-01,Norfolk Constabulary,Norfolk Constabulary,1.293661,52.669555,On or near Evans Way,E01026544,Broadland 009E,Criminal damage and arson,Investigation complete; no suspect identified,
8ce112a7be348816e15cb6d12e508bac368722c7a612e9ffe76abbac44aeafac,2016-01,Norfolk Constabulary,Norfolk Constabulary,1.304783,52.670288,On or near Edgefield Close,E01026544,Broadland 009E,Criminal damage and arson,Investigation complete; no suspect identified,
f9c4bf2845822d1604b6f68504e6c2c00eb00164fa9ebe03eeb77adabb7c6282,2016-01,Norfolk Constabulary,Norfolk Constabulary,1.304783,52.670288,On or near Edgefield Close,E01026544,Broadland 009E,Criminal damage and arson,Investigation complete; no suspect identified,
106552ae44ec19e96aec0dff9ce157a6bf346aeccedd66ddf78adcb39fa47cc4,2016-01,Norfolk Constabulary,Norfolk Constabulary,1.304783,52.670288,On or near Edgefield Close,E01026544,Broadland 009E,Other theft,Investigation complete; no suspect identified,
b54f2038df772d229b093f1a9d3748aef5d9efab0af65c36c047ba7f0b5cd028,2016-01,Norfolk Constabulary,Norfolk Constabulary,1.293661,52.669555,On or near Evans Way,E01026544,Broadland 009E,Violence and sexual offences,Unable to prosecute suspect,
b893c996d0a249875a31a169fd47f55c88a274cdcde63fa233293ea460c07392,2016-01,Norfolk Constabulary,Norfolk Constabulary,1.304783,52.670288,On or near Edgefield Close,E01026544,Broadland 009E,Other crime,Status update unavailable,
,2016-01,Norfolk Constabulary,Norfolk Constabulary,1.259024,52.665333,On or near Wood View Road,E01026527,Broadland 010B,Anti-social behaviour,,
5412d453b5f80c6274bb2cb2940f2be1b54c5e85e2f445ea249382ee85f9ce36,2016-01,Norfolk Constabulary,Norfolk Constabulary,1.263363,52.665196,On or near Supermarket,E01026527,Broadland 010B,Burglary,Investigation complete; no suspect identified,
0d16e482054c7a75c56e4a0fecfac5b538c54031a048cd30fff92bce07114817,2016-01,Norfolk Constabulary,Norfolk Constabulary,1.263363,52.665196,On or near Supermarket,E01026527,Broadland 010B,Violence and sexual offences,Court case unable to proceed,
27c350250ff3be0e3be9b327fca041259c4879b414bcda00b23e51dfd910e6b7,2016-01,Norfolk Constabulary,Norfolk Constabulary,1.262623,52.669353,On or near Berrington Road,E01026527,Broadland 010B,Violence and sexual offences,Unable to prosecute suspect,
e2dd8905a50100d5bbb2615b24c21d93cae181230dbcbc60f46da39f387b1c3e,2016-01,Norfolk Constabulary,Norfolk Constabulary,1.263363,52.665196,On or near Supermarket,E01026527,Broadland 010B,Violence and sexual offences,Investigation complete; no suspect identified,
79783741c9557a95d86dfc97e630154eb6d466a82473ccd381a857fdfd907fe3,2016-01,Norfolk Constabulary,Norfolk Constabulary,1.257207,52.652837,On or near Hellesdon Park Road,E01026529,Broadland 010D,Burglary,Investigation complete; no suspect identified,
51d8aa6134c2daac2d914f54ef52c60acd13ef98df3647e58426a9161c60a118,2016-01,Norfolk Constabulary,Norfolk Constabulary,1.250923,52.657839,On or near Sports/Recreation Area,E01026529,Broadland 010D,Criminal damage and arson,Unable to prosecute suspect,
5fab8629ad205a886bec9b5c5e1fce3deac7ee81c6bd15b34811ec3a54cea262,2016-01,Norfolk Constabulary,Norfolk Constabulary,1.250923,52.657839,On or near Sports/Recreation Area,E01026529,Broadland 010D,Public order,Formal action is not in the public interest,
6408bbbb4841b70a426b3843fdd0a886d16484964747b36a92bc6fb7a534414a,2016-01,Norfolk Constabulary,Norfolk Constabulary,1.249304,52.663316,On or near Pleasant Close,E01026529,Broadland 010D,Vehicle crime,Investigation complete; no suspect identified,
8967fb9374765a3a153f7d59a871736ad2ca6e5612d214ad03d2fe85b1b9404a,2016-01,Norfolk Constabulary,Norfolk Constabulary,1.250923,52.657839,On or near Sports/Recreation Area,E01026529,Broadland 010D,Violence and sexual offences,Formal action is not in the public interest,
c3d552369e6657d18f33073a1729a5846b96e803c9f392614453a5f10e6e8b33,2016-01,Norfolk Constabulary,Norfolk Constabulary,1.250923,52.657839,On or near Sports/Recreation Area,E01026529,Broadland 010D,Violence and sexual offences,Unable to prosecute suspect,
bd905e34c534bb8d60b45f0b0b5584cb4371034f896e13a18148ab991fb57057,2016-01,Norfolk Constabulary,Norfolk Constabulary,1.250923,52.657839,On or near Sports/Recreation Area,E01026529,Broadland 010D,Violence and sexual offences,Formal action is not in the public interest,
5f545d9c1b3731512ccf562a18ad25bb7e00207309662c05a47ddecdd97a4d22,2016-01,Norfolk Constabulary,Norfolk Constabulary,1.256894,52.662352,On or near Nursery Close,E01026529,Broadland 010D,Violence and sexual offences,Offender given a caution,
72ca387386aa524abce50784ecf5479e9284e197b45616cd533133c0d4268939,2016-01,Norfolk Constabulary,Norfolk Constabulary,1.250923,52.657839,On or near Sports/Recreation Area,E01026529,Broadland 010D,Violence and sexual offences,Formal action is not in the public interest,
9c661867664b8664a50aa835686e522884ba28f3000c5b3d07950538dbb44316,2016-01,Norfolk Constabulary,Norfolk Constabulary,1.250923,52.657839,On or near Sports/Recreation Area,E01026529,Broadland 010D,Violence and sexual offences,Unable to prosecute suspect,
,2016-01,Norfolk Constabulary,Norfolk Constabulary,1.275050,52.665008,On or near Heath Crescent,E01026530,Broadland 011A,Anti-social behaviour,,
,2016-01,Norfolk Constabulary,Norfolk Constabulary,1.273697,52.659775,On or near Heather Avenue,E01026530,Broadland 011A,Anti-social behaviour,,
,2016-01,Norfolk Constabulary,Norfolk Constabulary,1.273697,52.659775,On or near Heather Avenue,E01026530,Broadland 011A,Anti-social behaviour,,
267276e6f79ef5246602e556c475940898fe6b7a7cf71b828d682f8fd6a75d4d,2016-01,Norfolk Constabulary,Norfolk Constabulary,1.282713,52.658311,On or near Jupiter Road,E01026530,Broadland 011A,Shoplifting,Offender sent to prison,
4323db7f7f48968f00182e7766f099e2653e9f301024c1d4d556ab71cac43cc8,2016-01,Norfolk Constabulary,Norfolk Constabulary,1.277127,52.656784,On or near A140,E01026530,Broadland 011A,Violence and sexual offences,Status update unavailable,
ee6bb44e9a86812a629e1ec0d7579ab4d3e593aa9f5805e56453964fe335dbc5,2016-01,Norfolk Constabulary,Norfolk Constabulary,1.277263,52.660783,On or near Waldemar Avenue,E01026530,Broadland 011A,Violence and sexual offences,Formal action is not in the public interest,
,2016-01,Norfolk Constabulary,Norfolk Constabulary,1.266916,52.662058,On or near Berkley Close,E01026531,Broadland 011B,Anti-social behaviour,,
c6b648d1c533d01928cd8426080c51153d17319afa51e416543b5a927dd31a66,2016-01,Norfolk Constabulary,Norfolk Constabulary,1.265540,52.653723,On or near Woods Close,E01026531,Broadland 011B,Bicycle theft,Investigation complete; no suspect identified,
d464673b92181027a42f01150bc7f59f3f78701f3fce504d1a6c638a8b883022,2016-01,Norfolk Constabulary,Norfolk Constabulary,1.268874,52.656194,On or near Coronation Road,E01026531,Broadland 011B,Shoplifting,Status update unavailable,
6ed11ed4ef40ee4f71d27ef52475c9596a30654163bafadbc3c818fbb21b6ac3,2016-01,Norfolk Constabulary,Norfolk Constabulary,1.265540,52.653723,On or near Woods Close,E01026531,Broadland 011B,Violence and sexual offences,Formal action is not in the public interest,
ee5a8a35b37ef6ecd99ed15356443ae95b2d969d6e77377f2bd294913c125ae6,2016-01,Norfolk Constabulary,Norfolk Constabulary,1.265540,52.653723,On or near Woods Close,E01026531,Broadland 011B,Violence and sexual offences,Court result unavailable,
c700de1116fd048f31d8491a6066c52cd846c2d2949deb2d14653a4e1699f8c1,2016-01,Norfolk Constabulary,Norfolk Constabulary,1.265540,52.653723,On or near Woods Close,E01026531,Broadland 011B,Violence and sexual offences,Status update unavailable,
,2016-01,Norfolk Constabulary,Norfolk Constabulary,1.267210,52.664613,On or near Windsor Road,E01026532,Broadland 011C,Anti-social behaviour,,
6c6dea87bc39e284fa10c90dd39d7a7123c5e7925c333841f110f0280e5675f9,2016-01,Norfolk Constabulary,Norfolk Constabulary,1.265068,52.663665,On or near Reepham Road,E01026532,Broadland 011C,Burglary,Investigation complete; no suspect identified,
4f0b0b4df20a9523c58c6edf9d9ff0e3a2a64656f4925670592bd7c1ef033695,2016-01,Norfolk Constabulary,Norfolk Constabulary,1.265068,52.663665,On or near Reepham Road,E01026532,Broadland 011C,Drugs,Status update unavailable,
b8eedda8b2d8319550b68586429fe96e2c96730b8b6938a779686829863b7448,2016-01,Norfolk Constabulary,Norfolk Constabulary,1.268249,52.665456,On or near Meadow Way,E01026532,Broadland 011C,Drugs,Offender given a caution,
ce36300148697eb58751332c336ba32224dafb3332f33ecf67c06f45b60c5a6f,2016-01,Norfolk Constabulary,Norfolk Constabulary,1.261505,52.662890,On or near Westgate,E01026532,Broadland 011C,Vehicle crime,Investigation complete; no suspect identified,
cca2ca3765aa22b9b016a6d7b4542bf2b75866a7c91966ad5c251e2ffc37513f,2016-01,Norfolk Constabulary,Norfolk Constabulary,1.267210,52.664613,On or near Windsor Road,E01026532,Broadland 011C,Violence and sexual offences,Status update unavailable,
cf5789371e18511d989e02e5bd95bd03407d57d0207105621d9b4d1d30a46220,2016-01,Norfolk Constabulary,Norfolk Constabulary,1.254810,52.659189,On or near Ferndale Close,E01026532,Broadland 011C,Violence and sexual offences,Unable to prosecute suspect,
f30c24d71a10df71121fde6d79546c8ba07f1289d87e7d1b91fb57b56affcc10,2016-01,Norfolk Constabulary,Norfolk Constabulary,1.322987,52.658690,On or near Coughtrey Close,E01026553,Broadland 012A,Other theft,Investigation complete; no suspect identified,
c4d874d1a313823f9a848bb6cf962f074cb7c816eaffef4b44f3968e8979c4ae,2016-01,Norfolk Constabulary,Norfolk Constabulary,1.320693,52.659455,On or near Blenheim Crescent,E01026553,Broadland 012A,Violence and sexual offences,Formal action is not in the public interest,
,2016-01,Norfolk Constabulary,Norfolk Constabulary,1.326430,52.662352,On or near St Margarets Drive,E01026554,Broadland 012B,Anti-social behaviour,,
7d7b6dcf55c20a11fc21874a81f0db51d420d5f9aa9c17c6be19c264e8938c19,2016-01,Norfolk Constabulary,Norfolk Constabulary,1.327661,52.661229,On or near Aslake Close,E01026554,Broadland 012B,Violence and sexual offences,Court result unavailable,
,2016-01,Norfolk Constabulary,Norfolk Constabulary,1.312944,52.661822,On or near Petrol Station,E01026555,Broadland 012C,Anti-social behaviour,,
,2016-01,Norfolk Constabulary,Norfolk Constabulary,1.312988,52.658682,On or near Colindeep Lane,E01026555,Broadland 012C,Anti-social behaviour,,
,2016-01,Norfolk Constabulary,Norfolk Constabulary,1.315560,52.659833,On or near Edwards Road,E01026555,Broadland 012C,Anti-social behaviour,,
2139b1a3933d1325b57ba6c0b1346d33417e84ed1995665fc466d8b4d299f708,2016-01,Norfolk Constabulary,Norfolk Constabulary,1.317239,52.661693,On or near Foxburrow Road,E01026555,Broadland 012C,Criminal damage and arson,Investigation complete; no suspect identified,
e920148d770922c4b041fe45673dac9a22c0af332f03e353701f18c45a84c3ec,2016-01,Norfolk Constabulary,Norfolk Constabulary,1.312988,52.658682,On or near Colindeep Lane,E01026555,Broadland 012C,Criminal damage and arson,Investigation complete; no suspect identified,
30d26e9c7eccf4bd582188075c2b4f0084f9ffb0098cf474e8dc6ae5be93db15,2016-01,Norfolk Constabulary,Norfolk Constabulary,1.315240,52.659716,On or near Edwards Court,E01026555,Broadland 012C,Criminal damage and arson,Investigation complete; no suspect identified,
952b5ff27cdc7c0d544d82955d87b8d6d9754c0ff42b35f0eafe9c5799d03343,2016-01,Norfolk Constabulary,Norfolk Constabulary,1.312944,52.661822,On or near Petrol Station,E01026555,Broadland 012C,Criminal damage and arson,Court result unavailable,
25a2fec3a4f20446b27283d8f5b21fdd6c2155500bedac7714591d07fdd17c8a,2016-01,Norfolk Constabulary,Norfolk Constabulary,1.317476,52.655256,On or near Sprowston Police Station,E01026555,Broadland 012C,Drugs,Offender given a caution,
5a4ea578d7613fbfd4e15cf7de5ccff7830013c5ba6754bae18d07c554220cbf,2016-01,Norfolk Constabulary,Norfolk Constabulary,1.312944,52.661822,On or near Petrol Station,E01026555,Broadland 012C,Violence and sexual offences,Offender otherwise dealt with,
89038bb7e5c220c0bb1537076bd7defe58afcac6d7c2574cb1d9c80f3e06969a,2016-01,Norfolk Constabulary,Norfolk Constabulary,1.318018,52.657534,On or near Dixon Road,E01026555,Broadland 012C,Violence and sexual offences,Status update unavailable,
7493b69ab29ebf8093b79f7f504aa6dd314183714b747118986f8cdde409381e,2016-01,Norfolk Constabulary,Norfolk Constabulary,1.313717,52.661675,On or near North Walsham Road,E01026555,Broadland 012C,Violence and sexual offences,Formal action is not in the public interest,
affcfda6782d78401d9674a5275475c61a3dc75a9f343e4c3430f2c595dbf560,2016-01,Norfolk Constabulary,Norfolk Constabulary,1.312944,52.661822,On or near Petrol Station,E01026555,Broadland 012C,Other crime,Status update unavailable,
,2016-01,Norfolk Constabulary,Norfolk Constabulary,1.340815,52.648493,On or near Woodside Road,E01026558,Broadland 013B,Anti-social behaviour,,
,2016-01,Norfolk Constabulary,Norfolk Constabulary,1.316975,52.648650,On or near Holly Bank,E01026559,Broadland 013C,Anti-social behaviour,,
f5dd8247f40a5727cb310d97a06f01946d011bb0bf9150eb00d72b081866e82c,2016-01,Norfolk Constabulary,Norfolk Constabulary,1.319514,52.652878,On or near Russell Avenue,E01026559,Broadland 013C,Criminal damage and arson,Investigation complete; no suspect identified,
56279a4e2d66ba1149ed9dea232a22f5cca00def4b580d8dbeb2947f0a012c66,2016-01,Norfolk Constabulary,Norfolk Constabulary,1.316511,52.649940,On or near Lambert Road,E01026559,Broadland 013C,Criminal damage and arson,Investigation complete; no suspect identified,
7bdd3424c2eeb7fb6e9d1ac23e0e555582c64c6675bb587f26e80216b0ad5689,2016-01,Norfolk Constabulary,Norfolk Constabulary,1.322275,52.652036,On or near Stillington Close,E01026559,Broadland 013C,Public order,Formal action is not in the public interest,
,2016-01,Norfolk Constabulary,Norfolk Constabulary,1.336917,52.656526,On or near Yew Court,E01026561,Broadland 013E,Anti-social behaviour,,
,2016-01,Norfolk Constabulary,Norfolk Constabulary,1.340603,52.667412,On or near Parking Area,E01026561,Broadland 013E,Anti-social behaviour,,
0cd94cd0271433e92edb53214d98795f7137267703b3807979ba651e422abe29,2016-01,Norfolk Constabulary,Norfolk Constabulary,1.340603,52.667412,On or near Parking Area,E01026561,Broadland 013E,Burglary,Investigation complete; no suspect identified,
a1c15339a6470654c658fec1ebfd6e65507260a494bdc1fda20ef85e33349980,2016-01,Norfolk Constabulary,Norfolk Constabulary,1.335277,52.660044,On or near Supermarket,E01026561,Broadland 013E,Criminal damage and arson,Status update unavailable,
e7a8660f6390e0e97fe51bdc2844b64a203b9c64f702cd58ea3fcfae6a744c9c,2016-01,Norfolk Constabulary,Norfolk Constabulary,1.330830,52.661266,On or near Wroxham Road,E01026561,Broadland 013E,Criminal damage and arson,Status update unavailable,
f83c7ebebd733d66afbdd421c23c37b543dd79f11e426377935b160f4dcfb35f,2016-01,Norfolk Constabulary,Norfolk Constabulary,1.330830,52.661266,On or near Wroxham Road,E01026561,Broadland 013E,Other theft,Investigation complete; no suspect identified,
8c9c1f6b80882fd24767c3d9c02ea3d5e90a36477f6e38b3dc8b51f66b01c503,2016-01,Norfolk Constabulary,Norfolk Constabulary,1.332215,52.661398,On or near Cranes Croft Road,E01026561,Broadland 013E,Public order,Investigation complete; no suspect identified,
6ed599cfc41f7bc7cb9320ff5d5d07af783d8d0d45a65851d933c3e15eece643,2016-01,Norfolk Constabulary,Norfolk Constabulary,1.330830,52.661266,On or near Wroxham Road,E01026561,Broadland 013E,Public order,Court result unavailable,
2a541227e4b80ae9d72f3dae85a64ae092e5c45946ea9ae08eed1cc2266c76f1,2016-01,Norfolk Constabulary,Norfolk Constabulary,1.335277,52.660044,On or near Supermarket,E01026561,Broadland 013E,Shoplifting,Offender given penalty notice,
51575f82f4860d51e756071d250b67eaf1eb2742c7d8cf5b183f32616c508f6a,2016-01,Norfolk Constabulary,Norfolk Constabulary,1.340603,52.667412,On or near Parking Area,E01026561,Broadland 013E,Violence and sexual offences,Status update unavailable,
d04ed66f9b703928d137db390ea74c2d820e2f76d8fd11ed291317269d030859,2016-01,Norfolk Constabulary,Norfolk Constabulary,1.330506,52.657795,On or near Peregrine Mews,E01026561,Broadland 013E,Violence and sexual offences,Formal action is not in the public interest,
2d6482b06b610acc1568b8613ddc098568cd3df41c3f5b25f23d24699b7be44c,2016-01,Norfolk Constabulary,Norfolk Constabulary,1.545647,52.656808,On or near Horses Head,E01026504,Broadland 014A,Violence and sexual offences,Status update unavailable,
b6cb077b067e25d5f6beec3c8da9b53963a363028f9aa13af0a8ec13c9d14bce,2016-01,Norfolk Constabulary,Norfolk Constabulary,1.545647,52.656808,On or near Horses Head,E01026504,Broadland 014A,Violence and sexual offences,Offender given a caution,
,2016-01,Norfolk Constabulary,Norfolk Constabulary,1.445571,52.630659,On or near St Andrew'S Way,E01026505,Broadland 014B,Anti-social behaviour,,
7dddf74d241d4b2de8217f37f08d7dd12a127d177d9c338b606134855ebd1525,2016-01,Norfolk Constabulary,Norfolk Constabulary,1.461371,52.633256,On or near Lingwood Road,E01026505,Broadland 014B,Drugs,Court result unavailable,
,2016-01,Norfolk Constabulary,Norfolk Constabulary,1.432131,52.649100,On or near Skedge Way,E01026506,Broadland 014C,Anti-social behaviour,,
,2016-01,Norfolk Constabulary,Norfolk Constabulary,1.490284,52.617647,On or near Farm Close,E01026512,Broadland 014E,Anti-social behaviour,,
321ba3934d9d4b4bc170397df195738368900c2f938689613ef36a9b8a5eb729,2016-01,Norfolk Constabulary,Norfolk Constabulary,1.510872,52.611408,On or near Old Southwood Road,E01026512,Broadland 014E,Other theft,Investigation complete; no suspect identified,
80697e1edcbdd30a685ddb1f8427c002ead5d279edd86dd7b74977438a955a04,2016-01,Norfolk Constabulary,Norfolk Constabulary,1.489836,52.623525,On or near Acorn Close,E01026513,Broadland 014F,Drugs,Court result unavailable,
e4570eeeb0bfe8377aca3d64de7fa4cb8cd54b10afe261b86bc1c715c3814a8c,2016-01,Norfolk Constabulary,Norfolk Constabulary,1.489244,52.625179,On or near Barn Close,E01026513,Broadland 014F,Other theft,Unable to prosecute suspect,
8e9ca4958a58a8fcba4b4f2d1ab1cd58088b6ab8f300c256531044cdbac293f3,2016-01,Norfolk Constabulary,Norfolk Constabulary,1.349607,52.643379,On or near Plumstead Road East,E01026569,Broadland 015A,Burglary,Investigation complete; no suspect identified,
1fe89d288842c58a01ead9f56da17f0f259d558a3812c1791e6a06334862cf58,2016-01,Norfolk Constabulary,Norfolk Constabulary,1.345622,52.644049,On or near Armstrong Road,E01026569,Broadland 015A,Criminal damage and arson,Investigation complete; no suspect identified,
8ef962c886a201cb369c94d34d5487f6ea728a2e8099843935d1cef2d77503b3,2016-01,Norfolk Constabulary,Norfolk Constabulary,1.342832,52.645081,On or near Racecourse Road,E01026569,Broadland 015A,Violence and sexual offences,Unable to prosecute suspect,
82b75f5e5d2ffc145eb01eb6e16dff056e0d1a595e10205aff40a6496112f400,2016-01,Norfolk Constabulary,Norfolk Constabulary,1.356096,52.640272,On or near Prior Road,E01026570,Broadland 015B,Criminal damage and arson,Investigation complete; no suspect identified,
adc8a4b2023a0afe514384addaa3184557d2a6ca36f93e43cdc19d397118de1d,2016-01,Norfolk Constabulary,Norfolk Constabulary,1.347889,52.635405,On or near Cyril Road,E01026570,Broadland 015B,Criminal damage and arson,Offender given a caution,
64c565825d8fa65c406988e6454ea6361305423040c658a724de258697afac2f,2016-01,Norfolk Constabulary,Norfolk Constabulary,1.347889,52.635405,On or near Cyril Road,E01026570,Broadland 015B,Criminal damage and arson,Formal action is not in the public interest,
afd0650ce95cb9016d2d5cb46e14d06ee06a7537bb19cfff99e135eeb7c4a7e4,2016-01,Norfolk Constabulary,Norfolk Constabulary,1.346705,52.637327,On or near Spinney Close,E01026570,Broadland 015B,Criminal damage and arson,Investigation complete; no suspect identified,
80b5929bdf2e86046533480eb8ecde122af5caf719237823ac1020f6ac1b4a58,2016-01,Norfolk Constabulary,Norfolk Constabulary,1.351518,52.638594,On or near Thompson Road,E01026570,Broadland 015B,Public order,Investigation complete; no suspect identified,
d9cddf08aa7b36b5d6271d31670d5cf4b4d1e33fca0a771d79591b5729da3f62,2016-01,Norfolk Constabulary,Norfolk Constabulary,1.353293,52.636673,On or near St Catherines Road,E01026570,Broadland 015B,Violence and sexual offences,Local resolution,
e9532f207df4ebe9fd2fdb306153e125a7623bde8997fd53ced5bc9725782646,2016-01,Norfolk Constabulary,Norfolk Constabulary,1.336379,52.635676,On or near St Williams Way,E01026571,Broadland 015C,Other theft,Local resolution,
ad8b86171cdcfa4bc4d8639851ab420a1cd326db36af23ec058210c9d655840a,2016-01,Norfolk Constabulary,Norfolk Constabulary,1.342230,52.641267,On or near Woodside Road,E01026571,Broadland 015C,Violence and sexual offences,Investigation complete; no suspect identified,
,2016-01,Norfolk Constabulary,Norfolk Constabulary,1.340540,52.632860,On or near Thor Close,E01026572,Broadland 015D,Anti-social behaviour,,
,2016-01,Norfolk Constabulary,Norfolk Constabulary,1.329880,52.631479,On or near Rockland Drive,E01026572,Broadland 015D,Anti-social behaviour,,
e79201b4437537d012c77f1569dd4588dc68856c062960eba6f31960047731b9,2016-01,Norfolk Constabulary,Norfolk Constabulary,1.339686,52.634647,On or near Thor Loke,E01026572,Broadland 015D,Criminal damage and arson,Investigation complete; no suspect identified,
1d187fd3a83d9ad5f93dc6d82708cbfe1917bc38a11363d7a1ea3f3d35918d86,2016-01,Norfolk Constabulary,Norfolk Constabulary,1.335641,52.632783,On or near Green Court,E01026572,Broadland 015D,Other theft,Investigation complete; no suspect identified,
c2527d19c1507f3fdacef824d0498629ecb5a957ee2f017865b8a668fc27d7b2,2016-01,Norfolk Constabulary,Norfolk Constabulary,1.336036,52.632538,On or near Blakestone Drive,E01026572,Broadland 015D,Other theft,Investigation complete; no suspect identified,
c60228a7c3694cbec104a1df94a49db9348d6948dba37f7509856b457fcf6d8d,2016-01,Norfolk Constabulary,Norfolk Constabulary,1.340797,52.631972,On or near Hill Crest Road,E01026572,Broadland 015D,Other theft,Investigation complete; no suspect identified,
55d9e59c35456b35ff99474b85e10ddf39860784a9d9384f19cd7ddff8a21f77,2016-01,Norfolk Constabulary,Norfolk Constabulary,1.329941,52.635389,On or near Margetson Avenue,E01026572,Broadland 015D,Violence and sexual offences,Status update unavailable,
dd42a630b4fa4a8e02c04d7804c428f3bb113e524b1dafbd9997fa6962f4c8a6,2016-01,Norfolk Constabulary,Norfolk Constabulary,1.329880,52.631479,On or near Rockland Drive,E01026572,Broadland 015D,Violence and sexual offences,Unable to prosecute suspect,
46931079394a89f101ee22fc0a913721b39f88ef0b86815db0bf79ccc02bd680,2016-01,Norfolk Constabulary,Norfolk Constabulary,1.329880,52.631479,On or near Rockland Drive,E01026572,Broadland 015D,Violence and sexual offences,Unable to prosecute suspect,
,2016-01,Norfolk Constabulary,Norfolk Constabulary,1.352115,52.635384,On or near Davidson Close,E01026573,Broadland 015E,Anti-social behaviour,,
,2016-01,Norfolk Constabulary,Norfolk Constabulary,1.351058,52.634128,On or near Davidson Road,E01026573,Broadland 015E,Anti-social behaviour,,
95b4119e281bfefab278428b9bfbea9fd0c2eb4cc2b231dbd3f5ba77d9a120d7,2016-01,Norfolk Constabulary,Norfolk Constabulary,1.350679,52.632655,On or near Gargle Hill,E01026573,Broadland 015E,Other theft,Formal action is not in the public interest,
d32afa115400cfd88e51f750e9e4fd01129ecbc0d5835c6e27d4f3fb3a1c8ff5,2016-01,Norfolk Constabulary,Norfolk Constabulary,1.348833,52.632482,On or near Elizabeth Avenue,E01026573,Broadland 015E,Violence and sexual offences,Formal action is not in the public interest,
,2016-01,Norfolk Constabulary,Norfolk Constabulary,1.364039,52.633769,On or near Dragoon Close,E01026574,Broadland 016A,Anti-social behaviour,,
,2016-01,Norfolk Constabulary,Norfolk Constabulary,1.365349,52.635233,On or near Winstanley Road,E01026574,Broadland 016A,Anti-social behaviour,,
,2016-01,Norfolk Constabulary,Norfolk Constabulary,1.363147,52.638138,On or near Marston Moor,E01026574,Broadland 016A,Anti-social behaviour,,
,2016-01,Norfolk Constabulary,Norfolk Constabulary,1.366425,52.634429,On or near Newark Close,E01026574,Broadland 016A,Anti-social behaviour,,
,2016-01,Norfolk Constabulary,Norfolk Constabulary,1.359887,52.638222,On or near Sports/Recreation Area,E01026574,Broadland 016A,Anti-social behaviour,,
,2016-01,Norfolk Constabulary,Norfolk Constabulary,1.366163,52.636209,On or near Newbury Way,E01026574,Broadland 016A,Anti-social behaviour,,
280348d88a940b300afc3ffc2512d6e2b8e437bf80868fdb838a8efbc16b5c8c,2016-01,Norfolk Constabulary,Norfolk Constabulary,1.365349,52.635233,On or near Winstanley Road,E01026574,Broadland 016A,Public order,Formal action is not in the public interest,
99ce79fd692ec557a7775177e673e9aa4bbc2383afa52617064d68d33f0923ba,2016-01,Norfolk Constabulary,Norfolk Constabulary,1.366425,52.634429,On or near Newark Close,E01026574,Broadland 016A,Violence and sexual offences,Court result unavailable,
67730c060ffdc3b0777870a1f4ca224621f029ae5266a51bccc025ce9f1293e2,2016-01,Norfolk Constabulary,Norfolk Constabulary,1.366425,52.634429,On or near Newark Close,E01026574,Broadland 016A,Violence and sexual offences,Court result unavailable,
8814dbd5e2bf03db75bb41eafe0c9744fea5fd58ac676fa7de2b1d993d81ef01,2016-01,Norfolk Constabulary,Norfolk Constabulary,1.366425,52.634429,On or near Newark Close,E01026574,Broadland 016A,Violence and sexual offences,Formal action is not in the public interest,
ee3bfce2d5cd878732b6108e430bef835714a2ace2621bc8748f1c35d50ceb33,2016-01,Norfolk Constabulary,Norfolk Constabulary,1.366425,52.634429,On or near Newark Close,E01026574,Broadland 016A,Violence and sexual offences,Unable to prosecute suspect,
dee1e3401e42a246608efced3c2e40a401bba5e5549f096eb8a5cd1af0eee7a2,2016-01,Norfolk Constabulary,Norfolk Constabulary,1.366425,52.634429,On or near Newark Close,E01026574,Broadland 016A,Violence and sexual offences,Unable to prosecute suspect,
7cf54aa7c25b7fc80e26be50884d5867e364f50d3c716618d72e6d471c929056,2016-01,Norfolk Constabulary,Norfolk Constabulary,1.366425,52.634429,On or near Newark Close,E01026574,Broadland 016A,Violence and sexual offences,Unable to prosecute suspect,
d23e7f273de6b8c5cf4afec4bbc2a053cc66431fa11d01ade5f9717d28ea1b3c,2016-01,Norfolk Constabulary,Norfolk Constabulary,1.366425,52.634429,On or near Newark Close,E01026574,Broadland 016A,Violence and sexual offences,Unable to prosecute suspect,
c017a5ba66fc118d3a59e9377d3d423667efa63d9788f4f75fd659f118695398,2016-01,Norfolk Constabulary,Norfolk Constabulary,1.366425,52.634429,On or near Newark Close,E01026574,Broadland 016A,Violence and sexual offences,Unable to prosecute suspect,
c4a3ac10b69c2e1497b86fb66175176d342e8f1f3320ba856c56eb4fc1912068,2016-01,Norfolk Constabulary,Norfolk Constabulary,1.366425,52.634429,On or near Newark Close,E01026574,Broadland 016A,Violence and sexual offences,Unable to prosecute suspect,
a66738b9b27fe974a6a73964e7a35a45edb87b8c50a580aa04a11b49dc821e40,2016-01,Norfolk Constabulary,Norfolk Constabulary,1.366425,52.634429,On or near Newark Close,E01026574,Broadland 016A,Violence and sexual offences,Unable to prosecute suspect,
b3bce3b66ee20c09ea7615f07a77bef0f4039248c8917e162b12f84504394786,2016-01,Norfolk Constabulary,Norfolk Constabulary,1.364039,52.633769,On or near Dragoon Close,E01026574,Broadland 016A,Violence and sexual offences,Formal action is not in the public interest,
5e7e39657efd6472ae0b7d3aac4241ee6782bd05849fc171d499b7b47634860d,2016-01,Norfolk Constabulary,Norfolk Constabulary,1.366425,52.634429,On or near Newark Close,E01026574,Broadland 016A,Violence and sexual offences,Court result unavailable,
62263a4c7fc861145f7f449d9383d656e756c957d58f59571c9533a55efee910,2016-01,Norfolk Constabulary,Norfolk Constabulary,1.366425,52.634429,On or near Newark Close,E01026574,Broadland 016A,Violence and sexual offences,Unable to prosecute suspect,
5559baf377f4e3ad6b42e4d4115e582f49e2b343e7dcdcd94f316f5f3a87eec0,2016-01,Norfolk Constabulary,Norfolk Constabulary,1.366425,52.634429,On or near Newark Close,E01026574,Broadland 016A,Violence and sexual offences,Unable to prosecute suspect,
,2016-01,Norfolk Constabulary,Norfolk Constabulary,1.369142,52.630737,On or near Sports/Recreation Area,E01026575,Broadland 016B,Anti-social behaviour,,
,2016-01,Norfolk Constabulary,Norfolk Constabulary,1.358564,52.630039,On or near Primrose Court,E01026575,Broadland 016B,Anti-social behaviour,,
,2016-01,Norfolk Constabulary,Norfolk Constabulary,1.369142,52.630737,On or near Sports/Recreation Area,E01026575,Broadland 016B,Anti-social behaviour,,
,2016-01,Norfolk Constabulary,Norfolk Constabulary,1.353112,52.628898,On or near St Andrews Avenue,E01026575,Broadland 016B,Anti-social behaviour,,
,2016-01,Norfolk Constabulary,Norfolk Constabulary,1.358564,52.630039,On or near Primrose Court,E01026575,Broadland 016B,Anti-social behaviour,,
,2016-01,Norfolk Constabulary,Norfolk Constabulary,1.358564,52.630039,On or near Primrose Court,E01026575,Broadland 016B,Anti-social behaviour,,
,2016-01,Norfolk Constabulary,Norfolk Constabulary,1.361415,52.631937,On or near Mary Chapman Close,E01026575,Broadland 016B,Anti-social behaviour,,
,2016-01,Norfolk Constabulary,Norfolk Constabulary,1.362701,52.632125,On or near Vane Close,E01026575,Broadland 016B,Anti-social behaviour,,
,2016-01,Norfolk Constabulary,Norfolk Constabulary,1.358107,52.629278,On or near Primrose Crescent,E01026575,Broadland 016B,Anti-social behaviour,,
76c93e76050346fcf70cf0808eb704a8f3e16c878d5e03881e163225d03523d2,2016-01,Norfolk Constabulary,Norfolk Constabulary,1.353112,52.628898,On or near St Andrews Avenue,E01026575,Broadland 016B,Burglary,Investigation complete; no suspect identified,
ae9986d0ebf57d8b4d61128ad3c67772cc5f466be5d82c853ca7fd801de9898a,2016-01,Norfolk Constabulary,Norfolk Constabulary,1.358717,52.634531,On or near Eastern Crescent,E01026575,Broadland 016B,Criminal damage and arson,Investigation complete; no suspect identified,
288cc3d709e8408a3eade1ffe5889fc899bdc5ef6a467ebec1acc858d92728f3,2016-01,Norfolk Constabulary,Norfolk Constabulary,1.365532,52.629535,On or near Central Avenue,E01026575,Broadland 016B,Violence and sexual offences,Status update unavailable,
8c52f1bb8a66b531042127101b4353b9401e739329e818ff851396c6ba1c4925,2016-01,Norfolk Constabulary,Norfolk Constabulary,1.354080,52.629572,On or near Birchwood,E01026575,Broadland 016B,Violence and sexual offences,Offender given a caution,
,2016-01,Norfolk Constabulary,Norfolk Constabulary,1.370394,52.640675,On or near Hyde Court,E01026576,Broadland 016C,Anti-social behaviour,,
8c827ff8078c96d69b782b7a97fef3f3bd74d78a05cf5ef1d0a3bd5b141c2d64,2016-01,Norfolk Constabulary,Norfolk Constabulary,1.369312,52.641209,On or near Pikeman Place,E01026576,Broadland 016C,Violence and sexual offences,Formal action is not in the public interest,
a59bdae14609f27379bbbb36d720d3cd42eca3dc3075aed1090b08a20c8d9fab,2016-01,Norfolk Constabulary,Norfolk Constabulary,1.344905,52.626729,On or near Barber Place,E01026577,Broadland 016D,Burglary,Unable to prosecute suspect,
34b702a52d9c73921afcf55f3c7227e89706eb8982eeae191948001e4d0c3bf2,2016-01,Norfolk Constabulary,Norfolk Constabulary,1.344905,52.626729,On or near Barber Place,E01026577,Broadland 016D,Other theft,Investigation complete; no suspect identified,
bd3a1169f8bc548f6768e30a08c2b3fcc11e23a05fbb19c6c6bc9952010c7b58,2016-01,Norfolk Constabulary,Norfolk Constabulary,1.342048,52.626081,On or near Yarmouth Road,E01026577,Broadland 016D,Other crime,Defendant found not guilty,
,2016-01,Norfolk Constabulary,Norfolk Constabulary,1.430360,52.625165,On or near The Close,E01026508,Broadland 017A,Anti-social behaviour,,
,2016-01,Norfolk Constabulary,Norfolk Constabulary,1.430360,52.625165,On or near The Close,E01026508,Broadland 017A,Anti-social behaviour,,
,2016-01,Norfolk Constabulary,Norfolk Constabulary,1.424416,52.628736,On or near Foster Close,E01026509,Broadland 017B,Anti-social behaviour,,
,2016-01,Norfolk Constabulary,Norfolk Constabulary,1.378291,52.628812,On or near Broadland Way,E01026509,Broadland 017B,Anti-social behaviour,,
,2016-01,Norfolk Constabulary,Norfolk Constabulary,1.391777,52.619333,On or near The Glebe,E01026509,Broadland 017B,Anti-social behaviour,,
a2e09cf6ca8893c1c414fbd7f17737841533dee00b03bbce46e3ff4ef9126578,2016-01,Norfolk Constabulary,Norfolk Constabulary,1.373865,52.632563,On or near Memorial Way,E01026509,Broadland 017B,Bicycle theft,Investigation complete; no suspect identified,
a70b7541adac8e1a5d935a5785aa441734baeadae1e5ecb3688d8015003080dc,2016-01,Norfolk Constabulary,Norfolk Constabulary,1.429801,52.623886,On or near Yare Valley Rise,E01026509,Broadland 017B,Burglary,Court result unavailable,
70663bd175400d737e02118cfe1508d387e064ea313976f4372d87d11043abb8,2016-01,Norfolk Constabulary,Norfolk Constabulary,1.410179,52.627178,On or near Mill Lane,E01026509,Broadland 017B,Burglary,Investigation complete; no suspect identified,
3b47384324ee30067544044b844eaa0269fdc94f4550e045b404a2f6b56017de,2016-01,Norfolk Constabulary,Norfolk Constabulary,1.424416,52.628736,On or near Foster Close,E01026509,Broadland 017B,Drugs,Court result unavailable,
14246d3b4ef3ead6049f25880998f8a820f4d1a599fa7a8d78d662e0995efe98,2016-01,Norfolk Constabulary,Norfolk Constabulary,1.424416,52.628736,On or near Foster Close,E01026509,Broadland 017B,Vehicle crime,Court result unavailable,
,2016-01,Norfolk Constabulary,Norfolk Constabulary,1.452470,52.615222,On or near Strumpshaw Road,E01026510,Broadland 017C,Anti-social behaviour,,
,2016-01,Norfolk Constabulary,Norfolk Constabulary,1.449204,52.618033,On or near St Michaels Way,E01026510,Broadland 017C,Anti-social behaviour,,
b0fdc7907f9ad85cdc4b9b2f77b85d783027d636e6c566014b1f638b1427a510,2016-01,Norfolk Constabulary,Norfolk Constabulary,1.437092,52.615840,On or near Riverside Estate,E01026510,Broadland 017C,Other theft,Investigation complete; no suspect identified,
b5d1d569f7e4e270ee87c3eacd31ef7360d7417c6381b0a03527f5619eca3a58,2016-01,Norfolk Constabulary,Norfolk Constabulary,1.437092,52.615840,On or near Riverside Estate,E01026510,Broadland 017C,Other theft,Investigation complete; no suspect identified,
c7ab549a1660a4652ea81ed4204aa11e3d5f81342d5526494589bbd2339016f7,2016-01,Norfolk Constabulary,Norfolk Constabulary,1.437092,52.615840,On or near Riverside Estate,E01026510,Broadland 017C,Other theft,Investigation complete; no suspect identified,
6c0284345fdb6af72dc2a5e7d054f3da5e7b65650499533eee1f64f45f76efdb,2016-01,Norfolk Constabulary,Norfolk Constabulary,1.437987,52.621409,On or near Braydeston Avenue,E01026510,Broadland 017C,Public order,Local resolution,
0b1229794480abad24f28d3fa6965188759e5f73047cf7f82f2e0b4e33afc991,2016-01,Norfolk Constabulary,Norfolk Constabulary,1.442792,52.624255,On or near Nurseries Avenue,E01026510,Broadland 017C,Violence and sexual offences,Formal action is not in the public interest,
e87eadf49aa622163a5a6d65ce97a1405d60a73989f83e58803f6a1ed1d0092a,2016-01,Norfolk Constabulary,Norfolk Constabulary,1.437987,52.621409,On or near Braydeston Avenue,E01026510,Broadland 017C,Violence and sexual offences,Formal action is not in the public interest,
,2016-01,Norfolk Constabulary,Norfolk Constabulary,1.473917,52.618093,On or near Beech Drive,E01026511,Broadland 017D,Anti-social behaviour,,
a23b9051d9bebc88f3b10de48274d7b346531e38a401ec83030cf4bfd77ed2a5,2016-01,Norfolk Constabulary,Norfolk Constabulary,1.551045,52.638379,On or near New Road,E01026497,Broadland 018A,Drugs,Offender given conditional discharge,
ed4c5ba63c62be7a1306b2de2606904126636f31f8f183a303086ef298f93a63,2016-01,Norfolk Constabulary,Norfolk Constabulary,1.551045,52.638379,On or near New Road,E01026497,Broadland 018A,Other theft,Formal action is not in the public interest,
,2016-01,Norfolk Constabulary,Norfolk Constabulary,1.534630,52.635219,On or near Hillcrest,E01026498,Broadland 018B,Anti-social behaviour,,
254d242232feedd3713ba24eb9c5b094a33322633d850a72561b2bcd6e6c19bc,2016-01,Norfolk Constabulary,Norfolk Constabulary,1.540827,52.643119,On or near South Walsham Road,E01026498,Broadland 018B,Criminal damage and arson,Investigation complete; no suspect identified,
4dfc2060fa28609efcc02b9782110a0c864b1d380159f08d06974432c325b633,2016-01,Norfolk Constabulary,Norfolk Constabulary,1.545345,52.638280,On or near St Edmunds Road,E01026498,Broadland 018B,Other theft,Formal action is not in the public interest,
6df25cc7e3b7a84fd49343db5d94bbf2728e0b8fe3fc6742e7939e72bc7a670f,2016-01,Norfolk Constabulary,Norfolk Constabulary,1.571485,52.559918,On or near School Hill,E01026538,Broadland 018C,Violence and sexual offences,Court result unavailable,
,2016-01,Norfolk Constabulary,Norfolk Constabulary,1.566308,52.597940,On or near Mill Road,E01026539,Broadland 018D,Anti-social behaviour,,
,2016-01,Norfolk Constabulary,Norfolk Constabulary,1.549654,52.587999,On or near Granary Close,E01026539,Broadland 018D,Anti-social behaviour,,
a27a49ee54ff2e293e56b71702e704c939f13cf8296d892122917132dd4d09f7,2016-01,Norfolk Constabulary,Norfolk Constabulary,1.571342,52.603707,On or near Hall Farm Close,E01026539,Broadland 018D,Burglary,Investigation complete; no suspect identified,
6d8c5b0a661533f5d4f5c146a9ba2eecf668c97d224fb2297c090514c6c36496,2016-01,Norfolk Constabulary,Norfolk Constabulary,1.574644,52.617755,On or near Low Farm Road,E01026539,Broadland 018D,Criminal damage and arson,Unable to prosecute suspect,
8adac1520803177af6d01ae985d2135a41baf0b46c82780d5533b8bbb451874a,2016-01,Norfolk Constabulary,Norfolk Constabulary,0.267406,52.472144,On or near Plains Lane,E01018045,East Cambridgeshire 001D,Criminal damage and arson,Investigation complete; no suspect identified,
965276f0e303a94b650783fa2d1e3c5cbbfc4c00497575238801b020661dc705,2016-01,Norfolk Constabulary,Norfolk Constabulary,0.625929,52.447163,On or near George Street,E01029927,Forest Heath 001B,Criminal damage and arson,Court result unavailable,
,2016-01,Norfolk Constabulary,Norfolk Constabulary,0.696081,52.433345,On or near Brandon Road,E01029928,Forest Heath 001C,Anti-social behaviour,,
4d63fa34ae2af79cb891a2cb4e19f9464f8d438a6c81240e264a325db763a96f,2016-01,Norfolk Constabulary,Norfolk Constabulary,0.624808,52.440695,On or near Waltons Way,E01029930,Forest Heath 001E,Violence and sexual offences,Status update unavailable,
d586261ce9fd7397aa693d6f18da851afd863da53675dbd8d55467b1466c0912,2016-01,Norfolk Constabulary,Norfolk Constabulary,0.469383,52.368959,On or near Lincoln Road,E01032523,Forest Heath 003F,Vehicle crime,Investigation complete; no suspect identified,
79ff4f1cef36e7d787bb9a8b22e6b9f39bdd9940aa9af86b52b92c6a1900aec2,2016-01,Norfolk Constabulary,Norfolk Constabulary,0.522331,52.349928,On or near College Heath Road,E01029938,Forest Heath 004A,Violence and sexual offences,Status update unavailable,
,2016-01,Norfolk Constabulary,Norfolk Constabulary,1.691334,52.698110,On or near Kings Court,E01026605,Great Yarmouth 001A,Anti-social behaviour,,
,2016-01,Norfolk Constabulary,Norfolk Constabulary,1.691334,52.698110,On or near Kings Court,E01026605,Great Yarmouth 001A,Anti-social behaviour,,
3b59c20076f03b58a9bb8fb9b7ae333c4c702b394dc316bfe85d15bdd5e03766,2016-01,Norfolk Constabulary,Norfolk Constabulary,1.690411,52.697698,On or near Hall Close,E01026605,Great Yarmouth 001A,Criminal damage and arson,Investigation complete; no suspect identified,
ec65e5a609651cbb3904ad58baccceb17328e6fb5e3279be63f57d0b37995310,2016-01,Norfolk Constabulary,Norfolk Constabulary,1.691334,52.698110,On or near Kings Court,E01026605,Great Yarmouth 001A,Drugs,Status update unavailable,
8710720701d1174255d644387cced492e3308a24f4d2901ac0a0027fe316ed92,2016-01,Norfolk Constabulary,Norfolk Constabulary,1.689918,52.699216,On or near Parkland,E01026605,Great Yarmouth 001A,Violence and sexual offences,Court result unavailable,
,2016-01,Norfolk Constabulary,Norfolk Constabulary,1.687884,52.713193,On or near Bulmer Lane,E01026606,Great Yarmouth 001B,Anti-social behaviour,,
,2016-01,Norfolk Constabulary,Norfolk Constabulary,1.687872,52.716378,On or near Empsons Loke,E01026606,Great Yarmouth 001B,Anti-social behaviour,,
e4349bf0f1a834b4d93040c956e85c5ea0c1ab2d8d4f9fc9e7fa0e164460227c,2016-01,Norfolk Constabulary,Norfolk Constabulary,1.655399,52.717906,On or near Martham Road,E01026606,Great Yarmouth 001B,Criminal damage and arson,Investigation complete; no suspect identified,
,2016-01,Norfolk Constabulary,Norfolk Constabulary,1.692586,52.694698,On or near Haycroft,E01026607,Great Yarmouth 001C,Anti-social behaviour,,
,2016-01,Norfolk Constabulary,Norfolk Constabulary,1.691491,52.695227,On or near Buttermere,E01026607,Great Yarmouth 001C,Anti-social behaviour,,
0c996f8d81a471a21d5a3010fdd3a65cbb0790a53053ae9331dabf1562f8dc5f,2016-01,Norfolk Constabulary,Norfolk Constabulary,1.693351,52.694296,On or near Kings Way,E01026607,Great Yarmouth 001C,Criminal damage and arson,Investigation complete; no suspect identified,
ccd22274be22819eaf8a2371395cfb23a5d72558cbb840112cee94918f025ba2,2016-01,Norfolk Constabulary,Norfolk Constabulary,1.693351,52.694296,On or near Kings Way,E01026607,Great Yarmouth 001C,Public order,Court result unavailable,
562ea1286f5c378aa93b52872604031b21391802fbf88414b94eb51c78ba308f,2016-01,Norfolk Constabulary,Norfolk Constabulary,1.691143,52.694437,On or near Fallowfield,E01026607,Great Yarmouth 001C,Violence and sexual offences,Status update unavailable,
,2016-01,Norfolk Constabulary,Norfolk Constabulary,1.713605,52.682815,On or near California Avenue,E01026627,Great Yarmouth 001D,Anti-social behaviour,,
45377918cb046205df2b4c7063f1b7be9ebe7deeca2820bff4d3bb4cdefd5efa,2016-01,Norfolk Constabulary,Norfolk Constabulary,1.692253,52.673931,On or near Hillside Close,E01026627,Great Yarmouth 001D,Burglary,Investigation complete; no suspect identified,
e81614f5c276c6f78b34331016567b6e5aff548150bc2dcf30e4f9f095953260,2016-01,Norfolk Constabulary,Norfolk Constabulary,1.694734,52.674753,On or near Leathway,E01026627,Great Yarmouth 001D,Burglary,Investigation complete; no suspect identified,
e373eb69ac09807548aea0f889c7565a9ade103970c3b3024c01bb350d0f5e39,2016-01,Norfolk Constabulary,Norfolk Constabulary,1.693061,52.675786,On or near Thurne Way,E01026627,Great Yarmouth 001D,Burglary,Investigation complete; no suspect identified,
59d62dbe627cbc6ca41c7832f57570fe91c4786f2360bd3e567719c9f0a3f9be,2016-01,Norfolk Constabulary,Norfolk Constabulary,1.688188,52.674687,On or near Crossways,E01026627,Great Yarmouth 001D,Criminal damage and arson,Investigation complete; no suspect identified,
,2016-01,Norfolk Constabulary,Norfolk Constabulary,1.697414,52.672493,On or near Bracecamp Close,E01026628,Great Yarmouth 001E,Anti-social behaviour,,
bd2b9a9edf4c7a0eaa721ece00dcda841ee1af7bdb6c87fbd5f87956caffe142,2016-01,Norfolk Constabulary,Norfolk Constabulary,1.697692,52.671926,On or near Tillett Close,E01026628,Great Yarmouth 001E,Violence and sexual offences,Formal action is not in the public interest,
1b2256c7bdcf61939c3885daa180475f1dc22e5de39929beae1f4a955292b7e8,2016-01,Norfolk Constabulary,Norfolk Constabulary,1.704660,52.669118,On or near Yarmouth Road,E01026628,Great Yarmouth 001E,Violence and sexual offences,Unable to prosecute suspect,
,2016-01,Norfolk Constabulary,Norfolk Constabulary,1.682941,52.676164,On or near Spruce Avenue,E01026629,Great Yarmouth 001F,Anti-social behaviour,,
8768ea666953b85c6e5bf52e949a8a77a2c75159058f96144c6d1fa336cb8a79,2016-01,Norfolk Constabulary,Norfolk Constabulary,1.688294,52.673829,On or near Wapping,E01026629,Great Yarmouth 001F,Other theft,Investigation complete; no suspect identified,
,2016-01,Norfolk Constabulary,Norfolk Constabulary,1.616459,52.667636,On or near Sports/Recreation Area,E01026608,Great Yarmouth 002A,Anti-social behaviour,,
95c44d2caceb41377f66f435c7fc7bcb149c3707aa7343021310e46099bbcab1,2016-01,Norfolk Constabulary,Norfolk Constabulary,1.660197,52.664322,On or near Pound Lane,E01026608,Great Yarmouth 002A,Burglary,Investigation complete; no suspect identified,
4dee58c17b6370b1bf126102a6394a6286deb321b0ddd587aad98f94157849dd,2016-01,Norfolk Constabulary,Norfolk Constabulary,1.649725,52.661866,On or near Church Lane,E01026608,Great Yarmouth 002A,Public order,Formal action is not in the public interest,
690647722ebe1d34b8706557eef440c4209740975d19792f74b275f9edbe21cf,2016-01,Norfolk Constabulary,Norfolk Constabulary,1.649725,52.661866,On or near Church Lane,E01026608,Great Yarmouth 002A,Violence and sexual offences,Formal action is not in the public interest,
,2016-01,Norfolk Constabulary,Norfolk Constabulary,1.678092,52.648764,On or near Hall Road,E01026609,Great Yarmouth 002B,Anti-social behaviour,,
,2016-01,Norfolk Constabulary,Norfolk Constabulary,1.614516,52.671698,On or near St Margaret'S Way,E01026609,Great Yarmouth 002B,Anti-social behaviour,,
,2016-01,Norfolk Constabulary,Norfolk Constabulary,1.593332,52.667243,On or near Church Lane,E01026609,Great Yarmouth 002B,Anti-social behaviour,,
30630e02c33a1b5ef6eab0673eac73341fe6ed950463aa34888899aeef5cfb90,2016-01,Norfolk Constabulary,Norfolk Constabulary,1.593332,52.667243,On or near Church Lane,E01026609,Great Yarmouth 002B,Violence and sexual offences,Investigation complete; no suspect identified,
0ec7c8cd8a5b8aafa8852778bd45a8f79e3f677b9786e9e5d79ca98cc745faf9,2016-01,Norfolk Constabulary,Norfolk Constabulary,1.609454,52.635803,On or near Runham Road,E01026609,Great Yarmouth 002B,Violence and sexual offences,Formal action is not in the public interest,
15d8c812db7d499441ff652d24fb4a1a8d9243606312884d479c32ee6a469128,2016-01,Norfolk Constabulary,Norfolk Constabulary,1.614516,52.671698,On or near St Margaret'S Way,E01026609,Great Yarmouth 002B,Violence and sexual offences,Investigation complete; no suspect identified,
88d3229aa62432ff11585a225151384cedecb55afd7c6dcb98cf67efb379b3fd,2016-01,Norfolk Constabulary,Norfolk Constabulary,1.636509,52.682969,On or near Rollesby Gardens,E01026636,Great Yarmouth 002C,Burglary,Investigation complete; no suspect identified,
bde8cb2a1332bc065a20c7f57a1c16a5e7bda3edbe7ed406ae0b6e1d9b1eca39,2016-01,Norfolk Constabulary,Norfolk Constabulary,1.554915,52.688235,On or near The Street,E01026636,Great Yarmouth 002C,Criminal damage and arson,Investigation complete; no suspect identified,
696509bc6afe825f27738c3dd320b09430003a132f018b5b71e83b79d7851664,2016-01,Norfolk Constabulary,Norfolk Constabulary,1.603383,52.694604,On or near Repps Road,E01026636,Great Yarmouth 002C,Violence and sexual offences,Offender otherwise dealt with,
1663bf82891f210e8438c105294f13ce740a72385b8569d5038f77ba57f36d74,2016-01,Norfolk Constabulary,Norfolk Constabulary,1.632418,52.682897,On or near Court Close,E01026636,Great Yarmouth 002C,Violence and sexual offences,Investigation complete; no suspect identified,
,2016-01,Norfolk Constabulary,Norfolk Constabulary,1.634283,52.709607,On or near Staithe Road,E01026637,Great Yarmouth 002D,Anti-social behaviour,,
b293420cd1625aa4307c0a3e42be9c0d82424830a6ad0f46e029385fb0e35800,2016-01,Norfolk Constabulary,Norfolk Constabulary,1.627120,52.699852,On or near Hamilton Walk,E01026637,Great Yarmouth 002D,Criminal damage and arson,Investigation complete; no suspect identified,
5d89ba97bf948a0f39329f776e36650e05c84b2dd2f6c84cca2629c8c4573fe7,2016-01,Norfolk Constabulary,Norfolk Constabulary,1.634283,52.709607,On or near Staithe Road,E01026637,Great Yarmouth 002D,Public order,Unable to prosecute suspect,
2d554da64dfd6e0a73aa75097cc03a71a5dc7e9c0e01de316d572c9abad05f65,2016-01,Norfolk Constabulary,Norfolk Constabulary,1.625050,52.701849,On or near Supermarket,E01026637,Great Yarmouth 002D,Shoplifting,Offender sent to prison,
ae43fc936408aef0c669ecc9c199c3bcd0e98112e36756424a47235567e94980,2016-01,Norfolk Constabulary,Norfolk Constabulary,1.633644,52.703177,On or near Parking Area,E01026637,Great Yarmouth 002D,Shoplifting,Offender sent to prison,
be1de9624f1f992d01b051d795708b1b9775c85d22556872a6a79670faec3a26,2016-01,Norfolk Constabulary,Norfolk Constabulary,1.634467,52.699887,On or near Acacia Avenue,E01026637,Great Yarmouth 002D,Violence and sexual offences,Status update unavailable,
6a8b0a83252df53afd9c853f2670db85cb1869680c532670e1171057a72a82f8,2016-01,Norfolk Constabulary,Norfolk Constabulary,1.648248,52.703043,On or near Hemsby Road,E01026637,Great Yarmouth 002D,Violence and sexual offences,Unable to prosecute suspect,
805de3b921a6632f268923042fa8ee0b49898ac76eb60ef8632bc331d60c75ed,2016-01,Norfolk Constabulary,Norfolk Constabulary,1.634467,52.699887,On or near Acacia Avenue,E01026637,Great Yarmouth 002D,Violence and sexual offences,Status update unavailable,
c5265e90c70e4b1f2e3ca0e64eecd9a7e552c67bccbb3c061dab44e1ef7b7a69,2016-01,Norfolk Constabulary,Norfolk Constabulary,1.648248,52.703043,On or near Hemsby Road,E01026637,Great Yarmouth 002D,Violence and sexual offences,Unable to prosecute suspect,
89b1a890e54fb09517bdd18f0755b72d0802a9dd52fe1638be287915316db130,2016-01,Norfolk Constabulary,Norfolk Constabulary,1.648248,52.703043,On or near Hemsby Road,E01026637,Great Yarmouth 002D,Violence and sexual offences,Formal action is not in the public interest,
,2016-01,Norfolk Constabulary,Norfolk Constabulary,1.636773,52.706427,On or near Bradfield Drive,E01026638,Great Yarmouth 002E,Anti-social behaviour,,
,2016-01,Norfolk Constabulary,Norfolk Constabulary,1.635895,52.706382,On or near White Street,E01026638,Great Yarmouth 002E,Anti-social behaviour,,
475e6cd1ba6b7d0212f62b7ff78fed4b579f63c9048b841df2e58815c656c8df,2016-01,Norfolk Constabulary,Norfolk Constabulary,1.639925,52.712087,On or near Bensley Road,E01026638,Great Yarmouth 002E,Burglary,Investigation complete; no suspect identified,
39374a6cddb94094b8d8501182fed5ce4958f12400b176d8e57bc940d36bf164,2016-01,Norfolk Constabulary,Norfolk Constabulary,1.629240,52.700425,On or near Oxford Way,E01026638,Great Yarmouth 002E,Other theft,Investigation complete; no suspect identified,
,2016-01,Norfolk Constabulary,Norfolk Constabulary,1.721301,52.656201,On or near Pegasus Close,E01026589,Great Yarmouth 003A,Anti-social behaviour,,
,2016-01,Norfolk Constabulary,Norfolk Constabulary,1.722731,52.659961,On or near Dodd Close,E01026589,Great Yarmouth 003A,Anti-social behaviour,,
737ee1cab838a59da2ab108612fd4e11da44978064bf399f70ac0495161761f3,2016-01,Norfolk Constabulary,Norfolk Constabulary,1.714839,52.652563,On or near Wight Drive,E01026590,Great Yarmouth 003B,Public order,Status update unavailable,
,2016-01,Norfolk Constabulary,Norfolk Constabulary,1.713783,52.661205,On or near Jimmy Brown Close,E01026591,Great Yarmouth 003C,Anti-social behaviour,,
,2016-01,Norfolk Constabulary,Norfolk Constabulary,1.713726,52.660361,On or near John Woodhouse Drive,E01026591,Great Yarmouth 003C,Anti-social behaviour,,
,2016-01,Norfolk Constabulary,Norfolk Constabulary,1.697039,52.659471,On or near A149,E01026593,Great Yarmouth 003E,Anti-social behaviour,,
,2016-01,Norfolk Constabulary,Norfolk Constabulary,1.727011,52.640569,On or near Supermarket,E01026594,Great Yarmouth 003F,Anti-social behaviour,,
,2016-01,Norfolk Constabulary,Norfolk Constabulary,1.727214,52.647812,On or near High Street,E01026594,Great Yarmouth 003F,Anti-social behaviour,,
9d96d6eafc8880a1c4ef19863557666d966565930a837fe0c4e09cd4336d76cf,2016-01,Norfolk Constabulary,Norfolk Constabulary,1.730497,52.645388,On or near Beresford Road,E01026594,Great Yarmouth 003F,Criminal damage and arson,Investigation complete; no suspect identified,
fafbc5fa0aef326a511db23e3b76d5f725f7f7742f5dd95f6e14ebc54c1e26be,2016-01,Norfolk Constabulary,Norfolk Constabulary,1.727011,52.640569,On or near Supermarket,E01026594,Great Yarmouth 003F,Other theft,Investigation complete; no suspect identified,
cf590f28a26245859b4fe34c8859c519540e7b172e9fcc3d8f24bdbd70ee105f,2016-01,Norfolk Constabulary,Norfolk Constabulary,1.732110,52.646614,On or near Victoria Street,E01026594,Great Yarmouth 003F,Other theft,Investigation complete; no suspect identified,
b381c78ba9f5c8a8b04578b5c93f07374cc9fb6ee1597555d0fe720988fb3fe7,2016-01,Norfolk Constabulary,Norfolk Constabulary,1.727011,52.640569,On or near Supermarket,E01026594,Great Yarmouth 003F,Shoplifting,Offender given a caution,
cc0e05947c815a04e20c47974d6907d4cd8b34c2cdcc373e2823474102ea3201,2016-01,Norfolk Constabulary,Norfolk Constabulary,1.727011,52.640569,On or near Supermarket,E01026594,Great Yarmouth 003F,Shoplifting,Offender sent to prison,
a72b2e180eae4b280a6360367aa720cb7d26654370b2876405fc4a76fc3d0082,2016-01,Norfolk Constabulary,Norfolk Constabulary,1.731573,52.647423,On or near Beach Road,E01026594,Great Yarmouth 003F,Violence and sexual offences,Investigation complete; no suspect identified,
ee1fff3fcd36b156c34a90a3fcfcb1747602760213b1b571417e81ef7e1c027f,2016-01,Norfolk Constabulary,Norfolk Constabulary,1.730647,52.643152,On or near St Julian Road,E01026594,Great Yarmouth 003F,Violence and sexual offences,Status update unavailable,
,2016-01,Norfolk Constabulary,Norfolk Constabulary,1.729508,52.619190,On or near Harley Road,E01026599,Great Yarmouth 004A,Anti-social behaviour,,
,2016-01,Norfolk Constabulary,Norfolk Constabulary,1.729508,52.619190,On or near Harley Road,E01026599,Great Yarmouth 004A,Anti-social behaviour,,
,2016-01,Norfolk Constabulary,Norfolk Constabulary,1.727816,52.617886,On or near Vauxhall Terrace,E01026599,Great Yarmouth 004A,Anti-social behaviour,,
b2f637c18b8bad3d15da399b3c458ab84577f950e7732c22e9bd943e1c53fec2,2016-01,Norfolk Constabulary,Norfolk Constabulary,1.729508,52.619190,On or near Harley Road,E01026599,Great Yarmouth 004A,Criminal damage and arson,Formal action is not in the public interest,
490f258e202dddcf6534129a5b9e7e4c7f4d99d1de260b77fe22fcbd1f8f467c,2016-01,Norfolk Constabulary,Norfolk Constabulary,1.733283,52.618226,On or near Beaconsfield Road,E01026599,Great Yarmouth 004A,Other theft,Unable to prosecute suspect,
39a01fbac63869f68000c96cf4bfbf0835df326f2c1401c9837315f4f1488cec,2016-01,Norfolk Constabulary,Norfolk Constabulary,1.729508,52.619190,On or near Harley Road,E01026599,Great Yarmouth 004A,Public order,Formal action is not in the public interest,
ce356c23318ff215867c1504cdb55001e72c199d5071ea4760b7e4b22e113142,2016-01,Norfolk Constabulary,Norfolk Constabulary,1.732894,52.619030,On or near Walpole Road,E01026599,Great Yarmouth 004A,Violence and sexual offences,Unable to prosecute suspect,
e202bdbe102d210ccdcef1440987e72f4fb24558e15b315789e5e099faa835c0,2016-01,Norfolk Constabulary,Norfolk Constabulary,1.729508,52.619190,On or near Harley Road,E01026599,Great Yarmouth 004A,Violence and sexual offences,Formal action is not in the public interest,
7cf7efe23a7aaf94ecff8db2a81bb3ec69aa7ba3bf02a9ab424273c275bbbd9f,2016-01,Norfolk Constabulary,Norfolk Constabulary,1.728305,52.619291,On or near Caister Road,E01026599,Great Yarmouth 004A,Violence and sexual offences,Unable to prosecute suspect,
02fa25c42014d8961135b7487a8a9ec8e2cbeba0132efdf304873f6d1463ebba,2016-01,Norfolk Constabulary,Norfolk Constabulary,1.727816,52.617886,On or near Vauxhall Terrace,E01026599,Great Yarmouth 004A,Violence and sexual offences,Formal action is not in the public interest,
0728d4a6b92f668cc6cf46685d0750038934562925e427dd826640ecedebd276,2016-01,Norfolk Constabulary,Norfolk Constabulary,1.727816,52.617886,On or near Vauxhall Terrace,E01026599,Great Yarmouth 004A,Violence and sexual offences,Offender given a caution,
,2016-01,Norfolk Constabulary,Norfolk Constabulary,1.733105,52.622207,On or near Balmoral Avenue,E01026639,Great Yarmouth 004B,Anti-social behaviour,,
,2016-01,Norfolk Constabulary,Norfolk Constabulary,1.733022,52.619844,On or near Salisbury Road,E01026639,Great Yarmouth 004B,Anti-social behaviour,,
,2016-01,Norfolk Constabulary,Norfolk Constabulary,1.731262,52.620691,On or near Arundel Road,E01026639,Great Yarmouth 004B,Anti-social behaviour,,
40f995a5587025d09923a4348fdcb90ae46e94939363f75f5ef4266c5b31fd39,2016-01,Norfolk Constabulary,Norfolk Constabulary,1.733003,52.620663,On or near Walpole Road,E01026639,Great Yarmouth 004B,Bicycle theft,Investigation complete; no suspect identified,
c99907fbe4fe2c9a8aa3c94bf596401c99729b1acf361692c745ee4667c469d6,2016-01,Norfolk Constabulary,Norfolk Constabulary,1.736636,52.621142,On or near Collingwood Road,E01026639,Great Yarmouth 004B,Burglary,Investigation complete; no suspect identified,
2728c220b96566d9e8898aadbfb89862de029be36a5d9a3d1d21a4b6d7dfeb91,2016-01,Norfolk Constabulary,Norfolk Constabulary,1.733003,52.620663,On or near Walpole Road,E01026639,Great Yarmouth 004B,Criminal damage and arson,Investigation complete; no suspect identified,
83dd2e1a54326e45271e86ef040923c34e533f442d298b273f4f4fe66c7e2066,2016-01,Norfolk Constabulary,Norfolk Constabulary,1.733003,52.620663,On or near Walpole Road,E01026639,Great Yarmouth 004B,Criminal damage and arson,Status update unavailable,
759f01052f6ffd24eec591ebc5a5f82e34779a54dc9f8b6c3f4d83c31510f96b,2016-01,Norfolk Constabulary,Norfolk Constabulary,1.737133,52.617969,On or near Marine Crescent,E01026639,Great Yarmouth 004B,Criminal damage and arson,Investigation complete; no suspect identified,
e0bb5459927ca1b6f8d54a2198df6d86d8867c1c23cab56f0720ccbabca7dafb,2016-01,Norfolk Constabulary,Norfolk Constabulary,1.733022,52.619844,On or near Salisbury Road,E01026639,Great Yarmouth 004B,Public order,Investigation complete; no suspect identified,
8bfe3c9999fe9ac58ff686ba184ed178681de2715b5a8d042f8f84d0ad03b14d,2016-01,Norfolk Constabulary,Norfolk Constabulary,1.737133,52.617969,On or near Marine Crescent,E01026639,Great Yarmouth 004B,Violence and sexual offences,Status update unavailable,
c04e812793da434bdad3941e7e5f04d3efa5209685788c157339713953a84b9a,2016-01,Norfolk Constabulary,Norfolk Constabulary,1.737133,52.617969,On or near Marine Crescent,E01026639,Great Yarmouth 004B,Violence and sexual offences,Status update unavailable,
6118255d592bade2d85216310c553731eb2b7f1c830c8080ba833a5c96033d79,2016-01,Norfolk Constabulary,Norfolk Constabulary,1.734007,52.620650,On or near North Denes Road,E01026639,Great Yarmouth 004B,Violence and sexual offences,Formal action is not in the public interest,
,2016-01,Norfolk Constabulary,Norfolk Constabulary,1.729665,52.624330,On or near Keyes Avenue,E01026640,Great Yarmouth 004C,Anti-social behaviour,,
,2016-01,Norfolk Constabulary,Norfolk Constabulary,1.731517,52.626467,On or near Seymour Avenue,E01026640,Great Yarmouth 004C,Anti-social behaviour,,
,2016-01,Norfolk Constabulary,Norfolk Constabulary,1.731342,52.623540,On or near Onslow Avenue,E01026640,Great Yarmouth 004C,Anti-social behaviour,,
f8f7a40d01f2651980ed17cd9e0b9f32235ee501049033b7f1fd3959b897b851,2016-01,Norfolk Constabulary,Norfolk Constabulary,1.731059,52.626994,On or near Cradock Avenue,E01026640,Great Yarmouth 004C,Burglary,Investigation complete; no suspect identified,
c3a47b627510b2a45c830f8da4a40520b60c66b7d8c6629d06841caa24b4a147,2016-01,Norfolk Constabulary,Norfolk Constabulary,1.729142,52.622359,On or near Osborne Avenue,E01026640,Great Yarmouth 004C,Criminal damage and arson,Investigation complete; no suspect identified,
b6a5e0a97b07a6002ef3449ecf2ffc43b52ab86f024f995885fcdc080dee666f,2016-01,Norfolk Constabulary,Norfolk Constabulary,1.726527,52.620625,On or near Tar Works Road,E01026640,Great Yarmouth 004C,Public order,Court result unavailable,
0bf75aa3130e021c4277a3f3a84a9eca1d7aebfab8d5bcc86182dfc8b89dda1a,2016-01,Norfolk Constabulary,Norfolk Constabulary,1.729532,52.625549,On or near Hawkins Close,E01026640,Great Yarmouth 004C,Public order,Unable to prosecute suspect,
13e00cef6661c4ad92784099f97c0b45f8c3bac692ae2f5ab1af001a000a3a64,2016-01,Norfolk Constabulary,Norfolk Constabulary,1.727228,52.626782,On or near Petrol Station,E01026640,Great Yarmouth 004C,Shoplifting,Unable to prosecute suspect,
fbaddf46adbadfe4b061a16f2aab65b77ea1463a17f2c12fa8df4696c7eacc01,2016-01,Norfolk Constabulary,Norfolk Constabulary,1.730932,52.623940,On or near Supermarket,E01026640,Great Yarmouth 004C,Shoplifting,Court result unavailable,
97e8c8d52bc25dfbc71847096714fe438cec3ceb6cc443549f5fd278bddfcbbf,2016-01,Norfolk Constabulary,Norfolk Constabulary,1.731517,52.626467,On or near Seymour Avenue,E01026640,Great Yarmouth 004C,Violence and sexual offences,Status update unavailable,
546c2a6451f388897e2d180feea3c0f078c4ab91d366f298c506ed1895c27a0a,2016-01,Norfolk Constabulary,Norfolk Constabulary,1.729934,52.626625,On or near Hawkins Avenue,E01026640,Great Yarmouth 004C,Violence and sexual offences,Formal action is not in the public interest,
,2016-01,Norfolk Constabulary,Norfolk Constabulary,1.735102,52.626561,On or near Cunningham Avenue,E01026641,Great Yarmouth 004D,Anti-social behaviour,,
,2016-01,Norfolk Constabulary,Norfolk Constabulary,1.732266,52.625022,On or near Grenville Place,E01026641,Great Yarmouth 004D,Anti-social behaviour,,
,2016-01,Norfolk Constabulary,Norfolk Constabulary,1.734301,52.627215,On or near Madden Avenue,E01026641,Great Yarmouth 004D,Anti-social behaviour,,
,2016-01,Norfolk Constabulary,Norfolk Constabulary,1.734301,52.627215,On or near Madden Avenue,E01026641,Great Yarmouth 004D,Anti-social behaviour,,
3dcfcd701ac01647f445f85f5e08c802fa892bf1032970937f498de6b6b1e1fb,2016-01,Norfolk Constabulary,Norfolk Constabulary,1.735102,52.626561,On or near Cunningham Avenue,E01026641,Great Yarmouth 004D,Burglary,Investigation complete; no suspect identified,
e78e802f802676b789136fe4113f6887af83eb38b939d1062a032e993cad648d,2016-01,Norfolk Constabulary,Norfolk Constabulary,1.734104,52.623867,On or near Raleigh Avenue,E01026641,Great Yarmouth 004D,Criminal damage and arson,Investigation complete; no suspect identified,
b63c8810c8d69a68bed55cef608fdd10a306cd49ebbf3931e5479a157016c992,2016-01,Norfolk Constabulary,Norfolk Constabulary,1.733400,52.627577,On or near Jellicoe Road,E01026641,Great Yarmouth 004D,Drugs,Offender given penalty notice,
b38c0288025490bd4ab7d3a022ba135fa775a1552f0c5dbb1ceaae48da9d9de0,2016-01,Norfolk Constabulary,Norfolk Constabulary,1.737143,52.627090,On or near Milton Road,E01026641,Great Yarmouth 004D,Other theft,Investigation complete; no suspect identified,
2b062bb906d12cec38e4d22923c006b704eb0ed5ceeccd1a465e9e887453d760,2016-01,Norfolk Constabulary,Norfolk Constabulary,1.734301,52.627215,On or near Madden Avenue,E01026641,Great Yarmouth 004D,Vehicle crime,Investigation complete; no suspect identified,
00347de8c39420ffbe9c3a056ea86144f4540da786441fc951bc20f324095e18,2016-01,Norfolk Constabulary,Norfolk Constabulary,1.735102,52.626561,On or near Cunningham Avenue,E01026641,Great Yarmouth 004D,Violence and sexual offences,Formal action is not in the public interest,
786711a4bb0645987d54e4595c2a6dbaff506e098ca28efdefb7d05572183ff6,2016-01,Norfolk Constabulary,Norfolk Constabulary,1.735931,52.625878,On or near Chaucer Road,E01026641,Great Yarmouth 004D,Violence and sexual offences,Formal action is not in the public interest,
236ae873ed786c6c30b80232cbbf9d196b09453561807ad3d862c1620c73f1f7,2016-01,Norfolk Constabulary,Norfolk Constabulary,1.735931,52.625878,On or near Chaucer Road,E01026641,Great Yarmouth 004D,Violence and sexual offences,Status update unavailable,
26ab77d79480fba1a5427c7c75461782e3b1b49f78141f7b1a7b54160c4b404f,2016-01,Norfolk Constabulary,Norfolk Constabulary,1.734301,52.627215,On or near Madden Avenue,E01026641,Great Yarmouth 004D,Violence and sexual offences,Status update unavailable,
a30a426f98bbb26f1de678245ce75f14319c4fb00b924b360f9c25bbfa53b82f,2016-01,Norfolk Constabulary,Norfolk Constabulary,1.735102,52.626561,On or near Cunningham Avenue,E01026641,Great Yarmouth 004D,Other crime,Status update unavailable,
,2016-01,Norfolk Constabulary,Norfolk Constabulary,1.734177,52.613970,On or near Stephenson Close,E01026595,Great Yarmouth 005A,Anti-social behaviour,,
,2016-01,Norfolk Constabulary,Norfolk Constabulary,1.734177,52.613970,On or near Stephenson Close,E01026595,Great Yarmouth 005A,Anti-social behaviour,,
,2016-01,Norfolk Constabulary,Norfolk Constabulary,1.729874,52.615149,On or near Belvidere Road,E01026595,Great Yarmouth 005A,Anti-social behaviour,,
,2016-01,Norfolk Constabulary,Norfolk Constabulary,1.734177,52.613970,On or near Stephenson Close,E01026595,Great Yarmouth 005A,Anti-social behaviour,,
,2016-01,Norfolk Constabulary,Norfolk Constabulary,1.728880,52.615972,On or near Victoria Street,E01026595,Great Yarmouth 005A,Anti-social behaviour,,
,2016-01,Norfolk Constabulary,Norfolk Constabulary,1.733703,52.616737,On or near North Denes Road,E01026595,Great Yarmouth 005A,Anti-social behaviour,,
,2016-01,Norfolk Constabulary,Norfolk Constabulary,1.734177,52.613970,On or near Stephenson Close,E01026595,Great Yarmouth 005A,Anti-social behaviour,,
,2016-01,Norfolk Constabulary,Norfolk Constabulary,1.735664,52.613563,On or near Sandown Road,E01026595,Great Yarmouth 005A,Anti-social behaviour,,
,2016-01,Norfolk Constabulary,Norfolk Constabulary,1.729694,52.612690,On or near East Road,E01026595,Great Yarmouth 005A,Anti-social behaviour,,
,2016-01,Norfolk Constabulary,Norfolk Constabulary,1.727334,52.614654,On or near Northgate Street,E01026595,Great Yarmouth 005A,Anti-social behaviour,,
,2016-01,Norfolk Constabulary,Norfolk Constabulary,1.728880,52.615972,On or near Victoria Street,E01026595,Great Yarmouth 005A,Anti-social behaviour,,
,2016-01,Norfolk Constabulary,Norfolk Constabulary,1.734177,52.613970,On or near Stephenson Close,E01026595,Great Yarmouth 005A,Anti-social behaviour,,
,2016-01,Norfolk Constabulary,Norfolk Constabulary,1.727334,52.614654,On or near Northgate Street,E01026595,Great Yarmouth 005A,Anti-social behaviour,,
,2016-01,Norfolk Constabulary,Norfolk Constabulary,1.728880,52.615972,On or near Victoria Street,E01026595,Great Yarmouth 005A,Anti-social behaviour,,
,2016-01,Norfolk Constabulary,Norfolk Constabulary,1.734177,52.613970,On or near Stephenson Close,E01026595,Great Yarmouth 005A,Anti-social behaviour,,
,2016-01,Norfolk Constabulary,Norfolk Constabulary,1.734177,52.613970,On or near Stephenson Close,E01026595,Great Yarmouth 005A,Anti-social behaviour,,
,2016-01,Norfolk Constabulary,Norfolk Constabulary,1.737055,52.611505,On or near Parking Area,E01026595,Great Yarmouth 005A,Anti-social behaviour,,
,2016-01,Norfolk Constabulary,Norfolk Constabulary,1.728990,52.612236,On or near Ferrier Close,E01026595,Great Yarmouth 005A,Anti-social behaviour,,
f3861f1330faa913da9c04bc18bbe5f9fd4d36b2414f9ab07c3446fe67f56177,2016-01,Norfolk Constabulary,Norfolk Constabulary,1.733979,52.614939,On or near Midland Close,E01026595,Great Yarmouth 005A,Bicycle theft,Investigation complete; no suspect identified,
1bb49fc4d4960115e85bea21f5da7e72d0ba68fcf1a76e201fef2952bb60e4a1,2016-01,Norfolk Constabulary,Norfolk Constabulary,1.729009,52.613665,On or near North Road,E01026595,Great Yarmouth 005A,Criminal damage and arson,Offender given community sentence,
9fe63dacba6279d14d3b29668ff3df473a90827a53728068c6a2d19275f4a945,2016-01,Norfolk Constabulary,Norfolk Constabulary,1.728880,52.615972,On or near Victoria Street,E01026595,Great Yarmouth 005A,Drugs,Offender given a caution,
fe3545613a6356a72c535720818b66d1dd1616a51681ff6bbc9a8de267f6dad9,2016-01,Norfolk Constabulary,Norfolk Constabulary,1.736232,52.612601,On or near Sports/Recreation Area,E01026595,Great Yarmouth 005A,Public order,Investigation complete; no suspect identified,
eefe246c6b378a11587014498515b934e9f4f1f974bf1f54dbefc4453c8327b1,2016-01,Norfolk Constabulary,Norfolk Constabulary,1.730379,52.618308,On or near Parking Area,E01026595,Great Yarmouth 005A,Public order,Court result unavailable,
15b3fc1df92d71528f1d2a325eab97d4de41f945a7030049cda1965c1b7bb142,2016-01,Norfolk Constabulary,Norfolk Constabulary,1.735616,52.616632,On or near Sports/Recreation Area,E01026595,Great Yarmouth 005A,Vehicle crime,Investigation complete; no suspect identified,
7d8e4409e5895680ce9a41c03c04be7e90f9df61c07710cb48cb9a57443340ae,2016-01,Norfolk Constabulary,Norfolk Constabulary,1.728682,52.615034,On or near Moat Road,E01026595,Great Yarmouth 005A,Violence and sexual offences,Unable to prosecute suspect,
b1edb5e2a0280b02fd2d09dbb2d478fbd524a9ea9aba6ed16b186f83683c4f87,2016-01,Norfolk Constabulary,Norfolk Constabulary,1.730379,52.618308,On or near Parking Area,E01026595,Great Yarmouth 005A,Violence and sexual offences,Formal action is not in the public interest,
480c4094d21037021e36996dc079532a13315a896eb020ea9185ce9b773b8df8,2016-01,Norfolk Constabulary,Norfolk Constabulary,1.729009,52.613665,On or near North Road,E01026595,Great Yarmouth 005A,Violence and sexual offences,Court result unavailable,
62015530222caaa453d578b6c1c6b3481edb3e2670fccabc786c2df0b2a256ce,2016-01,Norfolk Constabulary,Norfolk Constabulary,1.734222,52.616586,On or near Great Northern Close,E01026595,Great Yarmouth 005A,Violence and sexual offences,Court result unavailable,
,2016-01,Norfolk Constabulary,Norfolk Constabulary,1.724926,52.616744,On or near The Lea,E01026596,Great Yarmouth 005B,Anti-social behaviour,,
,2016-01,Norfolk Constabulary,Norfolk Constabulary,1.724926,52.616744,On or near The Lea,E01026596,Great Yarmouth 005B,Anti-social behaviour,,
,2016-01,Norfolk Constabulary,Norfolk Constabulary,1.725412,52.613599,On or near Garrison Road,E01026596,Great Yarmouth 005B,Anti-social behaviour,,
,2016-01,Norfolk Constabulary,Norfolk Constabulary,1.725372,52.612952,On or near Rampart Road,E01026596,Great Yarmouth 005B,Anti-social behaviour,,
,2016-01,Norfolk Constabulary,Norfolk Constabulary,1.725412,52.613599,On or near Garrison Road,E01026596,Great Yarmouth 005B,Anti-social behaviour,,
3bf4c61f684cb80177106b31856a600fac2cf5b6e2d4a35d1fa8cb2dd57cbf22,2016-01,Norfolk Constabulary,Norfolk Constabulary,1.728130,52.612020,On or near Ferrier Road,E01026596,Great Yarmouth 005B,Other theft,Investigation complete; no suspect identified,
5d76fa02007af38dd9e5bd97d0254639e7b8f89766066286d9ed773ac0d5bc48,2016-01,Norfolk Constabulary,Norfolk Constabulary,1.721506,52.613893,On or near School Road,E01026596,Great Yarmouth 005B,Shoplifting,Status update unavailable,
f5228bbc8c3f82b331cbcb2b4dd8099f263df7c4242f154cdbb2fba72873e176,2016-01,Norfolk Constabulary,Norfolk Constabulary,1.721506,52.613893,On or near School Road,E01026596,Great Yarmouth 005B,Shoplifting,Investigation complete; no suspect identified,
810f44f99362d9f3432d9896393fff5e877f33683067770a495fabac328b3599,2016-01,Norfolk Constabulary,Norfolk Constabulary,1.721506,52.613893,On or near School Road,E01026596,Great Yarmouth 005B,Shoplifting,Offender given a caution,
95bd42d93eb039a1bfcdbd4919396a7cf6401310dfd3fa6cd388f2ba15163337,2016-01,Norfolk Constabulary,Norfolk Constabulary,1.728130,52.612020,On or near Ferrier Road,E01026596,Great Yarmouth 005B,Violence and sexual offences,Formal action is not in the public interest,
,2016-01,Norfolk Constabulary,Norfolk Constabulary,1.731436,52.609370,On or near Oliver Mews,E01026597,Great Yarmouth 005C,Anti-social behaviour,,
,2016-01,Norfolk Constabulary,Norfolk Constabulary,1.731436,52.609370,On or near Oliver Mews,E01026597,Great Yarmouth 005C,Anti-social behaviour,,
,2016-01,Norfolk Constabulary,Norfolk Constabulary,1.725179,52.611034,On or near Fuller'S Hill,E01026597,Great Yarmouth 005C,Anti-social behaviour,,
,2016-01,Norfolk Constabulary,Norfolk Constabulary,1.721266,52.608800,On or near Fishers' Quay,E01026597,Great Yarmouth 005C,Anti-social behaviour,,
,2016-01,Norfolk Constabulary,Norfolk Constabulary,1.726769,52.608879,On or near Parking Area,E01026597,Great Yarmouth 005C,Anti-social behaviour,,
,2016-01,Norfolk Constabulary,Norfolk Constabulary,1.726090,52.607668,On or near Shopping Area,E01026597,Great Yarmouth 005C,Anti-social behaviour,,
,2016-01,Norfolk Constabulary,Norfolk Constabulary,1.728182,52.608295,On or near Market Gates,E01026597,Great Yarmouth 005C,Anti-social behaviour,,
,2016-01,Norfolk Constabulary,Norfolk Constabulary,1.722559,52.608193,On or near Parking Area,E01026597,Great Yarmouth 005C,Anti-social behaviour,,
,2016-01,Norfolk Constabulary,Norfolk Constabulary,1.724351,52.609117,On or near Herries Close,E01026597,Great Yarmouth 005C,Anti-social behaviour,,
,2016-01,Norfolk Constabulary,Norfolk Constabulary,1.724351,52.609117,On or near Herries Close,E01026597,Great Yarmouth 005C,Anti-social behaviour,,
,2016-01,Norfolk Constabulary,Norfolk Constabulary,1.731114,52.609057,On or near Cobb'S Place,E01026597,Great Yarmouth 005C,Anti-social behaviour,,
,2016-01,Norfolk Constabulary,Norfolk Constabulary,1.728182,52.608295,On or near Market Gates,E01026597,Great Yarmouth 005C,Anti-social behaviour,,
,2016-01,Norfolk Constabulary,Norfolk Constabulary,1.724351,52.609117,On or near Herries Close,E01026597,Great Yarmouth 005C,Anti-social behaviour,,
,2016-01,Norfolk Constabulary,Norfolk Constabulary,1.724331,52.607831,On or near Stonecutters Way,E01026597,Great Yarmouth 005C,Anti-social behaviour,,
,2016-01,Norfolk Constabulary,Norfolk Constabulary,1.722017,52.610342,On or near North Quay,E01026597,Great Yarmouth 005C,Anti-social behaviour,,
,2016-01,Norfolk Constabulary,Norfolk Constabulary,1.732509,52.610524,On or near Jury Street,E01026597,Great Yarmouth 005C,Anti-social behaviour,,
,2016-01,Norfolk Constabulary,Norfolk Constabulary,1.723056,52.609005,On or near Coronation Terrace,E01026597,Great Yarmouth 005C,Anti-social behaviour,,
,2016-01,Norfolk Constabulary,Norfolk Constabulary,1.728887,52.607724,On or near Regent Boulevard,E01026597,Great Yarmouth 005C,Anti-social behaviour,,
,2016-01,Norfolk Constabulary,Norfolk Constabulary,1.724351,52.609117,On or near Herries Close,E01026597,Great Yarmouth 005C,Anti-social behaviour,,
,2016-01,Norfolk Constabulary,Norfolk Constabulary,1.727824,52.607208,On or near Theatre Plain,E01026597,Great Yarmouth 005C,Anti-social behaviour,,
,2016-01,Norfolk Constabulary,Norfolk Constabulary,1.724351,52.609117,On or near Herries Close,E01026597,Great Yarmouth 005C,Anti-social behaviour,,
,2016-01,Norfolk Constabulary,Norfolk Constabulary,1.726337,52.608137,On or near Shopping Area,E01026597,Great Yarmouth 005C,Anti-social behaviour,,
,2016-01,Norfolk Constabulary,Norfolk Constabulary,1.728679,52.607532,On or near Shopping Area,E01026597,Great Yarmouth 005C,Anti-social behaviour,,
,2016-01,Norfolk Constabulary,Norfolk Constabulary,1.722017,52.610342,On or near North Quay,E01026597,Great Yarmouth 005C,Anti-social behaviour,,
,2016-01,Norfolk Constabulary,Norfolk Constabulary,1.724250,52.609831,On or near The Conge,E01026597,Great Yarmouth 005C,Anti-social behaviour,,
,2016-01,Norfolk Constabulary,Norfolk Constabulary,1.724351,52.609117,On or near Herries Close,E01026597,Great Yarmouth 005C,Anti-social behaviour,,
,2016-01,Norfolk Constabulary,Norfolk Constabulary,1.724351,52.609117,On or near Herries Close,E01026597,Great Yarmouth 005C,Anti-social behaviour,,
,2016-01,Norfolk Constabulary,Norfolk Constabulary,1.724351,52.609117,On or near Herries Close,E01026597,Great Yarmouth 005C,Anti-social behaviour,,
,2016-01,Norfolk Constabulary,Norfolk Constabulary,1.730665,52.608468,On or near The Crans,E01026597,Great Yarmouth 005C,Anti-social behaviour,,
e7cb042cdba607ee630d52bc1bcfc5c4f040a5ff77a1609bf17e306b949823c1,2016-01,Norfolk Constabulary,Norfolk Constabulary,1.729274,52.608791,On or near North Market Road,E01026597,Great Yarmouth 005C,Bicycle theft,Investigation complete; no suspect identified,
a10289d19ee73ebc95e9d0d95af4acd7b6ada4330c4b393f682cec4d4f691a2e,2016-01,Norfolk Constabulary,Norfolk Constabulary,1.724344,52.607642,On or near Parking Area,E01026597,Great Yarmouth 005C,Bicycle theft,Investigation complete; no suspect identified,
f8623fcefd6244722e9affdb29992f8cfbe7118057e12de4f422a3b8dad5d6bd,2016-01,Norfolk Constabulary,Norfolk Constabulary,1.723221,52.608505,On or near St Francis Way,E01026597,Great Yarmouth 005C,Burglary,Status update unavailable,
4e5fc8ef82903e30b5573ca8fe299d875100f41a6121332eeffb9c4b5c8671d2,2016-01,Norfolk Constabulary,Norfolk Constabulary,1.726769,52.608879,On or near Parking Area,E01026597,Great Yarmouth 005C,Burglary,Investigation complete; no suspect identified,
1e032ff807dd5c1b2acb8bbf27909aa0050c3b73143e5f21ccf604b149c5f33b,2016-01,Norfolk Constabulary,Norfolk Constabulary,1.724331,52.607831,On or near Stonecutters Way,E01026597,Great Yarmouth 005C,Criminal damage and arson,Status update unavailable,
bc0cb764e0f847b817d366152099500e401573cea2994514d4c32714ea52c29e,2016-01,Norfolk Constabulary,Norfolk Constabulary,1.730665,52.608468,On or near The Crans,E01026597,Great Yarmouth 005C,Criminal damage and arson,Investigation complete; no suspect identified,
24127864f02841037e83e9ccafa1709cbb32e3109fa82ef3cd61c299409fecac,2016-01,Norfolk Constabulary,Norfolk Constabulary,1.721266,52.608800,On or near Fishers' Quay,E01026597,Great Yarmouth 005C,Criminal damage and arson,Offender otherwise dealt with,
bfdd17a8ae999765ae62ff99b897ac3aeea976d0c56643e29c3b0955350a9b82,2016-01,Norfolk Constabulary,Norfolk Constabulary,1.730665,52.608468,On or near The Crans,E01026597,Great Yarmouth 005C,Criminal damage and arson,Investigation complete; no suspect identified,
786d5534b82cb2a844b1e36530a65771ed0c9bfe39cddfcedfd6acf5850fb00a,2016-01,Norfolk Constabulary,Norfolk Constabulary,1.732509,52.610524,On or near Jury Street,E01026597,Great Yarmouth 005C,Criminal damage and arson,Formal action is not in the public interest,
fedf29d4c05fada86a6e9326afbaeb7dbbd78eb6ac2c252fbb94aaf4620d6f25,2016-01,Norfolk Constabulary,Norfolk Constabulary,1.724344,52.607642,On or near Parking Area,E01026597,Great Yarmouth 005C,Criminal damage and arson,Investigation complete; no suspect identified,
583cb4eaa40325aafd4219780dc53d5d95f9d121154fe08f290faac0a30dd55f,2016-01,Norfolk Constabulary,Norfolk Constabulary,1.732509,52.610524,On or near Jury Street,E01026597,Great Yarmouth 005C,Criminal damage and arson,Formal action is not in the public interest,
897b706961dd5c7bef73a32bc1cab21ce3d6348e895992e198aa86eac497dd8a,2016-01,Norfolk Constabulary,Norfolk Constabulary,1.726337,52.608137,On or near Shopping Area,E01026597,Great Yarmouth 005C,Drugs,Offender given conditional discharge,
bb92e31b5946b8b21c0e1390c6f8b0fde00b5e70dd3d79825016fc4bb60bb652,2016-01,Norfolk Constabulary,Norfolk Constabulary,1.724351,52.609117,On or near Herries Close,E01026597,Great Yarmouth 005C,Drugs,Offender given community sentence,
1361f86e55cc3c841b7e9ac61d7731fefd6277ad7a71ebdf547bd1eb0c0f52a9,2016-01,Norfolk Constabulary,Norfolk Constabulary,1.728513,52.607843,On or near Shopping Area,E01026597,Great Yarmouth 005C,Other theft,Local resolution,
34cba5f445599b6b7591b7f6d2e0718ee7cd737e0ef734bd17942ff5d57c3795,2016-01,Norfolk Constabulary,Norfolk Constabulary,1.724250,52.609831,On or near The Conge,E01026597,Great Yarmouth 005C,Other theft,Unable to prosecute suspect,
35754dd9e66cc7e7caa05f2e7ab566c238d37949f1603d607337b2c07b6c3106,2016-01,Norfolk Constabulary,Norfolk Constabulary,1.724331,52.607831,On or near Stonecutters Way,E01026597,Great Yarmouth 005C,Other theft,Investigation complete; no suspect identified,
6aeb1019dc4e744c1500529f49261b1773c7c3a8b80850b5822ad0e3fcf25449,2016-01,Norfolk Constabulary,Norfolk Constabulary,1.726090,52.607668,On or near Shopping Area,E01026597,Great Yarmouth 005C,Public order,Unable to prosecute suspect,
8bb5aaf46573c429a5465551d797b8dde0e03ef07f9da703333c8be22495edff,2016-01,Norfolk Constabulary,Norfolk Constabulary,1.724351,52.609117,On or near Herries Close,E01026597,Great Yarmouth 005C,Public order,Investigation complete; no suspect identified,
348a6f73850b8e5fd96b86c8940ed3add1b6985a7b9382eac98bf925a6c7c804,2016-01,Norfolk Constabulary,Norfolk Constabulary,1.724351,52.609117,On or near Herries Close,E01026597,Great Yarmouth 005C,Public order,Offender fined,
a0abe20dd8e2bbb28929c2462800a8629d03b74bafecebdcaa679ec81702bac3,2016-01,Norfolk Constabulary,Norfolk Constabulary,1.726769,52.608879,On or near Parking Area,E01026597,Great Yarmouth 005C,Public order,Court result unavailable,
a2ee483696630ff534a5f8f0bc8f616a7ab6904b218564af640f6aa65266322d,2016-01,Norfolk Constabulary,Norfolk Constabulary,1.724250,52.609831,On or near The Conge,E01026597,Great Yarmouth 005C,Public order,Offender sent to prison,
1e7e9cba488e7708dd4bbb79b4722b45b7dac914dea5b41e6b46527fcee0345c,2016-01,Norfolk Constabulary,Norfolk Constabulary,1.724344,52.607642,On or near Parking Area,E01026597,Great Yarmouth 005C,Robbery,Investigation complete; no suspect identified,
4acd20e1a7d94024628293332f3d093db9693b3a14a0000a7ec5fc470994b90b,2016-01,Norfolk Constabulary,Norfolk Constabulary,1.730330,52.610610,On or near Supermarket,E01026597,Great Yarmouth 005C,Shoplifting,Offender sent to prison,
e2a4055c08cc51e22631ccd5ed288e673a7494eaa9039fa74991d387f7c95a0b,2016-01,Norfolk Constabulary,Norfolk Constabulary,1.728513,52.607843,On or near Shopping Area,E01026597,Great Yarmouth 005C,Shoplifting,Local resolution,
0abb4fb9a7dbc74574c7d9c6ca63c77ccab057c719b48c41b3029122cbc5f67d,2016-01,Norfolk Constabulary,Norfolk Constabulary,1.726090,52.607668,On or near Shopping Area,E01026597,Great Yarmouth 005C,Shoplifting,Offender given community sentence,
aa9f65dbb78f490426d8838ce5d048c4bd95e45b4e07c09044a298dc39672403,2016-01,Norfolk Constabulary,Norfolk Constabulary,1.730330,52.610610,On or near Supermarket,E01026597,Great Yarmouth 005C,Shoplifting,Unable to prosecute suspect,
941bdba2d4c7b042313f39fb270991e84889f610a0a1dfc70f9a1b1239933f82,2016-01,Norfolk Constabulary,Norfolk Constabulary,1.726769,52.608879,On or near Parking Area,E01026597,Great Yarmouth 005C,Shoplifting,Status update unavailable,
3ac1e7b2a97f6ebe68adb50dda04f047f23a72887120cb4e03b0645abc291639,2016-01,Norfolk Constabulary,Norfolk Constabulary,1.726769,52.608879,On or near Parking Area,E01026597,Great Yarmouth 005C,Shoplifting,Offender sent to prison,
e88776f884120e635ce39df1880ac3d45689e57f12c91600ec24755df6a3f8e2,2016-01,Norfolk Constabulary,Norfolk Constabulary,1.726090,52.607668,On or near Shopping Area,E01026597,Great Yarmouth 005C,Shoplifting,Investigation complete; no suspect identified,
e7e81462beb9ec82a6581a45428ea49556e8c5702102588f3607f9462e0f470f,2016-01,Norfolk Constabulary,Norfolk Constabulary,1.726769,52.608879,On or near Parking Area,E01026597,Great Yarmouth 005C,Shoplifting,Status update unavailable,
bb93ec88430da05c09eaae3ceb16f49863fbe5c7bace3d98653f0e7f8be17206,2016-01,Norfolk Constabulary,Norfolk Constabulary,1.726337,52.608137,On or near Shopping Area,E01026597,Great Yarmouth 005C,Shoplifting,Offender ordered to pay compensation,
a898fe73fc85befeb6651358d277ff85cf122e9d2dcb96009bdf56af5da0f818,2016-01,Norfolk Constabulary,Norfolk Constabulary,1.730330,52.610610,On or near Supermarket,E01026597,Great Yarmouth 005C,Shoplifting,Offender sent to prison,
0432f49c9236a3036b7bd74c60dd03af9ad1ce187b155e8d7d72b399000d4aa6,2016-01,Norfolk Constabulary,Norfolk Constabulary,1.726337,52.608137,On or near Shopping Area,E01026597,Great Yarmouth 005C,Shoplifting,Status update unavailable,
6e67c4c3fe9b43108e67fd3b39c32fd8fabb429a5ab56d6170589bb893f05e1b,2016-01,Norfolk Constabulary,Norfolk Constabulary,1.726090,52.607668,On or near Shopping Area,E01026597,Great Yarmouth 005C,Shoplifting,Offender given conditional discharge,
9a707701f1227c1f564954429db06843933513021625636b9c535e3ea81cbc75,2016-01,Norfolk Constabulary,Norfolk Constabulary,1.722017,52.610342,On or near North Quay,E01026597,Great Yarmouth 005C,Shoplifting,Court result unavailable,
eaeaaa851860a69db65806068a49f46356ca9277051dc97ba397ddc9a2c9756d,2016-01,Norfolk Constabulary,Norfolk Constabulary,1.726337,52.608137,On or near Shopping Area,E01026597,Great Yarmouth 005C,Shoplifting,Offender given conditional discharge,
9f9ecd5e71129cb133e87b915bbe52ab2b09444420c7c9ac11135124906db000,2016-01,Norfolk Constabulary,Norfolk Constabulary,1.728182,52.608295,On or near Market Gates,E01026597,Great Yarmouth 005C,Shoplifting,Local resolution,
738f7daadbef2214122a107026b8cf7f1be7da6eb2734ed801ff9c17b9681868,2016-01,Norfolk Constabulary,Norfolk Constabulary,1.727501,52.607408,On or near Shopping Area,E01026597,Great Yarmouth 005C,Shoplifting,Investigation complete; no suspect identified,
4e6219d049f5ab40a6011610e8235029dc9b367800f500dfd2fee036479d4189,2016-01,Norfolk Constabulary,Norfolk Constabulary,1.726769,52.608879,On or near Parking Area,E01026597,Great Yarmouth 005C,Shoplifting,Local resolution,
2ce492f14cf834b12a8e3d1d3126369d88067113716241b6e9836788c3f96966,2016-01,Norfolk Constabulary,Norfolk Constabulary,1.724331,52.607831,On or near Stonecutters Way,E01026597,Great Yarmouth 005C,Theft from the person,Investigation complete; no suspect identified,
67905d20493be4c2314d652fa0cfd4f8e0f446627ffbf452a6a5a33b3b7868f5,2016-01,Norfolk Constabulary,Norfolk Constabulary,1.721266,52.608800,On or near Fishers' Quay,E01026597,Great Yarmouth 005C,Theft from the person,Formal action is not in the public interest,
abf40ee590f52fba65e4d1303d5fd340fdce024e961856e61f3a900a8def62aa,2016-01,Norfolk Constabulary,Norfolk Constabulary,1.722017,52.610342,On or near North Quay,E01026597,Great Yarmouth 005C,Violence and sexual offences,Formal action is not in the public interest,
7022e8f03911f400af2bc9371eb1b5406fd14054325394c2b98bbe184db1353e,2016-01,Norfolk Constabulary,Norfolk Constabulary,1.722559,52.608193,On or near Parking Area,E01026597,Great Yarmouth 005C,Violence and sexual offences,Formal action is not in the public interest,
aa54af0d5ff651d4a4469c2c9bd0f97c30275cf33b70e3bef333c86e07ab9ce8,2016-01,Norfolk Constabulary,Norfolk Constabulary,1.724331,52.607831,On or near Stonecutters Way,E01026597,Great Yarmouth 005C,Violence and sexual offences,Status update unavailable,
1c31d2f522b033264f18296916c2b8920e905cc2715406479cdc22561ae74ddd,2016-01,Norfolk Constabulary,Norfolk Constabulary,1.728182,52.608295,On or near Market Gates,E01026597,Great Yarmouth 005C,Violence and sexual offences,Court result unavailable,
c27ee49764135f6d9f808203317a12a0905b6ab581e1ad788e41eef20411554e,2016-01,Norfolk Constabulary,Norfolk Constabulary,1.726442,52.610067,On or near Fuller'S Hill,E01026597,Great Yarmouth 005C,Violence and sexual offences,Formal action is not in the public interest,
59f6171d761ab081c9613d0def22da89838ead68ed600a32bbe5fa7ab0601f29,2016-01,Norfolk Constabulary,Norfolk Constabulary,1.722017,52.610342,On or near North Quay,E01026597,Great Yarmouth 005C,Violence and sexual offences,Status update unavailable,
2397e1439a6fa369acf6b985853d39be75f61bb76a234ad3cfec68a4f58cdaa3,2016-01,Norfolk Constabulary,Norfolk Constabulary,1.721266,52.608800,On or near Fishers' Quay,E01026597,Great Yarmouth 005C,Violence and sexual offences,Formal action is not in the public interest,
a188192c1d26d8acb07a02151edd0c5364fac191cb5ae3d3a2caefee92e57d5e,2016-01,Norfolk Constabulary,Norfolk Constabulary,1.728679,52.607532,On or near Shopping Area,E01026597,Great Yarmouth 005C,Violence and sexual offences,Investigation complete; no suspect identified,
2996e407a8d9911ca70f676365a1ddec3103fb3475959310a8b27be2d7a84ed5,2016-01,Norfolk Constabulary,Norfolk Constabulary,1.726337,52.608137,On or near Shopping Area,E01026597,Great Yarmouth 005C,Violence and sexual offences,Formal action is not in the public interest,
2af79bedabd1b8e663119efd7866a571d8cbcda49718156d10dccff73e33f82b,2016-01,Norfolk Constabulary,Norfolk Constabulary,1.726442,52.610067,On or near Fuller'S Hill,E01026597,Great Yarmouth 005C,Violence and sexual offences,Status update unavailable,
0d65dc85d7a55e4c3a949df4d6013613102c3f489cd49885c8381d79c837739b,2016-01,Norfolk Constabulary,Norfolk Constabulary,1.728182,52.608295,On or near Market Gates,E01026597,Great Yarmouth 005C,Violence and sexual offences,Unable to prosecute suspect,
613a4c73d733e10614a06e1ee8da37a726aadd8a8ab1fd40d7f1ae47dd80a9ed,2016-01,Norfolk Constabulary,Norfolk Constabulary,1.721266,52.608800,On or near Fishers' Quay,E01026597,Great Yarmouth 005C,Other crime,Formal action is not in the public interest,
ea3866f85e21e1919edd07fb75643a54f2f18eba53abc9ddebdf3bb5e843cc81,2016-01,Norfolk Constabulary,Norfolk Constabulary,1.728182,52.608295,On or near Market Gates,E01026597,Great Yarmouth 005C,Other crime,Court result unavailable,
b4cdb7e08ccf9656c75915e259dd32c7a6f0dabed6086cae64f0d2a4a3dc4c6a,2016-01,Norfolk Constabulary,Norfolk Constabulary,1.724351,52.609117,On or near Herries Close,E01026597,Great Yarmouth 005C,Other crime,Status update unavailable,
996c70d0864bcd38b572ae5146a0a07cda813445fccff6c87c0e238247e79c06,2016-01,Norfolk Constabulary,Norfolk Constabulary,1.730665,52.608468,On or near The Crans,E01026597,Great Yarmouth 005C,Other crime,Formal action is not in the public interest,
278a3e22d5c578943ac0275c2bf42b727b892733fd4a583afbf5ed090d79829e,2016-01,Norfolk Constabulary,Norfolk Constabulary,1.727501,52.607408,On or near Shopping Area,E01026597,Great Yarmouth 005C,Other crime,Status update unavailable,
,2016-01,Norfolk Constabulary,Norfolk Constabulary,1.732344,52.609279,On or near Manby Road,E01026598,Great Yarmouth 005D,Anti-social behaviour,,
,2016-01,Norfolk Constabulary,Norfolk Constabulary,1.733617,52.610525,On or near Bus/Coach Station,E01026598,Great Yarmouth 005D,Anti-social behaviour,,
,2016-01,Norfolk Constabulary,Norfolk Constabulary,1.735752,52.609216,On or near Paget Road,E01026598,Great Yarmouth 005D,Anti-social behaviour,,
,2016-01,Norfolk Constabulary,Norfolk Constabulary,1.733617,52.610525,On or near Bus/Coach Station,E01026598,Great Yarmouth 005D,Anti-social behaviour,,
,2016-01,Norfolk Constabulary,Norfolk Constabulary,1.735752,52.609216,On or near Paget Road,E01026598,Great Yarmouth 005D,Anti-social behaviour,,
,2016-01,Norfolk Constabulary,Norfolk Constabulary,1.733732,52.609091,On or near Southampton Place,E01026598,Great Yarmouth 005D,Anti-social behaviour,,
,2016-01,Norfolk Constabulary,Norfolk Constabulary,1.735022,52.611749,On or near Wellesley Road,E01026598,Great Yarmouth 005D,Anti-social behaviour,,
4aea99191709fd664d1c28bf98823785087424fbe77b585b86c63d6b27a61f1e,2016-01,Norfolk Constabulary,Norfolk Constabulary,1.735752,52.609216,On or near Paget Road,E01026598,Great Yarmouth 005D,Bicycle theft,Investigation complete; no suspect identified,
a1dfdf2647134e5f6e0b5cac497909a1e6baddedb3f8c9a3ea48232b4e9a9263,2016-01,Norfolk Constabulary,Norfolk Constabulary,1.735752,52.609216,On or near Paget Road,E01026598,Great Yarmouth 005D,Bicycle theft,Investigation complete; no suspect identified,
5b5bd2f915890e1db535413cd72bc7c95af9460394bd85de86bc1df604768e1e,2016-01,Norfolk Constabulary,Norfolk Constabulary,1.734910,52.608694,On or near Prince'S Road,E01026598,Great Yarmouth 005D,Bicycle theft,Investigation complete; no suspect identified,
b2010fb78a773091a3d9f2aa0a2b94bed9fa001e855a0e9f738c057508c77a04,2016-01,Norfolk Constabulary,Norfolk Constabulary,1.734753,52.608942,On or near Wellesley Road,E01026598,Great Yarmouth 005D,Burglary,Investigation complete; no suspect identified,
eb894379ff6d2aa13bf3c29e626c6020191ae2b410a361cd0c5f05fe404394e6,2016-01,Norfolk Constabulary,Norfolk Constabulary,1.734270,52.609335,On or near Nettle Hill East,E01026598,Great Yarmouth 005D,Burglary,Unable to prosecute suspect,
0329ce248680005b43e012a87f3de4853a05b47ee69124178899a7827f269c24,2016-01,Norfolk Constabulary,Norfolk Constabulary,1.732550,52.611701,On or near Audley Street,E01026598,Great Yarmouth 005D,Burglary,Investigation complete; no suspect identified,
35079b824267fa9694e0d9bbcca863f2a07610cd7df5d929b41e6aa816f39ff1,2016-01,Norfolk Constabulary,Norfolk Constabulary,1.732528,52.611270,On or near Tottenham Street,E01026598,Great Yarmouth 005D,Criminal damage and arson,Investigation complete; no suspect identified,
18c38748559ef3dbd582a2d8be52c511f8c09b9cb138874aa1fb1e13c170bc6b,2016-01,Norfolk Constabulary,Norfolk Constabulary,1.735752,52.609216,On or near Paget Road,E01026598,Great Yarmouth 005D,Criminal damage and arson,Formal action is not in the public interest,
b4d94cecbbb309e0ba98b9207ca8c4359fc66e5b533aa2e2a28783fded63f362,2016-01,Norfolk Constabulary,Norfolk Constabulary,1.734753,52.608942,On or near Wellesley Road,E01026598,Great Yarmouth 005D,Criminal damage and arson,Status update unavailable,
190c6ebf90590435c57427cf3ece602072260dff7c69badccdbd53acef36bbb6,2016-01,Norfolk Constabulary,Norfolk Constabulary,1.735870,52.609914,On or near Euston Road,E01026598,Great Yarmouth 005D,Public order,Offender given a caution,
3f6010d5a85fdfd0f8e42fd75ecc5faacdff544336767e3584b6cd3b9fca1c22,2016-01,Norfolk Constabulary,Norfolk Constabulary,1.734910,52.608694,On or near Prince'S Road,E01026598,Great Yarmouth 005D,Robbery,Status update unavailable,
2cbb7b3f2468b3ad3546ce70639b2b56428226a19aab0de0ec15356ef9af35fd,2016-01,Norfolk Constabulary,Norfolk Constabulary,1.733142,52.609280,On or near Nelson Road North,E01026598,Great Yarmouth 005D,Vehicle crime,Investigation complete; no suspect identified,
dff4c44c27673deea90b3b5616ced51aaae8ca327c4c9413fb8a06ad892264e8,2016-01,Norfolk Constabulary,Norfolk Constabulary,1.734270,52.609335,On or near Nettle Hill East,E01026598,Great Yarmouth 005D,Violence and sexual offences,Unable to prosecute suspect,
4f7d64a896e38099f71097390fd119b79408c98666f64874c71d9beaeeb49078,2016-01,Norfolk Constabulary,Norfolk Constabulary,1.735752,52.609216,On or near Paget Road,E01026598,Great Yarmouth 005D,Violence and sexual offences,Offender otherwise dealt with,
79c1b0684ba2dc403344ed46899972734f31f26cb19951db32af2b9c280d3b85,2016-01,Norfolk Constabulary,Norfolk Constabulary,1.735870,52.609914,On or near Euston Road,E01026598,Great Yarmouth 005D,Violence and sexual offences,Status update unavailable,
789d917334c266e009e5e80522f61feb7ffbb2f76626c0d924386a1f2df6c4c4,2016-01,Norfolk Constabulary,Norfolk Constabulary,1.735752,52.609216,On or near Paget Road,E01026598,Great Yarmouth 005D,Violence and sexual offences,Court result unavailable,
7f82874d013f0972ed71e47338e99b5d90da48518b462be854a570ca40652089,2016-01,Norfolk Constabulary,Norfolk Constabulary,1.732069,52.607785,On or near Suffolk Place,E01026598,Great Yarmouth 005D,Violence and sexual offences,Status update unavailable,
da40449847874cb2440380e1df9efa3f7313d9166c605c8a4bb1dc5553caaa45,2016-01,Norfolk Constabulary,Norfolk Constabulary,1.735870,52.609914,On or near Euston Road,E01026598,Great Yarmouth 005D,Violence and sexual offences,Court result unavailable,
,2016-01,Norfolk Constabulary,Norfolk Constabulary,1.732558,52.591309,On or near Battery Road,E01026622,Great Yarmouth 006A,Anti-social behaviour,,
,2016-01,Norfolk Constabulary,Norfolk Constabulary,1.730006,52.596382,On or near Ordnance Road,E01026622,Great Yarmouth 006A,Anti-social behaviour,,
,2016-01,Norfolk Constabulary,Norfolk Constabulary,1.729547,52.594463,On or near Barrack Road,E01026622,Great Yarmouth 006A,Anti-social behaviour,,
,2016-01,Norfolk Constabulary,Norfolk Constabulary,1.729547,52.594463,On or near Barrack Road,E01026622,Great Yarmouth 006A,Anti-social behaviour,,
,2016-01,Norfolk Constabulary,Norfolk Constabulary,1.729547,52.594463,On or near Barrack Road,E01026622,Great Yarmouth 006A,Anti-social behaviour,,
,2016-01,Norfolk Constabulary,Norfolk Constabulary,1.733780,52.593349,On or near Harbord Crescent,E01026622,Great Yarmouth 006A,Anti-social behaviour,,
,2016-01,Norfolk Constabulary,Norfolk Constabulary,1.730006,52.596382,On or near Ordnance Road,E01026622,Great Yarmouth 006A,Anti-social behaviour,,
,2016-01,Norfolk Constabulary,Norfolk Constabulary,1.732388,52.592781,On or near Peggotty Road,E01026622,Great Yarmouth 006A,Anti-social behaviour,,
,2016-01,Norfolk Constabulary,Norfolk Constabulary,1.733780,52.593349,On or near Harbord Crescent,E01026622,Great Yarmouth 006A,Anti-social behaviour,,
,2016-01,Norfolk Constabulary,Norfolk Constabulary,1.733780,52.593349,On or near Harbord Crescent,E01026622,Great Yarmouth 006A,Anti-social behaviour,,
,2016-01,Norfolk Constabulary,Norfolk Constabulary,1.733780,52.593349,On or near Harbord Crescent,E01026622,Great Yarmouth 006A,Anti-social behaviour,,
,2016-01,Norfolk Constabulary,Norfolk Constabulary,1.729749,52.593368,On or near Sutton Road,E01026622,Great Yarmouth 006A,Anti-social behaviour,,
,2016-01,Norfolk Constabulary,Norfolk Constabulary,1.730006,52.596382,On or near Ordnance Road,E01026622,Great Yarmouth 006A,Anti-social behaviour,,
,2016-01,Norfolk Constabulary,Norfolk Constabulary,1.735798,52.595192,On or near Theme/Adventure Park,E01026622,Great Yarmouth 006A,Anti-social behaviour,,
43a6b610f57e0e760d3e071f5c551b8b89724db04b5ca6b13836bd003b825b21,2016-01,Norfolk Constabulary,Norfolk Constabulary,1.730006,52.596382,On or near Ordnance Road,E01026622,Great Yarmouth 006A,Burglary,Investigation complete; no suspect identified,
c439baba18a4152c114de489baa8b457530ecccfe76706b871de9fa4c0792bf2,2016-01,Norfolk Constabulary,Norfolk Constabulary,1.729547,52.594463,On or near Barrack Road,E01026622,Great Yarmouth 006A,Burglary,Investigation complete; no suspect identified,
1399644c4ad61a3966f5e080cce4731a8397ccaad4e9398f7cc97e6f020d3820,2016-01,Norfolk Constabulary,Norfolk Constabulary,1.733780,52.593349,On or near Harbord Crescent,E01026622,Great Yarmouth 006A,Burglary,Status update unavailable,
98bb7662260d0902a3c82d8b0cdb012da69e0f7e598f41abd32198119d1311de,2016-01,Norfolk Constabulary,Norfolk Constabulary,1.730592,52.590769,On or near Pommer'S Lane,E01026622,Great Yarmouth 006A,Criminal damage and arson,Investigation complete; no suspect identified,
e3f6f2549d87b1b31a674875ef3eee92c12b2e0b91c4a58cfb7133011c1d3982,2016-01,Norfolk Constabulary,Norfolk Constabulary,1.732512,52.594594,On or near Barkis Road,E01026622,Great Yarmouth 006A,Other theft,Unable to prosecute suspect,
46a34ac1cf6b9bef739dcc0730f71cddefae2bf33343fcb78f08715de82488d2,2016-01,Norfolk Constabulary,Norfolk Constabulary,1.733780,52.593349,On or near Harbord Crescent,E01026622,Great Yarmouth 006A,Violence and sexual offences,Status update unavailable,
769068cdf12d0089d75da7c4fcf40897b200f285f8843ea876509a97ce18474f,2016-01,Norfolk Constabulary,Norfolk Constabulary,1.730006,52.596382,On or near Ordnance Road,E01026622,Great Yarmouth 006A,Violence and sexual offences,Status update unavailable,
05271dbc07d1aa5a8c004536ac985721745c127bcbd9c8832287c49ec5afe165,2016-01,Norfolk Constabulary,Norfolk Constabulary,1.733780,52.593349,On or near Harbord Crescent,E01026622,Great Yarmouth 006A,Violence and sexual offences,Unable to prosecute suspect,
9a6f9804ff2808694794618457ccd0b4eeb2fa2975df4e1c5022ef44cdd1fee4,2016-01,Norfolk Constabulary,Norfolk Constabulary,1.732512,52.594594,On or near Barkis Road,E01026622,Great Yarmouth 006A,Violence and sexual offences,Status update unavailable,
90116ddcf876bb2d396bcd4f2ccf97ef1e3da3b002033565bb58199301f23d69,2016-01,Norfolk Constabulary,Norfolk Constabulary,1.730006,52.596382,On or near Ordnance Road,E01026622,Great Yarmouth 006A,Other crime,Formal action is not in the public interest,
,2016-01,Norfolk Constabulary,Norfolk Constabulary,1.734671,52.606588,On or near Russell Square,E01026623,Great Yarmouth 006B,Anti-social behaviour,,
,2016-01,Norfolk Constabulary,Norfolk Constabulary,1.726112,52.606705,On or near Regent Street,E01026623,Great Yarmouth 006B,Anti-social behaviour,,
,2016-01,Norfolk Constabulary,Norfolk Constabulary,1.732526,52.606206,On or near Crown Road,E01026623,Great Yarmouth 006B,Anti-social behaviour,,
,2016-01,Norfolk Constabulary,Norfolk Constabulary,1.731635,52.607196,On or near Shopping Area,E01026623,Great Yarmouth 006B,Anti-social behaviour,,
,2016-01,Norfolk Constabulary,Norfolk Constabulary,1.728085,52.606112,On or near King Street,E01026623,Great Yarmouth 006B,Anti-social behaviour,,
,2016-01,Norfolk Constabulary,Norfolk Constabulary,1.728495,52.606765,On or near Shopping Area,E01026623,Great Yarmouth 006B,Anti-social behaviour,,
,2016-01,Norfolk Constabulary,Norfolk Constabulary,1.736086,52.607937,On or near Nightclub,E01026623,Great Yarmouth 006B,Anti-social behaviour,,
,2016-01,Norfolk Constabulary,Norfolk Constabulary,1.733574,52.607414,On or near Roman Place,E01026623,Great Yarmouth 006B,Anti-social behaviour,,
,2016-01,Norfolk Constabulary,Norfolk Constabulary,1.727820,52.606813,On or near Regent Road,E01026623,Great Yarmouth 006B,Anti-social behaviour,,
,2016-01,Norfolk Constabulary,Norfolk Constabulary,1.736217,52.606350,On or near Marlborough Terrace,E01026623,Great Yarmouth 006B,Anti-social behaviour,,
,2016-01,Norfolk Constabulary,Norfolk Constabulary,1.728495,52.606765,On or near Shopping Area,E01026623,Great Yarmouth 006B,Anti-social behaviour,,
,2016-01,Norfolk Constabulary,Norfolk Constabulary,1.735481,52.607767,On or near Shopping Area,E01026623,Great Yarmouth 006B,Anti-social behaviour,,
,2016-01,Norfolk Constabulary,Norfolk Constabulary,1.733298,52.606595,On or near Artillery Square,E01026623,Great Yarmouth 006B,Anti-social behaviour,,
,2016-01,Norfolk Constabulary,Norfolk Constabulary,1.732625,52.607021,On or near Albion Road,E01026623,Great Yarmouth 006B,Anti-social behaviour,,
,2016-01,Norfolk Constabulary,Norfolk Constabulary,1.735481,52.607767,On or near Shopping Area,E01026623,Great Yarmouth 006B,Anti-social behaviour,,
,2016-01,Norfolk Constabulary,Norfolk Constabulary,1.728495,52.606765,On or near Shopping Area,E01026623,Great Yarmouth 006B,Anti-social behaviour,,
,2016-01,Norfolk Constabulary,Norfolk Constabulary,1.726112,52.606705,On or near Regent Street,E01026623,Great Yarmouth 006B,Anti-social behaviour,,
,2016-01,Norfolk Constabulary,Norfolk Constabulary,1.736086,52.607937,On or near Nightclub,E01026623,Great Yarmouth 006B,Anti-social behaviour,,
,2016-01,Norfolk Constabulary,Norfolk Constabulary,1.736247,52.607572,On or near Britannia Road,E01026623,Great Yarmouth 006B,Anti-social behaviour,,
,2016-01,Norfolk Constabulary,Norfolk Constabulary,1.728085,52.606112,On or near King Street,E01026623,Great Yarmouth 006B,Anti-social behaviour,,
,2016-01,Norfolk Constabulary,Norfolk Constabulary,1.728495,52.606765,On or near Shopping Area,E01026623,Great Yarmouth 006B,Anti-social behaviour,,
,2016-01,Norfolk Constabulary,Norfolk Constabulary,1.728495,52.606765,On or near Shopping Area,E01026623,Great Yarmouth 006B,Anti-social behaviour,,
,2016-01,Norfolk Constabulary,Norfolk Constabulary,1.726744,52.606154,On or near Parking Area,E01026623,Great Yarmouth 006B,Anti-social behaviour,,
142802a0fe000c829845f041d8f28c0e9d9588d05553cef33258b6b36bf4e4d4,2016-01,Norfolk Constabulary,Norfolk Constabulary,1.726112,52.606705,On or near Regent Street,E01026623,Great Yarmouth 006B,Bicycle theft,Status update unavailable,
75d02d990ab125c37bab54ea8d3734799be32e8bb961834c761503fe37ca879d,2016-01,Norfolk Constabulary,Norfolk Constabulary,1.735679,52.605935,On or near Apsley Road,E01026623,Great Yarmouth 006B,Burglary,Investigation complete; no suspect identified,
c6ad9527c6836fd331dab2fd6ede66b85a60a0a580f8d1df86b82f4abf6d6a77,2016-01,Norfolk Constabulary,Norfolk Constabulary,1.735679,52.605935,On or near Apsley Road,E01026623,Great Yarmouth 006B,Burglary,Investigation complete; no suspect identified,
435f5fe385c0085d25f0fb7692cfac31fc23b89470e11b7ba379793bd72912bc,2016-01,Norfolk Constabulary,Norfolk Constabulary,1.736086,52.607937,On or near Nightclub,E01026623,Great Yarmouth 006B,Burglary,Court case unable to proceed,
28608f13478983b386dca866bea0e2acd657a66eac31492677f0aceae3cdf274,2016-01,Norfolk Constabulary,Norfolk Constabulary,1.726112,52.606705,On or near Regent Street,E01026623,Great Yarmouth 006B,Burglary,Offender sent to prison,
70dda87d1c545e4013181bc106c9ce2b648070cbd16c71e9fb325fcd8cc1d45e,2016-01,Norfolk Constabulary,Norfolk Constabulary,1.732799,52.605603,On or near Nelson Road Central,E01026623,Great Yarmouth 006B,Burglary,Formal action is not in the public interest,
a0f04eb2486b7a1a3243a0f7e45301510b495f86fff987adab538e9965305d8d,2016-01,Norfolk Constabulary,Norfolk Constabulary,1.736086,52.607937,On or near Nightclub,E01026623,Great Yarmouth 006B,Burglary,Offender sent to prison,
facf51633945dbb1a55ed81f14496294f0c977764c959a01df38164645f95b95,2016-01,Norfolk Constabulary,Norfolk Constabulary,1.724903,52.606221,On or near Hall Plain,E01026623,Great Yarmouth 006B,Criminal damage and arson,Local resolution,
5de12ebc5718eea1d9ae17e6757135a9df3164d433978578a128398d09da3ed1,2016-01,Norfolk Constabulary,Norfolk Constabulary,1.731736,52.606644,On or near Saxon Road,E01026623,Great Yarmouth 006B,Criminal damage and arson,Investigation complete; no suspect identified,
ec6a7043749285d2f2b37db861c0c4d3f39015489840e17157e95eeb61ebc739,2016-01,Norfolk Constabulary,Norfolk Constabulary,1.733574,52.607414,On or near Roman Place,E01026623,Great Yarmouth 006B,Criminal damage and arson,Investigation complete; no suspect identified,
51c422a4218fd4150a1beb6756b0dc280285956532dc346c49c508f08d97cf16,2016-01,Norfolk Constabulary,Norfolk Constabulary,1.728085,52.606112,On or near King Street,E01026623,Great Yarmouth 006B,Criminal damage and arson,Unable to prosecute suspect,
6eb9d9b243dafcd4d98498ea8975c16dc8923e604b3a39f6762dff1c114e96f5,2016-01,Norfolk Constabulary,Norfolk Constabulary,1.733574,52.607414,On or near Roman Place,E01026623,Great Yarmouth 006B,Drugs,Offender given a caution,
d258b9517ef91b5066cea1e936e7d839d48ee2b2a86b309c0d6271a10d13e62f,2016-01,Norfolk Constabulary,Norfolk Constabulary,1.725949,52.605136,On or near Queen Street,E01026623,Great Yarmouth 006B,Drugs,Offender given a drugs possession warning,
0a81c1b65e033db972717926094903fbce820909e62256970bc54d0b2af47cde,2016-01,Norfolk Constabulary,Norfolk Constabulary,1.736086,52.607937,On or near Nightclub,E01026623,Great Yarmouth 006B,Drugs,Offender given a caution,
6eede1e37671520a93243ed2b4724fc9d229cacf0fd811f90fef68208c28cc0b,2016-01,Norfolk Constabulary,Norfolk Constabulary,1.727820,52.606813,On or near Regent Road,E01026623,Great Yarmouth 006B,Other theft,Local resolution,
28ba0f1e4a96135e02c71868567cc26ea0ea6d83020fa9724615b14fa211bc86,2016-01,Norfolk Constabulary,Norfolk Constabulary,1.732625,52.607021,On or near Albion Road,E01026623,Great Yarmouth 006B,Other theft,Investigation complete; no suspect identified,
eaa057b9df358477840254e9f1d7230b95cb2e93ea648bf67caae4d328bed8d7,2016-01,Norfolk Constabulary,Norfolk Constabulary,1.733574,52.607414,On or near Roman Place,E01026623,Great Yarmouth 006B,Other theft,Investigation complete; no suspect identified,
ae31ba882ad4d08a5f180326b42feb9c78c22d092acdfad1304378374564e01f,2016-01,Norfolk Constabulary,Norfolk Constabulary,1.731635,52.607196,On or near Shopping Area,E01026623,Great Yarmouth 006B,Other theft,Investigation complete; no suspect identified,
d842a63834d03ba2f71d605984387d84121e7e606f9b0902662c72a55dd20e69,2016-01,Norfolk Constabulary,Norfolk Constabulary,1.728085,52.606112,On or near King Street,E01026623,Great Yarmouth 006B,Possession of weapons,Court result unavailable,
0fa5a147ee836f0400bc42458933362999e0fab018b2c82e453efc9735054336,2016-01,Norfolk Constabulary,Norfolk Constabulary,1.727820,52.606813,On or near Regent Road,E01026623,Great Yarmouth 006B,Public order,Offender sent to prison,
b1e21a32d7afd11d7f56ee248a0c8957b721fe6cc98824b7bd245bf98f3e3596,2016-01,Norfolk Constabulary,Norfolk Constabulary,1.725949,52.605136,On or near Queen Street,E01026623,Great Yarmouth 006B,Public order,Offender sent to prison,
6e6c035f28e652b6b834909aa602fac8fc0f208c30f3ca392de3ec53787051e8,2016-01,Norfolk Constabulary,Norfolk Constabulary,1.725949,52.605136,On or near Queen Street,E01026623,Great Yarmouth 006B,Robbery,Court case unable to proceed,
0e4c0f55d652d1dd2e0be1e214d777ca97ee8c5fa4903d526075db0ad847c585,2016-01,Norfolk Constabulary,Norfolk Constabulary,1.725949,52.605136,On or near Queen Street,E01026623,Great Yarmouth 006B,Vehicle crime,Court result unavailable,
86f8525681acd3a545d349aa9a079a500caa4dc642edcfa303c1d39af3611f8c,2016-01,Norfolk Constabulary,Norfolk Constabulary,1.725949,52.605136,On or near Queen Street,E01026623,Great Yarmouth 006B,Violence and sexual offences,Offender sent to prison,
e451305834f54652d0f8914e92d03c7f9379fd64ccd1ba5586993a7bd4630f4c,2016-01,Norfolk Constabulary,Norfolk Constabulary,1.728085,52.606112,On or near King Street,E01026623,Great Yarmouth 006B,Violence and sexual offences,Court result unavailable,
e670055316d88ca9034229c30c624ee5e01923a67a822685892d03e29e084b6f,2016-01,Norfolk Constabulary,Norfolk Constabulary,1.733574,52.607414,On or near Roman Place,E01026623,Great Yarmouth 006B,Violence and sexual offences,Defendant found not guilty,
015d9d59a546e16e7f96d514515aba0e92f55937789a796c720dfc2eda4b8486,2016-01,Norfolk Constabulary,Norfolk Constabulary,1.734671,52.606588,On or near Russell Square,E01026623,Great Yarmouth 006B,Violence and sexual offences,Unable to prosecute suspect,
d4b63056e6cce1859246768e0a9ba20102e7abc81c08c7d6e1b4c6f8295f67db,2016-01,Norfolk Constabulary,Norfolk Constabulary,1.736217,52.606350,On or near Marlborough Terrace,E01026623,Great Yarmouth 006B,Violence and sexual offences,Investigation complete; no suspect identified,
c75f38307ada7da535f9b52af1b85ee2bbbb9ef93bdb282f556eaf5e03d69756,2016-01,Norfolk Constabulary,Norfolk Constabulary,1.732799,52.605603,On or near Nelson Road Central,E01026623,Great Yarmouth 006B,Violence and sexual offences,Formal action is not in the public interest,
cc6f05d3efd6f4873fa1d0dc55ec70191e2b065765ad28c03ae8970b2e6206d2,2016-01,Norfolk Constabulary,Norfolk Constabulary,1.733574,52.607414,On or near Roman Place,E01026623,Great Yarmouth 006B,Violence and sexual offences,Status update unavailable,
09f9111bc18834804dcd2940e3d01d92435672b4a5c40d9726c0fc71c150eb71,2016-01,Norfolk Constabulary,Norfolk Constabulary,1.736086,52.607937,On or near Nightclub,E01026623,Great Yarmouth 006B,Violence and sexual offences,Status update unavailable,
b4478ea7c67b2d6a777a896d4f7b67b7a829b11f4e07de6ef527812d8971b31f,2016-01,Norfolk Constabulary,Norfolk Constabulary,1.727820,52.606813,On or near Regent Road,E01026623,Great Yarmouth 006B,Violence and sexual offences,Court result unavailable,
54719ca0b1c4fd649861c7ad99fa5f6557172fe2611582adc94069542c8321e5,2016-01,Norfolk Constabulary,Norfolk Constabulary,1.728085,52.606112,On or near King Street,E01026623,Great Yarmouth 006B,Violence and sexual offences,Formal action is not in the public interest,
e59ca1e353faed377f5500a116b4cb6e3c54365d66ba15eb612eeab763f6a30a,2016-01,Norfolk Constabulary,Norfolk Constabulary,1.724903,52.606221,On or near Hall Plain,E01026623,Great Yarmouth 006B,Violence and sexual offences,Formal action is not in the public interest,
3a7d021259c221be16de5048b0ec5291c07fbd4462d9788fc384723ae0b89b09,2016-01,Norfolk Constabulary,Norfolk Constabulary,1.736086,52.607937,On or near Nightclub,E01026623,Great Yarmouth 006B,Violence and sexual offences,Investigation complete; no suspect identified,
edfe1398736cc5528a2ff69b5daa74abfb3b3001ff5083fa3fe98c75a81d6027,2016-01,Norfolk Constabulary,Norfolk Constabulary,1.731736,52.606644,On or near Saxon Road,E01026623,Great Yarmouth 006B,Violence and sexual offences,Unable to prosecute suspect,
f68bbfc3bb1c42d01e67a0fa3e2306b18a462f74427d431bbb8469fc242e3c6e,2016-01,Norfolk Constabulary,Norfolk Constabulary,1.728085,52.606112,On or near King Street,E01026623,Great Yarmouth 006B,Other crime,Formal action is not in the public interest,
,2016-01,Norfolk Constabulary,Norfolk Constabulary,1.733632,52.602546,On or near St Peter'S Road,E01026624,Great Yarmouth 006C,Anti-social behaviour,,
,2016-01,Norfolk Constabulary,Norfolk Constabulary,1.730930,52.603953,On or near St Peters' Plain,E01026624,Great Yarmouth 006C,Anti-social behaviour,,
,2016-01,Norfolk Constabulary,Norfolk Constabulary,1.733309,52.604301,On or near St George'S Road,E01026624,Great Yarmouth 006C,Anti-social behaviour,,
,2016-01,Norfolk Constabulary,Norfolk Constabulary,1.732825,52.601735,On or near Victoria Road,E01026624,Great Yarmouth 006C,Anti-social behaviour,,
,2016-01,Norfolk Constabulary,Norfolk Constabulary,1.732854,52.601734,On or near Nelson Road Central,E01026624,Great Yarmouth 006C,Anti-social behaviour,,
,2016-01,Norfolk Constabulary,Norfolk Constabulary,1.733372,52.603130,On or near Lancaster Road,E01026624,Great Yarmouth 006C,Anti-social behaviour,,
,2016-01,Norfolk Constabulary,Norfolk Constabulary,1.729779,52.604835,On or near Dene Side,E01026624,Great Yarmouth 006C,Anti-social behaviour,,
,2016-01,Norfolk Constabulary,Norfolk Constabulary,1.733093,52.604542,On or near Rodney Road,E01026624,Great Yarmouth 006C,Anti-social behaviour,,
,2016-01,Norfolk Constabulary,Norfolk Constabulary,1.732661,52.602586,On or near St Peter'S Road,E01026624,Great Yarmouth 006C,Anti-social behaviour,,
,2016-01,Norfolk Constabulary,Norfolk Constabulary,1.731623,52.601503,On or near Alma Road,E01026624,Great Yarmouth 006C,Anti-social behaviour,,
,2016-01,Norfolk Constabulary,Norfolk Constabulary,1.729779,52.604835,On or near Dene Side,E01026624,Great Yarmouth 006C,Anti-social behaviour,,
,2016-01,Norfolk Constabulary,Norfolk Constabulary,1.733093,52.604542,On or near Rodney Road,E01026624,Great Yarmouth 006C,Anti-social behaviour,,
,2016-01,Norfolk Constabulary,Norfolk Constabulary,1.733372,52.603130,On or near Lancaster Road,E01026624,Great Yarmouth 006C,Anti-social behaviour,,
,2016-01,Norfolk Constabulary,Norfolk Constabulary,1.733372,52.603130,On or near Lancaster Road,E01026624,Great Yarmouth 006C,Anti-social behaviour,,
,2016-01,Norfolk Constabulary,Norfolk Constabulary,1.733372,52.603130,On or near Lancaster Road,E01026624,Great Yarmouth 006C,Anti-social behaviour,,
,2016-01,Norfolk Constabulary,Norfolk Constabulary,1.729779,52.604835,On or near Dene Side,E01026624,Great Yarmouth 006C,Anti-social behaviour,,
,2016-01,Norfolk Constabulary,Norfolk Constabulary,1.732661,52.602586,On or near St Peter'S Road,E01026624,Great Yarmouth 006C,Anti-social behaviour,,
29f49a7e11be625bea22d70f6a9583d243c5effb7e112c7566d6fc27c4676d87,2016-01,Norfolk Constabulary,Norfolk Constabulary,1.732825,52.601735,On or near Victoria Road,E01026624,Great Yarmouth 006C,Bicycle theft,Investigation complete; no suspect identified,
06dc3af2c0beebc58f349b960a18ef6ac4744d9cc48e0eb87b4c7ec3b85a06ba,2016-01,Norfolk Constabulary,Norfolk Constabulary,1.733724,52.602750,On or near Standard Place,E01026624,Great Yarmouth 006C,Burglary,Formal action is not in the public interest,
e58c07fee42d41997e62f572e09c3492f727b3889553b359b85b085cba3f7e03,2016-01,Norfolk Constabulary,Norfolk Constabulary,1.733706,52.604792,On or near Bath Hill,E01026624,Great Yarmouth 006C,Burglary,Investigation complete; no suspect identified,
f57ee7d5524abdd48b0377aebbb7c36d4c93e17c494abb4ff80a8498b16ffe4f,2016-01,Norfolk Constabulary,Norfolk Constabulary,1.733063,52.603670,On or near York Road,E01026624,Great Yarmouth 006C,Criminal damage and arson,Investigation complete; no suspect identified,
77eb84a188f1ceb96bcee52960611530b10ca783435b9544c5a77b929d14d590,2016-01,Norfolk Constabulary,Norfolk Constabulary,1.733517,52.601362,On or near Duncan Road,E01026624,Great Yarmouth 006C,Criminal damage and arson,Status update unavailable,
82a417a05940f1dd32811a1ee028b8de831881a737219e8bcf5fc3a2fa9efc9c,2016-01,Norfolk Constabulary,Norfolk Constabulary,1.730417,52.602090,On or near Dene Side,E01026624,Great Yarmouth 006C,Criminal damage and arson,Offender otherwise dealt with,
5c1d2df364ad6d919fd4134f111c89bc6731a5def4d5e5ad2629049403f50970,2016-01,Norfolk Constabulary,Norfolk Constabulary,1.734259,52.601060,On or near Victoria Gardens,E01026624,Great Yarmouth 006C,Criminal damage and arson,Investigation complete; no suspect identified,
921dd9b21a8f0c52344cd1dcbdc2152cdfe163f777ab4ac314e29152a02cf4e3,2016-01,Norfolk Constabulary,Norfolk Constabulary,1.732661,52.602586,On or near St Peter'S Road,E01026624,Great Yarmouth 006C,Criminal damage and arson,Investigation complete; no suspect identified,
2acc5b0bcabf0025381885269fe278098b3a2f51c7f8bc11387dfda36e7f4905,2016-01,Norfolk Constabulary,Norfolk Constabulary,1.733063,52.603670,On or near York Road,E01026624,Great Yarmouth 006C,Criminal damage and arson,Investigation complete; no suspect identified,
354370dca153d607cdab50773be5536bc05244694d1f7f0903109cae4eca8b42,2016-01,Norfolk Constabulary,Norfolk Constabulary,1.733093,52.604542,On or near Rodney Road,E01026624,Great Yarmouth 006C,Criminal damage and arson,Investigation complete; no suspect identified,
e9df79c027612bbb719ea41c0d224c21411f8c010ddfce89184cfe1ba72fe5a9,2016-01,Norfolk Constabulary,Norfolk Constabulary,1.729779,52.604835,On or near Dene Side,E01026624,Great Yarmouth 006C,Criminal damage and arson,Investigation complete; no suspect identified,
ae95e6697a84bd21c4feea84cccec4ca622d0c37dbc58a9379c91b6e22f2baa5,2016-01,Norfolk Constabulary,Norfolk Constabulary,1.733063,52.603670,On or near York Road,E01026624,Great Yarmouth 006C,Criminal damage and arson,Investigation complete; no suspect identified,
ae015fdc4ddec54f9efbace3da4bff725ac937bb031d581d6942b1f1c320c0d8,2016-01,Norfolk Constabulary,Norfolk Constabulary,1.729779,52.604835,On or near Dene Side,E01026624,Great Yarmouth 006C,Other theft,Formal action is not in the public interest,
06f7fe2141f0583bc3d749817787c668f7079a1ac20eb07a6988deebc0d00e43,2016-01,Norfolk Constabulary,Norfolk Constabulary,1.733706,52.604792,On or near Bath Hill,E01026624,Great Yarmouth 006C,Other theft,Status update unavailable,
2f1637381f0144fed0d9625382e3eefe4cd5e2af43cf561621aef34f43fe7be0,2016-01,Norfolk Constabulary,Norfolk Constabulary,1.732661,52.602586,On or near St Peter'S Road,E01026624,Great Yarmouth 006C,Public order,Offender otherwise dealt with,
697aa121aae687a18ff0f6f47b430a3c92390d42f389a6a89c019f0c943ffa19,2016-01,Norfolk Constabulary,Norfolk Constabulary,1.730930,52.603953,On or near St Peters' Plain,E01026624,Great Yarmouth 006C,Public order,Status update unavailable,
9dd5dfd73573c5fcba0b6e88bdbc6f7f01b1da7bf0d5a821ad3355693af84a0e,2016-01,Norfolk Constabulary,Norfolk Constabulary,1.733093,52.604542,On or near Rodney Road,E01026624,Great Yarmouth 006C,Public order,Investigation complete; no suspect identified,
74b3f3056c0cd0c660d65372a68be15de4a3cf8a850a1874472068282fdc2469,2016-01,Norfolk Constabulary,Norfolk Constabulary,1.734114,52.602819,On or near Napoleon Place,E01026624,Great Yarmouth 006C,Shoplifting,Status update unavailable,
3017fdccf557b9c060f788eaec553272b407acafda564ff0179993937427ff7a,2016-01,Norfolk Constabulary,Norfolk Constabulary,1.730417,52.602090,On or near Dene Side,E01026624,Great Yarmouth 006C,Theft from the person,Investigation complete; no suspect identified,
b666428143bc0a820ba255fb3fac2846159b7a49f4afd696bb6664e84f09c76b,2016-01,Norfolk Constabulary,Norfolk Constabulary,1.735030,52.603869,On or near Kent Square,E01026624,Great Yarmouth 006C,Theft from the person,Status update unavailable,
ec743b14e29cbb252961e5575351801cc899ba0d7666254c897062639f0038f0,2016-01,Norfolk Constabulary,Norfolk Constabulary,1.735030,52.603869,On or near Kent Square,E01026624,Great Yarmouth 006C,Violence and sexual offences,Local resolution,
43c362ea568645b1d5c4b883e79c9186d90ad88bb2cc7eb45ec5fbafab0533ff,2016-01,Norfolk Constabulary,Norfolk Constabulary,1.734309,52.603379,On or near St John'S Terrace,E01026624,Great Yarmouth 006C,Violence and sexual offences,Defendant found not guilty,
f1f05bea9c0fe9c5f4320a78ed4fe96ca69e6b389240b4ed6b2dca4b71a89793,2016-01,Norfolk Constabulary,Norfolk Constabulary,1.732854,52.601734,On or near Nelson Road Central,E01026624,Great Yarmouth 006C,Violence and sexual offences,Offender given conditional discharge,
79238e5997a636127948041b25cb53918b07c199eca38daebcc5a36693a32353,2016-01,Norfolk Constabulary,Norfolk Constabulary,1.733211,52.602109,On or near Old Wellington Passage,E01026624,Great Yarmouth 006C,Violence and sexual offences,Formal action is not in the public interest,
,2016-01,Norfolk Constabulary,Norfolk Constabulary,1.727989,52.602202,On or near Clarendon Close,E01026625,Great Yarmouth 006D,Anti-social behaviour,,
,2016-01,Norfolk Constabulary,Norfolk Constabulary,1.731483,52.598809,On or near Pier Place,E01026625,Great Yarmouth 006D,Anti-social behaviour,,
,2016-01,Norfolk Constabulary,Norfolk Constabulary,1.727374,52.605739,On or near Parking Area,E01026625,Great Yarmouth 006D,Anti-social behaviour,,
,2016-01,Norfolk Constabulary,Norfolk Constabulary,1.729195,52.600572,On or near Friars' Lane,E01026625,Great Yarmouth 006D,Anti-social behaviour,,
,2016-01,Norfolk Constabulary,Norfolk Constabulary,1.727989,52.602202,On or near Clarendon Close,E01026625,Great Yarmouth 006D,Anti-social behaviour,,
,2016-01,Norfolk Constabulary,Norfolk Constabulary,1.731691,52.599864,On or near Abyssinia Road,E01026625,Great Yarmouth 006D,Anti-social behaviour,,
,2016-01,Norfolk Constabulary,Norfolk Constabulary,1.729195,52.600572,On or near Friars' Lane,E01026625,Great Yarmouth 006D,Anti-social behaviour,,
,2016-01,Norfolk Constabulary,Norfolk Constabulary,1.727989,52.602202,On or near Clarendon Close,E01026625,Great Yarmouth 006D,Anti-social behaviour,,
,2016-01,Norfolk Constabulary,Norfolk Constabulary,1.727989,52.602202,On or near Clarendon Close,E01026625,Great Yarmouth 006D,Anti-social behaviour,,
,2016-01,Norfolk Constabulary,Norfolk Constabulary,1.727318,52.604733,On or near Yarmouth Way,E01026625,Great Yarmouth 006D,Anti-social behaviour,,
,2016-01,Norfolk Constabulary,Norfolk Constabulary,1.728870,52.602831,On or near Nottingham Way,E01026625,Great Yarmouth 006D,Anti-social behaviour,,
,2016-01,Norfolk Constabulary,Norfolk Constabulary,1.728302,52.601185,On or near Sidney Close,E01026625,Great Yarmouth 006D,Anti-social behaviour,,
,2016-01,Norfolk Constabulary,Norfolk Constabulary,1.727989,52.602202,On or near Clarendon Close,E01026625,Great Yarmouth 006D,Anti-social behaviour,,
,2016-01,Norfolk Constabulary,Norfolk Constabulary,1.728803,52.603427,On or near Orford Close,E01026625,Great Yarmouth 006D,Anti-social behaviour,,
,2016-01,Norfolk Constabulary,Norfolk Constabulary,1.728803,52.603427,On or near Orford Close,E01026625,Great Yarmouth 006D,Anti-social behaviour,,
366bbc27f80e39f50b8012b9ad0cbe4527fa813a913a0e10058e5ff0b16778ec,2016-01,Norfolk Constabulary,Norfolk Constabulary,1.729195,52.600572,On or near Friars' Lane,E01026625,Great Yarmouth 006D,Bicycle theft,Status update unavailable,
b4de28ffc8b5d3e33729dae0b47ebe691186dd102c9e87738ea36b9a3b663d17,2016-01,Norfolk Constabulary,Norfolk Constabulary,1.730497,52.598858,On or near Camden Road,E01026625,Great Yarmouth 006D,Burglary,Court result unavailable,
8ae0d08f029930e5d87fb0a29129c53636e4d863dc479455b46b4339a077fe88,2016-01,Norfolk Constabulary,Norfolk Constabulary,1.730497,52.598858,On or near Camden Road,E01026625,Great Yarmouth 006D,Burglary,Court result unavailable,
bafd063756007c95e7aba861da7eb2245ae1902177f284f2cd51553a2e66b179,2016-01,Norfolk Constabulary,Norfolk Constabulary,1.730533,52.600494,On or near Blackfriars' Road,E01026625,Great Yarmouth 006D,Criminal damage and arson,Court result unavailable,
911a58a49fd5ea66b397d38bb9bb1e9198cb2f00cdfb287bba9b481f28917474,2016-01,Norfolk Constabulary,Norfolk Constabulary,1.728803,52.603427,On or near Orford Close,E01026625,Great Yarmouth 006D,Criminal damage and arson,Offender ordered to pay compensation,
6539352b2c1fe4759f678282ed6347fcec150298a6353e8d2fb1c34949fb472b,2016-01,Norfolk Constabulary,Norfolk Constabulary,1.730497,52.598858,On or near Camden Road,E01026625,Great Yarmouth 006D,Criminal damage and arson,Formal action is not in the public interest,
e98ed9a67ffbc406326fbd712aa6588e3f86746bd6446fecd0c411aafdb20cbb,2016-01,Norfolk Constabulary,Norfolk Constabulary,1.730497,52.598858,On or near Camden Road,E01026625,Great Yarmouth 006D,Criminal damage and arson,Offender otherwise dealt with,
129d9eeb171032397d3025cfb69556d456ce90ec1cd137f93d5bf3fb4804206b,2016-01,Norfolk Constabulary,Norfolk Constabulary,1.729195,52.600572,On or near Friars' Lane,E01026625,Great Yarmouth 006D,Criminal damage and arson,Unable to prosecute suspect,
c5ade2038a9fe7aca6f99bb007abb576d361e6ce65fd815adb3e9aef0ae2480f,2016-01,Norfolk Constabulary,Norfolk Constabulary,1.728518,52.604074,On or near Townshend Close,E01026625,Great Yarmouth 006D,Criminal damage and arson,Formal action is not in the public interest,
29853ea5211c79aac964caa5cb8737adbfd27eaba19631d952d626c2d47b0b75,2016-01,Norfolk Constabulary,Norfolk Constabulary,1.727258,52.602810,On or near Nottingham Way,E01026625,Great Yarmouth 006D,Criminal damage and arson,Formal action is not in the public interest,
f0c13e9c40c9bca5ed5bfdff1e1cc9f38d4183c97db931e59f39646a57aebddc,2016-01,Norfolk Constabulary,Norfolk Constabulary,1.731701,52.599468,On or near Louise Close,E01026625,Great Yarmouth 006D,Other theft,Local resolution,
63c1b46fdce9a32cb0705620473f9fafcf55f8196a30f84689c9ccf8441f2ec0,2016-01,Norfolk Constabulary,Norfolk Constabulary,1.729195,52.600572,On or near Friars' Lane,E01026625,Great Yarmouth 006D,Other theft,Formal action is not in the public interest,
03c07dcad707bd484c4df0dea8392cec44512272805f93af839291fa084fb492,2016-01,Norfolk Constabulary,Norfolk Constabulary,1.729195,52.600572,On or near Friars' Lane,E01026625,Great Yarmouth 006D,Other theft,Unable to prosecute suspect,
76342f8d664b59d198c9bfd4cf97c515bc729d25e96e506fff2974f3c103b77e,2016-01,Norfolk Constabulary,Norfolk Constabulary,1.731701,52.599468,On or near Louise Close,E01026625,Great Yarmouth 006D,Public order,Formal action is not in the public interest,
5da1f9ad333d382e5b0965a6540879cc91c6909c4208dbf7bb873189c971d651,2016-01,Norfolk Constabulary,Norfolk Constabulary,1.729195,52.600572,On or near Friars' Lane,E01026625,Great Yarmouth 006D,Public order,Defendant found not guilty,
c723d05e9c2541f8662d9870aeae9693d654fe11e8bba372ba352151502c2047,2016-01,Norfolk Constabulary,Norfolk Constabulary,1.731483,52.598809,On or near Pier Place,E01026625,Great Yarmouth 006D,Public order,Investigation complete; no suspect identified,
b52254393b3b51ac8bc9ba811794467bb79c3ff8fb364954495c81620ac42873,2016-01,Norfolk Constabulary,Norfolk Constabulary,1.727318,52.604733,On or near Yarmouth Way,E01026625,Great Yarmouth 006D,Robbery,Formal action is not in the public interest,
90d64cfb7f8aba721ab63ff6969ed2b49f1ad6da5ef3b5942b0166a494a40973,2016-01,Norfolk Constabulary,Norfolk Constabulary,1.728870,52.602831,On or near Nottingham Way,E01026625,Great Yarmouth 006D,Violence and sexual offences,Status update unavailable,
5db3f8dd2eb447842352434e65c6d7a46c68f7dfe37bb074c03b711fef9fe8db,2016-01,Norfolk Constabulary,Norfolk Constabulary,1.728870,52.602831,On or near Nottingham Way,E01026625,Great Yarmouth 006D,Violence and sexual offences,Court result unavailable,
190263c558ac2a4a71c95316244dcc535ffb7ba48c82efdcddb00bec3a87f9fd,2016-01,Norfolk Constabulary,Norfolk Constabulary,1.727258,52.602810,On or near Nottingham Way,E01026625,Great Yarmouth 006D,Violence and sexual offences,Court result unavailable,
3b26e273c94d8122e04e9c80bfdeff7c4ca26010d43f39ebac058a242c4bf5b3,2016-01,Norfolk Constabulary,Norfolk Constabulary,1.729195,52.600572,On or near Friars' Lane,E01026625,Great Yarmouth 006D,Violence and sexual offences,Unable to prosecute suspect,
78441da4d1b82f9826423fc3d92c7170badd073587b26ea64b353d371365660c,2016-01,Norfolk Constabulary,Norfolk Constabulary,1.731483,52.598809,On or near Pier Place,E01026625,Great Yarmouth 006D,Violence and sexual offences,Formal action is not in the public interest,
,2016-01,Norfolk Constabulary,Norfolk Constabulary,1.732787,52.599550,On or near Clarence Road,E01026626,Great Yarmouth 006E,Anti-social behaviour,,
,2016-01,Norfolk Constabulary,Norfolk Constabulary,1.735471,52.602101,On or near Sultan Place,E01026626,Great Yarmouth 006E,Anti-social behaviour,,
,2016-01,Norfolk Constabulary,Norfolk Constabulary,1.734886,52.602003,On or near Wilshere Court,E01026626,Great Yarmouth 006E,Anti-social behaviour,,
,2016-01,Norfolk Constabulary,Norfolk Constabulary,1.735909,52.604471,On or near Nightclub,E01026626,Great Yarmouth 006E,Anti-social behaviour,,
,2016-01,Norfolk Constabulary,Norfolk Constabulary,1.735426,52.600708,On or near Conference/Exhibition Centre,E01026626,Great Yarmouth 006E,Anti-social behaviour,,
,2016-01,Norfolk Constabulary,Norfolk Constabulary,1.730864,52.598136,On or near Queen'S Road,E01026626,Great Yarmouth 006E,Anti-social behaviour,,
,2016-01,Norfolk Constabulary,Norfolk Constabulary,1.728554,52.599981,On or near Charles Street,E01026626,Great Yarmouth 006E,Anti-social behaviour,,
,2016-01,Norfolk Constabulary,Norfolk Constabulary,1.727306,52.600937,On or near South Quay,E01026626,Great Yarmouth 006E,Anti-social behaviour,,
,2016-01,Norfolk Constabulary,Norfolk Constabulary,1.735909,52.604471,On or near Nightclub,E01026626,Great Yarmouth 006E,Anti-social behaviour,,
,2016-01,Norfolk Constabulary,Norfolk Constabulary,1.733789,52.601084,On or near Melrose Terrace,E01026626,Great Yarmouth 006E,Anti-social behaviour,,
,2016-01,Norfolk Constabulary,Norfolk Constabulary,1.735962,52.604055,On or near Standard Road,E01026626,Great Yarmouth 006E,Anti-social behaviour,,
,2016-01,Norfolk Constabulary,Norfolk Constabulary,1.730864,52.598136,On or near Queen'S Road,E01026626,Great Yarmouth 006E,Anti-social behaviour,,
caf51ad4fc7ff18557a2301826759eca620f6e107a479907beccf9d05a258496,2016-01,Norfolk Constabulary,Norfolk Constabulary,1.730864,52.598136,On or near Queen'S Road,E01026626,Great Yarmouth 006E,Burglary,Investigation complete; no suspect identified,
764771a9c1e952db5331f792028b8a8b12c53c945f2cf05afcc30b8f9fb37ac9,2016-01,Norfolk Constabulary,Norfolk Constabulary,1.730864,52.598136,On or near Queen'S Road,E01026626,Great Yarmouth 006E,Criminal damage and arson,Investigation complete; no suspect identified,
9d90128e2956745888ec9d812b1c59a1b7bad54ce47688da0d93eef39abec2c3,2016-01,Norfolk Constabulary,Norfolk Constabulary,1.735028,52.601063,On or near Wellington Road,E01026626,Great Yarmouth 006E,Criminal damage and arson,Formal action is not in the public interest,
7ec10475abf2256bffbd989725fb3732a8629bf7a00411c2fa03e4af16548290,2016-01,Norfolk Constabulary,Norfolk Constabulary,1.728083,52.596703,On or near Southgates Road,E01026626,Great Yarmouth 006E,Criminal damage and arson,Status update unavailable,
a271475771529acb7a2f8dfeda16b585a7095fc4cff09ce2b52f1b0c3b7668fa,2016-01,Norfolk Constabulary,Norfolk Constabulary,1.728904,52.599232,On or near Mariners' Road,E01026626,Great Yarmouth 006E,Criminal damage and arson,Formal action is not in the public interest,
0cfef0340238f84e46b057997e60c85aca1b30c89db229709ecbdaa79b9312df,2016-01,Norfolk Constabulary,Norfolk Constabulary,1.730864,52.598136,On or near Queen'S Road,E01026626,Great Yarmouth 006E,Criminal damage and arson,Court result unavailable,
d2b566ce845b8ee7818214ae87b548aa7e6c8b4887586a0dc6fb610174651dc6,2016-01,Norfolk Constabulary,Norfolk Constabulary,1.735909,52.604471,On or near Nightclub,E01026626,Great Yarmouth 006E,Criminal damage and arson,Defendant found not guilty,
772c1d4dd882fa3fb495bab08010c5832fbc766de116305db255b9cdb2ec8ce6,2016-01,Norfolk Constabulary,Norfolk Constabulary,1.733604,52.600127,On or near Dagmar Mews,E01026626,Great Yarmouth 006E,Criminal damage and arson,Investigation complete; no suspect identified,
4fab5194b2ea1bd6db5e11bf7c47da253004fcd0e6c29111945046a2a0827f36,2016-01,Norfolk Constabulary,Norfolk Constabulary,1.728083,52.596703,On or near Southgates Road,E01026626,Great Yarmouth 006E,Criminal damage and arson,Investigation complete; no suspect identified,
bcd67e5c939ab4e8397ea8f7a54fdbcbdee31ae637f6c4b54ea848666ba41f88,2016-01,Norfolk Constabulary,Norfolk Constabulary,1.735962,52.604055,On or near Standard Road,E01026626,Great Yarmouth 006E,Criminal damage and arson,Investigation complete; no suspect identified,
0d82e0c578fe7bb7de16cf13fc13441d15c24a5b4fe83546f5c95c55774d6976,2016-01,Norfolk Constabulary,Norfolk Constabulary,1.733230,52.599554,On or near Nelson Road South,E01026626,Great Yarmouth 006E,Drugs,Status update unavailable,
dde016876705f6a00b150a397dcbe359c7679025bb9c80568a0f3453235d72d1,2016-01,Norfolk Constabulary,Norfolk Constabulary,1.735962,52.604055,On or near Standard Road,E01026626,Great Yarmouth 006E,Drugs,Status update unavailable,
7ae3df71ea356aef70ca513678578c48b0a7d4ff8647799af3c93ff5b68715e2,2016-01,Norfolk Constabulary,Norfolk Constabulary,1.734841,52.601815,On or near Devonshire Road,E01026626,Great Yarmouth 006E,Drugs,Status update unavailable,
5ed287a73c25e7c43fb779015dfd0a5640b85bd90dae13424a322c572f2a958f,2016-01,Norfolk Constabulary,Norfolk Constabulary,1.733230,52.599554,On or near Nelson Road South,E01026626,Great Yarmouth 006E,Drugs,Offender otherwise dealt with,
652e32b5af3d71867a0c6b4c8e1cdd0adcfac2fa75d37ea17c816b98c06b4a23,2016-01,Norfolk Constabulary,Norfolk Constabulary,1.733230,52.599554,On or near Nelson Road South,E01026626,Great Yarmouth 006E,Drugs,Defendant found not guilty,
28e6d9670b7ad00c4b77bb4b153fd8cee484f759348f5ca99f902312f88fd788,2016-01,Norfolk Constabulary,Norfolk Constabulary,1.732787,52.599550,On or near Clarence Road,E01026626,Great Yarmouth 006E,Other theft,Investigation complete; no suspect identified,
006b9334cd9f0b02840ec526541cd90bda5f86f5f215c9d3ff540b240ae54827,2016-01,Norfolk Constabulary,Norfolk Constabulary,1.728904,52.599232,On or near Mariners' Road,E01026626,Great Yarmouth 006E,Other theft,Formal action is not in the public interest,
c6dbb56e00e6cfc7e6b3bfc8ebbe2ddd21fdc6fe61ab48b50167c646fb5e3d3d,2016-01,Norfolk Constabulary,Norfolk Constabulary,1.735962,52.604055,On or near Standard Road,E01026626,Great Yarmouth 006E,Other theft,Formal action is not in the public interest,
77f08a7efff564985df69626f5be0e8b04fd01bccc0780b0ec1575a18bf1c0bd,2016-01,Norfolk Constabulary,Norfolk Constabulary,1.735676,52.602257,On or near Portland Place,E01026626,Great Yarmouth 006E,Other theft,Unable to prosecute suspect,
9a5474e320a962dad6300c5b43ff47a66f669f5ed4f883670203b72511158fc6,2016-01,Norfolk Constabulary,Norfolk Constabulary,1.730864,52.598136,On or near Queen'S Road,E01026626,Great Yarmouth 006E,Public order,Formal action is not in the public interest,
1d1481f6ecf44484791d5d881ad7892cdda15d80b8749d66a8b4c063c893257a,2016-01,Norfolk Constabulary,Norfolk Constabulary,1.735426,52.600708,On or near Conference/Exhibition Centre,E01026626,Great Yarmouth 006E,Public order,Status update unavailable,
bd2ce3ce08bbf11e9a63209dd40e6762a36b7cbd6682607e8e1d7819d6e0adf5,2016-01,Norfolk Constabulary,Norfolk Constabulary,1.735426,52.600708,On or near Conference/Exhibition Centre,E01026626,Great Yarmouth 006E,Public order,Offender otherwise dealt with,
cf6259f06d0252410a3687f0c947b3a6fabfc07b9b0368448558ec8a41a91146,2016-01,Norfolk Constabulary,Norfolk Constabulary,1.728554,52.599981,On or near Charles Street,E01026626,Great Yarmouth 006E,Public order,Court result unavailable,
c77c30ebd7f2ae00f27490faa66bb99962db1471f1c0814b400efab6d072aa4e,2016-01,Norfolk Constabulary,Norfolk Constabulary,1.732491,52.600765,On or near Havelock Place,E01026626,Great Yarmouth 006E,Public order,Status update unavailable,
2d4e507eba1fbcb0542a04a3106cb0bc2c088bce503e7295a42e9431d2adfc1f,2016-01,Norfolk Constabulary,Norfolk Constabulary,1.735028,52.601063,On or near Wellington Road,E01026626,Great Yarmouth 006E,Robbery,Investigation complete; no suspect identified,
ba6fcae643721bb024665fba6e893223aa91dc0704e91e4ed1bb0ef7cdcb6c97,2016-01,Norfolk Constabulary,Norfolk Constabulary,1.734054,52.600554,On or near Camperdown,E01026626,Great Yarmouth 006E,Violence and sexual offences,Formal action is not in the public interest,
3e253550ef52ed0610bbd594a040762416621e093375fbe3e9a28185cbeb11d8,2016-01,Norfolk Constabulary,Norfolk Constabulary,1.735962,52.604055,On or near Standard Road,E01026626,Great Yarmouth 006E,Violence and sexual offences,Court result unavailable,
116330bcafcbc237d92481ee35bac19416cb9effb7a5ea77b5ee1d9c28ed0075,2016-01,Norfolk Constabulary,Norfolk Constabulary,1.735909,52.604471,On or near Nightclub,E01026626,Great Yarmouth 006E,Violence and sexual offences,Status update unavailable,
117d5755f8e11766fd047b4d49a17630688d9e5a4ee5259c721af2081a279e44,2016-01,Norfolk Constabulary,Norfolk Constabulary,1.735471,52.602101,On or near Sultan Place,E01026626,Great Yarmouth 006E,Violence and sexual offences,Court result unavailable,
8205cc8b1e4fad17a0c5f21d0f73f11dcb96e4a9a4103a8ccedd17ad1b7cb612,2016-01,Norfolk Constabulary,Norfolk Constabulary,1.728083,52.596703,On or near Southgates Road,E01026626,Great Yarmouth 006E,Violence and sexual offences,Investigation complete; no suspect identified,
e0db409dcad63aaff946af9da92406ef09d99adb129f21c6089e6ac088e9161e,2016-01,Norfolk Constabulary,Norfolk Constabulary,1.732491,52.600765,On or near Havelock Place,E01026626,Great Yarmouth 006E,Violence and sexual offences,Formal action is not in the public interest,
1ee505b0f1931e1a10c5945bff27985966d381170561ec3fec427605ecb1f9a9,2016-01,Norfolk Constabulary,Norfolk Constabulary,1.728473,52.597986,On or near Selby Place,E01026626,Great Yarmouth 006E,Violence and sexual offences,Formal action is not in the public interest,
5e6ac1dad911b41d14aa750f99241f035dba384bd6261f651cdc7620b10a9fb4,2016-01,Norfolk Constabulary,Norfolk Constabulary,1.735619,52.601584,On or near South Beach Place,E01026626,Great Yarmouth 006E,Violence and sexual offences,Unable to prosecute suspect,
198654fbf99b1ecf12e8c29e9009a4c4018ab138e8893f641837d7cf38af95f7,2016-01,Norfolk Constabulary,Norfolk Constabulary,1.735028,52.601063,On or near Wellington Road,E01026626,Great Yarmouth 006E,Violence and sexual offences,Status update unavailable,
e03ba76788d7c2e1e0fef51f1d2a67b59c113cbfd89ad40bc36feddd76f6a2a1,2016-01,Norfolk Constabulary,Norfolk Constabulary,1.735471,52.602101,On or near Sultan Place,E01026626,Great Yarmouth 006E,Violence and sexual offences,Status update unavailable,
91a33437f6366ce6cd023887c6e30b4e945558b2eef6289692b4df982d908cbc,2016-01,Norfolk Constabulary,Norfolk Constabulary,1.735676,52.602257,On or near Portland Place,E01026626,Great Yarmouth 006E,Violence and sexual offences,Status update unavailable,
4b30ec29c1735285e7f4be06f0bd5132342294482f008fba37507ce20faa8ab8,2016-01,Norfolk Constabulary,Norfolk Constabulary,1.734604,52.599205,On or near Shadingfield Close,E01026626,Great Yarmouth 006E,Violence and sexual offences,Formal action is not in the public interest,
415dca15b796166e01d629d0b3e3eae9837de0e78e27aee892469ea5b71ee799,2016-01,Norfolk Constabulary,Norfolk Constabulary,1.728554,52.599981,On or near Charles Street,E01026626,Great Yarmouth 006E,Violence and sexual offences,Status update unavailable,
d8d4ff552b921efc4ed44355fb5a8a7308abec5d55ff3779e37887598d075871,2016-01,Norfolk Constabulary,Norfolk Constabulary,1.735471,52.602101,On or near Sultan Place,E01026626,Great Yarmouth 006E,Violence and sexual offences,Court result unavailable,
4d8dd2f6a434c2dda744af44340c64933a8d7bc15be01476ae61c5e1e5c21297,2016-01,Norfolk Constabulary,Norfolk Constabulary,1.730864,52.598136,On or near Queen'S Road,E01026626,Great Yarmouth 006E,Violence and sexual offences,Court result unavailable,
5ccc7c90d195b2b17a98a80169024d2912b5702870decda6fe165858404130d0,2016-01,Norfolk Constabulary,Norfolk Constabulary,1.730864,52.598136,On or near Queen'S Road,E01026626,Great Yarmouth 006E,Violence and sexual offences,Status update unavailable,
36f586329773e87c94e9919b30feba593aefadbfef05329945ba1e5fa7c423c3,2016-01,Norfolk Constabulary,Norfolk Constabulary,1.735870,52.603672,On or near Edinburgh Place,E01026626,Great Yarmouth 006E,Other crime,Investigation complete; no suspect identified,
,2016-01,Norfolk Constabulary,Norfolk Constabulary,1.724007,52.589402,On or near Hingley Close,E01026600,Great Yarmouth 007A,Anti-social behaviour,,
,2016-01,Norfolk Constabulary,Norfolk Constabulary,1.723679,52.587101,On or near Manor Close,E01026600,Great Yarmouth 007A,Anti-social behaviour,,
238bdd3500b6c92fc64a28e7c5cd44da5d4b1fe44fa8700327ebcb14ab06ee50,2016-01,Norfolk Constabulary,Norfolk Constabulary,1.722520,52.590330,On or near Suffolk Road,E01026600,Great Yarmouth 007A,Criminal damage and arson,Investigation complete; no suspect identified,
69c2680b5572d0ff249fe2623b6b74dbb0a6ca4ef0a45eeed293a4e2aff39d71,2016-01,Norfolk Constabulary,Norfolk Constabulary,1.715787,52.587205,On or near Townlands,E01026600,Great Yarmouth 007A,Violence and sexual offences,Formal action is not in the public interest,
,2016-01,Norfolk Constabulary,Norfolk Constabulary,1.720817,52.601070,On or near Lichfield Road,E01026633,Great Yarmouth 007B,Anti-social behaviour,,
,2016-01,Norfolk Constabulary,Norfolk Constabulary,1.724221,52.593668,On or near Waveney Road,E01026633,Great Yarmouth 007B,Anti-social behaviour,,
,2016-01,Norfolk Constabulary,Norfolk Constabulary,1.718885,52.600582,On or near Stafford Road,E01026633,Great Yarmouth 007B,Anti-social behaviour,,
,2016-01,Norfolk Constabulary,Norfolk Constabulary,1.720817,52.601070,On or near Lichfield Road,E01026633,Great Yarmouth 007B,Anti-social behaviour,,
,2016-01,Norfolk Constabulary,Norfolk Constabulary,1.712651,52.596919,On or near Gapton Hall Road,E01026633,Great Yarmouth 007B,Anti-social behaviour,,
,2016-01,Norfolk Constabulary,Norfolk Constabulary,1.712651,52.596919,On or near Gapton Hall Road,E01026633,Great Yarmouth 007B,Anti-social behaviour,,
,2016-01,Norfolk Constabulary,Norfolk Constabulary,1.724485,52.593120,On or near Cromwell Road,E01026633,Great Yarmouth 007B,Anti-social behaviour,,
,2016-01,Norfolk Constabulary,Norfolk Constabulary,1.721479,52.596165,On or near Suffolk Road,E01026633,Great Yarmouth 007B,Anti-social behaviour,,
c1a4afcba7ce48c81158ab494bd140f88fafa02a7c3d48ddf0538c2bfbf3babd,2016-01,Norfolk Constabulary,Norfolk Constabulary,1.724221,52.593668,On or near Waveney Road,E01026633,Great Yarmouth 007B,Criminal damage and arson,Investigation complete; no suspect identified,
e7549dbfa40ea91ecd36d16f66c2a692ecad0057a957d45660c993e82c59b25e,2016-01,Norfolk Constabulary,Norfolk Constabulary,1.723468,52.594537,On or near Drifters Way,E01026633,Great Yarmouth 007B,Criminal damage and arson,Investigation complete; no suspect identified,
77227a91231f479e09728da7f363fa3428af92a99ae795b557e6511572ece2b0,2016-01,Norfolk Constabulary,Norfolk Constabulary,1.720918,52.600347,On or near Albany Road,E01026633,Great Yarmouth 007B,Drugs,Court result unavailable,
3d73ebab2b86f8a9d865fe2acf977e6f84ba0913cbabb1a4671bac7a2712d30c,2016-01,Norfolk Constabulary,Norfolk Constabulary,1.714732,52.592194,On or near Brinell Way,E01026633,Great Yarmouth 007B,Other theft,Formal action is not in the public interest,
2511e5bfdd5fbbc5d5e5039ce6499183aa532519f809b619edb54639b4ac3638,2016-01,Norfolk Constabulary,Norfolk Constabulary,1.718885,52.600582,On or near Stafford Road,E01026633,Great Yarmouth 007B,Shoplifting,Offender sent to prison,
79e0e4e8e1b6c80f8d79f112f18294151aa27064a527c142163cb3f86054dc75,2016-01,Norfolk Constabulary,Norfolk Constabulary,1.718885,52.600582,On or near Stafford Road,E01026633,Great Yarmouth 007B,Shoplifting,Status update unavailable,
05018f3da0d5606ceae7acaed759301c183d003b3f194425d3d299d1c90140f2,2016-01,Norfolk Constabulary,Norfolk Constabulary,1.718885,52.600582,On or near Stafford Road,E01026633,Great Yarmouth 007B,Shoplifting,Local resolution,
c17c09ae9dd8adf12b29f634a1feab9ef9e8a3780b71d175beaffb9c85329294,2016-01,Norfolk Constabulary,Norfolk Constabulary,1.718885,52.600582,On or near Stafford Road,E01026633,Great Yarmouth 007B,Shoplifting,Offender sent to prison,
fae0a99ef4e9cbc4602c7ca0919fb7f08dff84f2f37acef963669bf57b8ec795,2016-01,Norfolk Constabulary,Norfolk Constabulary,1.712651,52.596919,On or near Gapton Hall Road,E01026633,Great Yarmouth 007B,Shoplifting,Formal action is not in the public interest,
3d9799da67983d82aef396b86d0f07fa28578e6ca4a838c165cae1f1307db3e5,2016-01,Norfolk Constabulary,Norfolk Constabulary,1.721479,52.596165,On or near Suffolk Road,E01026633,Great Yarmouth 007B,Violence and sexual offences,Unable to prosecute suspect,
9d8e6b1b21e6455187040d6e36eec97e3cd9478caf4a7522d2204609677d76e6,2016-01,Norfolk Constabulary,Norfolk Constabulary,1.724221,52.593668,On or near Waveney Road,E01026633,Great Yarmouth 007B,Violence and sexual offences,Status update unavailable,
2c6a5fd629378782661afb8c610f020068c2534e508737952ee74c0c82a1ca28,2016-01,Norfolk Constabulary,Norfolk Constabulary,1.712651,52.596919,On or near Gapton Hall Road,E01026633,Great Yarmouth 007B,Violence and sexual offences,Formal action is not in the public interest,
f08f45b25dadb7ac1d6d51ae0cafbfd48d9f9c73ef70dfae7beaca65bb183574,2016-01,Norfolk Constabulary,Norfolk Constabulary,1.724055,52.597973,On or near Anchor Court,E01026633,Great Yarmouth 007B,Violence and sexual offences,Formal action is not in the public interest,
35fae0abbac45482c2f079dcaf7f9772f5eae0dd2286f0acad789d95b2883e76,2016-01,Norfolk Constabulary,Norfolk Constabulary,1.722311,52.600393,On or near Albany Close,E01026633,Great Yarmouth 007B,Violence and sexual offences,Formal action is not in the public interest,
ae927fbf9f253f2754f32dfa244814c8502b8e604e7ce3634ccf2888d2ba0c3f,2016-01,Norfolk Constabulary,Norfolk Constabulary,1.718885,52.600582,On or near Stafford Road,E01026633,Great Yarmouth 007B,Other crime,Investigation complete; no suspect identified,
0525a17b31856b897695e9c70280735a1f00c9247a632b07040bc3503d266f59,2016-01,Norfolk Constabulary,Norfolk Constabulary,1.721479,52.596165,On or near Suffolk Road,E01026633,Great Yarmouth 007B,Other crime,Status update unavailable,
,2016-01,Norfolk Constabulary,Norfolk Constabulary,1.715046,52.606369,On or near Granville Road,E01026634,Great Yarmouth 007C,Anti-social behaviour,,
,2016-01,Norfolk Constabulary,Norfolk Constabulary,1.716783,52.605064,On or near Coronation Road,E01026634,Great Yarmouth 007C,Anti-social behaviour,,
,2016-01,Norfolk Constabulary,Norfolk Constabulary,1.715205,52.606841,On or near Lucas Road,E01026634,Great Yarmouth 007C,Anti-social behaviour,,
,2016-01,Norfolk Constabulary,Norfolk Constabulary,1.715046,52.606369,On or near Granville Road,E01026634,Great Yarmouth 007C,Anti-social behaviour,,
d8f8c1850f5b2f5d175cdf268b2697b71922028d7ed77d567500a782f2b68337,2016-01,Norfolk Constabulary,Norfolk Constabulary,1.716774,52.606360,On or near Supermarket,E01026634,Great Yarmouth 007C,Criminal damage and arson,Offender ordered to pay compensation,
c7b2986c7e0882f3de5dba13c448022c01893216ef07ef252f83c6026588d1e1,2016-01,Norfolk Constabulary,Norfolk Constabulary,1.715551,52.606749,On or near Century Road,E01026634,Great Yarmouth 007C,Drugs,Court result unavailable,
e5e7af33699fee0313469f51e16665bfa6ab00d3b5c0965d3e5b941959403a8c,2016-01,Norfolk Constabulary,Norfolk Constabulary,1.716610,52.599016,On or near Thamesfield Way,E01026634,Great Yarmouth 007C,Drugs,Offender given a caution,
9de3976b11f858d838f46579ed8f4df471452d72633338bb74f9ff07cc30867e,2016-01,Norfolk Constabulary,Norfolk Constabulary,1.716610,52.599016,On or near Thamesfield Way,E01026634,Great Yarmouth 007C,Other theft,Formal action is not in the public interest,
8655dcd66e09fd601dc5934a8b6a93f2d50ae267e832766b026f320ed9ccaf2f,2016-01,Norfolk Constabulary,Norfolk Constabulary,1.713412,52.602076,On or near Petrol Station,E01026634,Great Yarmouth 007C,Other theft,Status update unavailable,
e4bfada745aa3b6dc052c63e0008843a15ff268090f332b51f492b3e0accc777,2016-01,Norfolk Constabulary,Norfolk Constabulary,1.716610,52.599016,On or near Thamesfield Way,E01026634,Great Yarmouth 007C,Possession of weapons,Offender deprived of property,
fcd19eaeca368b53ed1a84b6fb17125f78741b7a0fcfa45c7922a2684235affe,2016-01,Norfolk Constabulary,Norfolk Constabulary,1.715551,52.606749,On or near Century Road,E01026634,Great Yarmouth 007C,Public order,Unable to prosecute suspect,
9241410495d1b0ae2f8db9b10f74ffa218ee51b78c420d9f08e954970b1df8ec,2016-01,Norfolk Constabulary,Norfolk Constabulary,1.716774,52.606360,On or near Supermarket,E01026634,Great Yarmouth 007C,Public order,Offender given penalty notice,
fa7ef1f3938535775d1e3b70dcd72004052d4ff1f126d1f6b9911660968f0a3c,2016-01,Norfolk Constabulary,Norfolk Constabulary,1.719282,52.603529,On or near Station Road,E01026634,Great Yarmouth 007C,Public order,Investigation complete; no suspect identified,
6b65bdf0b52a7030717a42f734563a4b14a105141938d27c2bfae2821986ccb5,2016-01,Norfolk Constabulary,Norfolk Constabulary,1.718239,52.605342,On or near High Mill Road,E01026634,Great Yarmouth 007C,Robbery,Investigation complete; no suspect identified,
7707126df837edeb3b06ebbe2005963323fe294d1c3b41cddeec7ca5c887d331,2016-01,Norfolk Constabulary,Norfolk Constabulary,1.718659,52.602271,On or near Tamworth Lane,E01026634,Great Yarmouth 007C,Vehicle crime,Investigation complete; no suspect identified,
dd42cd59564108b8dcb9ec29eb0f3bf7520b351b038252e5dc6f7d48481458a3,2016-01,Norfolk Constabulary,Norfolk Constabulary,1.719282,52.603529,On or near Station Road,E01026634,Great Yarmouth 007C,Violence and sexual offences,Unable to prosecute suspect,
034c8578a9f0a8e69259419c54cc5d7e5727d1a3dc812da46047f9c132891d42,2016-01,Norfolk Constabulary,Norfolk Constabulary,1.716610,52.599016,On or near Thamesfield Way,E01026634,Great Yarmouth 007C,Violence and sexual offences,Offender given conditional discharge,
,2016-01,Norfolk Constabulary,Norfolk Constabulary,1.722007,52.604127,On or near Bunn'S Lane,E01026635,Great Yarmouth 007D,Anti-social behaviour,,
,2016-01,Norfolk Constabulary,Norfolk Constabulary,1.717452,52.608947,On or near Stone Road,E01026635,Great Yarmouth 007D,Anti-social behaviour,,
,2016-01,Norfolk Constabulary,Norfolk Constabulary,1.721769,52.602371,On or near Portland Court,E01026635,Great Yarmouth 007D,Anti-social behaviour,,
,2016-01,Norfolk Constabulary,Norfolk Constabulary,1.718649,52.606337,On or near Gatacre Road,E01026635,Great Yarmouth 007D,Anti-social behaviour,,
f8c168218308b143df59f322322f2126d7d8c69cb3d95d4fac88d8162bbf1675,2016-01,Norfolk Constabulary,Norfolk Constabulary,1.715539,52.608350,On or near Tyrrell'S Road,E01026635,Great Yarmouth 007D,Bicycle theft,Status update unavailable,
d02997684946187757e1cc64d0bf8986b079cf245d245becef47acd4f3086c48,2016-01,Norfolk Constabulary,Norfolk Constabulary,1.715539,52.608350,On or near Tyrrell'S Road,E01026635,Great Yarmouth 007D,Criminal damage and arson,Offender ordered to pay compensation,
1c974a78a3ede3a4af53c81ae224aacad0310a263983fc9a6b18cf03c9d6ce32,2016-01,Norfolk Constabulary,Norfolk Constabulary,1.717993,52.608705,On or near College Court,E01026635,Great Yarmouth 007D,Criminal damage and arson,Investigation complete; no suspect identified,
51bc0bccc3a86a3459a9c6bc18042b5bd6b3d84abb457ef06a8aa6009b089a1b,2016-01,Norfolk Constabulary,Norfolk Constabulary,1.721769,52.602371,On or near Portland Court,E01026635,Great Yarmouth 007D,Criminal damage and arson,Investigation complete; no suspect identified,
1b07d917dd3abfb146ea6433be90c784bb26a5edf158b68171000adae38f85a0,2016-01,Norfolk Constabulary,Norfolk Constabulary,1.720739,52.606937,On or near Steam Mill Lane,E01026635,Great Yarmouth 007D,Criminal damage and arson,Unable to prosecute suspect,
a2e65503d4561212849ed0207370ddced48a40c4a673153ff31ff7d65538c834,2016-01,Norfolk Constabulary,Norfolk Constabulary,1.719837,52.606758,On or near Beavans Court,E01026635,Great Yarmouth 007D,Criminal damage and arson,Offender given a caution,
381ebb63225ced5d8002741f1db612473725dfdeaf14baa272a87a39fd29153c,2016-01,Norfolk Constabulary,Norfolk Constabulary,1.714910,52.605285,On or near Austin Road,E01026635,Great Yarmouth 007D,Other theft,Status update unavailable,
76e23a8a174c4b598776a862ad48bb288c1e106b5da9d6ab113f4bcc78c15c3a,2016-01,Norfolk Constabulary,Norfolk Constabulary,1.724036,52.601229,On or near Ferry Lane,E01026635,Great Yarmouth 007D,Other theft,Formal action is not in the public interest,
4b785d21403bd4715e8239ade39405ca62700d69b8e1cc0b600fe1e4872e00e6,2016-01,Norfolk Constabulary,Norfolk Constabulary,1.713800,52.604906,On or near Ladbrooke Road,E01026635,Great Yarmouth 007D,Other theft,Investigation complete; no suspect identified,
57d91adb63f310a120a23a7dc646e01b649fec3a512a9e4e1ef2ff82f3df2e5c,2016-01,Norfolk Constabulary,Norfolk Constabulary,1.717993,52.608705,On or near College Court,E01026635,Great Yarmouth 007D,Other theft,Investigation complete; no suspect identified,
0835b94bd5b568dfee4e4cd9f9c78be20f921a2c2000a5f041d6a5ba4cf4f2d9,2016-01,Norfolk Constabulary,Norfolk Constabulary,1.717993,52.608705,On or near College Court,E01026635,Great Yarmouth 007D,Other theft,Investigation complete; no suspect identified,
9c592f18135340f3ae93a9d0e3994ad481f787a080a683ca606ace777d5c264b,2016-01,Norfolk Constabulary,Norfolk Constabulary,1.721694,52.606187,On or near Bridge Road,E01026635,Great Yarmouth 007D,Other theft,Formal action is not in the public interest,
4d08cdee9fca332a5c7892364c89c5c7a08d40dc07c987de6f9e2b6af5aa8333,2016-01,Norfolk Constabulary,Norfolk Constabulary,1.721769,52.602371,On or near Portland Court,E01026635,Great Yarmouth 007D,Other theft,Status update unavailable,
83a59e3fe3f35e26ad938ac6fe03b6d3211eced04d5e73a1ff782c4b022e27ea,2016-01,Norfolk Constabulary,Norfolk Constabulary,1.717903,52.606603,On or near Mill Road,E01026635,Great Yarmouth 007D,Shoplifting,Offender otherwise dealt with,
85bc8343cd7da0cc889a421b52ebe002024037d11e717600cd3a1e2cd6eaaddb,2016-01,Norfolk Constabulary,Norfolk Constabulary,1.721694,52.606187,On or near Bridge Road,E01026635,Great Yarmouth 007D,Vehicle crime,Offender given suspended prison sentence,
ca35d8319664311b8a7ae9683467fdc3d8248ebd0dc0d39af71e4f6387c452ad,2016-01,Norfolk Constabulary,Norfolk Constabulary,1.718649,52.606337,On or near Gatacre Road,E01026635,Great Yarmouth 007D,Violence and sexual offences,Status update unavailable,
55c3acfa7e56b8a4808a95b3486d60ef6c77efe83b0ed895806f034e58e28673,2016-01,Norfolk Constabulary,Norfolk Constabulary,1.715539,52.608350,On or near Tyrrell'S Road,E01026635,Great Yarmouth 007D,Violence and sexual offences,Status update unavailable,
73c037752b2077d7299a0f843481cd8debe2fc3b1579f19246c8822099529b7f,2016-01,Norfolk Constabulary,Norfolk Constabulary,1.721769,52.602371,On or near Portland Court,E01026635,Great Yarmouth 007D,Violence and sexual offences,Court result unavailable,
3edb9c16f2e2c40aaf69db5a5480fc007523eca9cdd6758e52f48bc96c35abe9,2016-01,Norfolk Constabulary,Norfolk Constabulary,1.719837,52.606758,On or near Beavans Court,E01026635,Great Yarmouth 007D,Violence and sexual offences,Status update unavailable,
09483b556d7a3fa4ea393bc980da4eb8412d5c0749f5211e8e44a0de00dbed17,2016-01,Norfolk Constabulary,Norfolk Constabulary,1.714511,52.606152,On or near Empress Road,E01026635,Great Yarmouth 007D,Violence and sexual offences,Formal action is not in the public interest,
96bad18c86cc92b889f5a44dd75c1dd3070ed173afe244888a7d5d98efa3a25f,2016-01,Norfolk Constabulary,Norfolk Constabulary,1.718801,52.607438,On or near Lady Haven Road,E01026635,Great Yarmouth 007D,Violence and sexual offences,Formal action is not in the public interest,
d4bea42d9cf819bb343bc165e7acdd3f491ab6360c5d705ba6a2bb0096223c89,2016-01,Norfolk Constabulary,Norfolk Constabulary,1.718484,52.608402,On or near Critten'S Road,E01026635,Great Yarmouth 007D,Violence and sexual offences,Formal action is not in the public interest,
f95daff849840c5ba4cb268753244657b8d4cdc417ea3bc590f1ebe6110edc64,2016-01,Norfolk Constabulary,Norfolk Constabulary,1.718484,52.608402,On or near Critten'S Road,E01026635,Great Yarmouth 007D,Violence and sexual offences,Formal action is not in the public interest,
f0509334e30f72644ac073b3547c0d92b4b3f0ffa914e2df966faee50e63eadb,2016-01,Norfolk Constabulary,Norfolk Constabulary,1.721769,52.602371,On or near Portland Court,E01026635,Great Yarmouth 007D,Violence and sexual offences,Court result unavailable,
8fa9c349d6b01e233312fc21cb40d25df479f9be456f581b4a48e40bf9aeeb90,2016-01,Norfolk Constabulary,Norfolk Constabulary,1.717305,52.607737,On or near Isaac'S Road,E01026635,Great Yarmouth 007D,Other crime,Formal action is not in the public interest,
,2016-01,Norfolk Constabulary,Norfolk Constabulary,1.708618,52.584336,On or near Lapwing Close,E01026581,Great Yarmouth 008A,Anti-social behaviour,,
1aaa2c1c2b827e293eeaad6ba707d86a53de7cd5432e5aa29db6d0b1b55a3d03,2016-01,Norfolk Constabulary,Norfolk Constabulary,1.706464,52.584367,On or near Grebe Close,E01026581,Great Yarmouth 008A,Burglary,Investigation complete; no suspect identified,
a7c4ca0350a307948ff7696f3921bba9ab15ad08c2e6df3998d90b3a67d0d780,2016-01,Norfolk Constabulary,Norfolk Constabulary,1.705121,52.585768,On or near Burgh Road,E01026581,Great Yarmouth 008A,Criminal damage and arson,Investigation complete; no suspect identified,
24a67caf35027be89e294ac01115d39b1cd004912b0f8baf80a780532b3fc0b5,2016-01,Norfolk Constabulary,Norfolk Constabulary,1.703908,52.588198,On or near Whimbrel Drive,E01026581,Great Yarmouth 008A,Violence and sexual offences,Court result unavailable,
cac6a172557fa1cc3a3fac533d3aaaf9d258676932d367abba9b20dfbc38d05f,2016-01,Norfolk Constabulary,Norfolk Constabulary,1.709403,52.592928,On or near Enterprise Court,E01026581,Great Yarmouth 008A,Violence and sexual offences,Court result unavailable,
034f361cb97e9293f24d3a736a80de0398a4915ec73b23d757e2d912feea65de,2016-01,Norfolk Constabulary,Norfolk Constabulary,1.703908,52.588198,On or near Whimbrel Drive,E01026581,Great Yarmouth 008A,Violence and sexual offences,Court result unavailable,
5848b4dd8ad4abdeaa9e37dc1b08303b0093270ac97496f2725fcd5f1500d253,2016-01,Norfolk Constabulary,Norfolk Constabulary,1.708618,52.584336,On or near Lapwing Close,E01026581,Great Yarmouth 008A,Other crime,Status update unavailable,
,2016-01,Norfolk Constabulary,Norfolk Constabulary,1.696750,52.582648,On or near Sports/Recreation Area,E01026582,Great Yarmouth 008B,Anti-social behaviour,,
d716f76a52bdbc53fbe943537ae684c9e2892c3b5c62ba898136a83fce814230,2016-01,Norfolk Constabulary,Norfolk Constabulary,1.696750,52.582648,On or near Sports/Recreation Area,E01026582,Great Yarmouth 008B,Criminal damage and arson,Investigation complete; no suspect identified,
c99ad328ef968f86917e73de3ad06f07fa42686b8bbbdd60d301c26bdcf73066,2016-01,Norfolk Constabulary,Norfolk Constabulary,1.696670,52.585546,On or near El Alamein Way,E01026582,Great Yarmouth 008B,Vehicle crime,Investigation complete; no suspect identified,
527d945d968657991516333a445de998ed344116721197df2b633f7272499ae8,2016-01,Norfolk Constabulary,Norfolk Constabulary,1.696670,52.585546,On or near El Alamein Way,E01026582,Great Yarmouth 008B,Violence and sexual offences,Unable to prosecute suspect,
9d66b15f394dca9692ce13c02dc7d4ece48be3f1a7a35e6c51e18feac170c438,2016-01,Norfolk Constabulary,Norfolk Constabulary,1.702924,52.583183,On or near Whinchat Way,E01026583,Great Yarmouth 008C,Criminal damage and arson,Status update unavailable,
4cdc5ce3f0f7ef5e6a0b8858acd505777f90c27fb936347a029663587818fbe2,2016-01,Norfolk Constabulary,Norfolk Constabulary,1.708747,52.581499,On or near Smith'S Loke,E01026583,Great Yarmouth 008C,Shoplifting,Offender given suspended prison sentence,
8c0a4d6844dfb201ecf8a40a8efc6492f812a56ec9318e2822910338cc557ed9,2016-01,Norfolk Constabulary,Norfolk Constabulary,1.708747,52.581499,On or near Smith'S Loke,E01026583,Great Yarmouth 008C,Shoplifting,Offender given suspended prison sentence,
782b3aa3ba277578dc77164e221865ae25c4ab5a6f58f53125e40b33a19df62c,2016-01,Norfolk Constabulary,Norfolk Constabulary,1.702924,52.583183,On or near Whinchat Way,E01026583,Great Yarmouth 008C,Violence and sexual offences,Status update unavailable,
b2ccbf52c31365402844a469d77a1dea0423c215b9501fe68b84c6b460218910,2016-01,Norfolk Constabulary,Norfolk Constabulary,1.705324,52.581534,On or near Widgeon Close,E01026583,Great Yarmouth 008C,Violence and sexual offences,Formal action is not in the public interest,
a4f230e6ee1944cdb131d595fc3f0d6b001801485659361e72603e144ceb63ca,2016-01,Norfolk Constabulary,Norfolk Constabulary,1.692573,52.579333,On or near Laurel Drive,E01026584,Great Yarmouth 008D,Other theft,Investigation complete; no suspect identified,
7a57c790bebc318ce4ca5922ae1ec3c3f0819de758795855bdb3cd153a2c6987,2016-01,Norfolk Constabulary,Norfolk Constabulary,1.702752,52.578349,On or near Larch Drive,E01026584,Great Yarmouth 008D,Other crime,Status update unavailable,
,2016-01,Norfolk Constabulary,Norfolk Constabulary,1.727347,52.583522,On or near Trafalgar Road East,E01026601,Great Yarmouth 009A,Anti-social behaviour,,
ac0257f0548536c580f585e6913e68a74f87d3ed6448e67ae5b279365eab8105,2016-01,Norfolk Constabulary,Norfolk Constabulary,1.723969,52.585122,On or near Petrol Station,E01026601,Great Yarmouth 009A,Drugs,Offender fined,
3ab5b283bccf2ed77f61946278d57a79bde6e8a011809ce1679c40aeae92e279,2016-01,Norfolk Constabulary,Norfolk Constabulary,1.723969,52.585122,On or near Petrol Station,E01026601,Great Yarmouth 009A,Drugs,Status update unavailable,
4e20578b5c63550ab0c45be5d11023dce6599d4fba09d93c02da1df0dda92026,2016-01,Norfolk Constabulary,Norfolk Constabulary,1.723969,52.585122,On or near Petrol Station,E01026601,Great Yarmouth 009A,Drugs,Formal action is not in the public interest,
68e5a432d90f6b7d6a7a5bd23c264e1ed0b78dec34f705f8e8f71ca89b40eecd,2016-01,Norfolk Constabulary,Norfolk Constabulary,1.723969,52.585122,On or near Petrol Station,E01026601,Great Yarmouth 009A,Other theft,Investigation complete; no suspect identified,
d8e92751902ce2416aa35a5d7048c66e137df584edd57588e3c401b1f8b1a81d,2016-01,Norfolk Constabulary,Norfolk Constabulary,1.725366,52.587318,On or near Manby Road,E01026601,Great Yarmouth 009A,Violence and sexual offences,Investigation complete; no suspect identified,
,2016-01,Norfolk Constabulary,Norfolk Constabulary,1.710960,52.583570,On or near Lynn Grove,E01026602,Great Yarmouth 009B,Anti-social behaviour,,
,2016-01,Norfolk Constabulary,Norfolk Constabulary,1.713267,52.580646,On or near Kalmia Green,E01026602,Great Yarmouth 009B,Anti-social behaviour,,
,2016-01,Norfolk Constabulary,Norfolk Constabulary,1.713267,52.580646,On or near Kalmia Green,E01026602,Great Yarmouth 009B,Anti-social behaviour,,
,2016-01,Norfolk Constabulary,Norfolk Constabulary,1.713267,52.580646,On or near Kalmia Green,E01026602,Great Yarmouth 009B,Anti-social behaviour,,
631422b75ded057ba1c636ef23060e6cf10bcd8fc99dbf4a467a896252d20da1,2016-01,Norfolk Constabulary,Norfolk Constabulary,1.714309,52.586676,On or near The Pastures,E01026602,Great Yarmouth 009B,Criminal damage and arson,Formal action is not in the public interest,
d4ff7f73bc584e9f8292f4065337b7818ae5392dc894488ee8eae5a443db6cad,2016-01,Norfolk Constabulary,Norfolk Constabulary,1.713267,52.580646,On or near Kalmia Green,E01026602,Great Yarmouth 009B,Criminal damage and arson,Status update unavailable,
cec143d7f7e24ddda61ccc9d85bed7915076e3eae116ef82b8cdbf534caa6cc2,2016-01,Norfolk Constabulary,Norfolk Constabulary,1.715576,52.581050,On or near Erica Way,E01026602,Great Yarmouth 009B,Criminal damage and arson,Investigation complete; no suspect identified,
04ea0201d0e9c591068cbabdd34215cfd8d7e37e75a190f64e93e3b2059ab2dc,2016-01,Norfolk Constabulary,Norfolk Constabulary,1.717288,52.581392,On or near Cherry Road,E01026602,Great Yarmouth 009B,Drugs,Offender given community sentence,
88c67f1c5824b3f87df405736bab1eb8ba55da46f8cbe9723572a14c16ef13eb,2016-01,Norfolk Constabulary,Norfolk Constabulary,1.713267,52.580646,On or near Kalmia Green,E01026602,Great Yarmouth 009B,Public order,Investigation complete; no suspect identified,
b5b6e6edd46a85fc3fae167ac43b3372c6f198c56568f224487c6ee2b0bd609a,2016-01,Norfolk Constabulary,Norfolk Constabulary,1.714186,52.581553,On or near Sycamore Green,E01026602,Great Yarmouth 009B,Violence and sexual offences,Offender given suspended prison sentence,
c1a805147ca5bb033e26395202d70b4593e6f05485a6ada829f9e6c2f3cf1206,2016-01,Norfolk Constabulary,Norfolk Constabulary,1.714186,52.581553,On or near Sycamore Green,E01026602,Great Yarmouth 009B,Violence and sexual offences,Formal action is not in the public interest,
,2016-01,Norfolk Constabulary,Norfolk Constabulary,1.713266,52.578712,On or near Crab Lane,E01026603,Great Yarmouth 009C,Anti-social behaviour,,
,2016-01,Norfolk Constabulary,Norfolk Constabulary,1.710927,52.580216,On or near Hawthorn Road,E01026603,Great Yarmouth 009C,Anti-social behaviour,,
,2016-01,Norfolk Constabulary,Norfolk Constabulary,1.712179,52.579124,On or near Forsythia Road,E01026603,Great Yarmouth 009C,Anti-social behaviour,,
043209dbba3819ff25e3729811af9d6bea92489f8bb2f8b360bc00744bae51f7,2016-01,Norfolk Constabulary,Norfolk Constabulary,1.712239,52.575300,On or near Trinity Avenue,E01026603,Great Yarmouth 009C,Criminal damage and arson,Investigation complete; no suspect identified,
bb52f8882b558aaa8bfb17585492b7bacf7084c8af6ca6e8ddaca5e30b058e1a,2016-01,Norfolk Constabulary,Norfolk Constabulary,1.712179,52.579124,On or near Forsythia Road,E01026603,Great Yarmouth 009C,Criminal damage and arson,Investigation complete; no suspect identified,
cc01a39f7ecce4131430d645c28a53eabc95564be79a759e90b0f48c0bb8b721,2016-01,Norfolk Constabulary,Norfolk Constabulary,1.713266,52.578712,On or near Crab Lane,E01026603,Great Yarmouth 009C,Criminal damage and arson,Investigation complete; no suspect identified,
39bedd2d438c211fd48568fc9c5c64ff10960bbf3107de983895d9708d1aaaf9,2016-01,Norfolk Constabulary,Norfolk Constabulary,1.710927,52.580216,On or near Hawthorn Road,E01026603,Great Yarmouth 009C,Other theft,Investigation complete; no suspect identified,
1dd267ace8b9316189e3984ddfaf19ae0d0b92f4639c148c866196670f6194d2,2016-01,Norfolk Constabulary,Norfolk Constabulary,1.714572,52.574947,On or near Trinity Avenue,E01026603,Great Yarmouth 009C,Public order,Unable to prosecute suspect,
6c9b0a9613c30999ba1e706e6bf9a2141ce4f3ecc61c16a8537f2f814a359cbd,2016-01,Norfolk Constabulary,Norfolk Constabulary,1.712179,52.579124,On or near Forsythia Road,E01026603,Great Yarmouth 009C,Violence and sexual offences,Formal action is not in the public interest,
30d1c53a593827e45a303f3742c093223b3af41d55cd8ace3ba257f11c4c7ee1,2016-01,Norfolk Constabulary,Norfolk Constabulary,1.712239,52.575300,On or near Trinity Avenue,E01026603,Great Yarmouth 009C,Violence and sexual offences,Offender sent to prison,
c4e3b9281ce0262a9a32ee81f46652ff8a5f667b9a6beff9e917bf80208f09aa,2016-01,Norfolk Constabulary,Norfolk Constabulary,1.712239,52.575300,On or near Trinity Avenue,E01026603,Great Yarmouth 009C,Violence and sexual offences,Unable to prosecute suspect,
703e7572ebc13468178b791e968f75f18bfbe9a5dc0a042aad6bf8d800b92e12,2016-01,Norfolk Constabulary,Norfolk Constabulary,1.712217,52.576254,On or near New College Close,E01026603,Great Yarmouth 009C,Violence and sexual offences,Formal action is not in the public interest,
bef997799c560653434274b5edcbc8500c8806056d05be565f14fa90407490d1,2016-01,Norfolk Constabulary,Norfolk Constabulary,1.710927,52.580216,On or near Hawthorn Road,E01026603,Great Yarmouth 009C,Violence and sexual offences,Formal action is not in the public interest,
,2016-01,Norfolk Constabulary,Norfolk Constabulary,1.717305,52.574268,On or near Exeter Road,E01026604,Great Yarmouth 009D,Anti-social behaviour,,
,2016-01,Norfolk Constabulary,Norfolk Constabulary,1.717305,52.574268,On or near Exeter Road,E01026604,Great Yarmouth 009D,Anti-social behaviour,,
,2016-01,Norfolk Constabulary,Norfolk Constabulary,1.714430,52.579908,On or near Maple Way,E01026604,Great Yarmouth 009D,Anti-social behaviour,,
,2016-01,Norfolk Constabulary,Norfolk Constabulary,1.718064,52.576268,On or near St Hilda'S Crescent,E01026604,Great Yarmouth 009D,Anti-social behaviour,,
,2016-01,Norfolk Constabulary,Norfolk Constabulary,1.715865,52.574529,On or near Worcester Way,E01026604,Great Yarmouth 009D,Anti-social behaviour,,
,2016-01,Norfolk Constabulary,Norfolk Constabulary,1.716911,52.580433,On or near Oak Road,E01026604,Great Yarmouth 009D,Anti-social behaviour,,
,2016-01,Norfolk Constabulary,Norfolk Constabulary,1.719577,52.574080,On or near Western Road,E01026604,Great Yarmouth 009D,Anti-social behaviour,,
c52d664900fd584e031a00a95cda55b68ba36c5cc415efb0b6270d550255f0eb,2016-01,Norfolk Constabulary,Norfolk Constabulary,1.714430,52.579908,On or near Maple Way,E01026604,Great Yarmouth 009D,Burglary,Investigation complete; no suspect identified,
7b8cd9f6aece98441a48a82ee63a4ad075a7a1396fb9f6e85aee6567e0a36935,2016-01,Norfolk Constabulary,Norfolk Constabulary,1.714430,52.579908,On or near Maple Way,E01026604,Great Yarmouth 009D,Criminal damage and arson,Status update unavailable,
461f8deb584a2ecaf85ea0eed869dada8fc7cad45989390e68b63c6844343a23,2016-01,Norfolk Constabulary,Norfolk Constabulary,1.715865,52.574529,On or near Worcester Way,E01026604,Great Yarmouth 009D,Criminal damage and arson,Status update unavailable,
395efcbb51a3302bafbd4b6286cee1fbbdcbb36db31a90b7525a0bdc838a0b57,2016-01,Norfolk Constabulary,Norfolk Constabulary,1.715056,52.573340,On or near Windsor Way,E01026604,Great Yarmouth 009D,Public order,Status update unavailable,
b07a9ac1c5673b29b8d4c7dc6fe6baa186fd78bd4c26d3f98f94a80132a5c646,2016-01,Norfolk Constabulary,Norfolk Constabulary,1.714676,52.574261,On or near Supermarket,E01026604,Great Yarmouth 009D,Shoplifting,Unable to prosecute suspect,
b16a2eed43f622c6bddaf200bf5fc8e0136a7d09ffc3423169e4408514f19740,2016-01,Norfolk Constabulary,Norfolk Constabulary,1.715056,52.573340,On or near Windsor Way,E01026604,Great Yarmouth 009D,Shoplifting,Status update unavailable,
4305e1a8921268f2d77e88a14de99d69961e3045e2603cbdc3a1907c0034ef16,2016-01,Norfolk Constabulary,Norfolk Constabulary,1.714676,52.574261,On or near Supermarket,E01026604,Great Yarmouth 009D,Shoplifting,Defendant found not guilty,
d163131f38bd7b488cac7b6ff2fc24fc937d3ba0008d3276688cbdbb7a31d702,2016-01,Norfolk Constabulary,Norfolk Constabulary,1.714430,52.579908,On or near Maple Way,E01026604,Great Yarmouth 009D,Violence and sexual offences,Status update unavailable,
e13883622b9ea51f50841f2bf1c96ec626225fde1759d160990960a1b17a6fbc,2016-01,Norfolk Constabulary,Norfolk Constabulary,1.719577,52.574080,On or near Western Road,E01026604,Great Yarmouth 009D,Violence and sexual offences,Unable to prosecute suspect,
c019955b1614ba7101370c447efc65a525325291d017cf17c4ae833c8656147a,2016-01,Norfolk Constabulary,Norfolk Constabulary,1.717305,52.574268,On or near Exeter Road,E01026604,Great Yarmouth 009D,Violence and sexual offences,Formal action is not in the public interest,
06c48e964f4c93ec30b950fa315d14029a97aebe0b4e23368812d596eac3d7b9,2016-01,Norfolk Constabulary,Norfolk Constabulary,1.717519,52.578893,On or near Crab Lane,E01026604,Great Yarmouth 009D,Violence and sexual offences,Offender given community sentence,
50d3a8cbe4d1e04f73e7467c9adcb763b2d72a70fdd418a8b2f7ce26b1227d9c,2016-01,Norfolk Constabulary,Norfolk Constabulary,1.715865,52.574529,On or near Worcester Way,E01026604,Great Yarmouth 009D,Violence and sexual offences,Court result unavailable,
1a3611a6e670496673f14d74bff576206a5dd2694cd45d61da6d682a6086ee72,2016-01,Norfolk Constabulary,Norfolk Constabulary,1.717305,52.574268,On or near Exeter Road,E01026604,Great Yarmouth 009D,Violence and sexual offences,Formal action is not in the public interest,
07884a1cd09a684e0a937b111dcbf1d9a4036477551892bcf4122fbbbec78a29,2016-01,Norfolk Constabulary,Norfolk Constabulary,1.717305,52.574268,On or near Exeter Road,E01026604,Great Yarmouth 009D,Violence and sexual offences,Offender given suspended prison sentence,
3de155febe8445bc5a8098f443f0f65e7573bfdf2a6cae920f2fe8e38213ef1b,2016-01,Norfolk Constabulary,Norfolk Constabulary,1.717267,52.576437,On or near Lady Margaret'S Avenue,E01026604,Great Yarmouth 009D,Violence and sexual offences,Formal action is not in the public interest,
328ea25650dd50f9a6da34f1d4ffc9506ee290bcedaedbab06bf991f7e6f4486,2016-01,Norfolk Constabulary,Norfolk Constabulary,1.714430,52.579908,On or near Maple Way,E01026604,Great Yarmouth 009D,Violence and sexual offences,Court result unavailable,
,2016-01,Norfolk Constabulary,Norfolk Constabulary,1.728408,52.579324,On or near Wightmans Lane,E01026632,Great Yarmouth 009E,Anti-social behaviour,,
,2016-01,Norfolk Constabulary,Norfolk Constabulary,1.727888,52.583982,On or near Back Chapel Lane,E01026632,Great Yarmouth 009E,Anti-social behaviour,,
,2016-01,Norfolk Constabulary,Norfolk Constabulary,1.727981,52.580903,On or near Shopping Area,E01026632,Great Yarmouth 009E,Anti-social behaviour,,
7b04912f5f586b061451bb4344d1bfb49ba877a4c1215d4097516cd839010998,2016-01,Norfolk Constabulary,Norfolk Constabulary,1.728925,52.579677,On or near Blackwall Reach,E01026632,Great Yarmouth 009E,Burglary,Status update unavailable,
1abdb3b3d50a0d715bb346c420a4d506c2c95ef59afaa8c512eee3d1fe8bdeb1,2016-01,Norfolk Constabulary,Norfolk Constabulary,1.726403,52.581798,On or near Church Road,E01026632,Great Yarmouth 009E,Criminal damage and arson,Investigation complete; no suspect identified,
f3a4f02a432f36d6c1cac3ffd116ca116bd363d8562e0585cf1609bc729c0c59,2016-01,Norfolk Constabulary,Norfolk Constabulary,1.719252,52.580170,On or near Spencer Avenue,E01026632,Great Yarmouth 009E,Criminal damage and arson,Investigation complete; no suspect identified,
668578743d9d77762cc42f76bb9902c1c014bbb970a147fd0cc6c92cfdd790c3,2016-01,Norfolk Constabulary,Norfolk Constabulary,1.723963,52.580184,On or near St Andrew'S Road,E01026632,Great Yarmouth 009E,Criminal damage and arson,Offender given conditional discharge,
050173572ce665fd4c8e455f1b1372ff8fcd366fdabb5b12fec6dc6658b75a31,2016-01,Norfolk Constabulary,Norfolk Constabulary,1.728898,52.582304,On or near High Street,E01026632,Great Yarmouth 009E,Criminal damage and arson,Investigation complete; no suspect identified,
6aadb4cb3c0c9ba82b29a4279d82c21a7e5994635109781a6ea526f0fe74bf13,2016-01,Norfolk Constabulary,Norfolk Constabulary,1.727981,52.580903,On or near Shopping Area,E01026632,Great Yarmouth 009E,Shoplifting,Local resolution,
a49bda316ca8c4b8e835b928bd7d0a1134ffe5855184259afc275a2f2aabb4fd,2016-01,Norfolk Constabulary,Norfolk Constabulary,1.727981,52.580903,On or near Shopping Area,E01026632,Great Yarmouth 009E,Shoplifting,Investigation complete; no suspect identified,
a71b3bd79e899c04116dbe751d86e883bf9ee3e3bdff2265e5d3ec67d134e93a,2016-01,Norfolk Constabulary,Norfolk Constabulary,1.719252,52.580170,On or near Spencer Avenue,E01026632,Great Yarmouth 009E,Violence and sexual offences,Status update unavailable,
c15ce196b6d437359cf016f5b4ad169376ed778a5a9bb1ad697944a42de07d90,2016-01,Norfolk Constabulary,Norfolk Constabulary,1.719705,52.583952,On or near A12,E01026632,Great Yarmouth 009E,Violence and sexual offences,Status update unavailable,
bbccfd7118ef7db31286aa3dc90bd90e03b8324be72975c4ad406dc43f24e110,2016-01,Norfolk Constabulary,Norfolk Constabulary,1.723963,52.580184,On or near St Andrew'S Road,E01026632,Great Yarmouth 009E,Violence and sexual offences,Formal action is not in the public interest,
,2016-01,Norfolk Constabulary,Norfolk Constabulary,1.727893,52.571515,On or near Upper Cliff Road,E01026610,Great Yarmouth 010A,Anti-social behaviour,,
,2016-01,Norfolk Constabulary,Norfolk Constabulary,1.726715,52.572245,On or near Nile Road,E01026610,Great Yarmouth 010A,Anti-social behaviour,,
7c68568e2ee617c9de439aad65001fd31a91566d07829e0a38d69749b3604942,2016-01,Norfolk Constabulary,Norfolk Constabulary,1.728357,52.569854,On or near Avondale Road,E01026610,Great Yarmouth 010A,Criminal damage and arson,Status update unavailable,
5f6bb36804615be288df9e9a80638c33abce7b50b4068d8bfe992063dc84bca0,2016-01,Norfolk Constabulary,Norfolk Constabulary,1.728357,52.569854,On or near Avondale Road,E01026610,Great Yarmouth 010A,Violence and sexual offences,Court result unavailable,
,2016-01,Norfolk Constabulary,Norfolk Constabulary,1.722169,52.561297,On or near Kennedy Avenue,E01026611,Great Yarmouth 010B,Anti-social behaviour,,
,2016-01,Norfolk Constabulary,Norfolk Constabulary,1.726271,52.563192,On or near Bridge Road,E01026611,Great Yarmouth 010B,Anti-social behaviour,,
4a0b5cfa9b11f711ab107c273d04011d116bd597cb32b74c5cdf1f00eb6c2ced,2016-01,Norfolk Constabulary,Norfolk Constabulary,1.728557,52.568040,On or near Park Road,E01026611,Great Yarmouth 010B,Burglary,Investigation complete; no suspect identified,
541843a3cd5c480196c9ef1a06af44af8abfd56e509cfe5edd6db3bc3ee306aa,2016-01,Norfolk Constabulary,Norfolk Constabulary,1.728557,52.568040,On or near Park Road,E01026611,Great Yarmouth 010B,Burglary,Status update unavailable,
1beb5af0e7c85a5a95e175c8e71238902a5eae8104a3d680f240959b3afb729d,2016-01,Norfolk Constabulary,Norfolk Constabulary,1.731604,52.571065,On or near Beach Road,E01026611,Great Yarmouth 010B,Criminal damage and arson,Investigation complete; no suspect identified,
b30fcb4416979d64d5d0613232d091fd51a0b14fa8de2adfdcbc5bf04e091743,2016-01,Norfolk Constabulary,Norfolk Constabulary,1.728735,52.567009,On or near Cliff Avenue,E01026611,Great Yarmouth 010B,Public order,Status update unavailable,
d1722e9dc85c6a92df183c0fbdabaac70fae92e5c108e586a748e5b2a16f421f,2016-01,Norfolk Constabulary,Norfolk Constabulary,1.723978,52.563480,On or near Orde Avenue,E01026611,Great Yarmouth 010B,Violence and sexual offences,Unable to prosecute suspect,
,2016-01,Norfolk Constabulary,Norfolk Constabulary,1.718883,52.559089,On or near Barnard Close,E01026612,Great Yarmouth 010C,Anti-social behaviour,,
,2016-01,Norfolk Constabulary,Norfolk Constabulary,1.713352,52.556169,On or near Galahad Road,E01026612,Great Yarmouth 010C,Anti-social behaviour,,
,2016-01,Norfolk Constabulary,Norfolk Constabulary,1.715382,52.559406,On or near Salk Road,E01026612,Great Yarmouth 010C,Anti-social behaviour,,
6ed7d0b515d979f2653a0d9ad4bd508fe8cbf1c1a6ce992d04a61b22df18bf48,2016-01,Norfolk Constabulary,Norfolk Constabulary,1.726793,52.552823,On or near Kennel Loke,E01026612,Great Yarmouth 010C,Burglary,Investigation complete; no suspect identified,
9d6ae3dcabf3565354ad516e2c4b53d945b8b739e949181a263af9c9862e54b9,2016-01,Norfolk Constabulary,Norfolk Constabulary,1.727024,52.556242,On or near Links Road,E01026612,Great Yarmouth 010C,Drugs,Formal action is not in the public interest,
89b2a1a4f9d2431c69de6dfeaf70774fafc149c3d7115e09f08973ab3e7bda50,2016-01,Norfolk Constabulary,Norfolk Constabulary,1.725107,52.555736,On or near The Fairway,E01026612,Great Yarmouth 010C,Vehicle crime,Offender given community sentence,
c1773cc704c757329a7a9ce01a9700c11b5f27acade323d3d00119106b34781e,2016-01,Norfolk Constabulary,Norfolk Constabulary,1.713232,52.558754,On or near Mackenzie Close,E01026612,Great Yarmouth 010C,Violence and sexual offences,Formal action is not in the public interest,
,2016-01,Norfolk Constabulary,Norfolk Constabulary,1.721430,52.576090,On or near Paston Road,E01026630,Great Yarmouth 010D,Anti-social behaviour,,
,2016-01,Norfolk Constabulary,Norfolk Constabulary,1.728723,52.578505,On or near Bussey'S Lane,E01026630,Great Yarmouth 010D,Anti-social behaviour,,
,2016-01,Norfolk Constabulary,Norfolk Constabulary,1.728723,52.578505,On or near Bussey'S Lane,E01026630,Great Yarmouth 010D,Anti-social behaviour,,
,2016-01,Norfolk Constabulary,Norfolk Constabulary,1.729425,52.578600,On or near Supermarket,E01026630,Great Yarmouth 010D,Anti-social behaviour,,
,2016-01,Norfolk Constabulary,Norfolk Constabulary,1.728264,52.579014,On or near Horsey'S Lane,E01026630,Great Yarmouth 010D,Anti-social behaviour,,
,2016-01,Norfolk Constabulary,Norfolk Constabulary,1.728264,52.579014,On or near Horsey'S Lane,E01026630,Great Yarmouth 010D,Anti-social behaviour,,
,2016-01,Norfolk Constabulary,Norfolk Constabulary,1.726672,52.577481,On or near Supermarket,E01026630,Great Yarmouth 010D,Anti-social behaviour,,
,2016-01,Norfolk Constabulary,Norfolk Constabulary,1.729425,52.578600,On or near Supermarket,E01026630,Great Yarmouth 010D,Anti-social behaviour,,
,2016-01,Norfolk Constabulary,Norfolk Constabulary,1.727606,52.576660,On or near Sussex Road,E01026630,Great Yarmouth 010D,Anti-social behaviour,,
60013799aa012cd48f14b0f5b26205a2bea39d5a1e0e7fea25ef6968e52258c1,2016-01,Norfolk Constabulary,Norfolk Constabulary,1.729425,52.578600,On or near Supermarket,E01026630,Great Yarmouth 010D,Burglary,Formal action is not in the public interest,
fd5fbee9271fe8fa1bdac80f443470fc8bdc05773b7615147219048e8ebe7fff,2016-01,Norfolk Constabulary,Norfolk Constabulary,1.723657,52.578323,On or near Middleton Road,E01026630,Great Yarmouth 010D,Criminal damage and arson,Unable to prosecute suspect,
331cbe1650ef2b82843f9ae87627c34cb9e850cf8fee31d209839e2382e447c9,2016-01,Norfolk Constabulary,Norfolk Constabulary,1.729425,52.578600,On or near Supermarket,E01026630,Great Yarmouth 010D,Criminal damage and arson,Investigation complete; no suspect identified,
4f58bc09aa3a25aa0bf79ca8e0f93187d2b4939385b0d10dc44ddf4528c06383,2016-01,Norfolk Constabulary,Norfolk Constabulary,1.729387,52.577638,On or near Baker Street,E01026630,Great Yarmouth 010D,Drugs,Offender given conditional discharge,
f779f113853a8e644aed5bcf2d1d80591d7f118558cd02efa20bdd049ad88a51,2016-01,Norfolk Constabulary,Norfolk Constabulary,1.725541,52.579298,On or near Lovewell Road,E01026630,Great Yarmouth 010D,Other theft,Offender given conditional discharge,
cb42787443919041f879ec6266ad721dfa05eeeede507d5940c6d1a94691ab53,2016-01,Norfolk Constabulary,Norfolk Constabulary,1.725541,52.579298,On or near Lovewell Road,E01026630,Great Yarmouth 010D,Public order,Offender given conditional discharge,
4fad41b5735f093a0c617806105dd99b934be7b889bc751cb2b5f2839b02e9ed,2016-01,Norfolk Constabulary,Norfolk Constabulary,1.729387,52.577638,On or near Baker Street,E01026630,Great Yarmouth 010D,Public order,Court case unable to proceed,
4600154c21d90dc10881f42d9bd6e96493f9853a56ecf62d9e7b3af3bf3ec284,2016-01,Norfolk Constabulary,Norfolk Constabulary,1.727034,52.578441,On or near Supermarket,E01026630,Great Yarmouth 010D,Shoplifting,Investigation complete; no suspect identified,
9cabf7cb852b9a4d3b5101e204098542775cf348111718ee836c1eb2c99f8a20,2016-01,Norfolk Constabulary,Norfolk Constabulary,1.725541,52.579298,On or near Lovewell Road,E01026630,Great Yarmouth 010D,Vehicle crime,Investigation complete; no suspect identified,
1217ae3231686d09db6ccf57061d44e10eaaa0a83b6c8d3a92befe24c295bca7,2016-01,Norfolk Constabulary,Norfolk Constabulary,1.729402,52.574858,On or near Back Pier Plain,E01026630,Great Yarmouth 010D,Violence and sexual offences,Status update unavailable,
1e736c4ff54a292de41d4e31336d483928bf531ef3d27d9c76730a23548be219,2016-01,Norfolk Constabulary,Norfolk Constabulary,1.722370,52.576897,On or near Baliol Road,E01026630,Great Yarmouth 010D,Violence and sexual offences,Unable to prosecute suspect,
a3c5b55b42370c89a69a1151b174cfa4440d2e4685a441c96188402c2ba7c179,2016-01,Norfolk Constabulary,Norfolk Constabulary,1.726672,52.577481,On or near Supermarket,E01026630,Great Yarmouth 010D,Violence and sexual offences,Status update unavailable,
946b288b9af53153378b56050e860f2cd5b568d9ffccb07bed3732d51e950c18,2016-01,Norfolk Constabulary,Norfolk Constabulary,1.727034,52.578441,On or near Supermarket,E01026630,Great Yarmouth 010D,Violence and sexual offences,Formal action is not in the public interest,
1f319b51645bec5419615b4b52d375b4b861a348cd407725a8231ebf34a493f7,2016-01,Norfolk Constabulary,Norfolk Constabulary,1.723602,52.576274,On or near St Andrew'S Close,E01026630,Great Yarmouth 010D,Violence and sexual offences,Court result unavailable,
26fbef5aa1fc225b22d88e8e465613f89b4233f1cb02f5fbe0f067c14e03950c,2016-01,Norfolk Constabulary,Norfolk Constabulary,1.729387,52.577638,On or near Baker Street,E01026630,Great Yarmouth 010D,Violence and sexual offences,Offender fined,
97694f458437c20e4a3cbde8867a8f6c037f35c5c3de8ebc6f169292355344a1,2016-01,Norfolk Constabulary,Norfolk Constabulary,1.722370,52.576897,On or near Baliol Road,E01026630,Great Yarmouth 010D,Violence and sexual offences,Status update unavailable,
7efd0fa742c952638b91dd9a5016de22545dd75f82de69f03bdbc34b4dc35916,2016-01,Norfolk Constabulary,Norfolk Constabulary,1.729425,52.578600,On or near Supermarket,E01026630,Great Yarmouth 010D,Violence and sexual offences,Investigation complete; no suspect identified,
f80bba3d3b9f90af28a50b2b3041cc9d27004e4659bdd73684741c79ec5488c3,2016-01,Norfolk Constabulary,Norfolk Constabulary,1.726672,52.577481,On or near Supermarket,E01026630,Great Yarmouth 010D,Other crime,Investigation complete; no suspect identified,
31a9630b6b66138dd483c74bebeacf960acadc5d08046970901df026ae001d02,2016-01,Norfolk Constabulary,Norfolk Constabulary,1.722370,52.576897,On or near Baliol Road,E01026630,Great Yarmouth 010D,Other crime,Status update unavailable,
,2016-01,Norfolk Constabulary,Norfolk Constabulary,1.725502,52.575008,On or near Police Station,E01026631,Great Yarmouth 010E,Anti-social behaviour,,
,2016-01,Norfolk Constabulary,Norfolk Constabulary,1.732799,52.570875,On or near Pier Gardens,E01026631,Great Yarmouth 010E,Anti-social behaviour,,
,2016-01,Norfolk Constabulary,Norfolk Constabulary,1.730276,52.575937,On or near Bell'S Marsh Road,E01026631,Great Yarmouth 010E,Anti-social behaviour,,
,2016-01,Norfolk Constabulary,Norfolk Constabulary,1.729456,52.573759,On or near Drudge Road,E01026631,Great Yarmouth 010E,Anti-social behaviour,,
,2016-01,Norfolk Constabulary,Norfolk Constabulary,1.730276,52.575937,On or near Bell'S Marsh Road,E01026631,Great Yarmouth 010E,Anti-social behaviour,,
,2016-01,Norfolk Constabulary,Norfolk Constabulary,1.725502,52.575008,On or near Police Station,E01026631,Great Yarmouth 010E,Anti-social behaviour,,
,2016-01,Norfolk Constabulary,Norfolk Constabulary,1.730276,52.575937,On or near Bell'S Marsh Road,E01026631,Great Yarmouth 010E,Anti-social behaviour,,
,2016-01,Norfolk Constabulary,Norfolk Constabulary,1.730276,52.575937,On or near Bell'S Marsh Road,E01026631,Great Yarmouth 010E,Anti-social behaviour,,
,2016-01,Norfolk Constabulary,Norfolk Constabulary,1.727782,52.574559,On or near England'S Lane,E01026631,Great Yarmouth 010E,Anti-social behaviour,,
,2016-01,Norfolk Constabulary,Norfolk Constabulary,1.725502,52.575008,On or near Police Station,E01026631,Great Yarmouth 010E,Anti-social behaviour,,
d6aaabdfcaede80884b1ea8312b03ee7c6dfe336470df80398f2fd3f8ef5e9dc,2016-01,Norfolk Constabulary,Norfolk Constabulary,1.731961,52.574400,On or near Parking Area,E01026631,Great Yarmouth 010E,Burglary,Investigation complete; no suspect identified,
5d23319a0f6accfcf7cbfbaa51a002336499c3355d7176878def447aa46a0041,2016-01,Norfolk Constabulary,Norfolk Constabulary,1.732799,52.570875,On or near Pier Gardens,E01026631,Great Yarmouth 010E,Criminal damage and arson,Offender given a caution,
cbcdd845f1f8eeb8df0232d3857e8613b32625adfd0bd5f3640af3561c200918,2016-01,Norfolk Constabulary,Norfolk Constabulary,1.730276,52.575937,On or near Bell'S Marsh Road,E01026631,Great Yarmouth 010E,Criminal damage and arson,Investigation complete; no suspect identified,
f20a90c6e6f3e780909c4e4aaea8497dde34d1fbf147f08c5369cd1bdb31d67f,2016-01,Norfolk Constabulary,Norfolk Constabulary,1.730276,52.575937,On or near Bell'S Marsh Road,E01026631,Great Yarmouth 010E,Criminal damage and arson,Investigation complete; no suspect identified,
a17854add547284c4a40d7e31714530f654c17a7f6fb1429885d9444902f9c4e,2016-01,Norfolk Constabulary,Norfolk Constabulary,1.724265,52.575047,On or near Suffield Road,E01026631,Great Yarmouth 010E,Criminal damage and arson,Investigation complete; no suspect identified,
44b7c4c27da8b18d32434932666fec7525e323db57361670b36bacc5a82bc83e,2016-01,Norfolk Constabulary,Norfolk Constabulary,1.725901,52.574141,On or near Leicester Road,E01026631,Great Yarmouth 010E,Criminal damage and arson,Investigation complete; no suspect identified,
53d31907c4a771ad3f8a1397e8c925b6cfb9a9b0a44cc89499c68727266178b2,2016-01,Norfolk Constabulary,Norfolk Constabulary,1.730276,52.575937,On or near Bell'S Marsh Road,E01026631,Great Yarmouth 010E,Criminal damage and arson,Investigation complete; no suspect identified,
a14f30ff271d029e5006e8fdf510a236b288e914e687e9dcfd0ca56250d37e33,2016-01,Norfolk Constabulary,Norfolk Constabulary,1.730276,52.575937,On or near Bell'S Marsh Road,E01026631,Great Yarmouth 010E,Criminal damage and arson,Investigation complete; no suspect identified,
8159560fc2f7fb286878ceb35a49fe42728722fce9ae01395eff262028b85ba6,2016-01,Norfolk Constabulary,Norfolk Constabulary,1.730276,52.575937,On or near Bell'S Marsh Road,E01026631,Great Yarmouth 010E,Criminal damage and arson,Investigation complete; no suspect identified,
0c0b6d9092278e73eb7da940d143cb87e742fa76d29144edccfe6daa383dd06b,2016-01,Norfolk Constabulary,Norfolk Constabulary,1.730276,52.575937,On or near Bell'S Marsh Road,E01026631,Great Yarmouth 010E,Criminal damage and arson,Investigation complete; no suspect identified,
a889c037e193f6d54ba443392d0cab54c385d3dd288201a3464a0fbbfe5b4840,2016-01,Norfolk Constabulary,Norfolk Constabulary,1.732259,52.571125,On or near Pavilion Road,E01026631,Great Yarmouth 010E,Criminal damage and arson,Investigation complete; no suspect identified,
89ca10594a4c64b7daee92c8543810f95794879ac75c71a6c2f1aeda11f25606,2016-01,Norfolk Constabulary,Norfolk Constabulary,1.731895,52.569968,On or near Lower Esplanade,E01026631,Great Yarmouth 010E,Criminal damage and arson,Offender ordered to pay compensation,
99f2f9a8f49735d0e3fd2cfd1498f63d409bf1894a88b7eda1ca1db24b060610,2016-01,Norfolk Constabulary,Norfolk Constabulary,1.731895,52.569968,On or near Lower Esplanade,E01026631,Great Yarmouth 010E,Criminal damage and arson,Unable to prosecute suspect,
41b45432bf759f2e81721b32f46e5edea4a660385178bc57e1ce2b97eb59333b,2016-01,Norfolk Constabulary,Norfolk Constabulary,1.730276,52.575937,On or near Bell'S Marsh Road,E01026631,Great Yarmouth 010E,Criminal damage and arson,Investigation complete; no suspect identified,
6634c2c42c41e32bdcbb30f48ba9ae5b6db0308515727522601044194aa88911,2016-01,Norfolk Constabulary,Norfolk Constabulary,1.725502,52.575008,On or near Police Station,E01026631,Great Yarmouth 010E,Drugs,Offender given a drugs possession warning,
f9650475279222d08adb682e70de78ca83eb2516d5f8a9e2f1cb343bc2d8c337,2016-01,Norfolk Constabulary,Norfolk Constabulary,1.730276,52.575937,On or near Bell'S Marsh Road,E01026631,Great Yarmouth 010E,Drugs,Offender given community sentence,
ce451e53dbb208abcb426e1efff453b6ac1201a0f055e63ee05bc1a4c4561ee4,2016-01,Norfolk Constabulary,Norfolk Constabulary,1.725773,52.573678,On or near Keppel Road,E01026631,Great Yarmouth 010E,Other theft,Local resolution,
593765ee1dae57d2f44714b58c505fd48487c9893dbc8167d86061a27bf62b9a,2016-01,Norfolk Constabulary,Norfolk Constabulary,1.730602,52.574218,On or near Pier Walk,E01026631,Great Yarmouth 010E,Public order,Status update unavailable,
228195bf3298de82ed3ad88641fee5368fa4b6f7070abfc22b2c68eae04a443e,2016-01,Norfolk Constabulary,Norfolk Constabulary,1.732799,52.570875,On or near Pier Gardens,E01026631,Great Yarmouth 010E,Theft from the person,Status update unavailable,
79f525910e3b42a4e00f9d000b0ed0b7d255ed7959ed7608c40fba37d88c725c,2016-01,Norfolk Constabulary,Norfolk Constabulary,1.730276,52.575937,On or near Bell'S Marsh Road,E01026631,Great Yarmouth 010E,Violence and sexual offences,Court result unavailable,
35c77da44ed7c8825d1bada271b8b76cbff544c5620bc2d93bb7a3670670319b,2016-01,Norfolk Constabulary,Norfolk Constabulary,1.724265,52.575047,On or near Suffield Road,E01026631,Great Yarmouth 010E,Violence and sexual offences,Status update unavailable,
dec2f10de6454059f3426fada7301b2f8df908feef96fb9ce0b99b6640cbfb4f,2016-01,Norfolk Constabulary,Norfolk Constabulary,1.731895,52.569968,On or near Lower Esplanade,E01026631,Great Yarmouth 010E,Violence and sexual offences,Offender sent to prison,
a50b3508b3aac3223711a3e15c0f4973925b674fd63d1275c0b570a2798270d1,2016-01,Norfolk Constabulary,Norfolk Constabulary,1.733306,52.571461,On or near Quay Road,E01026631,Great Yarmouth 010E,Violence and sexual offences,Unable to prosecute suspect,
b653df70fb0a50cbf931f919c1c47009784c7806c6636982c72909ba4e7ce5c5,2016-01,Norfolk Constabulary,Norfolk Constabulary,1.731961,52.574400,On or near Parking Area,E01026631,Great Yarmouth 010E,Violence and sexual offences,Formal action is not in the public interest,
,2016-01,Norfolk Constabulary,Norfolk Constabulary,1.717979,52.561663,On or near Hospital,E01026617,Great Yarmouth 011A,Anti-social behaviour,,
,2016-01,Norfolk Constabulary,Norfolk Constabulary,1.709667,52.562851,On or near Woodfarm Lane,E01026617,Great Yarmouth 011A,Anti-social behaviour,,
fc6bb73068c7b2cbc132b3c09cd14685f613ed9e79830a760f9064e3f590d306,2016-01,Norfolk Constabulary,Norfolk Constabulary,1.717979,52.561663,On or near Hospital,E01026617,Great Yarmouth 011A,Criminal damage and arson,Offender given conditional discharge,
01f693c980aca77f2fdf2bd151d6af086d7e196803a9e01e0b8d12c8c14dde48,2016-01,Norfolk Constabulary,Norfolk Constabulary,1.713514,52.565590,On or near Durham Avenue,E01026617,Great Yarmouth 011A,Criminal damage and arson,Formal action is not in the public interest,
25cef7a237ba973072fcf4253e61793836adb01519ac4dd356e151d37030ad76,2016-01,Norfolk Constabulary,Norfolk Constabulary,1.714826,52.565918,On or near St Peters Avenue,E01026617,Great Yarmouth 011A,Other theft,Unable to prosecute suspect,
4f055da49285931d4aa91f4d013eb63f6142d6470e7be559433f4008babe6545,2016-01,Norfolk Constabulary,Norfolk Constabulary,1.717979,52.561663,On or near Hospital,E01026617,Great Yarmouth 011A,Public order,Court result unavailable,
56585df674549fb0841bf6ee3204bcd20516b10d3fc28eea5ed3db7d67629e35,2016-01,Norfolk Constabulary,Norfolk Constabulary,1.717979,52.561663,On or near Hospital,E01026617,Great Yarmouth 011A,Shoplifting,Investigation complete; no suspect identified,
2bb719efaaf5b3b605c662ab38c5780b8025a8f97a01a90f7b87f3f799841bae,2016-01,Norfolk Constabulary,Norfolk Constabulary,1.716993,52.567451,On or near St Hugh'S Green,E01026617,Great Yarmouth 011A,Violence and sexual offences,Formal action is not in the public interest,
88da3dddaebe36554b067f363a35cc0420ecfdef427f77733cfead23547c4f45,2016-01,Norfolk Constabulary,Norfolk Constabulary,1.717979,52.561663,On or near Hospital,E01026617,Great Yarmouth 011A,Violence and sexual offences,Offender fined,
,2016-01,Norfolk Constabulary,Norfolk Constabulary,1.725762,52.565547,On or near Amethyst Close,E01026618,Great Yarmouth 011B,Anti-social behaviour,,
,2016-01,Norfolk Constabulary,Norfolk Constabulary,1.725762,52.565547,On or near Amethyst Close,E01026618,Great Yarmouth 011B,Anti-social behaviour,,
,2016-01,Norfolk Constabulary,Norfolk Constabulary,1.725748,52.563991,On or near Hewett Close,E01026618,Great Yarmouth 011B,Anti-social behaviour,,
,2016-01,Norfolk Constabulary,Norfolk Constabulary,1.722335,52.570386,On or near Elmgrove Road,E01026618,Great Yarmouth 011B,Anti-social behaviour,,
,2016-01,Norfolk Constabulary,Norfolk Constabulary,1.725378,52.564848,On or near Leman Road,E01026618,Great Yarmouth 011B,Anti-social behaviour,,
d12075071146c0f6630be38f856f40c94123184feecc88d60a768f1b9052cb54,2016-01,Norfolk Constabulary,Norfolk Constabulary,1.723547,52.564312,On or near Bridgford Close,E01026618,Great Yarmouth 011B,Criminal damage and arson,Investigation complete; no suspect identified,
dd54524f56e41d107df4b1972184fbc077129b0903a7804e09868a35a8065218,2016-01,Norfolk Constabulary,Norfolk Constabulary,1.722389,52.567191,On or near Middleton Road,E01026618,Great Yarmouth 011B,Public order,Unable to prosecute suspect,
593ec3d03558f345b414a852376d1453b9e302cdd1a6ec6c7aaa4b4b6bf22103,2016-01,Norfolk Constabulary,Norfolk Constabulary,1.724269,52.564128,On or near Masquers Close,E01026618,Great Yarmouth 011B,Violence and sexual offences,Status update unavailable,
c6d7a9beb4e1b559675c724bae672f8530b483948fd6cb96a6eca5877bf5c219,2016-01,Norfolk Constabulary,Norfolk Constabulary,1.725762,52.565547,On or near Amethyst Close,E01026618,Great Yarmouth 011B,Violence and sexual offences,Formal action is not in the public interest,
4f1d4b665b7ffa7764103ccee50c8f21373fba40e1f765ddc753d2e9171b1a0b,2016-01,Norfolk Constabulary,Norfolk Constabulary,1.724621,52.565142,On or near Deborah Road,E01026618,Great Yarmouth 011B,Violence and sexual offences,Formal action is not in the public interest,
4746e2ab154b5d9b5c763ebd35a5a4aff0149ecdb98be6c46a536b73ea6f26ea,2016-01,Norfolk Constabulary,Norfolk Constabulary,1.724621,52.565142,On or near Deborah Road,E01026618,Great Yarmouth 011B,Violence and sexual offences,Status update unavailable,
,2016-01,Norfolk Constabulary,Norfolk Constabulary,1.710126,52.569681,On or near Girton Road,E01026619,Great Yarmouth 011C,Anti-social behaviour,,
,2016-01,Norfolk Constabulary,Norfolk Constabulary,1.710126,52.569681,On or near Girton Road,E01026619,Great Yarmouth 011C,Anti-social behaviour,,
f0b372f8127f2fca312fa7e59a7228e3fbac2c32f684ba528f8e23c0dd7fb6c1,2016-01,Norfolk Constabulary,Norfolk Constabulary,1.713807,52.568873,On or near St Edmund Close,E01026619,Great Yarmouth 011C,Burglary,Investigation complete; no suspect identified,
9dc71a3977750acfbab0b80298d85155318289d091fc8229a3783d2d27805c22,2016-01,Norfolk Constabulary,Norfolk Constabulary,1.705801,52.567415,On or near Gorleston Lane,E01026619,Great Yarmouth 011C,Public order,Investigation complete; no suspect identified,
e296ad415dbfbcebddd22c36da2889cef9c18166acba2b2f89b3c64375314deb,2016-01,Norfolk Constabulary,Norfolk Constabulary,1.713239,52.567919,On or near Brasenose Avenue,E01026619,Great Yarmouth 011C,Violence and sexual offences,Formal action is not in the public interest,
20929f576d3fab9fbd7232e90436849dcb20f33750975054f127628f4d129287,2016-01,Norfolk Constabulary,Norfolk Constabulary,1.705801,52.567415,On or near Gorleston Lane,E01026619,Great Yarmouth 011C,Violence and sexual offences,Investigation complete; no suspect identified,
f20b3773d4fc1e2901a0ee10efbb8d83d5361caf883e85f5018f86f7e93067ce,2016-01,Norfolk Constabulary,Norfolk Constabulary,1.713807,52.568873,On or near St Edmund Close,E01026619,Great Yarmouth 011C,Violence and sexual offences,Formal action is not in the public interest,
,2016-01,Norfolk Constabulary,Norfolk Constabulary,1.708134,52.569870,On or near The Willows,E01026620,Great Yarmouth 011D,Anti-social behaviour,,
,2016-01,Norfolk Constabulary,Norfolk Constabulary,1.709247,52.571166,On or near Newnham Green,E01026620,Great Yarmouth 011D,Anti-social behaviour,,
,2016-01,Norfolk Constabulary,Norfolk Constabulary,1.709247,52.571166,On or near Newnham Green,E01026620,Great Yarmouth 011D,Anti-social behaviour,,
,2016-01,Norfolk Constabulary,Norfolk Constabulary,1.708060,52.573191,On or near Bunnewell Avenue,E01026620,Great Yarmouth 011D,Anti-social behaviour,,
74c63bee7d355e796acd7896199037c2444948363b62f4cd98abe9ca68e3073b,2016-01,Norfolk Constabulary,Norfolk Constabulary,1.708690,52.574188,On or near Rambouillet Close,E01026620,Great Yarmouth 011D,Bicycle theft,Investigation complete; no suspect identified,
1e20d32d7efc572155361e64f87bb149fe1c096c38a5c71d8ae4250815444f8e,2016-01,Norfolk Constabulary,Norfolk Constabulary,1.709247,52.571166,On or near Newnham Green,E01026620,Great Yarmouth 011D,Violence and sexual offences,Formal action is not in the public interest,
0296cb1993f1ce1b757079e9245d79180f97b3f7ed9beece9af7ecd7f1ee90d1,2016-01,Norfolk Constabulary,Norfolk Constabulary,1.709817,52.573541,On or near Christ Church Road,E01026620,Great Yarmouth 011D,Violence and sexual offences,Formal action is not in the public interest,
9ad154a9425c4901cbdceb5e2663c8e4a83e249b84b3bdcfdb09184caf5f9575,2016-01,Norfolk Constabulary,Norfolk Constabulary,1.708134,52.569870,On or near The Willows,E01026620,Great Yarmouth 011D,Other crime,Status update unavailable,
b79ee9ceefba2ca66b3d39466eb48b78015383a2ff0165a45d3291ce43500841,2016-01,Norfolk Constabulary,Norfolk Constabulary,1.719053,52.570858,On or near Gloucester Avenue,E01026621,Great Yarmouth 011E,Violence and sexual offences,Unable to prosecute suspect,
eeab7d45dac932e46d335077071cbbac6904e1f33c4643cfd17f25ca334bde0b,2016-01,Norfolk Constabulary,Norfolk Constabulary,1.713506,52.569683,On or near Campion Avenue,E01026621,Great Yarmouth 011E,Violence and sexual offences,Formal action is not in the public interest,
1d186e9b17c09461b6782da03b81f31d46b876a500eb25a045ab0d813f357719,2016-01,Norfolk Constabulary,Norfolk Constabulary,1.716094,52.569215,On or near Somerville Avenue,E01026621,Great Yarmouth 011E,Violence and sexual offences,Local resolution,
24827ca4706decdb21e425910f62bd8e23336e31af9128456a51cfbc77b4f67a,2016-01,Norfolk Constabulary,Norfolk Constabulary,1.720365,52.570835,On or near Middleton Road,E01026621,Great Yarmouth 011E,Violence and sexual offences,Formal action is not in the public interest,
,2016-01,Norfolk Constabulary,Norfolk Constabulary,1.655616,52.578628,On or near Beccles Road,E01026614,Great Yarmouth 012B,Anti-social behaviour,,
,2016-01,Norfolk Constabulary,Norfolk Constabulary,1.655616,52.578628,On or near Beccles Road,E01026614,Great Yarmouth 012B,Anti-social behaviour,,
,2016-01,Norfolk Constabulary,Norfolk Constabulary,1.655616,52.578628,On or near Beccles Road,E01026614,Great Yarmouth 012B,Anti-social behaviour,,
,2016-01,Norfolk Constabulary,Norfolk Constabulary,1.655616,52.578628,On or near Beccles Road,E01026614,Great Yarmouth 012B,Anti-social behaviour,,
7f877cbc4edd0820e6a60022716f76cae06d1e9d9a4ffc7b3a8fd520f65c7aa9,2016-01,Norfolk Constabulary,Norfolk Constabulary,1.666467,52.572599,On or near Stepshort,E01026614,Great Yarmouth 012B,Burglary,Formal action is not in the public interest,
1c14d0bc281b4f04edb840577349a973e02adf1c3aeb7c848ec63bbc7688952e,2016-01,Norfolk Constabulary,Norfolk Constabulary,1.676001,52.580677,On or near Parking Area,E01026614,Great Yarmouth 012B,Criminal damage and arson,Investigation complete; no suspect identified,
d7f4dd44f01c556d5da3f29e6d668b3c0b0c3b9d52906fc8161c4b8c41ebbd1b,2016-01,Norfolk Constabulary,Norfolk Constabulary,1.655616,52.578628,On or near Beccles Road,E01026614,Great Yarmouth 012B,Violence and sexual offences,Status update unavailable,
955d6988021c7a70c051c1d334996e2e850b903c004c62c6d871bf27a66dade3,2016-01,Norfolk Constabulary,Norfolk Constabulary,1.676001,52.580677,On or near Parking Area,E01026614,Great Yarmouth 012B,Violence and sexual offences,Court result unavailable,
,2016-01,Norfolk Constabulary,Norfolk Constabulary,1.665456,52.568448,On or near Supermarket,E01026615,Great Yarmouth 012C,Anti-social behaviour,,
0227b678bc2a3f3bab6ac7d31af1ca5e35064b461c9234ad17c780f9a0fb435e,2016-01,Norfolk Constabulary,Norfolk Constabulary,1.683913,52.555488,On or near Browston Lane,E01026615,Great Yarmouth 012C,Burglary,Investigation complete; no suspect identified,
cdcd7ba6de2ff18b5ffe3af33a29be045a356e494ac250b84fc10be901372d7e,2016-01,Norfolk Constabulary,Norfolk Constabulary,1.678900,52.557830,On or near Cherry Lane,E01026615,Great Yarmouth 012C,Other theft,Investigation complete; no suspect identified,
258c2c84bbbbe544ba3e695780cce507995bc95f4f05ab8c809e256362c13d31,2016-01,Norfolk Constabulary,Norfolk Constabulary,1.678900,52.557830,On or near Cherry Lane,E01026615,Great Yarmouth 012C,Other theft,Investigation complete; no suspect identified,
,2016-01,Norfolk Constabulary,Norfolk Constabulary,1.657263,52.566669,On or near Fern Gardens,E01026616,Great Yarmouth 012D,Anti-social behaviour,,
805fb084626f96df69d12dc67cf16b67a2ceda2f1a78399ef420a7d5ee92c1b9,2016-01,Norfolk Constabulary,Norfolk Constabulary,1.657263,52.566669,On or near Fern Gardens,E01026616,Great Yarmouth 012D,Burglary,Investigation complete; no suspect identified,
0718e51b1e747615b3b6a0903b93a6fb4ffcbd0e3837270d43d1a8e1b5bcd8a9,2016-01,Norfolk Constabulary,Norfolk Constabulary,1.657509,52.567677,On or near Caledonian Way,E01026616,Great Yarmouth 012D,Violence and sexual offences,Offender given conditional discharge,
29a9bda074668a5c703ab5c00584755dabefdaf2bc911685c05de6b48ce50c32,2016-01,Norfolk Constabulary,Norfolk Constabulary,1.654128,52.566433,On or near Supermarket,E01026616,Great Yarmouth 012D,Violence and sexual offences,Unable to prosecute suspect,
d5be9c5ffbc265aa5af684748357e5e69649c7d5dbdf1adcef1a8a3c7ed5c7ef,2016-01,Norfolk Constabulary,Norfolk Constabulary,1.655793,52.566930,On or near Bramble Gardens,E01026616,Great Yarmouth 012D,Violence and sexual offences,Court result unavailable,
09ece0d2b689070fbdfb5c1ee772541bba1aed5ac317d88b3c0aa525c490170f,2016-01,Norfolk Constabulary,Norfolk Constabulary,1.654128,52.566433,On or near Supermarket,E01026616,Great Yarmouth 012D,Other crime,Status update unavailable,
,2016-01,Norfolk Constabulary,Norfolk Constabulary,1.705406,52.576899,On or near Chestnut Avenue,E01026585,Great Yarmouth 013A,Anti-social behaviour,,
53b3503db21fca3c9973b347cba795c2830dbedc9b52b0d226ea808c22aef780,2016-01,Norfolk Constabulary,Norfolk Constabulary,1.700865,52.575935,On or near Star Farm Close,E01026585,Great Yarmouth 013A,Vehicle crime,Formal action is not in the public interest,
,2016-01,Norfolk Constabulary,Norfolk Constabulary,1.708836,52.577835,On or near Headington Close,E01026586,Great Yarmouth 013B,Anti-social behaviour,,
,2016-01,Norfolk Constabulary,Norfolk Constabulary,1.708836,52.577835,On or near Headington Close,E01026586,Great Yarmouth 013B,Anti-social behaviour,,
e3dfc0cba89bfcb665dfa4a0b1419f4190d60e2ea1fd6f3d550dd5b808d4b924,2016-01,Norfolk Constabulary,Norfolk Constabulary,1.707384,52.578474,On or near Crab Lane,E01026586,Great Yarmouth 013B,Drugs,Formal action is not in the public interest,
03466729afe8d94715280b0c1f8c816e5b7f4e5ff240f459c25231d7ffa4dc18,2016-01,Norfolk Constabulary,Norfolk Constabulary,1.708083,52.576788,On or near Parkland Drive,E01026586,Great Yarmouth 013B,Violence and sexual offences,Formal action is not in the public interest,
,2016-01,Norfolk Constabulary,Norfolk Constabulary,1.694979,52.576344,On or near Beech Rise,E01026587,Great Yarmouth 013C,Anti-social behaviour,,
,2016-01,Norfolk Constabulary,Norfolk Constabulary,1.695651,52.571690,On or near Beccles Road,E01026587,Great Yarmouth 013C,Anti-social behaviour,,
2df9af3ce52a4fb47b0cce505c189403da1456a989564d581b17bcc54823ba11,2016-01,Norfolk Constabulary,Norfolk Constabulary,1.700841,52.570395,On or near Foxglove Drive,E01026587,Great Yarmouth 013C,Criminal damage and arson,Investigation complete; no suspect identified,
9f7aad50d3e10f2445d7936376d3f9a659690ac52333dbeaa99c434116575722,2016-01,Norfolk Constabulary,Norfolk Constabulary,1.694979,52.576344,On or near Beech Rise,E01026587,Great Yarmouth 013C,Other theft,Status update unavailable,
c5f252a53fa88d3de9bd39b46342274b5f984b1f660be5f13d27bf0052c1d1aa,2016-01,Norfolk Constabulary,Norfolk Constabulary,1.691078,52.575422,On or near St Nicholas Court,E01026587,Great Yarmouth 013C,Public order,Unable to prosecute suspect,
,2016-01,Norfolk Constabulary,Norfolk Constabulary,1.721076,52.541948,On or near Rackham Close,E01026588,Great Yarmouth 013D,Anti-social behaviour,,
,2016-01,Norfolk Constabulary,Norfolk Constabulary,1.733096,52.538259,On or near Turin Way,E01026588,Great Yarmouth 013D,Anti-social behaviour,,
f115946a3f01352ef9a8495cfaeab3df146acc61a9baaaaaf52423100b54a99d,2016-01,Norfolk Constabulary,Norfolk Constabulary,1.721951,52.542172,On or near Noel Close,E01026588,Great Yarmouth 013D,Criminal damage and arson,Investigation complete; no suspect identified,
1cf18f8711bc7e63ce98814455bed98581b7e359d74978525001cd168a0a4368,2016-01,Norfolk Constabulary,Norfolk Constabulary,1.726099,52.537328,On or near Ives Way,E01026588,Great Yarmouth 013D,Other theft,Investigation complete; no suspect identified,
710d973aa96b5c8d7e16729a78b63c73920b51b59bdb1db4c0b7a8344731c2ca,2016-01,Norfolk Constabulary,Norfolk Constabulary,1.723456,52.537295,On or near Lushers Meadow Way,E01026588,Great Yarmouth 013D,Violence and sexual offences,Status update unavailable,
0380df81b2813c0e1100f1b211d8b75f173fa9911b26579d80c8299dd03ded10,2016-01,Norfolk Constabulary,Norfolk Constabulary,1.728088,52.537131,On or near Old Church Road,E01026588,Great Yarmouth 013D,Violence and sexual offences,Formal action is not in the public interest,
7a5fa3b5e702af487943d7e4766d8db1b9ec0c87cfced6e995454cf704045c21,2016-01,Norfolk Constabulary,Norfolk Constabulary,1.723456,52.537295,On or near Lushers Meadow Way,E01026588,Great Yarmouth 013D,Violence and sexual offences,Status update unavailable,
b9f01f6668827b47fad78ef5db0604be6155265f5d47eb31db1fc1ad96065b6a,2016-01,Norfolk Constabulary,Norfolk Constabulary,1.733491,52.536825,On or near Sands Close,E01026588,Great Yarmouth 013D,Other crime,Court result unavailable,
02c691b6e4e77bbea284a46b9a32e25404ece96f8d7daab634a8d2640f4569eb,2016-01,Norfolk Constabulary,Norfolk Constabulary,0.174784,51.608456,On or near Sports/Recreation Area,E01002304,Havering 003C,Other crime,Status update unavailable,
4ccb31028ddb7fbc9b4d2145cae92a8db7ec42a803f6823d7638fe40412a8d6a,2016-01,Norfolk Constabulary,Norfolk Constabulary,1.143640,52.060586,On or near Clarkson Street,E01030024,Ipswich 006C,Other theft,Status update unavailable,
1b6dd17b12924b14bb3b13ba5571de13546242fe5a0509f8134098cabc1503cb,2016-01,Norfolk Constabulary,Norfolk Constabulary,-1.133528,50.664510,On or near Yaverland Road,E01017347,Isle of Wight 014B,Other theft,Formal action is not in the public interest,
,2016-01,Norfolk Constabulary,Norfolk Constabulary,0.489902,52.934184,On or near Willow Road,E01026680,King's Lynn and West Norfolk 001A,Anti-social behaviour,,
,2016-01,Norfolk Constabulary,Norfolk Constabulary,0.489902,52.934184,On or near Willow Road,E01026680,King's Lynn and West Norfolk 001A,Anti-social behaviour,,
,2016-01,Norfolk Constabulary,Norfolk Constabulary,0.487168,52.936076,On or near Crescent Lane,E01026680,King's Lynn and West Norfolk 001A,Anti-social behaviour,,
,2016-01,Norfolk Constabulary,Norfolk Constabulary,0.491516,52.932244,On or near Waveney Close,E01026680,King's Lynn and West Norfolk 001A,Anti-social behaviour,,
,2016-01,Norfolk Constabulary,Norfolk Constabulary,0.487168,52.936076,On or near Crescent Lane,E01026680,King's Lynn and West Norfolk 001A,Anti-social behaviour,,
,2016-01,Norfolk Constabulary,Norfolk Constabulary,0.490856,52.934488,On or near Waveney Road,E01026680,King's Lynn and West Norfolk 001A,Anti-social behaviour,,
,2016-01,Norfolk Constabulary,Norfolk Constabulary,0.492249,52.936446,On or near Sandringham Road,E01026680,King's Lynn and West Norfolk 001A,Anti-social behaviour,,
,2016-01,Norfolk Constabulary,Norfolk Constabulary,0.490856,52.934488,On or near Waveney Road,E01026680,King's Lynn and West Norfolk 001A,Anti-social behaviour,,
,2016-01,Norfolk Constabulary,Norfolk Constabulary,0.489902,52.934184,On or near Willow Road,E01026680,King's Lynn and West Norfolk 001A,Anti-social behaviour,,
d3cb543db48541f48d36a2ea9954f7376fa6d78144c538631644e492798f6be2,2016-01,Norfolk Constabulary,Norfolk Constabulary,0.490856,52.934488,On or near Waveney Road,E01026680,King's Lynn and West Norfolk 001A,Criminal damage and arson,Investigation complete; no suspect identified,
8709b834e49c6cdf51da1779bfa436e8b42b5cd3e001d811995bc0c0192651bc,2016-01,Norfolk Constabulary,Norfolk Constabulary,0.488962,52.937783,On or near Chapel Lane,E01026680,King's Lynn and West Norfolk 001A,Public order,Status update unavailable,
bee652056cde33295eb9dd40a1fbe57af4e83396166bf97449763314a744701b,2016-01,Norfolk Constabulary,Norfolk Constabulary,0.492249,52.936446,On or near Sandringham Road,E01026680,King's Lynn and West Norfolk 001A,Violence and sexual offences,Formal action is not in the public interest,
6bfe7ccfab7f132bbd2a22678d77e91d17c48702db760d650b8a959597e97c8a,2016-01,Norfolk Constabulary,Norfolk Constabulary,0.491516,52.932244,On or near Waveney Close,E01026680,King's Lynn and West Norfolk 001A,Other crime,Offender given a caution,
,2016-01,Norfolk Constabulary,Norfolk Constabulary,0.507018,52.950962,On or near Old Hunstanton Road,E01026681,King's Lynn and West Norfolk 001B,Anti-social behaviour,,
,2016-01,Norfolk Constabulary,Norfolk Constabulary,0.507018,52.950962,On or near Old Hunstanton Road,E01026681,King's Lynn and West Norfolk 001B,Anti-social behaviour,,
0bbcf928fee84ed4bf904f0a84f767b797b5bae7882d8df3fdf299b7e4248cc9,2016-01,Norfolk Constabulary,Norfolk Constabulary,0.542081,52.959137,On or near Eastgate Road,E01026681,King's Lynn and West Norfolk 001B,Burglary,Investigation complete; no suspect identified,
e642e0b3212c57f0047f4090ab533a698a31702c91f5c09a70c84604bc6e58e2,2016-01,Norfolk Constabulary,Norfolk Constabulary,0.494772,52.935808,On or near King'S Lynn Road,E01026681,King's Lynn and West Norfolk 001B,Criminal damage and arson,Formal action is not in the public interest,
25f58e6ab8ce16ef47a476d82f93b7cf127d399f6c6d94e14fe2d28c7d927597,2016-01,Norfolk Constabulary,Norfolk Constabulary,0.510569,52.951094,On or near A149,E01026681,King's Lynn and West Norfolk 001B,Criminal damage and arson,Investigation complete; no suspect identified,
,2016-01,Norfolk Constabulary,Norfolk Constabulary,0.494788,52.945402,On or near Hastings Drive,E01026682,King's Lynn and West Norfolk 001C,Anti-social behaviour,,
,2016-01,Norfolk Constabulary,Norfolk Constabulary,0.495103,52.937690,On or near Downs Close,E01026682,King's Lynn and West Norfolk 001C,Anti-social behaviour,,
,2016-01,Norfolk Constabulary,Norfolk Constabulary,0.492209,52.942489,On or near Lincoln Street,E01026682,King's Lynn and West Norfolk 001C,Anti-social behaviour,,
,2016-01,Norfolk Constabulary,Norfolk Constabulary,0.495103,52.937690,On or near Downs Close,E01026682,King's Lynn and West Norfolk 001C,Anti-social behaviour,,
,2016-01,Norfolk Constabulary,Norfolk Constabulary,0.494486,52.938863,On or near Cypress Place,E01026682,King's Lynn and West Norfolk 001C,Anti-social behaviour,,
d0cd78282df616062aba43be11172bc5e00558cf4e8a89c2371a8b9e50593e7a,2016-01,Norfolk Constabulary,Norfolk Constabulary,0.494486,52.938863,On or near Cypress Place,E01026682,King's Lynn and West Norfolk 001C,Criminal damage and arson,Investigation complete; no suspect identified,
bb2d30c1ac95aaea9dd492349a15d4241372e84dd3fcb4834b04e5b44294611e,2016-01,Norfolk Constabulary,Norfolk Constabulary,0.496204,52.937154,On or near Downs Road,E01026682,King's Lynn and West Norfolk 001C,Criminal damage and arson,Unable to prosecute suspect,
ccf806e9b59920c868e96e0688a7039364db65caab21056464359994dbaa672a,2016-01,Norfolk Constabulary,Norfolk Constabulary,0.492539,52.943049,On or near Glebe Avenue,E01026682,King's Lynn and West Norfolk 001C,Violence and sexual offences,Offender given suspended prison sentence,
14cf84cc1980f5f63b5eba8021f0348e75f06f02c7438847a2d0b5834ac97eb9,2016-01,Norfolk Constabulary,Norfolk Constabulary,0.495103,52.937690,On or near Downs Close,E01026682,King's Lynn and West Norfolk 001C,Violence and sexual offences,Status update unavailable,
289f6f5e37e4f91d9114ecfdf115154e934180b364db29544d4d264cebd3bc34,2016-01,Norfolk Constabulary,Norfolk Constabulary,0.491539,52.943519,On or near St Edmund'S Avenue,E01026682,King's Lynn and West Norfolk 001C,Other crime,Status update unavailable,
,2016-01,Norfolk Constabulary,Norfolk Constabulary,0.489706,52.939583,On or near High Street,E01026683,King's Lynn and West Norfolk 001D,Anti-social behaviour,,
,2016-01,Norfolk Constabulary,Norfolk Constabulary,0.490465,52.936474,On or near Park Road,E01026683,King's Lynn and West Norfolk 001D,Anti-social behaviour,,
,2016-01,Norfolk Constabulary,Norfolk Constabulary,0.490465,52.936474,On or near Park Road,E01026683,King's Lynn and West Norfolk 001D,Anti-social behaviour,,
,2016-01,Norfolk Constabulary,Norfolk Constabulary,0.489706,52.939583,On or near High Street,E01026683,King's Lynn and West Norfolk 001D,Anti-social behaviour,,
e543eb0c8839471f7daef3d384c516671743d11ce0ba28271490f65f588a7435,2016-01,Norfolk Constabulary,Norfolk Constabulary,0.489706,52.939583,On or near High Street,E01026683,King's Lynn and West Norfolk 001D,Burglary,Investigation complete; no suspect identified,
b3d622850fd5d22d414f6478e374c5904014555ff453ecc1e0491fee7a41d828,2016-01,Norfolk Constabulary,Norfolk Constabulary,0.484660,52.936461,On or near Seagate,E01026683,King's Lynn and West Norfolk 001D,Criminal damage and arson,Investigation complete; no suspect identified,
e30b58bbde71aec1e2bd2f5fe2c21a05932efe444d6ebaf475e1f19db60d2324,2016-01,Norfolk Constabulary,Norfolk Constabulary,0.489844,52.935768,On or near Nene Road,E01026683,King's Lynn and West Norfolk 001D,Criminal damage and arson,Investigation complete; no suspect identified,
a6ee8136c5141c3a2b07bf0ccc06d3e2bb10882cc8c2f32a4aed2cfe181048b2,2016-01,Norfolk Constabulary,Norfolk Constabulary,0.484660,52.936461,On or near Seagate,E01026683,King's Lynn and West Norfolk 001D,Criminal damage and arson,Investigation complete; no suspect identified,
35fcbbad3d2fddcacc3872c26afa2c6cffc0b4d15c38b694cc1cdb6505c08457,2016-01,Norfolk Constabulary,Norfolk Constabulary,0.488138,52.943123,On or near Parking Area,E01026683,King's Lynn and West Norfolk 001D,Drugs,Offender given penalty notice,
be591608c8ccc7432fa5d983c0759044627c2db6994a41a3254f0fa350b24b34,2016-01,Norfolk Constabulary,Norfolk Constabulary,0.488988,52.939014,On or near St Edmund'S Terrace,E01026683,King's Lynn and West Norfolk 001D,Other theft,Investigation complete; no suspect identified,
1d9ad2bede675520aabd619e8399f7368d8f4361738b719e5c01fe2f0f778616,2016-01,Norfolk Constabulary,Norfolk Constabulary,0.485772,52.935098,On or near Southend Road,E01026683,King's Lynn and West Norfolk 001D,Public order,Court result unavailable,
36cf63f5747731aae291b6a3e137864fd2769911201fb46970630bbb6960b5be,2016-01,Norfolk Constabulary,Norfolk Constabulary,0.489706,52.939583,On or near High Street,E01026683,King's Lynn and West Norfolk 001D,Shoplifting,Investigation complete; no suspect identified,
e8dbd6988507985c521db47848ac7114e1cf96666b72649c33d277ea5d948d92,2016-01,Norfolk Constabulary,Norfolk Constabulary,0.491848,52.938792,On or near Supermarket,E01026683,King's Lynn and West Norfolk 001D,Shoplifting,Offender sent to prison,
f46fb625bdf9775fdc2c12babf3c42a4295d95e953ae3e93b9620fb03fdd80ba,2016-01,Norfolk Constabulary,Norfolk Constabulary,0.485772,52.935098,On or near Southend Road,E01026683,King's Lynn and West Norfolk 001D,Shoplifting,Offender fined,
23fb1de16902545530ff0d50cce635108a8a7bc4c5142fbf6a809d6d646a217a,2016-01,Norfolk Constabulary,Norfolk Constabulary,0.491848,52.938792,On or near Supermarket,E01026683,King's Lynn and West Norfolk 001D,Violence and sexual offences,Court result unavailable,
d603237207fcbaa11aa800753dc4dcff4a6120dcb6468caaeff2c3ff8611aec5,2016-01,Norfolk Constabulary,Norfolk Constabulary,0.491848,52.938792,On or near Supermarket,E01026683,King's Lynn and West Norfolk 001D,Violence and sexual offences,Formal action is not in the public interest,
8def094aede37c6850340648500a8ef4f8a8f0b2d2d35dd872e109a8c36fa81c,2016-01,Norfolk Constabulary,Norfolk Constabulary,0.488180,52.935560,On or near Hill Street,E01026683,King's Lynn and West Norfolk 001D,Violence and sexual offences,Status update unavailable,
,2016-01,Norfolk Constabulary,Norfolk Constabulary,0.686505,52.965139,On or near School Pastures,E01026645,King's Lynn and West Norfolk 002A,Anti-social behaviour,,
216abc9f35342ac728f8d3fdf91649897b90732ef7072c34da90515390c73c50,2016-01,Norfolk Constabulary,Norfolk Constabulary,0.579082,52.960344,On or near Church Street,E01026645,King's Lynn and West Norfolk 002A,Violence and sexual offences,Formal action is not in the public interest,
1c968f701bffc3c7c7e022ae2715ba5a20af99b8d101aa0f7349e5c5f3267633,2016-01,Norfolk Constabulary,Norfolk Constabulary,0.731280,52.947537,On or near Mill Green,E01026646,King's Lynn and West Norfolk 002B,Burglary,Investigation complete; no suspect identified,
,2016-01,Norfolk Constabulary,Norfolk Constabulary,0.622172,52.862559,On or near Windmill Hill,E01026656,King's Lynn and West Norfolk 002C,Anti-social behaviour,,
,2016-01,Norfolk Constabulary,Norfolk Constabulary,0.665156,52.876870,On or near Monks Close,E01026656,King's Lynn and West Norfolk 002C,Anti-social behaviour,,
79784f997eca33a47cc75124440c15cc9fc2356f950c5303066be7092c5cfca8,2016-01,Norfolk Constabulary,Norfolk Constabulary,0.660495,52.873081,On or near Hyde Close,E01026656,King's Lynn and West Norfolk 002C,Other theft,Investigation complete; no suspect identified,
,2016-01,Norfolk Constabulary,Norfolk Constabulary,0.721929,52.854774,On or near Mill Lane,E01026695,King's Lynn and West Norfolk 002D,Anti-social behaviour,,
,2016-01,Norfolk Constabulary,Norfolk Constabulary,0.695674,52.818955,On or near Lynn Road,E01026695,King's Lynn and West Norfolk 002D,Anti-social behaviour,,
7090119dac5e322c6aa14ba6d738e83be9d725c962bfbf1fa136f6f0a1074c34,2016-01,Norfolk Constabulary,Norfolk Constabulary,0.721929,52.854774,On or near Mill Lane,E01026695,King's Lynn and West Norfolk 002D,Criminal damage and arson,Investigation complete; no suspect identified,
da124f72ca89ceea15f797d8d140c79b16c28c2ef10de9666f388c436da4b7b9,2016-01,Norfolk Constabulary,Norfolk Constabulary,0.721929,52.854774,On or near Mill Lane,E01026695,King's Lynn and West Norfolk 002D,Criminal damage and arson,Investigation complete; no suspect identified,
e9e215cb3e588972b527da048fce238a43ae1cce32461fe033fb06496e7124ce,2016-01,Norfolk Constabulary,Norfolk Constabulary,0.721929,52.854774,On or near Mill Lane,E01026695,King's Lynn and West Norfolk 002D,Criminal damage and arson,Investigation complete; no suspect identified,
186e1f91cc0134cd1a600f10151e4da003797ec45d584bab905efa4d02393e77,2016-01,Norfolk Constabulary,Norfolk Constabulary,0.789929,52.874803,On or near B1355,E01026695,King's Lynn and West Norfolk 002D,Violence and sexual offences,Formal action is not in the public interest,
9fe216e89b663d8adfe68ca30260fdbc01eec64010ba668144821cd20b3cf579,2016-01,Norfolk Constabulary,Norfolk Constabulary,0.657200,52.798017,On or near St Lawrence Close,E01026695,King's Lynn and West Norfolk 002D,Violence and sexual offences,Unable to prosecute suspect,
c49d14ca6fe01f34e8b06d68f0b0ed227a5639620c81a8a8396c088d7a0a18a8,2016-01,Norfolk Constabulary,Norfolk Constabulary,0.789929,52.874803,On or near B1355,E01026695,King's Lynn and West Norfolk 002D,Violence and sexual offences,Formal action is not in the public interest,
961a157a2241c1975b03eaa31f690c9b43134301d78563508e151f62b1e71734,2016-01,Norfolk Constabulary,Norfolk Constabulary,0.657200,52.798017,On or near St Lawrence Close,E01026695,King's Lynn and West Norfolk 002D,Violence and sexual offences,Formal action is not in the public interest,
,2016-01,Norfolk Constabulary,Norfolk Constabulary,0.492376,52.899299,On or near Collingwood Close,E01026676,King's Lynn and West Norfolk 003A,Anti-social behaviour,,
,2016-01,Norfolk Constabulary,Norfolk Constabulary,0.493364,52.909250,On or near Pound Lane,E01026676,King's Lynn and West Norfolk 003A,Anti-social behaviour,,
f82570c66eb6c62c03e13964a7b76851909924b458aaf77a0cb01ff31c807184,2016-01,Norfolk Constabulary,Norfolk Constabulary,0.497445,52.909605,On or near Victoria Close,E01026676,King's Lynn and West Norfolk 003A,Drugs,Offender given a drugs possession warning,
f6f02da5a71b4690336c16d0d5e2964cc179731128518d949be832b82d71b6a9,2016-01,Norfolk Constabulary,Norfolk Constabulary,0.491094,52.906231,On or near Malthouse Crescent,E01026676,King's Lynn and West Norfolk 003A,Violence and sexual offences,Offender given a caution,
4ae158bfdec6a4c3d6f65fec3f30273609ee3eb3e0dc2a2dc2b5f6afcdbf0193,2016-01,Norfolk Constabulary,Norfolk Constabulary,0.494205,52.909646,On or near New Row,E01026676,King's Lynn and West Norfolk 003A,Violence and sexual offences,Defendant found not guilty,
e5f12b5c99d6534b51d7597e2cb315698a81ef1741bab7104cbb4c481bca5fe2,2016-01,Norfolk Constabulary,Norfolk Constabulary,0.491094,52.906231,On or near Malthouse Crescent,E01026676,King's Lynn and West Norfolk 003A,Violence and sexual offences,Status update unavailable,
,2016-01,Norfolk Constabulary,Norfolk Constabulary,0.492850,52.908325,On or near Caley Street,E01026677,King's Lynn and West Norfolk 003B,Anti-social behaviour,,
49889ea2e26b09fe0443279ba4cdbfd19620e24936a4d7515a003e807bd57f94,2016-01,Norfolk Constabulary,Norfolk Constabulary,0.489522,52.911237,On or near Sports/Recreation Area,E01026677,King's Lynn and West Norfolk 003B,Violence and sexual offences,Formal action is not in the public interest,
f1db42471b385e18e9feca4e477be5d75b748234043dc226b7397a976f22f51f,2016-01,Norfolk Constabulary,Norfolk Constabulary,0.489522,52.911237,On or near Sports/Recreation Area,E01026677,King's Lynn and West Norfolk 003B,Violence and sexual offences,Formal action is not in the public interest,
3d8b0359b682138b15d8aaa99c1e044778428dbb06b5e84d2bc3a0d2494a841c,2016-01,Norfolk Constabulary,Norfolk Constabulary,0.476828,52.909290,On or near Seabank Road,E01026678,King's Lynn and West Norfolk 003C,Criminal damage and arson,Investigation complete; no suspect identified,
260ab5ed33ec4651a4d03394d41779f00e47dadf037251842a61e452de7aab16,2016-01,Norfolk Constabulary,Norfolk Constabulary,0.484468,52.907908,On or near Gidney Drive,E01026678,King's Lynn and West Norfolk 003C,Violence and sexual offences,Formal action is not in the public interest,
2f3e3b206f03876a25f620d1b010747e531bfce33b15cd146bf552b5980620cf,2016-01,Norfolk Constabulary,Norfolk Constabulary,0.488527,52.875201,On or near The Meadows,E01026701,King's Lynn and West Norfolk 003D,Public order,Local resolution,
c09d3716e0665dc64720698e5e2263ea0382b03e420363f1b5a08a8ddbc10c46,2016-01,Norfolk Constabulary,Norfolk Constabulary,0.494716,52.878173,On or near Willowed Close,E01026701,King's Lynn and West Norfolk 003D,Vehicle crime,Investigation complete; no suspect identified,
f6bec09c110374775ab110ad07bbca323e726640f9bd57195b5207a73b457891,2016-01,Norfolk Constabulary,Norfolk Constabulary,0.495493,52.873059,On or near The Old Coal Yard,E01026702,King's Lynn and West Norfolk 003E,Other theft,Investigation complete; no suspect identified,
b94be401af1c558f270abf521ab4f744f873dc6f6c6a070e59e535ec3263d8f1,2016-01,Norfolk Constabulary,Norfolk Constabulary,0.499683,52.886224,On or near Parking Area,E01026703,King's Lynn and West Norfolk 003F,Burglary,Investigation complete; no suspect identified,
c6df664cff221fcaac5b2c0ff90bd2d718a84343a02cecc2661c92d16b4446bf,2016-01,Norfolk Constabulary,Norfolk Constabulary,0.499683,52.886224,On or near Parking Area,E01026703,King's Lynn and West Norfolk 003F,Other theft,Investigation complete; no suspect identified,
a746009fb49557cc7532e6d877bda69ecc60b51bdc73b6c8e8056dd46976497b,2016-01,Norfolk Constabulary,Norfolk Constabulary,0.499581,52.860420,On or near Sandy Close,E01026703,King's Lynn and West Norfolk 003F,Violence and sexual offences,Investigation complete; no suspect identified,
3d68a65ca5f571edfea5bc53c197d25d769acb2a73fce1dffd6bef1b4d5c692f,2016-01,Norfolk Constabulary,Norfolk Constabulary,0.498041,52.879902,On or near Fishers End Close,E01026703,King's Lynn and West Norfolk 003F,Violence and sexual offences,Status update unavailable,
,2016-01,Norfolk Constabulary,Norfolk Constabulary,0.501902,52.848601,On or near Sports/Recreation Area,E01026653,King's Lynn and West Norfolk 004A,Anti-social behaviour,,
40669c06f653936fb77e73ef511ec88c410c63b13f7058ddda2228747562bfa0,2016-01,Norfolk Constabulary,Norfolk Constabulary,0.492017,52.843801,On or near A149,E01026653,King's Lynn and West Norfolk 004A,Burglary,Investigation complete; no suspect identified,
b88eaade433abb9309c8e776fa1c2080700f2bf7c2752c5118ef207650c37f51,2016-01,Norfolk Constabulary,Norfolk Constabulary,0.497400,52.844443,On or near Shouldham Close,E01026653,King's Lynn and West Norfolk 004A,Burglary,Investigation complete; no suspect identified,
b455a95d19fe97411cc76da645224f77a4b064db5124079cfe83d055e92a0e46,2016-01,Norfolk Constabulary,Norfolk Constabulary,0.502586,52.852759,On or near Hunstanton Road,E01026653,King's Lynn and West Norfolk 004A,Criminal damage and arson,Investigation complete; no suspect identified,
ba49e384b104e66eb838305b136f487af7a0c68ccdcf98fdc220f719c67a654d,2016-01,Norfolk Constabulary,Norfolk Constabulary,0.502648,52.850734,On or near Hunstanton Road,E01026653,King's Lynn and West Norfolk 004A,Criminal damage and arson,Status update unavailable,
7df7de7e8cfbe6692c4d1204d644c1c5e2e12ebeeb08f89c82ec636d6c1690d4,2016-01,Norfolk Constabulary,Norfolk Constabulary,0.494773,52.847061,On or near Broadlands Close,E01026653,King's Lynn and West Norfolk 004A,Other theft,Investigation complete; no suspect identified,
b3a08bd7905f714798d886aad99ca8755432c0c44a658cd39e137bd16979f2ef,2016-01,Norfolk Constabulary,Norfolk Constabulary,0.507729,52.847669,On or near Pell Road,E01026653,King's Lynn and West Norfolk 004A,Violence and sexual offences,Formal action is not in the public interest,
e003e7583ce3ea5048ba83e59cbc96dae301c4f19157dd06971f04d19cae34bf,2016-01,Norfolk Constabulary,Norfolk Constabulary,0.497381,52.848508,On or near Station Road,E01026653,King's Lynn and West Norfolk 004A,Violence and sexual offences,Status update unavailable,
6d0cc6946578431a375230b28b4829e38f141f882ee4d2369d9bff3460ad2aec,2016-01,Norfolk Constabulary,Norfolk Constabulary,0.502586,52.852759,On or near Hunstanton Road,E01026653,King's Lynn and West Norfolk 004A,Violence and sexual offences,Formal action is not in the public interest,
d87031bcf6e3a0d7edf0eeb29d9b41c8b7a998747b6807c492b0c1ef8cccc13d,2016-01,Norfolk Constabulary,Norfolk Constabulary,0.501397,52.844997,On or near Supermarket,E01026654,King's Lynn and West Norfolk 004B,Criminal damage and arson,Investigation complete; no suspect identified,
6de78cc74468661df9524065d85b9472f9af8938890f6b29a7985ea42650af8e,2016-01,Norfolk Constabulary,Norfolk Constabulary,0.508225,52.845447,On or near Chestnut Close,E01026654,King's Lynn and West Norfolk 004B,Vehicle crime,Investigation complete; no suspect identified,
a6471ac23127866fabefd9f1d47915b42fd4985c0d4e9c9e17dc228504a29e0b,2016-01,Norfolk Constabulary,Norfolk Constabulary,0.506853,52.841231,On or near Balmoral Close,E01026654,King's Lynn and West Norfolk 004B,Violence and sexual offences,Status update unavailable,
4c5e4f63666432313862e08d10c4ffb121787b6908022a5c740adecd0f8eb404,2016-01,Norfolk Constabulary,Norfolk Constabulary,0.506853,52.841231,On or near Balmoral Close,E01026654,King's Lynn and West Norfolk 004B,Violence and sexual offences,Defendant found not guilty,
9f0a835de37e89c26274735c4498f22f621ffe5bd63617147893b8a291349ccd,2016-01,Norfolk Constabulary,Norfolk Constabulary,0.501185,52.845955,On or near Gelham Manor,E01026654,King's Lynn and West Norfolk 004B,Violence and sexual offences,Offender given a caution,
,2016-01,Norfolk Constabulary,Norfolk Constabulary,0.509917,52.840789,On or near Sports/Recreation Area,E01026655,King's Lynn and West Norfolk 004C,Anti-social behaviour,,
2aaa7bebb88c25f51bf052897bf1b957f2652cc38f14c744adb8c5afa00e8da9,2016-01,Norfolk Constabulary,Norfolk Constabulary,0.509339,52.846988,On or near Kings Croft,E01026655,King's Lynn and West Norfolk 004C,Criminal damage and arson,Investigation complete; no suspect identified,
2c3c8376cbab87568bd4603b2935fa52824bddb0165cd61436f78c80cfdfdcc7,2016-01,Norfolk Constabulary,Norfolk Constabulary,0.517595,52.841570,On or near Doddshill Road,E01026655,King's Lynn and West Norfolk 004C,Drugs,Offender given a caution,
5edfa15a5474ed6f13f34d5832863362bd7b509587de940ffae1df5db88574d9,2016-01,Norfolk Constabulary,Norfolk Constabulary,0.651587,52.783549,On or near Church Lane,E01026718,King's Lynn and West Norfolk 004D,Other theft,Investigation complete; no suspect identified,
c9c98a8a51320587992eba4a9ccc1116579467741ffa0b6b0238503b586dd883,2016-01,Norfolk Constabulary,Norfolk Constabulary,0.660520,52.779014,On or near Sunnyside Road,E01026718,King's Lynn and West Norfolk 004D,Vehicle crime,Investigation complete; no suspect identified,
ef322428b65f15374af3a0e3ca05cec7824d97924ef4a58721e0baf76aa43f55,2016-01,Norfolk Constabulary,Norfolk Constabulary,0.568688,52.809525,On or near Abbey Road,E01026718,King's Lynn and West Norfolk 004D,Violence and sexual offences,Offender given conditional discharge,
,2016-01,Norfolk Constabulary,Norfolk Constabulary,0.439932,52.791284,On or near Buckingham Close,E01026691,King's Lynn and West Norfolk 005A,Anti-social behaviour,,
90579b9761dd023c6e391361840c64fc46cc415e729b82d216d783ded4838a7a,2016-01,Norfolk Constabulary,Norfolk Constabulary,0.439499,52.791751,On or near Carlton Drive,E01026691,King's Lynn and West Norfolk 005A,Violence and sexual offences,Status update unavailable,
8267cb3c99350f58c98d9967a550f2d6981540088f7bae347917818cfaa517ff,2016-01,Norfolk Constabulary,Norfolk Constabulary,0.429849,52.788937,On or near Nursery Lane,E01026692,King's Lynn and West Norfolk 005B,Burglary,Investigation complete; no suspect identified,
,2016-01,Norfolk Constabulary,Norfolk Constabulary,0.433633,52.784184,On or near Broom Close,E01026708,King's Lynn and West Norfolk 005C,Anti-social behaviour,,
35ad61cf23fef73e875d53c4e16db9d1c092145d12a78cd8fc0a27c341ca2e86,2016-01,Norfolk Constabulary,Norfolk Constabulary,0.436936,52.781985,On or near Thetford Way,E01026708,King's Lynn and West Norfolk 005C,Burglary,Formal action is not in the public interest,
60b01243243978b264709208c0d59039c1c00b0175d08de471a369e94df98b7e,2016-01,Norfolk Constabulary,Norfolk Constabulary,0.432617,52.775546,On or near Elmhurst Drive,E01026708,King's Lynn and West Norfolk 005C,Other theft,Investigation complete; no suspect identified,
df15e02682acd43c34bf6a269febcd5af8d7bb15d5caa87b4e697b4d26bb806d,2016-01,Norfolk Constabulary,Norfolk Constabulary,0.436936,52.781985,On or near Thetford Way,E01026708,King's Lynn and West Norfolk 005C,Violence and sexual offences,Formal action is not in the public interest,
d5b379be17cdd76256b77135c9959a4ff08ebd0fd048c517181b191e61add48c,2016-01,Norfolk Constabulary,Norfolk Constabulary,0.439032,52.782356,On or near Bacton Close,E01026709,King's Lynn and West Norfolk 005D,Burglary,Investigation complete; no suspect identified,
25178037a6bdb9e4a39934ae408303d8bc76c30190b7b377bc7d7c0d1df3fa8e,2016-01,Norfolk Constabulary,Norfolk Constabulary,0.437888,52.774089,On or near Wootton Road,E01026709,King's Lynn and West Norfolk 005D,Violence and sexual offences,Court result unavailable,
,2016-01,Norfolk Constabulary,Norfolk Constabulary,0.452468,52.773923,On or near Oxborough Drive,E01026710,King's Lynn and West Norfolk 005E,Anti-social behaviour,,
5ce3a649ffe6a461b158402f653e96e4db29b38dd95c18fa866fa2af24ecea82,2016-01,Norfolk Constabulary,Norfolk Constabulary,0.447674,52.774364,On or near Langley Road,E01026710,King's Lynn and West Norfolk 005E,Shoplifting,Investigation complete; no suspect identified,
6907f72b28daf48f068b896dcf04d764e1c2ca356ac1b935ca1fdbb6dcf9b510,2016-01,Norfolk Constabulary,Norfolk Constabulary,0.447674,52.774364,On or near Langley Road,E01026710,King's Lynn and West Norfolk 005E,Shoplifting,Investigation complete; no suspect identified,
2975792095a3ab1a83ef7de840029fef8a8baf0439221ed0ac7878efd019f766,2016-01,Norfolk Constabulary,Norfolk Constabulary,0.447674,52.774364,On or near Langley Road,E01026710,King's Lynn and West Norfolk 005E,Shoplifting,Offender sent to prison,
b506df8ef1f887e85613ba573de313109f2bc48f3f9ff1c7485d69ebd5c7e7b1,2016-01,Norfolk Constabulary,Norfolk Constabulary,0.447674,52.774364,On or near Langley Road,E01026710,King's Lynn and West Norfolk 005E,Shoplifting,Investigation complete; no suspect identified,
a1ee86f3fa97b62813957db4d289649eb646ea0af161c16d0aebd863b0d859fc,2016-01,Norfolk Constabulary,Norfolk Constabulary,0.447674,52.774364,On or near Langley Road,E01026710,King's Lynn and West Norfolk 005E,Violence and sexual offences,Offender sent to prison,
aa0426d2773f2de267c5bd6de4b189cc2602d62bfaa8340bfdd3a841751ebf6c,2016-01,Norfolk Constabulary,Norfolk Constabulary,0.459100,52.772428,On or near Sandy Lane,E01026710,King's Lynn and West Norfolk 005E,Violence and sexual offences,Status update unavailable,
4d2e16f8add6766146dc7f0c1e7ed7efdab038bef2ef22fcb8577adebbb9aad6,2016-01,Norfolk Constabulary,Norfolk Constabulary,0.460078,52.776877,On or near Grimston Road,E01026710,King's Lynn and West Norfolk 005E,Violence and sexual offences,Formal action is not in the public interest,
519946e6a7167e23f35955ff67104cb633c1f20bf6faa6ff45a9995cc66e1a6d,2016-01,Norfolk Constabulary,Norfolk Constabulary,0.447674,52.774364,On or near Langley Road,E01026710,King's Lynn and West Norfolk 005E,Violence and sexual offences,Offender sent to prison,
,2016-01,Norfolk Constabulary,Norfolk Constabulary,0.429197,52.770041,On or near Empire Avenue,E01026669,King's Lynn and West Norfolk 006A,Anti-social behaviour,,
,2016-01,Norfolk Constabulary,Norfolk Constabulary,0.424040,52.765282,On or near Bevis Way,E01026669,King's Lynn and West Norfolk 006A,Anti-social behaviour,,
d8c0bd8b740978657bcb901109340aff42b768af9051997f0d76d0db77a94fc7,2016-01,Norfolk Constabulary,Norfolk Constabulary,0.427526,52.768790,On or near Mill Lane,E01026669,King's Lynn and West Norfolk 006A,Burglary,Status update unavailable,
3d97c035dff261ac8c2172cc97d75af898c34c9436d630af13d3be13bed907d5,2016-01,Norfolk Constabulary,Norfolk Constabulary,0.427526,52.768790,On or near Mill Lane,E01026669,King's Lynn and West Norfolk 006A,Burglary,Investigation complete; no suspect identified,
ba480c9ee1d15372a561ddbde0e5443d258965bbda10cac12c548662e8dff6f4,2016-01,Norfolk Constabulary,Norfolk Constabulary,0.429627,52.769781,On or near Petrol Station,E01026669,King's Lynn and West Norfolk 006A,Criminal damage and arson,Investigation complete; no suspect identified,
a0ede0f48d46f9c480973d70ff2c7b615c178f5b3dd097a45f6638ff69ed5b2f,2016-01,Norfolk Constabulary,Norfolk Constabulary,0.429627,52.769781,On or near Petrol Station,E01026669,King's Lynn and West Norfolk 006A,Other theft,Unable to prosecute suspect,
e3026658d6cfa0f73d4724de406af3ec6a2547f14139d24f9c68f1b4feba3887,2016-01,Norfolk Constabulary,Norfolk Constabulary,0.429627,52.769781,On or near Petrol Station,E01026669,King's Lynn and West Norfolk 006A,Other theft,Investigation complete; no suspect identified,
2154b44b2adab55d72edd4ef65abfff14d6151e7775ca8e3633018832eea5ea7,2016-01,Norfolk Constabulary,Norfolk Constabulary,0.429220,52.767262,On or near Lilac Wood,E01026669,King's Lynn and West Norfolk 006A,Possession of weapons,Offender fined,
01c713839f612956c65a4e1dd8dec2531bc493d8971b7c58d5ae536d35e23c85,2016-01,Norfolk Constabulary,Norfolk Constabulary,0.429197,52.770041,On or near Empire Avenue,E01026669,King's Lynn and West Norfolk 006A,Theft from the person,Investigation complete; no suspect identified,
,2016-01,Norfolk Constabulary,Norfolk Constabulary,0.420864,52.766013,On or near Aconite Road,E01026670,King's Lynn and West Norfolk 006B,Anti-social behaviour,,
,2016-01,Norfolk Constabulary,Norfolk Constabulary,0.420794,52.766895,On or near Calamint Road,E01026670,King's Lynn and West Norfolk 006B,Anti-social behaviour,,
,2016-01,Norfolk Constabulary,Norfolk Constabulary,0.420794,52.766895,On or near Calamint Road,E01026670,King's Lynn and West Norfolk 006B,Anti-social behaviour,,
,2016-01,Norfolk Constabulary,Norfolk Constabulary,0.420864,52.766013,On or near Aconite Road,E01026670,King's Lynn and West Norfolk 006B,Anti-social behaviour,,
b8dcd52cd199687721b327ac15ea34eced252f1ab8416a23c0a47073052d2330,2016-01,Norfolk Constabulary,Norfolk Constabulary,0.420127,52.769301,On or near Somersby Close,E01026670,King's Lynn and West Norfolk 006B,Violence and sexual offences,Status update unavailable,
488a70753ca28e169e3fb656a02b6f4e2ca8dc3f6012ccd5332a3cb8541a588e,2016-01,Norfolk Constabulary,Norfolk Constabulary,0.422187,52.769025,On or near Galyon Road,E01026670,King's Lynn and West Norfolk 006B,Violence and sexual offences,Status update unavailable,
9039286120619e42fd6321fb8c8de44295ef8f7a289957a229186902b3f9ce6f,2016-01,Norfolk Constabulary,Norfolk Constabulary,0.422187,52.769025,On or near Galyon Road,E01026670,King's Lynn and West Norfolk 006B,Violence and sexual offences,Status update unavailable,
15be8161f3a4552e2f9e9f04cd251bc66065e2d741a839c585bdd909b50cf87f,2016-01,Norfolk Constabulary,Norfolk Constabulary,0.420127,52.769301,On or near Somersby Close,E01026670,King's Lynn and West Norfolk 006B,Other crime,Formal action is not in the public interest,
e9985505ec7bf01f29f82f48bf865f55242e60142e4ef5312025cf85b5a36d4d,2016-01,Norfolk Constabulary,Norfolk Constabulary,0.420127,52.769301,On or near Somersby Close,E01026670,King's Lynn and West Norfolk 006B,Other crime,Status update unavailable,
,2016-01,Norfolk Constabulary,Norfolk Constabulary,0.435178,52.773093,On or near Driftway,E01026672,King's Lynn and West Norfolk 006D,Anti-social behaviour,,
597e4f81c97995628038c2270440c57ceca6ccace6586563109d4f203c0718aa,2016-01,Norfolk Constabulary,Norfolk Constabulary,0.437412,52.770619,On or near Reffley Lane,E01026672,King's Lynn and West Norfolk 006D,Other theft,Investigation complete; no suspect identified,
,2016-01,Norfolk Constabulary,Norfolk Constabulary,0.447020,52.771419,On or near Langley Road,E01026673,King's Lynn and West Norfolk 006E,Anti-social behaviour,,
,2016-01,Norfolk Constabulary,Norfolk Constabulary,0.444738,52.770648,On or near Rainsthorpe,E01026673,King's Lynn and West Norfolk 006E,Anti-social behaviour,,
469ec78980ecef3c7e544331f901b0a8db399db5332bdbd4a9de924d3c56c011,2016-01,Norfolk Constabulary,Norfolk Constabulary,0.446025,52.767699,On or near Redfern Close,E01026673,King's Lynn and West Norfolk 006E,Criminal damage and arson,Investigation complete; no suspect identified,
94c83633a1754f45ad7eeac81bb710474b04b4ee417e72bd2d2ef8b0affca03e,2016-01,Norfolk Constabulary,Norfolk Constabulary,0.446084,52.772967,On or near Burghley Road,E01026673,King's Lynn and West Norfolk 006E,Violence and sexual offences,Status update unavailable,
,2016-01,Norfolk Constabulary,Norfolk Constabulary,0.409071,52.761847,On or near Salter'S Road,E01026687,King's Lynn and West Norfolk 007A,Anti-social behaviour,,
,2016-01,Norfolk Constabulary,Norfolk Constabulary,0.412430,52.761473,On or near Greenpark Avenue,E01026687,King's Lynn and West Norfolk 007A,Anti-social behaviour,,
,2016-01,Norfolk Constabulary,Norfolk Constabulary,0.412430,52.761473,On or near Greenpark Avenue,E01026687,King's Lynn and West Norfolk 007A,Anti-social behaviour,,
,2016-01,Norfolk Constabulary,Norfolk Constabulary,0.403997,52.765798,On or near St Edmundsbury Road,E01026687,King's Lynn and West Norfolk 007A,Anti-social behaviour,,
,2016-01,Norfolk Constabulary,Norfolk Constabulary,0.409071,52.761847,On or near Salter'S Road,E01026687,King's Lynn and West Norfolk 007A,Anti-social behaviour,,
,2016-01,Norfolk Constabulary,Norfolk Constabulary,0.412430,52.761473,On or near Greenpark Avenue,E01026687,King's Lynn and West Norfolk 007A,Anti-social behaviour,,
,2016-01,Norfolk Constabulary,Norfolk Constabulary,0.406090,52.760478,On or near Raby Avenue,E01026687,King's Lynn and West Norfolk 007A,Anti-social behaviour,,
,2016-01,Norfolk Constabulary,Norfolk Constabulary,0.404029,52.765033,On or near Lawrence Road,E01026687,King's Lynn and West Norfolk 007A,Anti-social behaviour,,
,2016-01,Norfolk Constabulary,Norfolk Constabulary,0.404900,52.763091,On or near Losinga Road,E01026687,King's Lynn and West Norfolk 007A,Anti-social behaviour,,
,2016-01,Norfolk Constabulary,Norfolk Constabulary,0.409071,52.761847,On or near Salter'S Road,E01026687,King's Lynn and West Norfolk 007A,Anti-social behaviour,,
,2016-01,Norfolk Constabulary,Norfolk Constabulary,0.412430,52.761473,On or near Greenpark Avenue,E01026687,King's Lynn and West Norfolk 007A,Anti-social behaviour,,
,2016-01,Norfolk Constabulary,Norfolk Constabulary,0.409071,52.761847,On or near Salter'S Road,E01026687,King's Lynn and West Norfolk 007A,Anti-social behaviour,,
,2016-01,Norfolk Constabulary,Norfolk Constabulary,0.409071,52.761847,On or near Salter'S Road,E01026687,King's Lynn and West Norfolk 007A,Anti-social behaviour,,
,2016-01,Norfolk Constabulary,Norfolk Constabulary,0.408575,52.763331,On or near Waterside,E01026687,King's Lynn and West Norfolk 007A,Anti-social behaviour,,
,2016-01,Norfolk Constabulary,Norfolk Constabulary,0.409071,52.761847,On or near Salter'S Road,E01026687,King's Lynn and West Norfolk 007A,Anti-social behaviour,,
f9678c7ce0d432bd16b3498c889bd342eab82c016f237e924ad60e0775d65cce,2016-01,Norfolk Constabulary,Norfolk Constabulary,0.406639,52.761824,On or near Losinga Road,E01026687,King's Lynn and West Norfolk 007A,Burglary,Status update unavailable,
de8816376b323e80bc9ee7133b0c1f72abf261cb115f31ab511a31e5249c1f73,2016-01,Norfolk Constabulary,Norfolk Constabulary,0.409071,52.761847,On or near Salter'S Road,E01026687,King's Lynn and West Norfolk 007A,Criminal damage and arson,Investigation complete; no suspect identified,
afeb3c0c64926521df975b4830d63ba73c18c8d6e2ab002cec0338bc0505f1ab,2016-01,Norfolk Constabulary,Norfolk Constabulary,0.405786,52.759791,On or near Smith Avenue,E01026687,King's Lynn and West Norfolk 007A,Criminal damage and arson,Investigation complete; no suspect identified,
5a022d7559baf67644678c39a65c9f0e339f4e2d7221073084a8c2869b096591,2016-01,Norfolk Constabulary,Norfolk Constabulary,0.405786,52.759791,On or near Smith Avenue,E01026687,King's Lynn and West Norfolk 007A,Drugs,Offender fined,
bed882ea94579ace3481e172528a7b68e306cd2d1b8c311f2d9df2faa6fe01c6,2016-01,Norfolk Constabulary,Norfolk Constabulary,0.404967,52.765913,On or near Estuary Close,E01026687,King's Lynn and West Norfolk 007A,Drugs,Offender given a drugs possession warning,
0e0f7574854c4ade23dfde03ccc0c4584c73d8fad7f562e6a5456a029d03d58f,2016-01,Norfolk Constabulary,Norfolk Constabulary,0.406639,52.761824,On or near Losinga Road,E01026687,King's Lynn and West Norfolk 007A,Other theft,Investigation complete; no suspect identified,
768a709d604a42e0cb394df5123c0c8df23d8e826556a317fb4a20b120efee20,2016-01,Norfolk Constabulary,Norfolk Constabulary,0.406977,52.766070,On or near Coulton Close,E01026687,King's Lynn and West Norfolk 007A,Robbery,Unable to prosecute suspect,
0f55eda497fb6c3be2976b982aaafde4164ae282299995aa721fd9a56c6188bc,2016-01,Norfolk Constabulary,Norfolk Constabulary,0.404029,52.765033,On or near Lawrence Road,E01026687,King's Lynn and West Norfolk 007A,Theft from the person,Investigation complete; no suspect identified,
9df448a941178ef44f571d22ede23f5033fca130114e78946586633190b645b9,2016-01,Norfolk Constabulary,Norfolk Constabulary,0.404330,52.762698,On or near Anderson Close,E01026687,King's Lynn and West Norfolk 007A,Violence and sexual offences,Formal action is not in the public interest,
d0f5367a9ef4a8601b7ec586abf93f032b8725c200ee4607f46b3f321ed81edb,2016-01,Norfolk Constabulary,Norfolk Constabulary,0.404967,52.765913,On or near Estuary Close,E01026687,King's Lynn and West Norfolk 007A,Violence and sexual offences,Status update unavailable,
b3ca227ce10924a6ff313ef76f7870f47c9ecee9f287af431e85e8e013ffd6e5,2016-01,Norfolk Constabulary,Norfolk Constabulary,0.408575,52.763331,On or near Waterside,E01026687,King's Lynn and West Norfolk 007A,Violence and sexual offences,Investigation complete; no suspect identified,
02b8311f0d7ab57fb8a496884de574d8f8fc5fad338a624e0b377025ed1bb481,2016-01,Norfolk Constabulary,Norfolk Constabulary,0.403100,52.765385,On or near Walpole Road,E01026687,King's Lynn and West Norfolk 007A,Violence and sexual offences,Status update unavailable,
83659d9c6732d201801226ff60a8d6c08be059644528eee0eb4757b2e3ae035d,2016-01,Norfolk Constabulary,Norfolk Constabulary,0.403997,52.765798,On or near St Edmundsbury Road,E01026687,King's Lynn and West Norfolk 007A,Violence and sexual offences,Offender given community sentence,
e1ae85bc72f16360ebe290b53dedd336dec089d63e07f0b7d0e6fafb92e868d5,2016-01,Norfolk Constabulary,Norfolk Constabulary,0.403100,52.765385,On or near Walpole Road,E01026687,King's Lynn and West Norfolk 007A,Violence and sexual offences,Defendant found not guilty,
,2016-01,Norfolk Constabulary,Norfolk Constabulary,0.398136,52.760297,On or near Dobby Drive,E01026688,King's Lynn and West Norfolk 007B,Anti-social behaviour,,
,2016-01,Norfolk Constabulary,Norfolk Constabulary,0.408354,52.765233,On or near Culey Close,E01026688,King's Lynn and West Norfolk 007B,Anti-social behaviour,,
,2016-01,Norfolk Constabulary,Norfolk Constabulary,0.406726,52.764745,On or near Seabank Way,E01026688,King's Lynn and West Norfolk 007B,Anti-social behaviour,,
,2016-01,Norfolk Constabulary,Norfolk Constabulary,0.406726,52.764745,On or near Seabank Way,E01026688,King's Lynn and West Norfolk 007B,Anti-social behaviour,,
,2016-01,Norfolk Constabulary,Norfolk Constabulary,0.412923,52.767451,On or near Ada Coxon Close,E01026688,King's Lynn and West Norfolk 007B,Anti-social behaviour,,
cc25e7b6c5887dc2cf3d703a438b74dc54b2e1b465bef78719ed500a93815694,2016-01,Norfolk Constabulary,Norfolk Constabulary,0.400434,52.763002,On or near Supermarket,E01026688,King's Lynn and West Norfolk 007B,Bicycle theft,Investigation complete; no suspect identified,
40b5c0f678eca34de3e5e3568ba15a47ca76fd02c072880f2aa873253218d0eb,2016-01,Norfolk Constabulary,Norfolk Constabulary,0.400434,52.763002,On or near Supermarket,E01026688,King's Lynn and West Norfolk 007B,Burglary,Investigation complete; no suspect identified,
92cbd18b720c89a25ab72db456316cee2e031fc1c5474d78d1322b3bc13132bf,2016-01,Norfolk Constabulary,Norfolk Constabulary,0.403704,52.763439,On or near Turbus Road,E01026688,King's Lynn and West Norfolk 007B,Criminal damage and arson,Status update unavailable,
4f3ce45dd2f83ba0170663047af1f4fa3f0a10f225c77736d63fda4c418a6ad3,2016-01,Norfolk Constabulary,Norfolk Constabulary,0.398204,52.759379,On or near Loke Road,E01026688,King's Lynn and West Norfolk 007B,Drugs,Offender given a drugs possession warning,
0b1521107d356469dbd82743188f3d86ef934ef0cbd5469ed3720c82e028fdac,2016-01,Norfolk Constabulary,Norfolk Constabulary,0.408354,52.765233,On or near Culey Close,E01026688,King's Lynn and West Norfolk 007B,Possession of weapons,Formal action is not in the public interest,
aea471fff439927a8cec068d51459db28bc6fb691423f984164fc30b49dda1ab,2016-01,Norfolk Constabulary,Norfolk Constabulary,0.396485,52.765869,On or near Estuary Road,E01026688,King's Lynn and West Norfolk 007B,Public order,Status update unavailable,
84c7953fea011fd0aa213d8ea872253e975686bca9c287671f3444907cafb5d5,2016-01,Norfolk Constabulary,Norfolk Constabulary,0.401252,52.767913,On or near Jeffery Close,E01026688,King's Lynn and West Norfolk 007B,Public order,Status update unavailable,
6d361290f1fb2f1368e3fb7d356063bf4109da206a6b15ee232fd1983d9783c8,2016-01,Norfolk Constabulary,Norfolk Constabulary,0.400434,52.763002,On or near Supermarket,E01026688,King's Lynn and West Norfolk 007B,Shoplifting,Formal action is not in the public interest,
06e40e536d4115c1b9091518ca7358b19fe9613e13ee7f7a5318bbcf363389e0,2016-01,Norfolk Constabulary,Norfolk Constabulary,0.408354,52.765233,On or near Culey Close,E01026688,King's Lynn and West Norfolk 007B,Violence and sexual offences,Status update unavailable,
f96b4184c381bc03de0959f1797c5ad60309d7b5aea7927ce145486a83ec988b,2016-01,Norfolk Constabulary,Norfolk Constabulary,0.398136,52.760297,On or near Dobby Drive,E01026688,King's Lynn and West Norfolk 007B,Violence and sexual offences,Status update unavailable,
10b0e8fd16b301dbaa92eb7b98ec790c4be1df2ac8a7237f8af422728788d49e,2016-01,Norfolk Constabulary,Norfolk Constabulary,0.407757,52.767313,On or near Jarvis Road,E01026688,King's Lynn and West Norfolk 007B,Violence and sexual offences,Status update unavailable,
9b13c9845f87d5b6f4f37834c16504f6e7e15a1072b6ba32aaf9e806ea5ef0b9,2016-01,Norfolk Constabulary,Norfolk Constabulary,0.398204,52.759379,On or near Loke Road,E01026688,King's Lynn and West Norfolk 007B,Violence and sexual offences,Court result unavailable,
f19ce7c53e57c9d9b7348773d4365df10c6da2e12567b748bc9467543735e6fc,2016-01,Norfolk Constabulary,Norfolk Constabulary,0.406726,52.764745,On or near Seabank Way,E01026688,King's Lynn and West Norfolk 007B,Violence and sexual offences,Status update unavailable,
3e21b0933d60b36432a81c5fe757179cf7472efa97404d55bb9d0d0555c4ab2b,2016-01,Norfolk Constabulary,Norfolk Constabulary,0.407757,52.767313,On or near Jarvis Road,E01026688,King's Lynn and West Norfolk 007B,Violence and sexual offences,Unable to prosecute suspect,
607c1f0dac47ff271a1fdc39e412ee5bb2b0e53f3cd11bc165c5ad6c591dc36e,2016-01,Norfolk Constabulary,Norfolk Constabulary,0.401252,52.767913,On or near Jeffery Close,E01026688,King's Lynn and West Norfolk 007B,Violence and sexual offences,Status update unavailable,
,2016-01,Norfolk Constabulary,Norfolk Constabulary,0.399646,52.759188,On or near Lansdowne Street,E01026689,King's Lynn and West Norfolk 007C,Anti-social behaviour,,
,2016-01,Norfolk Constabulary,Norfolk Constabulary,0.400251,52.761037,On or near Sir Lewis Street,E01026689,King's Lynn and West Norfolk 007C,Anti-social behaviour,,
,2016-01,Norfolk Constabulary,Norfolk Constabulary,0.399646,52.759188,On or near Lansdowne Street,E01026689,King's Lynn and West Norfolk 007C,Anti-social behaviour,,
,2016-01,Norfolk Constabulary,Norfolk Constabulary,0.399646,52.759188,On or near Lansdowne Street,E01026689,King's Lynn and West Norfolk 007C,Anti-social behaviour,,
dc60c64a9676760ca2ff1bf77c52a054d895af3dd3e532110471de8afb900492,2016-01,Norfolk Constabulary,Norfolk Constabulary,0.399646,52.759188,On or near Lansdowne Street,E01026689,King's Lynn and West Norfolk 007C,Criminal damage and arson,Investigation complete; no suspect identified,
70244f63386d1d80274b7d5f8d742f909b99c1375ca2c1e0153e9e94e5cac17a,2016-01,Norfolk Constabulary,Norfolk Constabulary,0.404874,52.760197,On or near Townshend Terrace,E01026689,King's Lynn and West Norfolk 007C,Drugs,Offender given a caution,
198aa53b69c8a3203022bd1f506f403596c8ca981fbabdfd4cf360c2e0cbeae2,2016-01,Norfolk Constabulary,Norfolk Constabulary,0.399670,52.758549,On or near Hextable Road,E01026689,King's Lynn and West Norfolk 007C,Vehicle crime,Offender given a caution,
9ea63045f557263b7f384fc535b8882f4ba374bd915483c9d769a95662486de5,2016-01,Norfolk Constabulary,Norfolk Constabulary,0.400251,52.761037,On or near Sir Lewis Street,E01026689,King's Lynn and West Norfolk 007C,Vehicle crime,Investigation complete; no suspect identified,
b329e82e8f417cd24d0069cbf7505edead6a3a721e890d17ba1e123cd888dc67,2016-01,Norfolk Constabulary,Norfolk Constabulary,0.400995,52.760275,On or near Burkitt Street,E01026689,King's Lynn and West Norfolk 007C,Violence and sexual offences,Court result unavailable,
bbc80d12c7b8028337c3bc851486541609668a735df74c530b4702790e397f6a,2016-01,Norfolk Constabulary,Norfolk Constabulary,0.403550,52.759846,On or near Woodwark Avenue,E01026689,King's Lynn and West Norfolk 007C,Violence and sexual offences,Status update unavailable,
,2016-01,Norfolk Constabulary,Norfolk Constabulary,0.414971,52.766151,On or near Reid Way,E01026690,King's Lynn and West Norfolk 007D,Anti-social behaviour,,
,2016-01,Norfolk Constabulary,Norfolk Constabulary,0.418709,52.770732,On or near Hamburg Way,E01026690,King's Lynn and West Norfolk 007D,Anti-social behaviour,,
,2016-01,Norfolk Constabulary,Norfolk Constabulary,0.415471,52.761528,On or near Park/Open Space,E01026690,King's Lynn and West Norfolk 007D,Anti-social behaviour,,
,2016-01,Norfolk Constabulary,Norfolk Constabulary,0.408606,52.767926,On or near Kingsway,E01026690,King's Lynn and West Norfolk 007D,Anti-social behaviour,,
e426d8e84be2818af3d0744a6486a74639b8e875c60d95967d93214006a51364,2016-01,Norfolk Constabulary,Norfolk Constabulary,0.419740,52.771673,On or near Spenser Road,E01026690,King's Lynn and West Norfolk 007D,Burglary,Investigation complete; no suspect identified,
4465231fd00f910c6ade0a3e00363d6a39833396efb56bac83f9f1ee9b25d2b9,2016-01,Norfolk Constabulary,Norfolk Constabulary,0.411995,52.765950,On or near Lady Jane Grey Road,E01026690,King's Lynn and West Norfolk 007D,Criminal damage and arson,Status update unavailable,
56bc14c75f8919d3a5d8dd4a53d4a6923d815e50df9bfde8430b65ba7a882198,2016-01,Norfolk Constabulary,Norfolk Constabulary,0.412142,52.765381,On or near Le Strange Avenue,E01026690,King's Lynn and West Norfolk 007D,Criminal damage and arson,Investigation complete; no suspect identified,
a74061e28c136fe9dac40b1bd3a85c9b6619f914078b42241aac22373eb891a5,2016-01,Norfolk Constabulary,Norfolk Constabulary,0.411995,52.765950,On or near Lady Jane Grey Road,E01026690,King's Lynn and West Norfolk 007D,Drugs,Court result unavailable,
2d65eea88e8b082037112f2ffe3f2693a9934a58c6287c40e3b51312bb7962fc,2016-01,Norfolk Constabulary,Norfolk Constabulary,0.414993,52.762518,On or near Sports/Recreation Area,E01026690,King's Lynn and West Norfolk 007D,Other theft,Status update unavailable,
26f8711f93d04ad75074e9fa0ebb3a1fb5269a7d76200afec66077422a96e8b7,2016-01,Norfolk Constabulary,Norfolk Constabulary,0.414993,52.762518,On or near Sports/Recreation Area,E01026690,King's Lynn and West Norfolk 007D,Other theft,Court result unavailable,
afa3818c414833144976e0db9b933d67bcc04667e1d802cfd6a36fb2924cf41f,2016-01,Norfolk Constabulary,Norfolk Constabulary,0.411261,52.767413,On or near Woolstencroft Avenue,E01026690,King's Lynn and West Norfolk 007D,Public order,Defendant found not guilty,
209abf5020d077941b9e7ce9ef356bcbacced128d10cfd601e0610e805c14e6f,2016-01,Norfolk Constabulary,Norfolk Constabulary,0.414971,52.766151,On or near Reid Way,E01026690,King's Lynn and West Norfolk 007D,Robbery,Investigation complete; no suspect identified,
b00729f1243597a1afc70e8c490a853494a6b71919f646ecf683232d85506596,2016-01,Norfolk Constabulary,Norfolk Constabulary,0.415644,52.764644,On or near Front Way,E01026690,King's Lynn and West Norfolk 007D,Violence and sexual offences,Unable to prosecute suspect,
82d7b4416b9d502fd93fa0eac8eb2690e3281d823bcd8f438b3f185ad539c370,2016-01,Norfolk Constabulary,Norfolk Constabulary,0.415644,52.764644,On or near Front Way,E01026690,King's Lynn and West Norfolk 007D,Violence and sexual offences,Status update unavailable,
1f6a786e8ac1bf4cfb187ab3dc4c1c89ee8b4749182d16e0e4f9617ed82f6c37,2016-01,Norfolk Constabulary,Norfolk Constabulary,0.414993,52.762518,On or near Sports/Recreation Area,E01026690,King's Lynn and West Norfolk 007D,Violence and sexual offences,Court result unavailable,
,2016-01,Norfolk Constabulary,Norfolk Constabulary,0.373262,52.755888,On or near Coronation Road,E01026647,King's Lynn and West Norfolk 008A,Anti-social behaviour,,
,2016-01,Norfolk Constabulary,Norfolk Constabulary,0.356360,52.756036,On or near Rectory Drive,E01026647,King's Lynn and West Norfolk 008A,Anti-social behaviour,,
,2016-01,Norfolk Constabulary,Norfolk Constabulary,0.348790,52.757472,On or near Wildfields Close,E01026647,King's Lynn and West Norfolk 008A,Anti-social behaviour,,
531345ed42356adfa91616316ea6cb2cc98b501a8e78d027687c5ec0e1d733ed,2016-01,Norfolk Constabulary,Norfolk Constabulary,0.356360,52.756036,On or near Rectory Drive,E01026647,King's Lynn and West Norfolk 008A,Violence and sexual offences,Formal action is not in the public interest,
,2016-01,Norfolk Constabulary,Norfolk Constabulary,0.283543,52.766138,On or near New Roman Bank,E01026711,King's Lynn and West Norfolk 008B,Anti-social behaviour,,
,2016-01,Norfolk Constabulary,Norfolk Constabulary,0.276272,52.758887,On or near Emorsgate,E01026711,King's Lynn and West Norfolk 008B,Anti-social behaviour,,
,2016-01,Norfolk Constabulary,Norfolk Constabulary,0.299476,52.765803,On or near Tower Road,E01026711,King's Lynn and West Norfolk 008B,Anti-social behaviour,,
70e8c3577656c4da8bd314b623218da4852493adf8df9d48a3f4963d5d63f485,2016-01,Norfolk Constabulary,Norfolk Constabulary,0.305411,52.763395,On or near Alan Jarvis Way,E01026711,King's Lynn and West Norfolk 008B,Criminal damage and arson,Investigation complete; no suspect identified,
9d6ac9b207c5d1c6eec7d4ddc4ae3fbceb126fbfb3ff812b592c99b6ff7276ca,2016-01,Norfolk Constabulary,Norfolk Constabulary,0.307271,52.763251,On or near Herbert Ward Way,E01026711,King's Lynn and West Norfolk 008B,Violence and sexual offences,Status update unavailable,
2739eb7f7d48cb965ee54c7ff4f0a8838dfa7e932d089886604ade8ba15dc698,2016-01,Norfolk Constabulary,Norfolk Constabulary,0.294507,52.757016,On or near Marshland Street,E01026712,King's Lynn and West Norfolk 008C,Other theft,Investigation complete; no suspect identified,
7f3f12c393690e82cef57fd7918dfbc16e85ee0fcef4ad8334bc904181d6aad8,2016-01,Norfolk Constabulary,Norfolk Constabulary,0.297260,52.759471,On or near Churchgate Way,E01026712,King's Lynn and West Norfolk 008C,Public order,Status update unavailable,
04aeea5e46ba453ec0cb7de3dba5f951b07810be462e149f63d4190a0c492e3c,2016-01,Norfolk Constabulary,Norfolk Constabulary,0.294507,52.757016,On or near Marshland Street,E01026712,King's Lynn and West Norfolk 008C,Violence and sexual offences,Formal action is not in the public interest,
3421d95d21e5eb0eda9801be13c33c80f188fb31939ef9b75158b01d9570435a,2016-01,Norfolk Constabulary,Norfolk Constabulary,0.286388,52.757919,On or near Brellows Hill,E01026712,King's Lynn and West Norfolk 008C,Violence and sexual offences,Offender given a caution,
b1b86a5d603708735db6047c86906e3b65ef5f92e26c4cfc1f43e790bbde45ba,2016-01,Norfolk Constabulary,Norfolk Constabulary,0.294507,52.757016,On or near Marshland Street,E01026712,King's Lynn and West Norfolk 008C,Violence and sexual offences,Unable to prosecute suspect,
c895d73b35999626aa8a3469e3b90b9414d24241cb69eb28ae5dabc771ff152c,2016-01,Norfolk Constabulary,Norfolk Constabulary,0.295859,52.747216,On or near Station Road,E01026713,King's Lynn and West Norfolk 008D,Burglary,Investigation complete; no suspect identified,
f4d5648450deb1189668c79176678ab5d870811cd8c255123fbdcb55c13a6118,2016-01,Norfolk Constabulary,Norfolk Constabulary,0.281769,52.752622,On or near South Green,E01026713,King's Lynn and West Norfolk 008D,Burglary,Investigation complete; no suspect identified,
f5fd1d3da70d50ba0028dd14387599ec45413ffa23cdb3836976ded10703ae09,2016-01,Norfolk Constabulary,Norfolk Constabulary,0.295360,52.754913,On or near Lynn Road,E01026713,King's Lynn and West Norfolk 008D,Criminal damage and arson,Investigation complete; no suspect identified,
280f5ccf687362b63cb0c85828301780e540408fc32e897f928b6e872da31703,2016-01,Norfolk Constabulary,Norfolk Constabulary,0.295360,52.754913,On or near Lynn Road,E01026713,King's Lynn and West Norfolk 008D,Criminal damage and arson,Investigation complete; no suspect identified,
b58cf24cd1bacc6b9cd73892130eb46e288fb0d59267efff376b2268c8f59c06,2016-01,Norfolk Constabulary,Norfolk Constabulary,0.295360,52.754913,On or near Lynn Road,E01026713,King's Lynn and West Norfolk 008D,Vehicle crime,Investigation complete; no suspect identified,
,2016-01,Norfolk Constabulary,Norfolk Constabulary,0.421049,52.756801,On or near Supermarket,E01026666,King's Lynn and West Norfolk 009A,Anti-social behaviour,,
,2016-01,Norfolk Constabulary,Norfolk Constabulary,0.416383,52.757652,On or near Petrol Station,E01026666,King's Lynn and West Norfolk 009A,Anti-social behaviour,,
,2016-01,Norfolk Constabulary,Norfolk Constabulary,0.425468,52.756846,On or near Gaywood Hall Drive,E01026666,King's Lynn and West Norfolk 009A,Anti-social behaviour,,
,2016-01,Norfolk Constabulary,Norfolk Constabulary,0.416383,52.757652,On or near Petrol Station,E01026666,King's Lynn and West Norfolk 009A,Anti-social behaviour,,
2e37036f6de342ecf82c3d3d9abac0d4bb1a09afcc0d2dc5b647b50ec84d3259,2016-01,Norfolk Constabulary,Norfolk Constabulary,0.416383,52.757652,On or near Petrol Station,E01026666,King's Lynn and West Norfolk 009A,Bicycle theft,Investigation complete; no suspect identified,
ab59579fbdec8a8e92bc9b4bc2da74485b27f18ca112f6ed35a2ce1c65d50a67,2016-01,Norfolk Constabulary,Norfolk Constabulary,0.416383,52.757652,On or near Petrol Station,E01026666,King's Lynn and West Norfolk 009A,Bicycle theft,Investigation complete; no suspect identified,
09f4c912f9f69be3ac4abef91bf08bf9203906b651114f440d14471c729bb8ec,2016-01,Norfolk Constabulary,Norfolk Constabulary,0.421469,52.756883,On or near Orchard Lane,E01026666,King's Lynn and West Norfolk 009A,Burglary,Investigation complete; no suspect identified,
00ad99a6a90da5d2318968bd9f6b98e2af4c362fd0ea97cca485e932c69cb837,2016-01,Norfolk Constabulary,Norfolk Constabulary,0.422149,52.750718,On or near Parkway,E01026666,King's Lynn and West Norfolk 009A,Burglary,Investigation complete; no suspect identified,
406d0feb3e56e6b7c14e371f267dd8fa32510868c2071e7ae36901d638670468,2016-01,Norfolk Constabulary,Norfolk Constabulary,0.420789,52.753713,On or near Pleasance Close,E01026666,King's Lynn and West Norfolk 009A,Burglary,Investigation complete; no suspect identified,
7007723cde8b3317a2895082438b2b96a39484cb838f6e7ac7dc962c9292cb2d,2016-01,Norfolk Constabulary,Norfolk Constabulary,0.423644,52.753619,On or near Bishop'S Road,E01026666,King's Lynn and West Norfolk 009A,Burglary,Investigation complete; no suspect identified,
5d9c195a0b562b05fc74455b7af16c4aeade339b95c7a38488dc326251be6fa7,2016-01,Norfolk Constabulary,Norfolk Constabulary,0.423644,52.753619,On or near Bishop'S Road,E01026666,King's Lynn and West Norfolk 009A,Burglary,Investigation complete; no suspect identified,
197d59baba1eec4403dffe693ce1768be91535d20c718f508be2276a15c9d5b0,2016-01,Norfolk Constabulary,Norfolk Constabulary,0.420789,52.753713,On or near Pleasance Close,E01026666,King's Lynn and West Norfolk 009A,Burglary,Investigation complete; no suspect identified,
780ff2ce1710cf3747fb39a77b971744b82bb389c321fe3a9e927d07293a1308,2016-01,Norfolk Constabulary,Norfolk Constabulary,0.419476,52.753012,On or near Bagge Road,E01026666,King's Lynn and West Norfolk 009A,Criminal damage and arson,Investigation complete; no suspect identified,
0de035741c10f67ec72054e611806ce3b14aac10965538e0b477b8b47e1f77a5,2016-01,Norfolk Constabulary,Norfolk Constabulary,0.426479,52.749695,On or near Raleigh Road,E01026666,King's Lynn and West Norfolk 009A,Criminal damage and arson,Investigation complete; no suspect identified,
ebfed094db0acdeb00922a6131e0784d88e643411e6787cd258e9ead253e213e,2016-01,Norfolk Constabulary,Norfolk Constabulary,0.420950,52.752074,On or near Ailmar Close,E01026666,King's Lynn and West Norfolk 009A,Drugs,Status update unavailable,
b8cc53666cbb56001fb1a01dd909fc52fb02a9e1e330fc743c3460a4c027d920,2016-01,Norfolk Constabulary,Norfolk Constabulary,0.423644,52.753619,On or near Bishop'S Road,E01026666,King's Lynn and West Norfolk 009A,Drugs,Offender fined,
d7468820d4f5c1b5325fda1b07f0a186a25128d00fd86e96ece00047c542ce5d,2016-01,Norfolk Constabulary,Norfolk Constabulary,0.421049,52.756801,On or near Supermarket,E01026666,King's Lynn and West Norfolk 009A,Other theft,Formal action is not in the public interest,
dcd651ed7587f9b4ad8ab3867f8ced6f8a668dfc0e5493c9cf448f1c48fb1b8f,2016-01,Norfolk Constabulary,Norfolk Constabulary,0.419736,52.756909,On or near Queen Mary Road,E01026666,King's Lynn and West Norfolk 009A,Other theft,Investigation complete; no suspect identified,
493285cebe3375da43b65b89b75468a6edeec87d5956dfe52a08c9b450ffbd31,2016-01,Norfolk Constabulary,Norfolk Constabulary,0.422149,52.750718,On or near Parkway,E01026666,King's Lynn and West Norfolk 009A,Public order,Status update unavailable,
ce5cd391f99b868c9001c4a4d18c7d24a16bd6931d3e33faf4e4c9727d1f1def,2016-01,Norfolk Constabulary,Norfolk Constabulary,0.424041,52.750356,On or near Dawber Close,E01026666,King's Lynn and West Norfolk 009A,Public order,Unable to prosecute suspect,
86823526f18d32f45ad6235ec165db38f4165cf6f797a274ff2a85bc9fa7f79c,2016-01,Norfolk Constabulary,Norfolk Constabulary,0.420789,52.753713,On or near Pleasance Close,E01026666,King's Lynn and West Norfolk 009A,Public order,Unable to prosecute suspect,
5e6576e34f067647b3048533873e9c5dc015ba3c08739d5b56f5fe84978579ea,2016-01,Norfolk Constabulary,Norfolk Constabulary,0.421049,52.756801,On or near Supermarket,E01026666,King's Lynn and West Norfolk 009A,Vehicle crime,Investigation complete; no suspect identified,
50d2fd4461d45a069aa0a8a46f372cbf053c9c26d641feaa7e9fd9b2e5e80779,2016-01,Norfolk Constabulary,Norfolk Constabulary,0.422053,52.751386,On or near Thoresby Avenue,E01026666,King's Lynn and West Norfolk 009A,Violence and sexual offences,Status update unavailable,
1ec0f081bb0dc7e8ebe2e845511da3d4b153d7e874282e261705ab1225c83cea,2016-01,Norfolk Constabulary,Norfolk Constabulary,0.421049,52.756801,On or near Supermarket,E01026666,King's Lynn and West Norfolk 009A,Violence and sexual offences,Court result unavailable,
979da78b4628897af75455946ae00d1eaa93782a8d812910f8051f0ad77cbe02,2016-01,Norfolk Constabulary,Norfolk Constabulary,0.422053,52.751386,On or near Thoresby Avenue,E01026666,King's Lynn and West Norfolk 009A,Other crime,Court result unavailable,
,2016-01,Norfolk Constabulary,Norfolk Constabulary,0.403037,52.746477,On or near Robert Street,E01026667,King's Lynn and West Norfolk 009B,Anti-social behaviour,,
,2016-01,Norfolk Constabulary,Norfolk Constabulary,0.405976,52.747379,On or near Goodwins Road,E01026667,King's Lynn and West Norfolk 009B,Anti-social behaviour,,
,2016-01,Norfolk Constabulary,Norfolk Constabulary,0.402828,52.746445,On or near Charles Street,E01026667,King's Lynn and West Norfolk 009B,Anti-social behaviour,,
,2016-01,Norfolk Constabulary,Norfolk Constabulary,0.408671,52.751649,On or near Sports/Recreation Area,E01026667,King's Lynn and West Norfolk 009B,Anti-social behaviour,,
d01bd16abfb15f4dfe960b97f1e6b1c98d5a0c419e6b0b6cd6359299b563a184,2016-01,Norfolk Constabulary,Norfolk Constabulary,0.409857,52.750591,On or near Tennyson Road,E01026667,King's Lynn and West Norfolk 009B,Burglary,Investigation complete; no suspect identified,
6ab83d9e05f0fd63bfaeebe6cb26f10fa73444847df17c873f1fb5bda24ba94c,2016-01,Norfolk Constabulary,Norfolk Constabulary,0.411338,52.751101,On or near Mount Street,E01026667,King's Lynn and West Norfolk 009B,Criminal damage and arson,Status update unavailable,
b41fcf26d9c637df5c5b7f2617e54209cf746c2ab62d5913a0ca9869ce45de0a,2016-01,Norfolk Constabulary,Norfolk Constabulary,0.408420,52.747905,On or near Goodwins Road,E01026667,King's Lynn and West Norfolk 009B,Criminal damage and arson,Investigation complete; no suspect identified,
47e88f444ac6f5e5b036dd6f121ac1f51b11cbea164ae0feb3d7c06e10c70b19,2016-01,Norfolk Constabulary,Norfolk Constabulary,0.408420,52.747905,On or near Goodwins Road,E01026667,King's Lynn and West Norfolk 009B,Criminal damage and arson,Unable to prosecute suspect,
96c8b1c0da25c000f91bf2c98a7ae3ca17e8ad5c76b4927de4ec68f01f75546d,2016-01,Norfolk Constabulary,Norfolk Constabulary,0.403613,52.746456,On or near William Street,E01026667,King's Lynn and West Norfolk 009B,Violence and sexual offences,Status update unavailable,
14129bef6f0acfa12aff88f28e7ab0f4fea432e2ecc9926b9d383b3134f0bbb4,2016-01,Norfolk Constabulary,Norfolk Constabulary,0.411338,52.751101,On or near Mount Street,E01026667,King's Lynn and West Norfolk 009B,Violence and sexual offences,Formal action is not in the public interest,
b5948b0c7de144496b67cda7d8ff72cfcb87c7a1ee4cada4e98b67ec721c2197,2016-01,Norfolk Constabulary,Norfolk Constabulary,0.411195,52.747714,On or near Holcombe Avenue,E01026667,King's Lynn and West Norfolk 009B,Violence and sexual offences,Unable to prosecute suspect,
,2016-01,Norfolk Constabulary,Norfolk Constabulary,0.410560,52.756341,On or near Further/Higher Educational Building,E01026668,King's Lynn and West Norfolk 009C,Anti-social behaviour,,
,2016-01,Norfolk Constabulary,Norfolk Constabulary,0.413932,52.752999,On or near Sports/Recreation Area,E01026668,King's Lynn and West Norfolk 009C,Anti-social behaviour,,
,2016-01,Norfolk Constabulary,Norfolk Constabulary,0.410450,52.757296,On or near Gaywood Road,E01026668,King's Lynn and West Norfolk 009C,Anti-social behaviour,,
480d8ce52a3a2190c338e47d8943dbb979b34f8655cc571051be6a23856924bc,2016-01,Norfolk Constabulary,Norfolk Constabulary,0.409310,52.754640,On or near Milton Avenue,E01026668,King's Lynn and West Norfolk 009C,Burglary,Investigation complete; no suspect identified,
e18b21e372e75fdbe7a268fcb7c20750ea23adf04c2c75eab013282c445e3d66,2016-01,Norfolk Constabulary,Norfolk Constabulary,0.417952,52.756010,On or near King John Avenue,E01026668,King's Lynn and West Norfolk 009C,Burglary,Investigation complete; no suspect identified,
aec094b728cd5e8479aa21d0f960398c778a31bcbc7988f18bc90daa30a4088a,2016-01,Norfolk Constabulary,Norfolk Constabulary,0.417952,52.756010,On or near King John Avenue,E01026668,King's Lynn and West Norfolk 009C,Burglary,Investigation complete; no suspect identified,
2c88be66abf6b935203e685b97a1b6d845ef3f2f1d39226f5759db86e8374486,2016-01,Norfolk Constabulary,Norfolk Constabulary,0.410560,52.756341,On or near Further/Higher Educational Building,E01026668,King's Lynn and West Norfolk 009C,Criminal damage and arson,Offender given penalty notice,
069b82da498fe1b66cfca07b74445497d9660f2489b753a5ddb9ce30155f1bae,2016-01,Norfolk Constabulary,Norfolk Constabulary,0.410560,52.756341,On or near Further/Higher Educational Building,E01026668,King's Lynn and West Norfolk 009C,Drugs,Offender given a caution,
fed08006452efcc47f6aeede5fa6e779a6da08cd772ee21bc71a7810d4822f80,2016-01,Norfolk Constabulary,Norfolk Constabulary,0.410560,52.756341,On or near Further/Higher Educational Building,E01026668,King's Lynn and West Norfolk 009C,Other theft,Status update unavailable,
,2016-01,Norfolk Constabulary,Norfolk Constabulary,0.417605,52.758031,On or near Supermarket,E01026693,King's Lynn and West Norfolk 009D,Anti-social behaviour,,
,2016-01,Norfolk Constabulary,Norfolk Constabulary,0.425720,52.760042,On or near New Road,E01026693,King's Lynn and West Norfolk 009D,Anti-social behaviour,,
afa26811e05045f709b3dc3418d31ce819190509e8e03d091cd3b70521f57fd5,2016-01,Norfolk Constabulary,Norfolk Constabulary,0.424073,52.761343,On or near Beulah Street,E01026693,King's Lynn and West Norfolk 009D,Burglary,Investigation complete; no suspect identified,
8aed1919616348d9936feb759299258ab43021254aed3440fc910e7ec83a2e4d,2016-01,Norfolk Constabulary,Norfolk Constabulary,0.424925,52.758269,On or near Field Road,E01026693,King's Lynn and West Norfolk 009D,Burglary,Investigation complete; no suspect identified,
25e8881fc7970f5230b401e5fc87331ad53d5babdc520a4e367b1c1e16b39a00,2016-01,Norfolk Constabulary,Norfolk Constabulary,0.429001,52.763859,On or near Queen Elizabeth Avenue,E01026693,King's Lynn and West Norfolk 009D,Burglary,Investigation complete; no suspect identified,
d5f9a8768c37a0a78bace499aabbec1c450925cdaa3cb043ea90ce99bf1b7530,2016-01,Norfolk Constabulary,Norfolk Constabulary,0.424073,52.761343,On or near Beulah Street,E01026693,King's Lynn and West Norfolk 009D,Burglary,Formal action is not in the public interest,
76a5b57aa6d5f49d170a5d19b2eb461f500654a76cc201553fb2a76b7c6489c8,2016-01,Norfolk Constabulary,Norfolk Constabulary,0.418071,52.759757,On or near Eastfields Close,E01026693,King's Lynn and West Norfolk 009D,Criminal damage and arson,Status update unavailable,
fcc766480be6f97d8a0bb3e5fdaea5c9e49d494093946e18b3a29371d5616e1e,2016-01,Norfolk Constabulary,Norfolk Constabulary,0.419677,52.757719,On or near Helena Anderson Court,E01026693,King's Lynn and West Norfolk 009D,Drugs,Court result unavailable,
651f09320cb20dee25e809124de51b1905e9b11eb47f3ab861c0ad19298e3671,2016-01,Norfolk Constabulary,Norfolk Constabulary,0.419699,52.763186,On or near Sports/Recreation Area,E01026693,King's Lynn and West Norfolk 009D,Drugs,Status update unavailable,
6e9189ef51407f46ef337878ea4eeaebdc2e0e059be8b2e77a4af3a9351b4c40,2016-01,Norfolk Constabulary,Norfolk Constabulary,0.417605,52.758031,On or near Supermarket,E01026693,King's Lynn and West Norfolk 009D,Other theft,Investigation complete; no suspect identified,
ead58ded742fffca4a69547c48a51b47ecb31320d46acc92b1473af6175fcbd6,2016-01,Norfolk Constabulary,Norfolk Constabulary,0.421981,52.761836,On or near Sports/Recreation Area,E01026693,King's Lynn and West Norfolk 009D,Public order,Investigation complete; no suspect identified,
d60dee0a13a3db0b41b682550c2e4f2e0fac545ce91d5f4e7446165da1971a99,2016-01,Norfolk Constabulary,Norfolk Constabulary,0.425720,52.760042,On or near New Road,E01026693,King's Lynn and West Norfolk 009D,Public order,Offender otherwise dealt with,
836e11f0add404a26052f3408e3a24c26b9e046712e89cb4d815da4b83525e92,2016-01,Norfolk Constabulary,Norfolk Constabulary,0.426255,52.764329,On or near Riverside,E01026693,King's Lynn and West Norfolk 009D,Public order,Offender given community sentence,
0ee4b6f9f9dbc689684e92b67312efbfacdccc26e3778248cf9ea1410de99560,2016-01,Norfolk Constabulary,Norfolk Constabulary,0.419677,52.757719,On or near Helena Anderson Court,E01026693,King's Lynn and West Norfolk 009D,Robbery,Offender given suspended prison sentence,
1cb19d6338d303da52115bda9d73a2966cbd10f9c5786371061aa93312e359e3,2016-01,Norfolk Constabulary,Norfolk Constabulary,0.417605,52.758031,On or near Supermarket,E01026693,King's Lynn and West Norfolk 009D,Shoplifting,Formal action is not in the public interest,
e7981e1284ead0c974628f8c99a2a068e145731ada064fddc9135603b739ed94,2016-01,Norfolk Constabulary,Norfolk Constabulary,0.417605,52.758031,On or near Supermarket,E01026693,King's Lynn and West Norfolk 009D,Shoplifting,Offender given a caution,
9e50891b0b99b21e3b2550b1db75083fb34454fe096015484fee80e34dec2c1d,2016-01,Norfolk Constabulary,Norfolk Constabulary,0.428103,52.761045,On or near Field End Close,E01026693,King's Lynn and West Norfolk 009D,Shoplifting,Investigation complete; no suspect identified,
32648ac0ca8ef3ee8edd12340ec1e8dfc5dae4777131b92a16e28354c6e48341,2016-01,Norfolk Constabulary,Norfolk Constabulary,0.417605,52.758031,On or near Supermarket,E01026693,King's Lynn and West Norfolk 009D,Shoplifting,Offender otherwise dealt with,
3d673e23e895eef0f2b245e9eb458958ce70d2d0a31432423768ca457b30fef0,2016-01,Norfolk Constabulary,Norfolk Constabulary,0.424925,52.758269,On or near Field Road,E01026693,King's Lynn and West Norfolk 009D,Vehicle crime,Investigation complete; no suspect identified,
b580dc96c93254b91873bd4af231fc5fb4b92bb279f645d6a4b2603c738107c5,2016-01,Norfolk Constabulary,Norfolk Constabulary,0.419780,52.757960,On or near Parking Area,E01026693,King's Lynn and West Norfolk 009D,Violence and sexual offences,Formal action is not in the public interest,
6c82a597702da303579808542fea7b323d29e9adcc1fe0ac797de701a156b460,2016-01,Norfolk Constabulary,Norfolk Constabulary,0.422471,52.758112,On or near Lavender Road,E01026693,King's Lynn and West Norfolk 009D,Violence and sexual offences,Status update unavailable,
,2016-01,Norfolk Constabulary,Norfolk Constabulary,0.430522,52.753119,On or near Butterwick,E01026662,King's Lynn and West Norfolk 010A,Anti-social behaviour,,
,2016-01,Norfolk Constabulary,Norfolk Constabulary,0.430522,52.753119,On or near Butterwick,E01026662,King's Lynn and West Norfolk 010A,Anti-social behaviour,,
,2016-01,Norfolk Constabulary,Norfolk Constabulary,0.431574,52.749662,On or near Fernlea Road,E01026662,King's Lynn and West Norfolk 010A,Anti-social behaviour,,
88c0721011f1c4ac8523747ffd04e5d1848e46af336645b5e2f99ea9f2a8efdd,2016-01,Norfolk Constabulary,Norfolk Constabulary,0.434015,52.750646,On or near Birchgrove Road,E01026662,King's Lynn and West Norfolk 010A,Burglary,Formal action is not in the public interest,
92538d4924e7e0c094ce56c97e98b5425dd44eb6baef18ff3b1879afe436e359,2016-01,Norfolk Constabulary,Norfolk Constabulary,0.431416,52.751347,On or near Ploughman Road,E01026662,King's Lynn and West Norfolk 010A,Burglary,Investigation complete; no suspect identified,
e484440bcc0905fa49a928d179c05af0503d1fdb3008877f6f66a0801a10145f,2016-01,Norfolk Constabulary,Norfolk Constabulary,0.431574,52.749662,On or near Fernlea Road,E01026662,King's Lynn and West Norfolk 010A,Criminal damage and arson,Offender fined,
e158c99db22a0da0e8339470dcce2e57c81e4984bcbfc61237be10e9f889322f,2016-01,Norfolk Constabulary,Norfolk Constabulary,0.431574,52.749662,On or near Fernlea Road,E01026662,King's Lynn and West Norfolk 010A,Criminal damage and arson,Formal action is not in the public interest,
9f50f5ed0dbd6ad60a868164023e9d26f6c86b14efc68421a89eef2d2a4e6db9,2016-01,Norfolk Constabulary,Norfolk Constabulary,0.430232,52.748710,On or near Swallowfield Road,E01026662,King's Lynn and West Norfolk 010A,Other theft,Investigation complete; no suspect identified,
c5e2ce0ef20925f5a7d38a30012e978aaeccc30300b84c92bd154bba511e6456,2016-01,Norfolk Constabulary,Norfolk Constabulary,0.433966,52.746052,On or near Mellisham Walk,E01026662,King's Lynn and West Norfolk 010A,Vehicle crime,Status update unavailable,
c6760b83290917b3a900dc4baba51d750ca508a324460614e3f63f02cd99823a,2016-01,Norfolk Constabulary,Norfolk Constabulary,0.433361,52.748493,On or near Leafield Road,E01026662,King's Lynn and West Norfolk 010A,Vehicle crime,Investigation complete; no suspect identified,
a04543f7a88cfad14af2ac0972e921feec5d8840d6d52b95046b38665b3bc7af,2016-01,Norfolk Constabulary,Norfolk Constabulary,0.431574,52.749662,On or near Fernlea Road,E01026662,King's Lynn and West Norfolk 010A,Violence and sexual offences,Formal action is not in the public interest,
9d61ea28a60417ecaa64abdeb947197c5e384c395837403fbbfaab3c60230c35,2016-01,Norfolk Constabulary,Norfolk Constabulary,0.433966,52.746052,On or near Mellisham Walk,E01026662,King's Lynn and West Norfolk 010A,Violence and sexual offences,Formal action is not in the public interest,
7fe95c03624fa8cb8cf7e2e7711319902bcb9a0c39d5c969b669ccb1ab607175,2016-01,Norfolk Constabulary,Norfolk Constabulary,0.433966,52.746052,On or near Mellisham Walk,E01026662,King's Lynn and West Norfolk 010A,Violence and sexual offences,Status update unavailable,
1742f9c6b4accb459cd4b35eac5bb0b924e7e8985596be6380dfebf35ba5efd7,2016-01,Norfolk Constabulary,Norfolk Constabulary,0.437354,52.747017,On or near Isabella Close,E01026662,King's Lynn and West Norfolk 010A,Violence and sexual offences,Court result unavailable,
2ffe64894d691ee8e89a59c760bf60ed7b16b7a801f5e7ef90bce49c45be91de,2016-01,Norfolk Constabulary,Norfolk Constabulary,0.434145,52.746858,On or near Fred Ackland Drive,E01026662,King's Lynn and West Norfolk 010A,Violence and sexual offences,Formal action is not in the public interest,
ff745f4abbd1c881e015ddf398805577a27fae1cbcf27968cc1c18d23d53df75,2016-01,Norfolk Constabulary,Norfolk Constabulary,0.434145,52.746858,On or near Fred Ackland Drive,E01026662,King's Lynn and West Norfolk 010A,Other crime,Court result unavailable,
,2016-01,Norfolk Constabulary,Norfolk Constabulary,0.430356,52.755190,On or near Brummel Close,E01026663,King's Lynn and West Norfolk 010B,Anti-social behaviour,,
69f7b7559b0bffd81cd0d76209ebc00eabe9ee973b9b213bda84520c61aee00d,2016-01,Norfolk Constabulary,Norfolk Constabulary,0.430356,52.755190,On or near Brummel Close,E01026663,King's Lynn and West Norfolk 010B,Burglary,Investigation complete; no suspect identified,
b49aa6729914c3565ea5905395b0993d491221cb7b72d2cd9bea519bc63a9d8d,2016-01,Norfolk Constabulary,Norfolk Constabulary,0.430356,52.755190,On or near Brummel Close,E01026663,King's Lynn and West Norfolk 010B,Criminal damage and arson,Investigation complete; no suspect identified,
b53f95f22d786fe9e4aed0b071201c42d0242c9472f949638d464e8cacadb790,2016-01,Norfolk Constabulary,Norfolk Constabulary,0.437915,52.753084,On or near Mulberry Road,E01026663,King's Lynn and West Norfolk 010B,Other theft,Investigation complete; no suspect identified,
a7766dc0fe3af7f7cff074dede36657602ef7792d0a8dce2b1ad080b38332752,2016-01,Norfolk Constabulary,Norfolk Constabulary,0.435249,52.752572,On or near Hawthorns,E01026663,King's Lynn and West Norfolk 010B,Violence and sexual offences,Unable to prosecute suspect,
378a52b662c967dd9c5cece44acadf22bf84c51b28bba00382928e909bf1ba9a,2016-01,Norfolk Constabulary,Norfolk Constabulary,0.435420,52.751391,On or near Ashfield Hill,E01026663,King's Lynn and West Norfolk 010B,Violence and sexual offences,Status update unavailable,
74cc982a90ddc249a6eb782a3f6a65cd3d2d52d94e09c8bc6bf29c7e207af1a0,2016-01,Norfolk Constabulary,Norfolk Constabulary,0.435432,52.754789,On or near Glaven,E01026663,King's Lynn and West Norfolk 010B,Violence and sexual offences,Status update unavailable,
e0a9d9ca013f4293a82f818f5033f3bfda2d85bc9d83d85790cfa75ea26aeb74,2016-01,Norfolk Constabulary,Norfolk Constabulary,0.431589,52.753124,On or near Highfield,E01026663,King's Lynn and West Norfolk 010B,Violence and sexual offences,Formal action is not in the public interest,
eeade3e8009c59dc8574b1d9b1dd80d2e5ed1c03fabea7fd736c2389c3225089,2016-01,Norfolk Constabulary,Norfolk Constabulary,0.435277,52.753084,On or near Hickory Road,E01026663,King's Lynn and West Norfolk 010B,Violence and sexual offences,Status update unavailable,
38eaa1db27106c45b2ba9a3c90943f91b82cb7574175b98b534919e7692b3571,2016-01,Norfolk Constabulary,Norfolk Constabulary,0.431589,52.753124,On or near Highfield,E01026663,King's Lynn and West Norfolk 010B,Violence and sexual offences,Status update unavailable,
670e1bd853d7d7f14efeebcf76a322eb4de6e130c46e60d9cd47c33a13158632,2016-01,Norfolk Constabulary,Norfolk Constabulary,0.430356,52.755190,On or near Brummel Close,E01026663,King's Lynn and West Norfolk 010B,Other crime,Court result unavailable,
,2016-01,Norfolk Constabulary,Norfolk Constabulary,0.438376,52.746735,On or near Beechan Drive,E01026664,King's Lynn and West Norfolk 010C,Anti-social behaviour,,
,2016-01,Norfolk Constabulary,Norfolk Constabulary,0.440348,52.750741,On or near Bader Close,E01026664,King's Lynn and West Norfolk 010C,Anti-social behaviour,,
,2016-01,Norfolk Constabulary,Norfolk Constabulary,0.437144,52.749629,On or near Telford Close,E01026664,King's Lynn and West Norfolk 010C,Anti-social behaviour,,
,2016-01,Norfolk Constabulary,Norfolk Constabulary,0.446400,52.753485,On or near Barrett Close,E01026664,King's Lynn and West Norfolk 010C,Anti-social behaviour,,
126d694daca9ba84974b32473a46772cf559b6b1626699f34d3f243e3e123640,2016-01,Norfolk Constabulary,Norfolk Constabulary,0.446400,52.753485,On or near Barrett Close,E01026664,King's Lynn and West Norfolk 010C,Burglary,Investigation complete; no suspect identified,
c86aa921999e04455023007ce861d83fae396f592d4e215f9ac1628d1e8d4f2f,2016-01,Norfolk Constabulary,Norfolk Constabulary,0.445803,52.752103,On or near Corbyn Shaw Road,E01026664,King's Lynn and West Norfolk 010C,Burglary,Investigation complete; no suspect identified,
028165779286be7d7112bcdee2f1bb1648f3591747d0f52988077a387bf0155e,2016-01,Norfolk Constabulary,Norfolk Constabulary,0.443635,52.750170,On or near Mapplebeck Close,E01026664,King's Lynn and West Norfolk 010C,Criminal damage and arson,Formal action is not in the public interest,
fdd74874508e0d9fd30513deb4bd3db1443aa10cc8f62cd18409143522e59070,2016-01,Norfolk Constabulary,Norfolk Constabulary,0.446400,52.753485,On or near Barrett Close,E01026664,King's Lynn and West Norfolk 010C,Criminal damage and arson,Investigation complete; no suspect identified,
e9e5954240827f5904853c6a8ea104662cec918b8160b975e27664f4a39d5f5d,2016-01,Norfolk Constabulary,Norfolk Constabulary,0.442581,52.752241,On or near Orwell Close,E01026664,King's Lynn and West Norfolk 010C,Criminal damage and arson,Investigation complete; no suspect identified,
,2016-01,Norfolk Constabulary,Norfolk Constabulary,0.430562,52.756490,On or near Gayton Road,E01026714,King's Lynn and West Norfolk 010D,Anti-social behaviour,,
,2016-01,Norfolk Constabulary,Norfolk Constabulary,0.442081,52.755768,On or near Shepley Corner,E01026714,King's Lynn and West Norfolk 010D,Anti-social behaviour,,
9f5850f86eddcf0f44eb1dddd05460d23b46b14e3af8f520103327adf57c448f,2016-01,Norfolk Constabulary,Norfolk Constabulary,0.426734,52.758546,On or near Gloucester Road,E01026714,King's Lynn and West Norfolk 010D,Bicycle theft,Investigation complete; no suspect identified,
6803c05d9c02149db5145b5410496d1b7bcf3efe988dd604e4af1186caeb8a4b,2016-01,Norfolk Constabulary,Norfolk Constabulary,0.426734,52.758546,On or near Gloucester Road,E01026714,King's Lynn and West Norfolk 010D,Burglary,Investigation complete; no suspect identified,
5110076fd538b484ba318b3ac88a4f7238ea44cd5d55bd08131bd199ec6a35ed,2016-01,Norfolk Constabulary,Norfolk Constabulary,0.440839,52.757942,On or near Silver Hill,E01026714,King's Lynn and West Norfolk 010D,Burglary,Investigation complete; no suspect identified,
5b34c24c950b35cede688ba9ee7f919c459ba4b960c684dabc08f55599f02bb1,2016-01,Norfolk Constabulary,Norfolk Constabulary,0.426734,52.758546,On or near Gloucester Road,E01026714,King's Lynn and West Norfolk 010D,Burglary,Investigation complete; no suspect identified,
73786dfcc129be3f4b46beb18aea3141adb4b0f8efe18508e54ef745155e01c2,2016-01,Norfolk Constabulary,Norfolk Constabulary,0.446984,52.756772,On or near Hospital,E01026714,King's Lynn and West Norfolk 010D,Criminal damage and arson,Status update unavailable,
53ffd8a76a12f75d303ee5dcd20f7c372f6fa0056d4ed1e43daeeac57c30756c,2016-01,Norfolk Constabulary,Norfolk Constabulary,0.439521,52.758482,On or near Elvington,E01026714,King's Lynn and West Norfolk 010D,Criminal damage and arson,Investigation complete; no suspect identified,
34b09f8c6bd55cb7c5c4d5780ff0918af25ffd8355d47f3de30188e5b5b19224,2016-01,Norfolk Constabulary,Norfolk Constabulary,0.433933,52.757410,On or near Suffolk Road,E01026714,King's Lynn and West Norfolk 010D,Drugs,Offender given a drugs possession warning,
79d1b7b444820af41508be463539cbea36ede17b701d39da9a854fb92c5b3212,2016-01,Norfolk Constabulary,Norfolk Constabulary,0.446984,52.756772,On or near Hospital,E01026714,King's Lynn and West Norfolk 010D,Public order,Formal action is not in the public interest,
4e7ff7d5c28cf3281753a38fe18f762620a94874a97a6f71b9f778d4abeab8ba,2016-01,Norfolk Constabulary,Norfolk Constabulary,0.432401,52.758115,On or near Queensway,E01026714,King's Lynn and West Norfolk 010D,Violence and sexual offences,Status update unavailable,
565083c4fa423a4ec96de3f98fc092490f545a1efc414bcbe9a6df41f4162fd6,2016-01,Norfolk Constabulary,Norfolk Constabulary,0.432284,52.759476,On or near Parking Area,E01026714,King's Lynn and West Norfolk 010D,Violence and sexual offences,Investigation complete; no suspect identified,
c8a3014b88c4c935f50f7cc244b9c25607a993c03719bed53e7627976630af85,2016-01,Norfolk Constabulary,Norfolk Constabulary,0.442081,52.755768,On or near Shepley Corner,E01026714,King's Lynn and West Norfolk 010D,Violence and sexual offences,Unable to prosecute suspect,
,2016-01,Norfolk Constabulary,Norfolk Constabulary,0.395662,52.751149,On or near Priory Lane,E01026698,King's Lynn and West Norfolk 011A,Anti-social behaviour,,
,2016-01,Norfolk Constabulary,Norfolk Constabulary,0.403251,52.756291,On or near Littleport Street,E01026698,King's Lynn and West Norfolk 011A,Anti-social behaviour,,
,2016-01,Norfolk Constabulary,Norfolk Constabulary,0.403251,52.756291,On or near Littleport Street,E01026698,King's Lynn and West Norfolk 011A,Anti-social behaviour,,
,2016-01,Norfolk Constabulary,Norfolk Constabulary,0.398564,52.755154,On or near Oldsunway,E01026698,King's Lynn and West Norfolk 011A,Anti-social behaviour,,
,2016-01,Norfolk Constabulary,Norfolk Constabulary,0.393345,52.752949,On or near King'S Staithe Lane,E01026698,King's Lynn and West Norfolk 011A,Anti-social behaviour,,
,2016-01,Norfolk Constabulary,Norfolk Constabulary,0.393517,52.755544,On or near Theatre/Concert Hall,E01026698,King's Lynn and West Norfolk 011A,Anti-social behaviour,,
,2016-01,Norfolk Constabulary,Norfolk Constabulary,0.404101,52.757200,On or near Sports/Recreation Area,E01026698,King's Lynn and West Norfolk 011A,Anti-social behaviour,,
,2016-01,Norfolk Constabulary,Norfolk Constabulary,0.395518,52.750684,On or near Nelson Street,E01026698,King's Lynn and West Norfolk 011A,Anti-social behaviour,,
,2016-01,Norfolk Constabulary,Norfolk Constabulary,0.398562,52.754561,On or near Shopping Area,E01026698,King's Lynn and West Norfolk 011A,Anti-social behaviour,,
,2016-01,Norfolk Constabulary,Norfolk Constabulary,0.398562,52.754561,On or near Shopping Area,E01026698,King's Lynn and West Norfolk 011A,Anti-social behaviour,,
,2016-01,Norfolk Constabulary,Norfolk Constabulary,0.401286,52.756682,On or near Austin Street,E01026698,King's Lynn and West Norfolk 011A,Anti-social behaviour,,
,2016-01,Norfolk Constabulary,Norfolk Constabulary,0.398467,52.757692,On or near John Kennedy Road,E01026698,King's Lynn and West Norfolk 011A,Anti-social behaviour,,
,2016-01,Norfolk Constabulary,Norfolk Constabulary,0.393345,52.752949,On or near King'S Staithe Lane,E01026698,King's Lynn and West Norfolk 011A,Anti-social behaviour,,
,2016-01,Norfolk Constabulary,Norfolk Constabulary,0.393517,52.755544,On or near Theatre/Concert Hall,E01026698,King's Lynn and West Norfolk 011A,Anti-social behaviour,,
,2016-01,Norfolk Constabulary,Norfolk Constabulary,0.402073,52.755083,On or near Kirby Street,E01026698,King's Lynn and West Norfolk 011A,Anti-social behaviour,,
,2016-01,Norfolk Constabulary,Norfolk Constabulary,0.398147,52.756188,On or near Albert Street,E01026698,King's Lynn and West Norfolk 011A,Anti-social behaviour,,
,2016-01,Norfolk Constabulary,Norfolk Constabulary,0.397961,52.753890,On or near Shopping Area,E01026698,King's Lynn and West Norfolk 011A,Anti-social behaviour,,
,2016-01,Norfolk Constabulary,Norfolk Constabulary,0.393345,52.752949,On or near King'S Staithe Lane,E01026698,King's Lynn and West Norfolk 011A,Anti-social behaviour,,
,2016-01,Norfolk Constabulary,Norfolk Constabulary,0.398562,52.754561,On or near Shopping Area,E01026698,King's Lynn and West Norfolk 011A,Anti-social behaviour,,
,2016-01,Norfolk Constabulary,Norfolk Constabulary,0.393345,52.752949,On or near King'S Staithe Lane,E01026698,King's Lynn and West Norfolk 011A,Anti-social behaviour,,
,2016-01,Norfolk Constabulary,Norfolk Constabulary,0.393517,52.755544,On or near Theatre/Concert Hall,E01026698,King's Lynn and West Norfolk 011A,Anti-social behaviour,,
,2016-01,Norfolk Constabulary,Norfolk Constabulary,0.394475,52.754625,On or near Purfleet,E01026698,King's Lynn and West Norfolk 011A,Anti-social behaviour,,
,2016-01,Norfolk Constabulary,Norfolk Constabulary,0.393997,52.756451,On or near Tuesday Market Place,E01026698,King's Lynn and West Norfolk 011A,Anti-social behaviour,,
30fa1bd95f7c6f48b5ce9ce5c37b575b785df85567d53d02d9c82ed755bddab5,2016-01,Norfolk Constabulary,Norfolk Constabulary,0.404210,52.756487,On or near Gaywood Road,E01026698,King's Lynn and West Norfolk 011A,Burglary,Investigation complete; no suspect identified,
fed20ee58ab4e5ce94a83302dd7b708a3b38d09196089b777121683b241bd59b,2016-01,Norfolk Constabulary,Norfolk Constabulary,0.403251,52.756291,On or near Littleport Street,E01026698,King's Lynn and West Norfolk 011A,Criminal damage and arson,Unable to prosecute suspect,
169247230233668473999102c22be00d2e26c460fd3ec65583fd05a60eaba5a7,2016-01,Norfolk Constabulary,Norfolk Constabulary,0.395044,52.755549,On or near High Street,E01026698,King's Lynn and West Norfolk 011A,Criminal damage and arson,Defendant sent to Crown Court,
6788a913c737d8e321a826b95dd3b5163c70bf16c5fd7be1c2c46dec053dc8a1,2016-01,Norfolk Constabulary,Norfolk Constabulary,0.397785,52.757427,On or near Pilot Street,E01026698,King's Lynn and West Norfolk 011A,Criminal damage and arson,Investigation complete; no suspect identified,
ad83c38269c47e6b2915b652a3bb2c371437fa99f1e637308cfd043902ad66d5,2016-01,Norfolk Constabulary,Norfolk Constabulary,0.406155,52.755198,On or near Highgate,E01026698,King's Lynn and West Norfolk 011A,Criminal damage and arson,Investigation complete; no suspect identified,
65668c78bdbff6df67244ed961ac0a22649a3d91d9ddc713553295bb5201339a,2016-01,Norfolk Constabulary,Norfolk Constabulary,0.406155,52.755198,On or near Highgate,E01026698,King's Lynn and West Norfolk 011A,Criminal damage and arson,Investigation complete; no suspect identified,
54e20281bd7e4e6812be00446464bf8120bbda4feef6c80f13dd858942e14897,2016-01,Norfolk Constabulary,Norfolk Constabulary,0.393517,52.755544,On or near Theatre/Concert Hall,E01026698,King's Lynn and West Norfolk 011A,Criminal damage and arson,Investigation complete; no suspect identified,
37d8a9addeb9d03bd98ceda22a9ba18c48b50aa3be19ea0b1506e9c5ed948295,2016-01,Norfolk Constabulary,Norfolk Constabulary,0.404210,52.756487,On or near Gaywood Road,E01026698,King's Lynn and West Norfolk 011A,Criminal damage and arson,Formal action is not in the public interest,
8c80aeba0513c5f41043b2e2cda2c82cdb8e4921d37c71a7aafcf75ef3e60db3,2016-01,Norfolk Constabulary,Norfolk Constabulary,0.400968,52.755195,On or near Stanley Street,E01026698,King's Lynn and West Norfolk 011A,Criminal damage and arson,Local resolution,
00f13465e5f0123598e78316c5670a90d549071ae1ea20f910fa6d5fbb6c9176,2016-01,Norfolk Constabulary,Norfolk Constabulary,0.398467,52.757692,On or near John Kennedy Road,E01026698,King's Lynn and West Norfolk 011A,Criminal damage and arson,Formal action is not in the public interest,
d0ca36f325881223b53a856b5ae8bb847a646930a55dbe2cb96248f41fc4a4cb,2016-01,Norfolk Constabulary,Norfolk Constabulary,0.405523,52.756371,On or near Dodmans Close,E01026698,King's Lynn and West Norfolk 011A,Criminal damage and arson,Investigation complete; no suspect identified,
5c494df720b1759267b5ec20f52c569d97627b34d4d375ec5fc848f33317b5a3,2016-01,Norfolk Constabulary,Norfolk Constabulary,0.399681,52.755779,On or near Norfolk Street,E01026698,King's Lynn and West Norfolk 011A,Criminal damage and arson,Offender given suspended prison sentence,
13c18a03c76cd28a867c6a941731db2754c06ab44ff2f1292d35b342450fca59,2016-01,Norfolk Constabulary,Norfolk Constabulary,0.401773,52.754208,On or near Portland Street,E01026698,King's Lynn and West Norfolk 011A,Criminal damage and arson,Offender given a caution,
bdafa78ac21293df8ae505c578a4a7611aaf65a54db14d68a00d47bf126e223d,2016-01,Norfolk Constabulary,Norfolk Constabulary,0.404210,52.756487,On or near Gaywood Road,E01026698,King's Lynn and West Norfolk 011A,Criminal damage and arson,Formal action is not in the public interest,
b4a0c8b11387ec991015b841a9cf30cd7ca3e3b93666569193dab5e3a1d33648,2016-01,Norfolk Constabulary,Norfolk Constabulary,0.395659,52.755420,On or near Shopping Area,E01026698,King's Lynn and West Norfolk 011A,Criminal damage and arson,Offender ordered to pay compensation,
ad1d9a9f50813ceb9536d4f8725b7c697f8a748d2efaf5faf85a50dffdf757a6,2016-01,Norfolk Constabulary,Norfolk Constabulary,0.405523,52.756371,On or near Dodmans Close,E01026698,King's Lynn and West Norfolk 011A,Criminal damage and arson,Investigation complete; no suspect identified,
ef03ab003bc3fb8e5de0fb985e62e933abe129af3963c805511c12ae70758df2,2016-01,Norfolk Constabulary,Norfolk Constabulary,0.404210,52.756487,On or near Gaywood Road,E01026698,King's Lynn and West Norfolk 011A,Criminal damage and arson,Investigation complete; no suspect identified,
014a72d6b4597cb43c45d5ab0e989e6ac1e8b613e69cb277c3b93f1210f7720a,2016-01,Norfolk Constabulary,Norfolk Constabulary,0.403251,52.756291,On or near Littleport Street,E01026698,King's Lynn and West Norfolk 011A,Criminal damage and arson,Court result unavailable,
6f675b0956b3305d620966dba17862c1d933918c11265d69c105656a68112e27,2016-01,Norfolk Constabulary,Norfolk Constabulary,0.395659,52.755420,On or near Shopping Area,E01026698,King's Lynn and West Norfolk 011A,Drugs,Formal action is not in the public interest,
2e4b095c1e8291856b931e4c48d3aefdbdd4c4145ff00b8d5159730c729c2e60,2016-01,Norfolk Constabulary,Norfolk Constabulary,0.395659,52.755420,On or near Shopping Area,E01026698,King's Lynn and West Norfolk 011A,Drugs,Offender given a drugs possession warning,
7abcd4478df468852d1e60d3048f8fd833e75a8a8508f53a9574992d6cec36ae,2016-01,Norfolk Constabulary,Norfolk Constabulary,0.399681,52.755779,On or near Norfolk Street,E01026698,King's Lynn and West Norfolk 011A,Drugs,Offender given a drugs possession warning,
fa57c78219828aa66dfc677b914a94ffc0fef6d9be74192adb8fadbb04564344,2016-01,Norfolk Constabulary,Norfolk Constabulary,0.395659,52.755420,On or near Shopping Area,E01026698,King's Lynn and West Norfolk 011A,Drugs,Status update unavailable,
f1827dc70ee1dc35fb96db9358e55d9880f1f6ee5595fbe52c5857da1c1ffcd9,2016-01,Norfolk Constabulary,Norfolk Constabulary,0.395044,52.755549,On or near High Street,E01026698,King's Lynn and West Norfolk 011A,Other theft,Court result unavailable,
c11e21b5db535af8451330dd8b86a6a66c85fdac261da7f3209de1fa4712c3e3,2016-01,Norfolk Constabulary,Norfolk Constabulary,0.404101,52.757200,On or near Sports/Recreation Area,E01026698,King's Lynn and West Norfolk 011A,Other theft,Investigation complete; no suspect identified,
b34da640c30e6a685884e659ccafab9d6a866dcc4d3b9fa7562a3ca2ec410e1b,2016-01,Norfolk Constabulary,Norfolk Constabulary,0.405861,52.754161,On or near Shopping Area,E01026698,King's Lynn and West Norfolk 011A,Other theft,Investigation complete; no suspect identified,
9a814d02a4f16dd91ff859e022629ba6ba41965fac2cc5b9946c3a6c57137eb1,2016-01,Norfolk Constabulary,Norfolk Constabulary,0.395778,52.756236,On or near Market Lane,E01026698,King's Lynn and West Norfolk 011A,Other theft,Status update unavailable,
45fc17d05eec4d6343bb83a2d29f34ce9d5c3325044735630deb011cde13355f,2016-01,Norfolk Constabulary,Norfolk Constabulary,0.404210,52.756487,On or near Gaywood Road,E01026698,King's Lynn and West Norfolk 011A,Other theft,Formal action is not in the public interest,
98b2a0d6cf1e0b04b69106e7f635f60800bcea69d9016317e7dccf9f9ed037a3,2016-01,Norfolk Constabulary,Norfolk Constabulary,0.404101,52.757200,On or near Sports/Recreation Area,E01026698,King's Lynn and West Norfolk 011A,Other theft,Investigation complete; no suspect identified,
3e60b9fa5e21869a9e67aaddb044e20241b4df1fb23ca55c1cdd3ae775e8fca2,2016-01,Norfolk Constabulary,Norfolk Constabulary,0.402073,52.755083,On or near Kirby Street,E01026698,King's Lynn and West Norfolk 011A,Other theft,Investigation complete; no suspect identified,
c82d619d3a46582dd54092f2384f33516c13ed0fa50f79b6998ca81d53fc0e76,2016-01,Norfolk Constabulary,Norfolk Constabulary,0.395659,52.755420,On or near Shopping Area,E01026698,King's Lynn and West Norfolk 011A,Possession of weapons,Offender fined,
39dc8b46db2722c72ee4ac485a5422d7ae7f825efc683ba98b253d0b148d679b,2016-01,Norfolk Constabulary,Norfolk Constabulary,0.404210,52.756487,On or near Gaywood Road,E01026698,King's Lynn and West Norfolk 011A,Public order,Investigation complete; no suspect identified,
5326a2fea84d3bb908bd48f86b709afe4ad14cbb7dc0984559d2a475fd0dca3f,2016-01,Norfolk Constabulary,Norfolk Constabulary,0.399681,52.755779,On or near Norfolk Street,E01026698,King's Lynn and West Norfolk 011A,Public order,Court result unavailable,
6c0445561377796d4f3e756cb1c835740f8ce0daa67a3e24e20d87ed9b4208a0,2016-01,Norfolk Constabulary,Norfolk Constabulary,0.398467,52.757692,On or near John Kennedy Road,E01026698,King's Lynn and West Norfolk 011A,Public order,Formal action is not in the public interest,
49e145f5ebb255cd79d476a4f2900ab7c84365a8b8c9c58420f1341348621917,2016-01,Norfolk Constabulary,Norfolk Constabulary,0.401224,52.756089,On or near Supermarket,E01026698,King's Lynn and West Norfolk 011A,Public order,Unable to prosecute suspect,
eedc2247eebdc8d93a4dea3c89b39e07f062c9077dc29bbb5f9201fd972c9170,2016-01,Norfolk Constabulary,Norfolk Constabulary,0.395044,52.755549,On or near High Street,E01026698,King's Lynn and West Norfolk 011A,Public order,Defendant sent to Crown Court,
06b99dad69f797fae8e420c7d194158383246f9894564fe478107da266f3a707,2016-01,Norfolk Constabulary,Norfolk Constabulary,0.395044,52.755549,On or near High Street,E01026698,King's Lynn and West Norfolk 011A,Public order,Defendant sent to Crown Court,
87834c1a70f52034a4784040aa7e6008f7c4a44c72d1f2fc54180555842ac2f2,2016-01,Norfolk Constabulary,Norfolk Constabulary,0.398564,52.755154,On or near Oldsunway,E01026698,King's Lynn and West Norfolk 011A,Public order,Offender given a caution,
37e87a5fa1194e76a962b0278b4e1430250e60957335a4b53ed3346b5884a9b5,2016-01,Norfolk Constabulary,Norfolk Constabulary,0.400221,52.754293,On or near Albion Street,E01026698,King's Lynn and West Norfolk 011A,Public order,Offender sent to prison,
b5a2e265703dfbde99f30301743174c4bd137d456464e440114b281ab43ecf56,2016-01,Norfolk Constabulary,Norfolk Constabulary,0.395044,52.755549,On or near High Street,E01026698,King's Lynn and West Norfolk 011A,Shoplifting,Investigation complete; no suspect identified,
a6a3fd117a27a0ce1c18c836cc189bfa9503172ec399dd07cb8dce9db8af848c,2016-01,Norfolk Constabulary,Norfolk Constabulary,0.397982,52.754258,On or near Supermarket,E01026698,King's Lynn and West Norfolk 011A,Shoplifting,Offender fined,
3448944d5cb5789d32a9f8abfa2acc53b3ac1b93e678e62dece89d6a22cc4261,2016-01,Norfolk Constabulary,Norfolk Constabulary,0.396621,52.756192,On or near Chapel Street,E01026698,King's Lynn and West Norfolk 011A,Shoplifting,Investigation complete; no suspect identified,
ed2a8432f8e4af91f19c19edbfd2cfd193727c8d85271de8b5c985f97825f3b9,2016-01,Norfolk Constabulary,Norfolk Constabulary,0.397961,52.753890,On or near Shopping Area,E01026698,King's Lynn and West Norfolk 011A,Shoplifting,Investigation complete; no suspect identified,
a03d577219eb7ef32614be9c558d335d2ef2fae7a0df78ce564cc6b5c09194cf,2016-01,Norfolk Constabulary,Norfolk Constabulary,0.395659,52.755420,On or near Shopping Area,E01026698,King's Lynn and West Norfolk 011A,Shoplifting,Status update unavailable,
c002125a2d38e0ea951c7f634ef4eb52657a27b1530b70fa9923e50955b36672,2016-01,Norfolk Constabulary,Norfolk Constabulary,0.402073,52.755083,On or near Kirby Street,E01026698,King's Lynn and West Norfolk 011A,Shoplifting,Investigation complete; no suspect identified,
798fdefee8af7549b108ab3444dafdec383f5a752ea51a1d0e7c7faf80f1ceac,2016-01,Norfolk Constabulary,Norfolk Constabulary,0.397982,52.754258,On or near Supermarket,E01026698,King's Lynn and West Norfolk 011A,Shoplifting,Status update unavailable,
f2517167bd848a94a4ab604f674901e1f536ed732b894a864901893a0eb66c10,2016-01,Norfolk Constabulary,Norfolk Constabulary,0.401224,52.756089,On or near Supermarket,E01026698,King's Lynn and West Norfolk 011A,Shoplifting,Offender sent to prison,
b076a758d6b5aaaa1f06bae14d4e4eb2729769ef19ffb7c5a5eb579ec047b537,2016-01,Norfolk Constabulary,Norfolk Constabulary,0.395659,52.755420,On or near Shopping Area,E01026698,King's Lynn and West Norfolk 011A,Shoplifting,Status update unavailable,
bf27981d502567baa8f761f765b398dda39a7291759c75c58e578f920e603d26,2016-01,Norfolk Constabulary,Norfolk Constabulary,0.397982,52.754258,On or near Supermarket,E01026698,King's Lynn and West Norfolk 011A,Shoplifting,Status update unavailable,
ace3997fea7f7a12cfff96b55c42db48e304cd925f80da0edac27315c061a357,2016-01,Norfolk Constabulary,Norfolk Constabulary,0.397982,52.754258,On or near Supermarket,E01026698,King's Lynn and West Norfolk 011A,Shoplifting,Local resolution,
8385ec0c1468a011c9f47ed1591d4c673dd61e60d16d7069dccb1787ed851c3d,2016-01,Norfolk Constabulary,Norfolk Constabulary,0.395659,52.755420,On or near Shopping Area,E01026698,King's Lynn and West Norfolk 011A,Shoplifting,Investigation complete; no suspect identified,
f1d84568cd176350bbbd458518c01221e53ad2c85a0c921b021790cd52b5ce16,2016-01,Norfolk Constabulary,Norfolk Constabulary,0.398562,52.754561,On or near Shopping Area,E01026698,King's Lynn and West Norfolk 011A,Shoplifting,Investigation complete; no suspect identified,
dcbba5b6a8dc0ad02ad932126e5cf3aea85e03a5a18fe3ffbd32324ad01baf4d,2016-01,Norfolk Constabulary,Norfolk Constabulary,0.397961,52.753890,On or near Shopping Area,E01026698,King's Lynn and West Norfolk 011A,Shoplifting,Offender given a caution,
b3eea14dd19c81f1082a13be5505807dbf2a469c0a5c3e03c045d0dd53ad3df6,2016-01,Norfolk Constabulary,Norfolk Constabulary,0.397961,52.753890,On or near Shopping Area,E01026698,King's Lynn and West Norfolk 011A,Shoplifting,Investigation complete; no suspect identified,
bd7c705d3f1e5618be2d648af8e6f8c7eeace0d73c4f9a6c92fc8fda728b0a89,2016-01,Norfolk Constabulary,Norfolk Constabulary,0.397982,52.754258,On or near Supermarket,E01026698,King's Lynn and West Norfolk 011A,Shoplifting,Offender sent to prison,
86f0458760122bc26e956cffd9712120d6aacae5f10a83d90c6d5fc56fcfadcf,2016-01,Norfolk Constabulary,Norfolk Constabulary,0.397982,52.754258,On or near Supermarket,E01026698,King's Lynn and West Norfolk 011A,Shoplifting,Offender given suspended prison sentence,
d47fe485d38d05ff974c0ba73a621b45c12c176b91eeddf39e8320c55d46a4d4,2016-01,Norfolk Constabulary,Norfolk Constabulary,0.397961,52.753890,On or near Shopping Area,E01026698,King's Lynn and West Norfolk 011A,Shoplifting,Offender given suspended prison sentence,
c4d15241cce976a3d96a1e7b7562b063851bb567e9e65819dcdd7bccd79e6098,2016-01,Norfolk Constabulary,Norfolk Constabulary,0.405861,52.754161,On or near Shopping Area,E01026698,King's Lynn and West Norfolk 011A,Theft from the person,Investigation complete; no suspect identified,
38e1794b38ada45b9ac3ea89241e0910c388117149000cb0e4dd9346c03e1b24,2016-01,Norfolk Constabulary,Norfolk Constabulary,0.399681,52.755779,On or near Norfolk Street,E01026698,King's Lynn and West Norfolk 011A,Theft from the person,Investigation complete; no suspect identified,
f7ce2acea6c5fdbee9dabe1f2fe73fa853f3ab85948fc544df9fa718d15c7520,2016-01,Norfolk Constabulary,Norfolk Constabulary,0.404210,52.756487,On or near Gaywood Road,E01026698,King's Lynn and West Norfolk 011A,Vehicle crime,Investigation complete; no suspect identified,
f47d06e86835807b6bc541a3d8102aabbaf5c923f039ce0db972f736d185554a,2016-01,Norfolk Constabulary,Norfolk Constabulary,0.404210,52.756487,On or near Gaywood Road,E01026698,King's Lynn and West Norfolk 011A,Violence and sexual offences,Status update unavailable,
3a0b29ee29dad1a22e91f785002ec86d8ac5bc7284c6600528dff34966190056,2016-01,Norfolk Constabulary,Norfolk Constabulary,0.399681,52.755779,On or near Norfolk Street,E01026698,King's Lynn and West Norfolk 011A,Violence and sexual offences,Court result unavailable,
6a798c6f892b98bb2ce617af680a2f710c0916cf8282a312927e32f03898e68e,2016-01,Norfolk Constabulary,Norfolk Constabulary,0.398564,52.755154,On or near Oldsunway,E01026698,King's Lynn and West Norfolk 011A,Violence and sexual offences,Status update unavailable,
9e107244d32860ea0b79d64220dd7df751b3ec5c53de593b8a27608337fbefb7,2016-01,Norfolk Constabulary,Norfolk Constabulary,0.395044,52.755549,On or near High Street,E01026698,King's Lynn and West Norfolk 011A,Violence and sexual offences,Defendant sent to Crown Court,
73e7634c0717a6282e1fdc0b6d8ed1c651943e88e94a36e034d476e7881944e8,2016-01,Norfolk Constabulary,Norfolk Constabulary,0.398937,52.755452,On or near Paradise Lane,E01026698,King's Lynn and West Norfolk 011A,Violence and sexual offences,Offender sent to prison,
d4a488db827f8f8d242a19381d35f424c2bfe9342e3bf7a96c10c68a5e7134b7,2016-01,Norfolk Constabulary,Norfolk Constabulary,0.398564,52.755154,On or near Oldsunway,E01026698,King's Lynn and West Norfolk 011A,Violence and sexual offences,Court result unavailable,
bf578cb568a896ccf9e149763dc599366203e1f5389366621c280e665e0ae44e,2016-01,Norfolk Constabulary,Norfolk Constabulary,0.404210,52.756487,On or near Gaywood Road,E01026698,King's Lynn and West Norfolk 011A,Violence and sexual offences,Investigation complete; no suspect identified,
e352c59b830a192b5647db2cb74fb58463b29bdeb2fcbaabdc132bdf72116fb0,2016-01,Norfolk Constabulary,Norfolk Constabulary,0.402073,52.755083,On or near Kirby Street,E01026698,King's Lynn and West Norfolk 011A,Violence and sexual offences,Unable to prosecute suspect,
41bf60c5d8bbb769323078dc01ec53386cd4c2df66390965af8e98648cc22cb8,2016-01,Norfolk Constabulary,Norfolk Constabulary,0.398564,52.755154,On or near Oldsunway,E01026698,King's Lynn and West Norfolk 011A,Violence and sexual offences,Status update unavailable,
b2c35cbb2d77f5780a326ed0df7befb48fd97dceeb543c8a7e1e0efaa4af8f42,2016-01,Norfolk Constabulary,Norfolk Constabulary,0.402073,52.755083,On or near Kirby Street,E01026698,King's Lynn and West Norfolk 011A,Violence and sexual offences,Formal action is not in the public interest,
a5d522c4a6e805f4e68613ec9a1c2437cf3d1853b214e1fb6029027955336af8,2016-01,Norfolk Constabulary,Norfolk Constabulary,0.395659,52.755420,On or near Shopping Area,E01026698,King's Lynn and West Norfolk 011A,Violence and sexual offences,Court result unavailable,
4ede107ee65e49bdf2b3a10c26f2697237678ee0893aa563ebe458468a852918,2016-01,Norfolk Constabulary,Norfolk Constabulary,0.405523,52.756371,On or near Dodmans Close,E01026698,King's Lynn and West Norfolk 011A,Violence and sexual offences,Court result unavailable,
51a83c22619dcdfbeb3a0e61d9af307c72b4a8ae7086656807412c8fcb6d7fbf,2016-01,Norfolk Constabulary,Norfolk Constabulary,0.401792,52.753740,On or near Waterloo Street,E01026698,King's Lynn and West Norfolk 011A,Violence and sexual offences,Offender given a caution,
552b2b8111945d669ceff71cf9a9a7e3a563f33da26ef38e329ec89cbfbeb3a8,2016-01,Norfolk Constabulary,Norfolk Constabulary,0.398467,52.757692,On or near John Kennedy Road,E01026698,King's Lynn and West Norfolk 011A,Violence and sexual offences,Status update unavailable,
0467288283ce2b767129104165dcc135ebbf82f89e36c9b6a168c0cfe5a9c5a8,2016-01,Norfolk Constabulary,Norfolk Constabulary,0.397536,52.756119,On or near Albert Avenue,E01026698,King's Lynn and West Norfolk 011A,Violence and sexual offences,Unable to prosecute suspect,
7ff182b2d1b293538d4c07c04b7aa1a0362dc6f193031930e9184f57d0d4d0df,2016-01,Norfolk Constabulary,Norfolk Constabulary,0.401792,52.753740,On or near Waterloo Street,E01026698,King's Lynn and West Norfolk 011A,Violence and sexual offences,Formal action is not in the public interest,
f9794f84dfdd0df144ec382519d96d6e62005e427f205cf886c665c0c1ea6f5d,2016-01,Norfolk Constabulary,Norfolk Constabulary,0.405523,52.756371,On or near Dodmans Close,E01026698,King's Lynn and West Norfolk 011A,Violence and sexual offences,Formal action is not in the public interest,
b9fb6bc29c54e0d6210ce64a66d218d8ebfb9b8ffdfb1a1a7d651f7c7fa20938,2016-01,Norfolk Constabulary,Norfolk Constabulary,0.399681,52.755779,On or near Norfolk Street,E01026698,King's Lynn and West Norfolk 011A,Violence and sexual offences,Offender given community sentence,
c7c78a2bbaa5fd487231fcbb0443d82505aa24c67d1ac8968e7e6dd5486c7a5b,2016-01,Norfolk Constabulary,Norfolk Constabulary,0.395044,52.755549,On or near High Street,E01026698,King's Lynn and West Norfolk 011A,Violence and sexual offences,Offender given conditional discharge,
95fdf0a885db540c1cede994a4690c89dc70dca7c6fc06f873133bb9cfef8c15,2016-01,Norfolk Constabulary,Norfolk Constabulary,0.393517,52.755544,On or near Theatre/Concert Hall,E01026698,King's Lynn and West Norfolk 011A,Violence and sexual offences,Offender given conditional discharge,
85637fdf7fff456bb83fb75da04691df4b5659b3d53decfb9413283db2bd9d9e,2016-01,Norfolk Constabulary,Norfolk Constabulary,0.395044,52.755549,On or near High Street,E01026698,King's Lynn and West Norfolk 011A,Violence and sexual offences,Court result unavailable,
,2016-01,Norfolk Constabulary,Norfolk Constabulary,0.395433,52.752106,On or near High Street,E01026699,King's Lynn and West Norfolk 011B,Anti-social behaviour,,
,2016-01,Norfolk Constabulary,Norfolk Constabulary,0.397632,52.750596,On or near Stonegate Street,E01026699,King's Lynn and West Norfolk 011B,Anti-social behaviour,,
,2016-01,Norfolk Constabulary,Norfolk Constabulary,0.403538,52.749667,On or near Birch Tree Close,E01026699,King's Lynn and West Norfolk 011B,Anti-social behaviour,,
,2016-01,Norfolk Constabulary,Norfolk Constabulary,0.399861,52.751783,On or near Kings Lynn Police Station,E01026699,King's Lynn and West Norfolk 011B,Anti-social behaviour,,
,2016-01,Norfolk Constabulary,Norfolk Constabulary,0.399861,52.751783,On or near Kings Lynn Police Station,E01026699,King's Lynn and West Norfolk 011B,Anti-social behaviour,,
,2016-01,Norfolk Constabulary,Norfolk Constabulary,0.402594,52.748122,On or near London Road,E01026699,King's Lynn and West Norfolk 011B,Anti-social behaviour,,
,2016-01,Norfolk Constabulary,Norfolk Constabulary,0.403033,52.748823,On or near Pleasant Court,E01026699,King's Lynn and West Norfolk 011B,Anti-social behaviour,,
,2016-01,Norfolk Constabulary,Norfolk Constabulary,0.404740,52.751576,On or near Sports/Recreation Area,E01026699,King's Lynn and West Norfolk 011B,Anti-social behaviour,,
,2016-01,Norfolk Constabulary,Norfolk Constabulary,0.402594,52.748122,On or near London Road,E01026699,King's Lynn and West Norfolk 011B,Anti-social behaviour,,
,2016-01,Norfolk Constabulary,Norfolk Constabulary,0.399861,52.751783,On or near Kings Lynn Police Station,E01026699,King's Lynn and West Norfolk 011B,Anti-social behaviour,,
,2016-01,Norfolk Constabulary,Norfolk Constabulary,0.396193,52.754339,On or near Shopping Area,E01026699,King's Lynn and West Norfolk 011B,Anti-social behaviour,,
,2016-01,Norfolk Constabulary,Norfolk Constabulary,0.395314,52.749672,On or near Parking Area,E01026699,King's Lynn and West Norfolk 011B,Anti-social behaviour,,
,2016-01,Norfolk Constabulary,Norfolk Constabulary,0.404740,52.751576,On or near Sports/Recreation Area,E01026699,King's Lynn and West Norfolk 011B,Anti-social behaviour,,
,2016-01,Norfolk Constabulary,Norfolk Constabulary,0.397223,52.753122,On or near Sedgeford Lane,E01026699,King's Lynn and West Norfolk 011B,Anti-social behaviour,,
,2016-01,Norfolk Constabulary,Norfolk Constabulary,0.399310,52.750652,On or near Millfleet,E01026699,King's Lynn and West Norfolk 011B,Anti-social behaviour,,
,2016-01,Norfolk Constabulary,Norfolk Constabulary,0.399310,52.750652,On or near Millfleet,E01026699,King's Lynn and West Norfolk 011B,Anti-social behaviour,,
,2016-01,Norfolk Constabulary,Norfolk Constabulary,0.397632,52.750596,On or near Stonegate Street,E01026699,King's Lynn and West Norfolk 011B,Anti-social behaviour,,
,2016-01,Norfolk Constabulary,Norfolk Constabulary,0.403538,52.749667,On or near Birch Tree Close,E01026699,King's Lynn and West Norfolk 011B,Anti-social behaviour,,
,2016-01,Norfolk Constabulary,Norfolk Constabulary,0.397047,52.752344,On or near Parking Area,E01026699,King's Lynn and West Norfolk 011B,Anti-social behaviour,,
,2016-01,Norfolk Constabulary,Norfolk Constabulary,0.395433,52.752106,On or near High Street,E01026699,King's Lynn and West Norfolk 011B,Anti-social behaviour,,
bf31ffab8b170c6f95515f71b3960300171f99b89e0e88601bed1d3dd3ba379c,2016-01,Norfolk Constabulary,Norfolk Constabulary,0.396193,52.754339,On or near Shopping Area,E01026699,King's Lynn and West Norfolk 011B,Bicycle theft,Formal action is not in the public interest,
3f94169e89edcc9a4765d96cd119db0de6b5a87555a36797dfa7092114050e9e,2016-01,Norfolk Constabulary,Norfolk Constabulary,0.398732,52.752534,On or near Parking Area,E01026699,King's Lynn and West Norfolk 011B,Bicycle theft,Investigation complete; no suspect identified,
4b1bcdfd6d667d33b6de89904295350c572e8a445c172c1326dec7e39bd74917,2016-01,Norfolk Constabulary,Norfolk Constabulary,0.399310,52.750652,On or near Millfleet,E01026699,King's Lynn and West Norfolk 011B,Bicycle theft,Investigation complete; no suspect identified,
5c12662e80cdac4d6824db7f60a259eb14821d065ba3d1bdbf9bffea6b7bacee,2016-01,Norfolk Constabulary,Norfolk Constabulary,0.402594,52.748122,On or near London Road,E01026699,King's Lynn and West Norfolk 011B,Burglary,Investigation complete; no suspect identified,
bba907cf2e5ff75e4286d287812f8d441fc21489eda3b604fc6172b0d909c666,2016-01,Norfolk Constabulary,Norfolk Constabulary,0.397189,52.754130,On or near Shopping Area,E01026699,King's Lynn and West Norfolk 011B,Criminal damage and arson,Investigation complete; no suspect identified,
f6d532404ca94d9a2b257a5f2e793b2036850f507d39d55db89838aeafbd4a78,2016-01,Norfolk Constabulary,Norfolk Constabulary,0.395433,52.752106,On or near High Street,E01026699,King's Lynn and West Norfolk 011B,Criminal damage and arson,Investigation complete; no suspect identified,
57d6aee25d548cbb33a484306fb026c37c842a62274620e433084db53deee83b,2016-01,Norfolk Constabulary,Norfolk Constabulary,0.398732,52.752534,On or near Parking Area,E01026699,King's Lynn and West Norfolk 011B,Criminal damage and arson,Investigation complete; no suspect identified,
98f48ec12966f64afb3c626222309a1d962815eb5492657846b7921cb4602b87,2016-01,Norfolk Constabulary,Norfolk Constabulary,0.399310,52.750652,On or near Millfleet,E01026699,King's Lynn and West Norfolk 011B,Criminal damage and arson,Investigation complete; no suspect identified,
2820ddd7a12158b63e3e153236209d43e6cc9ff1df01216cbf54a8dfbb5a6ac8,2016-01,Norfolk Constabulary,Norfolk Constabulary,0.399779,52.751902,On or near Police Station,E01026699,King's Lynn and West Norfolk 011B,Criminal damage and arson,Investigation complete; no suspect identified,
9352726a50633dc017952644d62f390fff3d2dc044890b06f16bacf7ae1a2b1a,2016-01,Norfolk Constabulary,Norfolk Constabulary,0.399779,52.751902,On or near Police Station,E01026699,King's Lynn and West Norfolk 011B,Criminal damage and arson,Investigation complete; no suspect identified,
b3ced0ca46282972284fdaeaa8cdf0bdcf8dd1ef24e0a313414691c55d50e3b8,2016-01,Norfolk Constabulary,Norfolk Constabulary,0.399310,52.750652,On or near Millfleet,E01026699,King's Lynn and West Norfolk 011B,Drugs,Status update unavailable,
afd9b3cdf103ce87002fb22dca20f38123d8dcba2761f02997d29957de077379,2016-01,Norfolk Constabulary,Norfolk Constabulary,0.399310,52.750652,On or near Millfleet,E01026699,King's Lynn and West Norfolk 011B,Drugs,Status update unavailable,
108fe7fd670b2d018eef8fdd316be36efea37ad1e0c77d21df938623be5733e4,2016-01,Norfolk Constabulary,Norfolk Constabulary,0.403033,52.748823,On or near Pleasant Court,E01026699,King's Lynn and West Norfolk 011B,Drugs,Offender given a caution,
64015e04d6b5cb436516b4123ca36580ed8ee4c39b3fc932854377843b676f1a,2016-01,Norfolk Constabulary,Norfolk Constabulary,0.399310,52.750652,On or near Millfleet,E01026699,King's Lynn and West Norfolk 011B,Drugs,Offender given a drugs possession warning,
978e3da6f95be310807a723ae2f2a82f9135490dca1901955ff184c65e55fad4,2016-01,Norfolk Constabulary,Norfolk Constabulary,0.395433,52.752106,On or near High Street,E01026699,King's Lynn and West Norfolk 011B,Other theft,Investigation complete; no suspect identified,
8c41d5671fe0e683f7ae30326228a2d50b1362ed282e193322a43651ff1868ae,2016-01,Norfolk Constabulary,Norfolk Constabulary,0.403538,52.749667,On or near Birch Tree Close,E01026699,King's Lynn and West Norfolk 011B,Other theft,Status update unavailable,
0fa53d4da16de49e3e8c66fef7f1ddfab3f8efacf2d04b5d6e035451aced72a9,2016-01,Norfolk Constabulary,Norfolk Constabulary,0.399310,52.750652,On or near Millfleet,E01026699,King's Lynn and West Norfolk 011B,Other theft,Investigation complete; no suspect identified,
0a0c19cc048ba2aa2821b1ed95dacbfd5a606c5f7d39f303f74554242fcc547b,2016-01,Norfolk Constabulary,Norfolk Constabulary,0.397189,52.754130,On or near Shopping Area,E01026699,King's Lynn and West Norfolk 011B,Other theft,Investigation complete; no suspect identified,
bc45caa2fcab0cd4016596b19a9589b2e403ca3a9251599c05c5dd0bdcea8f55,2016-01,Norfolk Constabulary,Norfolk Constabulary,0.397510,52.753224,On or near Nightclub,E01026699,King's Lynn and West Norfolk 011B,Other theft,Investigation complete; no suspect identified,
47f5a4e99a18a04683504c5baf028d18d35d4aa5baa80095a4c171bf1d16137d,2016-01,Norfolk Constabulary,Norfolk Constabulary,0.399310,52.750652,On or near Millfleet,E01026699,King's Lynn and West Norfolk 011B,Public order,Investigation complete; no suspect identified,
7d44d0270dfa48503d5e41a5a1025aca1074b69f273b6f2ff40c0324271797c1,2016-01,Norfolk Constabulary,Norfolk Constabulary,0.395632,52.754647,On or near Shopping Area,E01026699,King's Lynn and West Norfolk 011B,Shoplifting,Defendant found not guilty,
23bcc95d34ab2c8a285c847f04d6eec2e2ed90216bb088515e38c9b6c7f48ddc,2016-01,Norfolk Constabulary,Norfolk Constabulary,0.395632,52.754647,On or near Shopping Area,E01026699,King's Lynn and West Norfolk 011B,Shoplifting,Status update unavailable,
73795b28841f2f7e617d4c7376429a532b7fd947dc83f95c47bc6bba613dc421,2016-01,Norfolk Constabulary,Norfolk Constabulary,0.395632,52.754647,On or near Shopping Area,E01026699,King's Lynn and West Norfolk 011B,Shoplifting,Local resolution,
23eeaa3436c0fe5bdf8d8a22ccfef30462b23be5550e5c6ad4aaef274c81a8ac,2016-01,Norfolk Constabulary,Norfolk Constabulary,0.397047,52.752344,On or near Parking Area,E01026699,King's Lynn and West Norfolk 011B,Shoplifting,Court result unavailable,
2b5307ce3f512972a7e1a21e350caf0e5b0b541be29eaf99a378842664ab903a,2016-01,Norfolk Constabulary,Norfolk Constabulary,0.397510,52.753224,On or near Nightclub,E01026699,King's Lynn and West Norfolk 011B,Shoplifting,Offender given conditional discharge,
792b8d99c7c5dfea4139b1421a4e42611d80b3f9fb8dd7072585138d0387a256,2016-01,Norfolk Constabulary,Norfolk Constabulary,0.396193,52.754339,On or near Shopping Area,E01026699,King's Lynn and West Norfolk 011B,Shoplifting,Status update unavailable,
ec370feaff02afae4284b94b059007e30b80e1b2dbc63a63c161b54d6aa344ea,2016-01,Norfolk Constabulary,Norfolk Constabulary,0.396193,52.754339,On or near Shopping Area,E01026699,King's Lynn and West Norfolk 011B,Shoplifting,Offender sent to prison,
1d8f2320c6ce9dbf0ad64727cb8d0488be51c77bf2bb247865c59855106eab85,2016-01,Norfolk Constabulary,Norfolk Constabulary,0.396193,52.754339,On or near Shopping Area,E01026699,King's Lynn and West Norfolk 011B,Shoplifting,Status update unavailable,
945ab30178211a6ecd79025a762e21beb757a531e9745bd0fa8bbc327466f8df,2016-01,Norfolk Constabulary,Norfolk Constabulary,0.395000,52.752861,On or near Granary Court,E01026699,King's Lynn and West Norfolk 011B,Shoplifting,Offender sent to prison,
26fee28afe68276becc898a2829da380c5708cb153eeb39362dd32c2479b599e,2016-01,Norfolk Constabulary,Norfolk Constabulary,0.396193,52.754339,On or near Shopping Area,E01026699,King's Lynn and West Norfolk 011B,Shoplifting,Status update unavailable,
4ac33da9da4fd1b4c0f71fea9d987a1a9df1e96dc0d53cdd7e89f8aea9d09702,2016-01,Norfolk Constabulary,Norfolk Constabulary,0.397510,52.753224,On or near Nightclub,E01026699,King's Lynn and West Norfolk 011B,Shoplifting,Offender given community sentence,
3ebec5d214f0bc868ba0741d8d04c39b99860fe96d2103aa4ad3b9023a22ba83,2016-01,Norfolk Constabulary,Norfolk Constabulary,0.396193,52.754339,On or near Shopping Area,E01026699,King's Lynn and West Norfolk 011B,Shoplifting,Investigation complete; no suspect identified,
e180a53fba6b46f29e3bb1b31248e322ad020e5e4dfb199a78071142bd106e3e,2016-01,Norfolk Constabulary,Norfolk Constabulary,0.396193,52.754339,On or near Shopping Area,E01026699,King's Lynn and West Norfolk 011B,Shoplifting,Status update unavailable,
a7ff3b62443c121bf0eab1a2807609d0527aeb666c471d78c357497974955571,2016-01,Norfolk Constabulary,Norfolk Constabulary,0.395632,52.754647,On or near Shopping Area,E01026699,King's Lynn and West Norfolk 011B,Shoplifting,Status update unavailable,
4781accd3bdd9eb6f3d797a7137db68e5ccee9232704091e835439b8bc6a0272,2016-01,Norfolk Constabulary,Norfolk Constabulary,0.395632,52.754647,On or near Shopping Area,E01026699,King's Lynn and West Norfolk 011B,Shoplifting,Local resolution,
835e9f83b50ddc463ee7f208193fe5baed449a1f8e4264011c9ed3283dd9c55b,2016-01,Norfolk Constabulary,Norfolk Constabulary,0.397510,52.753224,On or near Nightclub,E01026699,King's Lynn and West Norfolk 011B,Shoplifting,Status update unavailable,
96500b1206d2c9a6846cdf14e55c9b191bcac40269f38b7af244432f4dae2fac,2016-01,Norfolk Constabulary,Norfolk Constabulary,0.395433,52.752106,On or near High Street,E01026699,King's Lynn and West Norfolk 011B,Shoplifting,Status update unavailable,
6f352349a2b309589eaa1d0e1db11fe86f979933c0441e48d0297bf58ed39306,2016-01,Norfolk Constabulary,Norfolk Constabulary,0.397510,52.753224,On or near Nightclub,E01026699,King's Lynn and West Norfolk 011B,Shoplifting,Status update unavailable,
e82d451de5a62f7af9c7601f86fcdb98866706638c036ca323f659b462825cfe,2016-01,Norfolk Constabulary,Norfolk Constabulary,0.396193,52.754339,On or near Shopping Area,E01026699,King's Lynn and West Norfolk 011B,Shoplifting,Local resolution,
e6e4a868a0af88a06accefcd4971c43d7fc56b9ea911f70217b9bdf516b92876,2016-01,Norfolk Constabulary,Norfolk Constabulary,0.397189,52.754130,On or near Shopping Area,E01026699,King's Lynn and West Norfolk 011B,Shoplifting,Offender given a caution,
91008450870d83bd3528ac6a3194b39bed43cc59a8b55a8481f3c6d748563c94,2016-01,Norfolk Constabulary,Norfolk Constabulary,0.395000,52.752861,On or near Granary Court,E01026699,King's Lynn and West Norfolk 011B,Shoplifting,Formal action is not in the public interest,
5b04d06f0919b873a6e30f68c8cf3cb05accb9db42f6aeec53b58b98bc1a448e,2016-01,Norfolk Constabulary,Norfolk Constabulary,0.397510,52.753224,On or near Nightclub,E01026699,King's Lynn and West Norfolk 011B,Shoplifting,Offender given community sentence,
98e671fd660f7e5a9c3dd6f0c08e3b8e1af89eb1eb6b0078915d288d9257f741,2016-01,Norfolk Constabulary,Norfolk Constabulary,0.395632,52.754647,On or near Shopping Area,E01026699,King's Lynn and West Norfolk 011B,Shoplifting,Local resolution,
69eba6882942b00280b2b8533d05ee7de2bace07e78e62f2631ea42ea4b7d861,2016-01,Norfolk Constabulary,Norfolk Constabulary,0.397189,52.754130,On or near Shopping Area,E01026699,King's Lynn and West Norfolk 011B,Shoplifting,Investigation complete; no suspect identified,
d5a529218a6fe4c0dc47b9b70614f814ab304f76a06484a6fff0a2e072b86511,2016-01,Norfolk Constabulary,Norfolk Constabulary,0.397189,52.754130,On or near Shopping Area,E01026699,King's Lynn and West Norfolk 011B,Shoplifting,Offender given suspended prison sentence,
80574df1b09d4f4fe13e3ac7624218050c76b90236b716b078a3393fdcf5174a,2016-01,Norfolk Constabulary,Norfolk Constabulary,0.395000,52.752861,On or near Granary Court,E01026699,King's Lynn and West Norfolk 011B,Shoplifting,Offender sent to prison,
0517a2cfbf8a50317c98d81faa14f3496a98041e2dba9930e82283c75b0ab013,2016-01,Norfolk Constabulary,Norfolk Constabulary,0.397510,52.753224,On or near Nightclub,E01026699,King's Lynn and West Norfolk 011B,Shoplifting,Offender sent to prison,
09e119b0582b8b661796cde57f5280188939260e29685322c7d7451f77db429b,2016-01,Norfolk Constabulary,Norfolk Constabulary,0.397510,52.753224,On or near Nightclub,E01026699,King's Lynn and West Norfolk 011B,Shoplifting,Offender fined,
c1316bbc5ba7ce6583e11c396c0e2fe6b611d77be0c482b9cd625fddda76aaef,2016-01,Norfolk Constabulary,Norfolk Constabulary,0.396193,52.754339,On or near Shopping Area,E01026699,King's Lynn and West Norfolk 011B,Shoplifting,Court result unavailable,
9d03ab30aff8a25b9846414adebe3a8e7e35a90f17238ef5b1db4bc94c0d1081,2016-01,Norfolk Constabulary,Norfolk Constabulary,0.395985,52.753255,On or near Shopping Area,E01026699,King's Lynn and West Norfolk 011B,Shoplifting,Investigation complete; no suspect identified,
d5893f27344af27985594690768890ab1551ec7b3d47b674daedbad4ab1abb6d,2016-01,Norfolk Constabulary,Norfolk Constabulary,0.395000,52.752861,On or near Granary Court,E01026699,King's Lynn and West Norfolk 011B,Shoplifting,Offender given penalty notice,
b470c1a302d6a0046e8b7717db6f8c083c6de93a00cd8211415d6278f8231db7,2016-01,Norfolk Constabulary,Norfolk Constabulary,0.397510,52.753224,On or near Nightclub,E01026699,King's Lynn and West Norfolk 011B,Shoplifting,Offender fined,
5bc8b39486a9eb8670e14768c748636f9e31cf8971b4efbec06d8017f9dc7d01,2016-01,Norfolk Constabulary,Norfolk Constabulary,0.397510,52.753224,On or near Nightclub,E01026699,King's Lynn and West Norfolk 011B,Vehicle crime,Status update unavailable,
6b236acf47d9a6ac4b72fc6d64288cf1216e2e48e32697a25e5fc57793a3a629,2016-01,Norfolk Constabulary,Norfolk Constabulary,0.397056,52.750077,On or near Bridge Street,E01026699,King's Lynn and West Norfolk 011B,Violence and sexual offences,Status update unavailable,
d04bfe54258be4b7ddce68c941ed3a05d565f860ee7211a5a4bbd615598dd6d1,2016-01,Norfolk Constabulary,Norfolk Constabulary,0.399310,52.750652,On or near Millfleet,E01026699,King's Lynn and West Norfolk 011B,Violence and sexual offences,Status update unavailable,
f3f6de207ef1dcbdf783a2e420f7a4d1fdcd7c8fc2dad5e6f527c58f115d4f64,2016-01,Norfolk Constabulary,Norfolk Constabulary,0.397223,52.753122,On or near Sedgeford Lane,E01026699,King's Lynn and West Norfolk 011B,Violence and sexual offences,Court result unavailable,
bf2523cf5d589112b27090caed95d609f6c0427b7844cce929b5b6125cd80e07,2016-01,Norfolk Constabulary,Norfolk Constabulary,0.399310,52.750652,On or near Millfleet,E01026699,King's Lynn and West Norfolk 011B,Violence and sexual offences,Court result unavailable,
109076509e4733cc05a86fa732c8f5484a87cc888778ed41e92e353cf7c5d68c,2016-01,Norfolk Constabulary,Norfolk Constabulary,0.404226,52.748970,On or near Hospital Walk,E01026699,King's Lynn and West Norfolk 011B,Violence and sexual offences,Offender given a caution,
ca5f5d59e209664ff94b0c545bfd851eac5314aa20df7429425cb9c272c1044a,2016-01,Norfolk Constabulary,Norfolk Constabulary,0.395433,52.752106,On or near High Street,E01026699,King's Lynn and West Norfolk 011B,Violence and sexual offences,Status update unavailable,
f048138c9b5a1c99efc117b56f18ee5ecf812036e8e010aec7e0ba5ef37c48e7,2016-01,Norfolk Constabulary,Norfolk Constabulary,0.397632,52.750596,On or near Stonegate Street,E01026699,King's Lynn and West Norfolk 011B,Violence and sexual offences,Unable to prosecute suspect,
b4af750806cc8d5a762e25fba8fbe57ee81d3353d61d390c27b188660afa7f50,2016-01,Norfolk Constabulary,Norfolk Constabulary,0.397510,52.753224,On or near Nightclub,E01026699,King's Lynn and West Norfolk 011B,Violence and sexual offences,Local resolution,
8856e9000c90e3b4167db456b234c7ce92bf28b458357fb0da0eca405843c950,2016-01,Norfolk Constabulary,Norfolk Constabulary,0.398300,52.751149,On or near Tower Place,E01026699,King's Lynn and West Norfolk 011B,Violence and sexual offences,Status update unavailable,
4f0f57822b580c485cacf4595966f23a8515dec934125f4654afe0a5744ae7d7,2016-01,Norfolk Constabulary,Norfolk Constabulary,0.400826,52.754506,On or near Railway Road,E01026699,King's Lynn and West Norfolk 011B,Violence and sexual offences,Formal action is not in the public interest,
b3797c01288c592816c4773fee14504163fb376f810a04f358065cb1893e6a2b,2016-01,Norfolk Constabulary,Norfolk Constabulary,0.395985,52.753255,On or near Shopping Area,E01026699,King's Lynn and West Norfolk 011B,Violence and sexual offences,Offender sent to prison,
,2016-01,Norfolk Constabulary,Norfolk Constabulary,0.397707,52.748446,On or near Whitefriars Terrace,E01026700,King's Lynn and West Norfolk 011C,Anti-social behaviour,,
,2016-01,Norfolk Constabulary,Norfolk Constabulary,0.401093,52.748584,On or near Valingers Road,E01026700,King's Lynn and West Norfolk 011C,Anti-social behaviour,,
,2016-01,Norfolk Constabulary,Norfolk Constabulary,0.400850,52.749560,On or near Providence Street,E01026700,King's Lynn and West Norfolk 011C,Anti-social behaviour,,
,2016-01,Norfolk Constabulary,Norfolk Constabulary,0.400621,52.747811,On or near South Everard Street,E01026700,King's Lynn and West Norfolk 011C,Anti-social behaviour,,
,2016-01,Norfolk Constabulary,Norfolk Constabulary,0.400643,52.747145,On or near Checker Street,E01026700,King's Lynn and West Norfolk 011C,Anti-social behaviour,,
,2016-01,Norfolk Constabulary,Norfolk Constabulary,0.399906,52.748833,On or near Valinger'S Place,E01026700,King's Lynn and West Norfolk 011C,Anti-social behaviour,,
9a62bf15794b936b9a7770f59d25986b76c485706c08cfe0ecd3655dd6bdf951,2016-01,Norfolk Constabulary,Norfolk Constabulary,0.402027,52.747243,On or near Lynwood Terrace,E01026700,King's Lynn and West Norfolk 011C,Bicycle theft,Investigation complete; no suspect identified,
bb99238e2020ee0681ab454ddc33c774fbc114fc4ac5065c34fb4cf86aee0e1d,2016-01,Norfolk Constabulary,Norfolk Constabulary,0.399906,52.748833,On or near Valinger'S Place,E01026700,King's Lynn and West Norfolk 011C,Burglary,Investigation complete; no suspect identified,
16df992961b15ec0103f791c739d63e634eaa9f6205d62096c1e40ed1078ba1d,2016-01,Norfolk Constabulary,Norfolk Constabulary,0.399906,52.748833,On or near Valinger'S Place,E01026700,King's Lynn and West Norfolk 011C,Burglary,Investigation complete; no suspect identified,
e6ff80dd2824d9e736164c01ab2e610bd194bc45bce2e46de819ebf51d0e1ecc,2016-01,Norfolk Constabulary,Norfolk Constabulary,0.398017,52.749240,On or near All Saints' Street,E01026700,King's Lynn and West Norfolk 011C,Criminal damage and arson,Offender given a caution,
b36448287b87b226d6bff861fa5d430f77af1dc3d3a8480cda85e21f682d5f31,2016-01,Norfolk Constabulary,Norfolk Constabulary,0.399906,52.748833,On or near Valinger'S Place,E01026700,King's Lynn and West Norfolk 011C,Drugs,Offender given a drugs possession warning,
2c7cc0181bf2bb2b30ac2a5f3f7b4f98de2b62aae8b038394d7c9b5de667b7db,2016-01,Norfolk Constabulary,Norfolk Constabulary,0.402027,52.747243,On or near Lynwood Terrace,E01026700,King's Lynn and West Norfolk 011C,Drugs,Offender given a drugs possession warning,
4f39ee095901a50ec19c3fbf075f4650a2a886eea542831e75a084dac7d97028,2016-01,Norfolk Constabulary,Norfolk Constabulary,0.398017,52.749240,On or near All Saints' Street,E01026700,King's Lynn and West Norfolk 011C,Drugs,Offender given a caution,
66c954c432091d966487a5afb0f77fc4a966ff8a8bc4c287b7bcab0b9f30bde5,2016-01,Norfolk Constabulary,Norfolk Constabulary,0.398017,52.749240,On or near All Saints' Street,E01026700,King's Lynn and West Norfolk 011C,Public order,Court result unavailable,
cace9d46d3d9b957641a7002b65fdc4a04063dacfb0d85351a15b655a5c9ea59,2016-01,Norfolk Constabulary,Norfolk Constabulary,0.400662,52.746138,On or near Southgate Street,E01026700,King's Lynn and West Norfolk 011C,Robbery,Investigation complete; no suspect identified,
d2ee1cb97d66fcd91635a00a4b33dbe328ae7ea10ce1163ee521f95eeb1bda2b,2016-01,Norfolk Constabulary,Norfolk Constabulary,0.399663,52.746284,On or near Ethel Terrace,E01026700,King's Lynn and West Norfolk 011C,Robbery,Status update unavailable,
67edeace3be8d6ba423c82842d1f7e5dfddda3395b07830a813a0b9b1fb3bacf,2016-01,Norfolk Constabulary,Norfolk Constabulary,0.398017,52.749240,On or near All Saints' Street,E01026700,King's Lynn and West Norfolk 011C,Violence and sexual offences,Offender given conditional discharge,
a13ea6c52cb1719e3e4bc35c1b55199ee2adbd85bf8d7fbd780e38ff93104af5,2016-01,Norfolk Constabulary,Norfolk Constabulary,0.398017,52.749240,On or near All Saints' Street,E01026700,King's Lynn and West Norfolk 011C,Violence and sexual offences,Formal action is not in the public interest,
c60356abb58cfc74be28a6b5e15a2db33389bc4dbbe10565cb8697579a6095de,2016-01,Norfolk Constabulary,Norfolk Constabulary,0.398017,52.749240,On or near All Saints' Street,E01026700,King's Lynn and West Norfolk 011C,Violence and sexual offences,Formal action is not in the public interest,
8d90e9f11c20f47757b889f75ea2ead46e87abe21c78ed76e7eb90e7c4f95f57,2016-01,Norfolk Constabulary,Norfolk Constabulary,0.402027,52.747243,On or near Lynwood Terrace,E01026700,King's Lynn and West Norfolk 011C,Violence and sexual offences,Unable to prosecute suspect,
,2016-01,Norfolk Constabulary,Norfolk Constabulary,0.393756,52.738545,On or near Baker Close,E01026704,King's Lynn and West Norfolk 011D,Anti-social behaviour,,
,2016-01,Norfolk Constabulary,Norfolk Constabulary,0.413054,52.738441,On or near Supermarket,E01026704,King's Lynn and West Norfolk 011D,Anti-social behaviour,,
,2016-01,Norfolk Constabulary,Norfolk Constabulary,0.397366,52.740351,On or near The Portway,E01026704,King's Lynn and West Norfolk 011D,Anti-social behaviour,,
,2016-01,Norfolk Constabulary,Norfolk Constabulary,0.396023,52.741799,On or near Metcalf Avenue,E01026704,King's Lynn and West Norfolk 011D,Anti-social behaviour,,
,2016-01,Norfolk Constabulary,Norfolk Constabulary,0.394592,52.742179,On or near Wisbech Road,E01026704,King's Lynn and West Norfolk 011D,Anti-social behaviour,,
,2016-01,Norfolk Constabulary,Norfolk Constabulary,0.413054,52.738441,On or near Supermarket,E01026704,King's Lynn and West Norfolk 011D,Anti-social behaviour,,
,2016-01,Norfolk Constabulary,Norfolk Constabulary,0.413054,52.738441,On or near Supermarket,E01026704,King's Lynn and West Norfolk 011D,Anti-social behaviour,,
,2016-01,Norfolk Constabulary,Norfolk Constabulary,0.413054,52.738441,On or near Supermarket,E01026704,King's Lynn and West Norfolk 011D,Anti-social behaviour,,
,2016-01,Norfolk Constabulary,Norfolk Constabulary,0.393323,52.738491,On or near Beloe Crescent,E01026704,King's Lynn and West Norfolk 011D,Anti-social behaviour,,
5a7cc66194d192b4d032bfab43c6efaed21fc1b10200587173e71779d7fd2a3d,2016-01,Norfolk Constabulary,Norfolk Constabulary,0.416957,52.740178,On or near Scania Way,E01026704,King's Lynn and West Norfolk 011D,Criminal damage and arson,Status update unavailable,
5dd5a8eee26a6d286d2983a10888c6e582755edcca32ce413f84a85ca3f53c2e,2016-01,Norfolk Constabulary,Norfolk Constabulary,0.416957,52.740178,On or near Scania Way,E01026704,King's Lynn and West Norfolk 011D,Criminal damage and arson,Status update unavailable,
bad3678f6271421144d33e90688b3c4a3c8c402acd9f97a94bb500f3608dcf06,2016-01,Norfolk Constabulary,Norfolk Constabulary,0.393241,52.740228,On or near Burney Road,E01026704,King's Lynn and West Norfolk 011D,Drugs,Offender given a drugs possession warning,
1b8cd7568cbf1fe946b9b1e5248dd6c484d2b7cfd7a9c46a49ba3e8625a58ac4,2016-01,Norfolk Constabulary,Norfolk Constabulary,0.392392,52.739615,On or near Hillen Road,E01026704,King's Lynn and West Norfolk 011D,Drugs,Offender given conditional discharge,
452bb3ea0652ab2457a105d02ae170c8a6d09e19b749facfd5111e0890fbf12c,2016-01,Norfolk Constabulary,Norfolk Constabulary,0.416957,52.740178,On or near Scania Way,E01026704,King's Lynn and West Norfolk 011D,Other theft,Unable to prosecute suspect,
b32701382ef8b6bb57434d6ce7c6f305586c15949ab9731d6e4c08c5cdbb7dc7,2016-01,Norfolk Constabulary,Norfolk Constabulary,0.416957,52.740178,On or near Scania Way,E01026704,King's Lynn and West Norfolk 011D,Other theft,Status update unavailable,
f3a30460ddd9de354418a0141c76535216b598bef6076e4aaf286cc0a1fb7f0e,2016-01,Norfolk Constabulary,Norfolk Constabulary,0.416957,52.740178,On or near Scania Way,E01026704,King's Lynn and West Norfolk 011D,Shoplifting,Investigation complete; no suspect identified,
d458ca602d6e34d3d9a139dd92c4c2f852bdd9e4c0f40c56d5c53896ae1d4d30,2016-01,Norfolk Constabulary,Norfolk Constabulary,0.416957,52.740178,On or near Scania Way,E01026704,King's Lynn and West Norfolk 011D,Shoplifting,Investigation complete; no suspect identified,
85fc33848730257e5053a3aef199388b9245f7d2a20cee15ebcdf921ba0e9f69,2016-01,Norfolk Constabulary,Norfolk Constabulary,0.413054,52.738441,On or near Supermarket,E01026704,King's Lynn and West Norfolk 011D,Shoplifting,Offender sent to prison,
0b90f892f5cbf08516ad792b222a08c32f14ea6dab20e4820b62d3a2bff388bb,2016-01,Norfolk Constabulary,Norfolk Constabulary,0.394592,52.742179,On or near Wisbech Road,E01026704,King's Lynn and West Norfolk 011D,Vehicle crime,Investigation complete; no suspect identified,
f36731f77f8b22dc4530fb5dec0094d4995d7a23adb16c06d2188c509d0d9e68,2016-01,Norfolk Constabulary,Norfolk Constabulary,0.413054,52.738441,On or near Supermarket,E01026704,King's Lynn and West Norfolk 011D,Violence and sexual offences,Status update unavailable,
5d2ff40b097e4cea6c0a5d58c2c15d5d2fc9c0431c3752bf05d6164ee499cbcb,2016-01,Norfolk Constabulary,Norfolk Constabulary,0.416957,52.740178,On or near Scania Way,E01026704,King's Lynn and West Norfolk 011D,Violence and sexual offences,Status update unavailable,
13d08a1bf56c33227748eb09c68c92b5b3d832d8363194e075fb9c419cf6b3f9,2016-01,Norfolk Constabulary,Norfolk Constabulary,0.393756,52.738545,On or near Baker Close,E01026704,King's Lynn and West Norfolk 011D,Violence and sexual offences,Court result unavailable,
bc19efee48b530667a89c6725069d05f072cd2e498e3963c61e1078cdce06f3f,2016-01,Norfolk Constabulary,Norfolk Constabulary,0.413054,52.738441,On or near Supermarket,E01026704,King's Lynn and West Norfolk 011D,Other crime,Investigation complete; no suspect identified,
4866dc3bd88b5097090edb9ec089ba846482d0152159f7e75a22c1dbbaded3c2,2016-01,Norfolk Constabulary,Norfolk Constabulary,0.410896,52.742298,On or near Hansa Road,E01026704,King's Lynn and West Norfolk 011D,Other crime,Investigation complete; no suspect identified,
,2016-01,Norfolk Constabulary,Norfolk Constabulary,0.381828,52.742840,On or near Petrol Station,E01026705,King's Lynn and West Norfolk 011E,Anti-social behaviour,,
,2016-01,Norfolk Constabulary,Norfolk Constabulary,0.384206,52.756550,On or near Marham Close,E01026705,King's Lynn and West Norfolk 011E,Anti-social behaviour,,
,2016-01,Norfolk Constabulary,Norfolk Constabulary,0.381828,52.742840,On or near Petrol Station,E01026705,King's Lynn and West Norfolk 011E,Anti-social behaviour,,
eb72c5efaebce82805e07b4f8392dc50e45727ce40a833b81e83774c3616e1e4,2016-01,Norfolk Constabulary,Norfolk Constabulary,0.381828,52.742840,On or near Petrol Station,E01026705,King's Lynn and West Norfolk 011E,Criminal damage and arson,Unable to prosecute suspect,
2f24f587465594c6cae97535240714a0378f6530b5885956e53f8102d55d5388,2016-01,Norfolk Constabulary,Norfolk Constabulary,0.382370,52.750346,On or near Petrol Station,E01026705,King's Lynn and West Norfolk 011E,Criminal damage and arson,Investigation complete; no suspect identified,
db2cb4f4f5abbfd3746c370f16598d1daabf1afde6170a241533eda24abaa7b8,2016-01,Norfolk Constabulary,Norfolk Constabulary,0.381828,52.742840,On or near Petrol Station,E01026705,King's Lynn and West Norfolk 011E,Other theft,Status update unavailable,
161496419dd643ed556dd14c46cf01ef9eb699ec31bb720041d177048c87a017,2016-01,Norfolk Constabulary,Norfolk Constabulary,0.385299,52.751331,On or near Cedar Way,E01026705,King's Lynn and West Norfolk 011E,Other theft,Status update unavailable,
90768b123c6b31873f4d8398a47c1552bcf5ddabf4baa04825114bf49852eb3a,2016-01,Norfolk Constabulary,Norfolk Constabulary,0.383997,52.755160,On or near Sports/Recreation Area,E01026705,King's Lynn and West Norfolk 011E,Violence and sexual offences,Defendant found not guilty,
6cdd93e2323b4b5cc16dec9b29bcd6c11c574b9cdb1aa8390ce86ab543e324df,2016-01,Norfolk Constabulary,Norfolk Constabulary,0.381828,52.742840,On or near Petrol Station,E01026705,King's Lynn and West Norfolk 011E,Violence and sexual offences,Unable to prosecute suspect,
c6b7773585b8c5f93f6c9d5771af3d817ab8051ad2666670f9cc19ae2d6c3cef,2016-01,Norfolk Constabulary,Norfolk Constabulary,0.386219,52.755682,On or near Harrow Close,E01026705,King's Lynn and West Norfolk 011E,Violence and sexual offences,Formal action is not in the public interest,
681d6160e7a5ee577a59198b599d1d6a6d9f857bfb21758255c74c31124a8256,2016-01,Norfolk Constabulary,Norfolk Constabulary,0.383997,52.755160,On or near Sports/Recreation Area,E01026705,King's Lynn and West Norfolk 011E,Violence and sexual offences,Court result unavailable,
,2016-01,Norfolk Constabulary,Norfolk Constabulary,0.394080,52.743376,On or near Ouse Avenue,E01026706,King's Lynn and West Norfolk 011F,Anti-social behaviour,,
,2016-01,Norfolk Constabulary,Norfolk Constabulary,0.394080,52.743376,On or near Ouse Avenue,E01026706,King's Lynn and West Norfolk 011F,Anti-social behaviour,,
,2016-01,Norfolk Constabulary,Norfolk Constabulary,0.408674,52.740958,On or near Hardwick Road,E01026706,King's Lynn and West Norfolk 011F,Anti-social behaviour,,
,2016-01,Norfolk Constabulary,Norfolk Constabulary,0.408674,52.740958,On or near Hardwick Road,E01026706,King's Lynn and West Norfolk 011F,Anti-social behaviour,,
,2016-01,Norfolk Constabulary,Norfolk Constabulary,0.394080,52.743376,On or near Ouse Avenue,E01026706,King's Lynn and West Norfolk 011F,Anti-social behaviour,,
,2016-01,Norfolk Constabulary,Norfolk Constabulary,0.396994,52.744099,On or near Diamond Street,E01026706,King's Lynn and West Norfolk 011F,Anti-social behaviour,,
,2016-01,Norfolk Constabulary,Norfolk Constabulary,0.394080,52.743376,On or near Ouse Avenue,E01026706,King's Lynn and West Norfolk 011F,Anti-social behaviour,,
,2016-01,Norfolk Constabulary,Norfolk Constabulary,0.408674,52.740958,On or near Hardwick Road,E01026706,King's Lynn and West Norfolk 011F,Anti-social behaviour,,
9a92bc870ea090be4ca623670051e48a56a55fecabdf35972e6172f4ca8aaa79,2016-01,Norfolk Constabulary,Norfolk Constabulary,0.398260,52.741529,On or near Kitchener Street,E01026706,King's Lynn and West Norfolk 011F,Criminal damage and arson,Investigation complete; no suspect identified,
80162eabcc625f95ababedbd13bcdb204c3bd8cd9ab5455fe1320be7b46fc508,2016-01,Norfolk Constabulary,Norfolk Constabulary,0.394080,52.743376,On or near Ouse Avenue,E01026706,King's Lynn and West Norfolk 011F,Criminal damage and arson,Status update unavailable,
c798293378e701ffa60371e3c9338ca8e657df9a5719129f3f6b69feff4d7e73,2016-01,Norfolk Constabulary,Norfolk Constabulary,0.395546,52.743364,On or near Langham Street,E01026706,King's Lynn and West Norfolk 011F,Criminal damage and arson,Investigation complete; no suspect identified,
4c37adb007bd88b81d76decdf2824861f7824bcb325bfa2ae15a5da96a7b19e0,2016-01,Norfolk Constabulary,Norfolk Constabulary,0.395046,52.743167,On or near Portland Place,E01026706,King's Lynn and West Norfolk 011F,Drugs,Court result unavailable,
4bf2ed673d1261e2dd1d9885c0dc625316fa4d383e52d3b97ffe31f890c6b4cb,2016-01,Norfolk Constabulary,Norfolk Constabulary,0.397484,52.738182,On or near Keene Road,E01026706,King's Lynn and West Norfolk 011F,Other theft,Unable to prosecute suspect,
427b113e88623e1f0433442bd51a190283b31038688e92ef38127ab231bf4c8d,2016-01,Norfolk Constabulary,Norfolk Constabulary,0.408674,52.740958,On or near Hardwick Road,E01026706,King's Lynn and West Norfolk 011F,Shoplifting,Status update unavailable,
4e2a7cb7a1126955ad77c576c7d9e4ea33185627b29a9ea6dc84a5e9c3c6c8cd,2016-01,Norfolk Constabulary,Norfolk Constabulary,0.408674,52.740958,On or near Hardwick Road,E01026706,King's Lynn and West Norfolk 011F,Shoplifting,Investigation complete; no suspect identified,
ac757e118e3839d27d1ea9a81cc4b85725423d363f74ae583cf9b70694c051ae,2016-01,Norfolk Constabulary,Norfolk Constabulary,0.408674,52.740958,On or near Hardwick Road,E01026706,King's Lynn and West Norfolk 011F,Shoplifting,Investigation complete; no suspect identified,
b824a571c17e03f149713fb88eb724158089a5b8ed9466e4acc066df701d891d,2016-01,Norfolk Constabulary,Norfolk Constabulary,0.394080,52.743376,On or near Ouse Avenue,E01026706,King's Lynn and West Norfolk 011F,Violence and sexual offences,Court result unavailable,
b7c98b187744b6c3b3c616b90327f29128bb5e836b628938354f85cf2aac8306,2016-01,Norfolk Constabulary,Norfolk Constabulary,0.393458,52.742561,On or near St Valery Lane,E01026706,King's Lynn and West Norfolk 011F,Violence and sexual offences,Status update unavailable,
6047f674ae288b702d27b7df55980a471aac30cab1d5d775a8213d02a46523c0,2016-01,Norfolk Constabulary,Norfolk Constabulary,0.549462,52.737582,On or near Winch Road,E01026665,King's Lynn and West Norfolk 012A,Burglary,Investigation complete; no suspect identified,
9aee595b885f3fc5faeab7f04f097bf8803921087260d91e0d798b9335116abe,2016-01,Norfolk Constabulary,Norfolk Constabulary,0.509797,52.751395,On or near Leziate Drove,E01026665,King's Lynn and West Norfolk 012A,Burglary,Investigation complete; no suspect identified,
1f8f5f0f337e1e75ce719c87dbf207d6cd52c484dba338116fdca2e1d1bdbea0,2016-01,Norfolk Constabulary,Norfolk Constabulary,0.469896,52.750992,On or near B1145,E01026665,King's Lynn and West Norfolk 012A,Criminal damage and arson,Offender fined,
a692ec9fb24eab3953cc1b4d9f4065b1c0156d8385b5902a1974662a3c0b957e,2016-01,Norfolk Constabulary,Norfolk Constabulary,0.552036,52.744361,On or near Rosemary Lane,E01026665,King's Lynn and West Norfolk 012A,Criminal damage and arson,Investigation complete; no suspect identified,
ae58649eb1201b939d79f979349cc373bee17ea9a807587c3e500c804c974d0b,2016-01,Norfolk Constabulary,Norfolk Constabulary,0.552036,52.744361,On or near Rosemary Lane,E01026665,King's Lynn and West Norfolk 012A,Criminal damage and arson,Investigation complete; no suspect identified,
ebdb96ac1eb9d3f6caaa423667764caa0a633d1fea17b58eaffb2070678a9fad,2016-01,Norfolk Constabulary,Norfolk Constabulary,0.469896,52.750992,On or near B1145,E01026665,King's Lynn and West Norfolk 012A,Criminal damage and arson,Investigation complete; no suspect identified,
eec0a08670155f624a8dce15731428db966ff1827fd228fb71866cb48b277798,2016-01,Norfolk Constabulary,Norfolk Constabulary,0.514062,52.746971,On or near B1145,E01026665,King's Lynn and West Norfolk 012A,Other theft,Investigation complete; no suspect identified,
326e6d05da0a3f8dd79aa6da0c86e1b92d3a0e9a07e396682a6a6e32169be24b,2016-01,Norfolk Constabulary,Norfolk Constabulary,0.556669,52.740745,On or near Back Street,E01026665,King's Lynn and West Norfolk 012A,Violence and sexual offences,Status update unavailable,
dd00d6c387ee1914e35ac98eb5f2107ab4d5fa9add533560eeb7fdd1e2edc10e,2016-01,Norfolk Constabulary,Norfolk Constabulary,0.469896,52.750992,On or near B1145,E01026665,King's Lynn and West Norfolk 012A,Violence and sexual offences,Offender given conditional discharge,
7f0e04f8fd95d4d05c1834eb178f3d67c7a429fdb4671306be1c3a8e2b093051,2016-01,Norfolk Constabulary,Norfolk Constabulary,0.478284,52.741601,On or near Sports/Recreation Area,E01026665,King's Lynn and West Norfolk 012A,Violence and sexual offences,Status update unavailable,
,2016-01,Norfolk Constabulary,Norfolk Constabulary,0.524351,52.775238,On or near Chequers Close,E01026674,King's Lynn and West Norfolk 012B,Anti-social behaviour,,
4de52b82e9eafc93fcdd8451deadd693300b2ce88750c1a7d8214b6d0e166ac7,2016-01,Norfolk Constabulary,Norfolk Constabulary,0.545832,52.774410,On or near Hazel Close,E01026675,King's Lynn and West Norfolk 012C,Burglary,Investigation complete; no suspect identified,
d020b7e54fd5c9bf232391239158f7da1d993b47c873def222df1285acef97fe,2016-01,Norfolk Constabulary,Norfolk Constabulary,0.525106,52.768307,On or near Philip Rudd Court,E01026675,King's Lynn and West Norfolk 012C,Other theft,Investigation complete; no suspect identified,
42fe8626a214b9f4c910a4675e5537edf399d2d4bce58f652366cc84ba738471,2016-01,Norfolk Constabulary,Norfolk Constabulary,0.548810,52.773609,On or near Congham Road,E01026675,King's Lynn and West Norfolk 012C,Violence and sexual offences,Unable to prosecute suspect,
4b79b92890233828421503a9eccea6836e18b43bba47f68cd943dc1bfc653593,2016-01,Norfolk Constabulary,Norfolk Constabulary,0.549476,52.694421,On or near Church Close,E01026694,King's Lynn and West Norfolk 012D,Violence and sexual offences,Formal action is not in the public interest,
,2016-01,Norfolk Constabulary,Norfolk Constabulary,0.262749,52.669518,On or near Bonnetts Lane,E01026684,King's Lynn and West Norfolk 013A,Anti-social behaviour,,
3c38d84630cd55b5b87e4e11a8eb4b74d38fb1ff52142d3e35e730a4cc83fe84,2016-01,Norfolk Constabulary,Norfolk Constabulary,0.261961,52.665433,On or near Hope Lane,E01026684,King's Lynn and West Norfolk 013A,Burglary,Investigation complete; no suspect identified,
5069c23b60da0b48a206be4b2c12ca2157795a7d70f47a81ee0846066bff672f,2016-01,Norfolk Constabulary,Norfolk Constabulary,0.260209,52.642098,On or near Moyse'S Bank,E01026684,King's Lynn and West Norfolk 013A,Drugs,Formal action is not in the public interest,
d63c27ba411c63bc6dd4f5dcc7ae310e4d25c1ebc970fce022fb2531fdb89a7a,2016-01,Norfolk Constabulary,Norfolk Constabulary,0.275839,52.659575,On or near Rands Road,E01026684,King's Lynn and West Norfolk 013A,Other theft,Investigation complete; no suspect identified,
5baece1c2b89f408a6de5322c4bd7de9c959015dcf41caa05b77dec22d60962e,2016-01,Norfolk Constabulary,Norfolk Constabulary,0.248453,52.662741,On or near Smeeth Road,E01026684,King's Lynn and West Norfolk 013A,Vehicle crime,Investigation complete; no suspect identified,
7a0e01432a2194e0e1e1440aecb09b618b61d330b2b92a29bb25b0b4c3d3b988,2016-01,Norfolk Constabulary,Norfolk Constabulary,0.262749,52.669518,On or near Bonnetts Lane,E01026684,King's Lynn and West Norfolk 013A,Violence and sexual offences,Formal action is not in the public interest,
c246a05d44d7083d188fee8087bf6e8909f4846d3b0535c3c3b1a4332e28cc12,2016-01,Norfolk Constabulary,Norfolk Constabulary,0.237072,52.645199,On or near Smeeth Road,E01026684,King's Lynn and West Norfolk 013A,Violence and sexual offences,Formal action is not in the public interest,
722f9603696ff4ee12d46b0736984cb5d572862fe7274de6381fadb61d6b7f80,2016-01,Norfolk Constabulary,Norfolk Constabulary,0.251280,52.664234,On or near Hickathrift Field,E01026684,King's Lynn and West Norfolk 013A,Violence and sexual offences,Status update unavailable,
,2016-01,Norfolk Constabulary,Norfolk Constabulary,0.186337,52.670935,On or near Chapnall Road,E01026685,King's Lynn and West Norfolk 013B,Anti-social behaviour,,
,2016-01,Norfolk Constabulary,Norfolk Constabulary,0.186337,52.670935,On or near Chapnall Road,E01026685,King's Lynn and West Norfolk 013B,Anti-social behaviour,,
,2016-01,Norfolk Constabulary,Norfolk Constabulary,0.186337,52.670935,On or near Chapnall Road,E01026685,King's Lynn and West Norfolk 013B,Anti-social behaviour,,
,2016-01,Norfolk Constabulary,Norfolk Constabulary,0.186233,52.670631,On or near Chapnall Close,E01026685,King's Lynn and West Norfolk 013B,Anti-social behaviour,,
402aea54dbcf0ae89dde9644972a7807b4e8ab078e012a6c418f537296803e9f,2016-01,Norfolk Constabulary,Norfolk Constabulary,0.189797,52.670323,On or near Harrolds Close,E01026685,King's Lynn and West Norfolk 013B,Burglary,Investigation complete; no suspect identified,
156fbc538671542a455d1465a01603489539a0cc073257a384591cce738db2e0,2016-01,Norfolk Constabulary,Norfolk Constabulary,0.189368,52.671500,On or near Burrett Gardens,E01026685,King's Lynn and West Norfolk 013B,Burglary,Investigation complete; no suspect identified,
ba48b250d513acacb7a6f7a8122e049c9dbe7c6d352bd1f7fb62695c34efec79,2016-01,Norfolk Constabulary,Norfolk Constabulary,0.186284,52.672240,On or near Church Road,E01026685,King's Lynn and West Norfolk 013B,Criminal damage and arson,Status update unavailable,
39a44ba3dc475531a135f22f18d2633be4f752555855ffc9befbd58c325f4b3a,2016-01,Norfolk Constabulary,Norfolk Constabulary,0.189797,52.670323,On or near Harrolds Close,E01026685,King's Lynn and West Norfolk 013B,Vehicle crime,Investigation complete; no suspect identified,
00aafca7819de18fbc293118deafa2021b3aef7b5cc7ed278a3b986ef7a9fe61,2016-01,Norfolk Constabulary,Norfolk Constabulary,0.198978,52.655811,On or near Mill Road,E01026685,King's Lynn and West Norfolk 013B,Vehicle crime,Investigation complete; no suspect identified,
45011cdc8d090a25070e42138f77725f8e47df186fe4ae6eea2d1efe6648a770,2016-01,Norfolk Constabulary,Norfolk Constabulary,0.193297,52.660475,On or near Broad End Road,E01026685,King's Lynn and West Norfolk 013B,Violence and sexual offences,Formal action is not in the public interest,
,2016-01,Norfolk Constabulary,Norfolk Constabulary,0.221057,52.734002,On or near Kirk Road,E01026719,King's Lynn and West Norfolk 013C,Anti-social behaviour,,
f56f64e0fe5a0832ada022598f4800ee5405b1bb664b3ea4df2bed9973f441de,2016-01,Norfolk Constabulary,Norfolk Constabulary,0.232816,52.753949,On or near A17,E01026719,King's Lynn and West Norfolk 013C,Other theft,Investigation complete; no suspect identified,
b65866f8e88302a2fee1e86d8501d0062ada8a66fb0f36d199ddb1884088a48c,2016-01,Norfolk Constabulary,Norfolk Constabulary,0.230414,52.729259,On or near Holt Court,E01026719,King's Lynn and West Norfolk 013C,Vehicle crime,Investigation complete; no suspect identified,
c17b74f08e1fa45815143ae14d58f71e01575f9e8fdcfb868ecb3f33b503983b,2016-01,Norfolk Constabulary,Norfolk Constabulary,0.214451,52.732247,On or near Wisbech Road,E01026719,King's Lynn and West Norfolk 013C,Vehicle crime,Offender given community sentence,
086368baff6156aaf48fbf123b2bda4245a92b10430675e16ce227956f93907d,2016-01,Norfolk Constabulary,Norfolk Constabulary,0.214451,52.732247,On or near Wisbech Road,E01026719,King's Lynn and West Norfolk 013C,Violence and sexual offences,Offender given community sentence,
504ac2b93194f0c7e626d7ae30c533d597005e3b87abd7b80bc5d774919d9f31,2016-01,Norfolk Constabulary,Norfolk Constabulary,0.214451,52.732247,On or near Wisbech Road,E01026719,King's Lynn and West Norfolk 013C,Violence and sexual offences,Formal action is not in the public interest,
871b3166da887c365b4b5fe82243947f85bb117dc98591e6689436e59eebfb1b,2016-01,Norfolk Constabulary,Norfolk Constabulary,0.212830,52.727736,On or near Pigeon Street,E01026719,King's Lynn and West Norfolk 013C,Violence and sexual offences,Status update unavailable,
7f61a0fc09ce486c38e39ad446f44ca369fcbc9adcf9160abb3a77d5a785a0de,2016-01,Norfolk Constabulary,Norfolk Constabulary,0.214451,52.732247,On or near Wisbech Road,E01026719,King's Lynn and West Norfolk 013C,Violence and sexual offences,Court result unavailable,
,2016-01,Norfolk Constabulary,Norfolk Constabulary,0.191675,52.683910,On or near Lynn Road,E01026720,King's Lynn and West Norfolk 013D,Anti-social behaviour,,
,2016-01,Norfolk Constabulary,Norfolk Constabulary,0.183182,52.696646,On or near St Mary'S Road,E01026720,King's Lynn and West Norfolk 013D,Anti-social behaviour,,
12a0f24d7f248ce2b21eb3acadefc498f030a6ed26fddd6ec1b103ecceceb612,2016-01,Norfolk Constabulary,Norfolk Constabulary,0.182506,52.684286,On or near Grassgate Lane,E01026720,King's Lynn and West Norfolk 013D,Burglary,Formal action is not in the public interest,
490ee4644cc602856bda90198e25ba8882edbbb21020c7fdb8c82a4e0c9cb5e2,2016-01,Norfolk Constabulary,Norfolk Constabulary,0.191675,52.683910,On or near Lynn Road,E01026720,King's Lynn and West Norfolk 013D,Burglary,Formal action is not in the public interest,
8fd54e33e3887510c0d6d1e4a00f75e6ce543b6b17c0fc45afd14708fc3136bc,2016-01,Norfolk Constabulary,Norfolk Constabulary,0.183182,52.696646,On or near St Mary'S Road,E01026720,King's Lynn and West Norfolk 013D,Other theft,Investigation complete; no suspect identified,
b821747bffd8d7f9472ae3868bd90606d37ab7ec347c15b637b376a4a3411436,2016-01,Norfolk Constabulary,Norfolk Constabulary,0.211434,52.677303,On or near Meer Dyke Lane,E01026721,King's Lynn and West Norfolk 013E,Criminal damage and arson,Formal action is not in the public interest,
e7c9d0d6e947864ef25679f0d840047a6ceebd26c63113543d6600563df47e7c,2016-01,Norfolk Constabulary,Norfolk Constabulary,0.227057,52.693617,On or near West Drove (South),E01026721,King's Lynn and West Norfolk 013E,Public order,Investigation complete; no suspect identified,
19eb5ddbf9f4275edd77f503a2c353e011a2799786c5c621df6c68433b22552e,2016-01,Norfolk Constabulary,Norfolk Constabulary,0.247057,52.699516,On or near Stockshill Square,E01026721,King's Lynn and West Norfolk 013E,Violence and sexual offences,Status update unavailable,
6c3b6fa8a2429dba4aef3e447cdfa110686c22cbf0a5752ccc0a228ff680ed85,2016-01,Norfolk Constabulary,Norfolk Constabulary,0.199538,52.694635,On or near Trafford Estate,E01026721,King's Lynn and West Norfolk 013E,Violence and sexual offences,Local resolution,
eec6c62f14d12b937114ab57e5e1fb5543870dc1985958015c0f491f4b5398c1,2016-01,Norfolk Constabulary,Norfolk Constabulary,0.199538,52.694635,On or near Trafford Estate,E01026721,King's Lynn and West Norfolk 013E,Violence and sexual offences,Status update unavailable,
2e3c840a1b0a8d2dd5d16e7fe595632f3dc40dc534f8c74474ed677c0051bb0d,2016-01,Norfolk Constabulary,Norfolk Constabulary,0.528300,52.660399,On or near Walnut Walk,E01026642,King's Lynn and West Norfolk 014A,Public order,Local resolution,
,2016-01,Norfolk Constabulary,Norfolk Constabulary,0.392009,52.654400,On or near Banyards Place,E01026643,King's Lynn and West Norfolk 014B,Anti-social behaviour,,
,2016-01,Norfolk Constabulary,Norfolk Constabulary,0.540469,52.667252,On or near Hogg'S Drove,E01026644,King's Lynn and West Norfolk 014C,Anti-social behaviour,,
0ba261084fd31c0eb6fe4fccb1a3ce6c34a4045478efa5369cbf25776c3f258a,2016-01,Norfolk Constabulary,Norfolk Constabulary,0.545370,52.659458,On or near Woodview Road,E01026644,King's Lynn and West Norfolk 014C,Other theft,Investigation complete; no suspect identified,
2b51c6b5c3e5d42f708e598eedb12b5892ab0b7091a692ec93bc9bf2ae8a4878,2016-01,Norfolk Constabulary,Norfolk Constabulary,0.536825,52.653122,On or near Sandringham Avenue,E01026644,King's Lynn and West Norfolk 014C,Vehicle crime,Investigation complete; no suspect identified,
,2016-01,Norfolk Constabulary,Norfolk Constabulary,0.415489,52.705860,On or near Westland Chase,E01026723,King's Lynn and West Norfolk 014D,Anti-social behaviour,,
a3fb33c3701f91cd96b9488fe5201e39bf2a3032250add230b8395327b36e0b8,2016-01,Norfolk Constabulary,Norfolk Constabulary,0.415138,52.709419,On or near Orford Place,E01026723,King's Lynn and West Norfolk 014D,Criminal damage and arson,Status update unavailable,
1e52433656cb3204cde6920773d16739d9a9f8761439d593bcabf0ee78ad634c,2016-01,Norfolk Constabulary,Norfolk Constabulary,0.415138,52.709419,On or near Orford Place,E01026723,King's Lynn and West Norfolk 014D,Drugs,Offender given a caution,
48e1c989a810ae305504f4fac59b7a0c4ccefa9aad016ded7396abf6ed903675,2016-01,Norfolk Constabulary,Norfolk Constabulary,0.415164,52.708294,On or near Oak Avenue,E01026723,King's Lynn and West Norfolk 014D,Other crime,Status update unavailable,
,2016-01,Norfolk Constabulary,Norfolk Constabulary,0.411881,52.719088,On or near Chapel Lane,E01026724,King's Lynn and West Norfolk 014E,Anti-social behaviour,,
,2016-01,Norfolk Constabulary,Norfolk Constabulary,0.409652,52.716256,On or near Common Close,E01026724,King's Lynn and West Norfolk 014E,Anti-social behaviour,,
,2016-01,Norfolk Constabulary,Norfolk Constabulary,0.409419,52.714984,On or near Orhard Grove,E01026724,King's Lynn and West Norfolk 014E,Anti-social behaviour,,
,2016-01,Norfolk Constabulary,Norfolk Constabulary,0.412893,52.711937,On or near Dohamero Lane,E01026724,King's Lynn and West Norfolk 014E,Anti-social behaviour,,
a28e94d79e33f62c1f4519bdcff64c65b14544774029725d745e26227386d12b,2016-01,Norfolk Constabulary,Norfolk Constabulary,0.418191,52.718852,On or near Coronation Avenue,E01026724,King's Lynn and West Norfolk 014E,Violence and sexual offences,Formal action is not in the public interest,
,2016-01,Norfolk Constabulary,Norfolk Constabulary,0.458864,52.717988,On or near Hall Orchards,E01026725,King's Lynn and West Norfolk 014F,Anti-social behaviour,,
43360f43b1ba04dccf2b183dad3f7293a8b18082ea30f2fc0d29429487ead4e3,2016-01,Norfolk Constabulary,Norfolk Constabulary,0.460795,52.705206,On or near The Alley,E01026725,King's Lynn and West Norfolk 014F,Violence and sexual offences,Status update unavailable,
5d8c12033951909cf38e34629c7d9001d152296cc773c61b3491a1b9a43025f2,2016-01,Norfolk Constabulary,Norfolk Constabulary,0.279386,52.701578,On or near Westfields,E01026696,King's Lynn and West Norfolk 015A,Burglary,Investigation complete; no suspect identified,
,2016-01,Norfolk Constabulary,Norfolk Constabulary,0.274394,52.705190,On or near Petrol Station,E01026697,King's Lynn and West Norfolk 015B,Anti-social behaviour,,
1cb6985229289df60bc885fd46057a32cc50d415975b70502ecb5ab01b866c7d,2016-01,Norfolk Constabulary,Norfolk Constabulary,0.274656,52.707666,On or near Old Church Road,E01026697,King's Lynn and West Norfolk 015B,Burglary,Investigation complete; no suspect identified,
211ed2ad29568a394afcf6d583f45e00275b986878ce4a3afa3b80f328035b49,2016-01,Norfolk Constabulary,Norfolk Constabulary,0.279001,52.718049,On or near Church Road,E01026697,King's Lynn and West Norfolk 015B,Other theft,Investigation complete; no suspect identified,
15af694958b5968f5dd2ba5d194d00e9a86e72e60a3df6183552b73f2269b137,2016-01,Norfolk Constabulary,Norfolk Constabulary,0.288950,52.699640,On or near Victory Lane,E01026697,King's Lynn and West Norfolk 015B,Other theft,Investigation complete; no suspect identified,
01f87e9000f64cc2da0255a26b3ac716016b596abb0e3f61b12db0be9df47877,2016-01,Norfolk Constabulary,Norfolk Constabulary,0.288950,52.699640,On or near Victory Lane,E01026697,King's Lynn and West Norfolk 015B,Other theft,Investigation complete; no suspect identified,
b92c83df39e8a413f77b63ae4ec1227c5b7e6d8f36e36e1effde6e87772181f3,2016-01,Norfolk Constabulary,Norfolk Constabulary,0.292343,52.706471,On or near Church Road,E01026697,King's Lynn and West Norfolk 015B,Vehicle crime,Formal action is not in the public interest,
5e36d7db7b122ab50011ac3167f927f827c95309ce042c32452da24089fe5d6f,2016-01,Norfolk Constabulary,Norfolk Constabulary,0.384762,52.670659,On or near Thomas Close,E01026722,King's Lynn and West Norfolk 015C,Violence and sexual offences,Status update unavailable,
d9c22eb51bde8f37a84d46947845d6d39d3b0c4fe3a8986b152b655de7de2ddc,2016-01,Norfolk Constabulary,Norfolk Constabulary,0.417945,52.665661,On or near Watlington Road,E01026722,King's Lynn and West Norfolk 015C,Violence and sexual offences,Court result unavailable,
,2016-01,Norfolk Constabulary,Norfolk Constabulary,0.362169,52.674915,On or near Church Close,E01026726,King's Lynn and West Norfolk 015D,Anti-social behaviour,,
,2016-01,Norfolk Constabulary,Norfolk Constabulary,0.356861,52.669752,On or near Mill Road,E01026726,King's Lynn and West Norfolk 015D,Anti-social behaviour,,
8ad2a738b88afc99faa560f814142a518b8e80b5017ea69afa728cc8604d5941,2016-01,Norfolk Constabulary,Norfolk Constabulary,0.353878,52.698719,On or near Foxglove Walk,E01026726,King's Lynn and West Norfolk 015D,Burglary,Investigation complete; no suspect identified,
336c31d29ea18b492abaf7f365da8c5070ccd827e75435d103acbe91169da988,2016-01,Norfolk Constabulary,Norfolk Constabulary,0.381613,52.715276,On or near Low Road,E01026726,King's Lynn and West Norfolk 015D,Violence and sexual offences,Investigation complete; no suspect identified,
752022bdf11e2d0ad2967c73c2790defeffa2a465cc65f24c7860a70024309ef,2016-01,Norfolk Constabulary,Norfolk Constabulary,0.362169,52.674915,On or near Church Close,E01026726,King's Lynn and West Norfolk 015D,Violence and sexual offences,Status update unavailable,
,2016-01,Norfolk Constabulary,Norfolk Constabulary,0.249928,52.605365,On or near Cemetery Road,E01026659,King's Lynn and West Norfolk 016A,Anti-social behaviour,,
,2016-01,Norfolk Constabulary,Norfolk Constabulary,0.260925,52.612987,On or near Angle Road,E01026659,King's Lynn and West Norfolk 016A,Anti-social behaviour,,
,2016-01,Norfolk Constabulary,Norfolk Constabulary,0.234861,52.609661,On or near Wisbech Road,E01026659,King's Lynn and West Norfolk 016A,Anti-social behaviour,,
b2100d0eb43da4ff5538673bbb2fd8ede5fc83d78eadc097c93d44521878174a,2016-01,Norfolk Constabulary,Norfolk Constabulary,0.248896,52.614331,On or near Langhorn'S Lane,E01026659,King's Lynn and West Norfolk 016A,Burglary,Offender sent to prison,
3986f321c37699e969aafe015fab3bd1052e993eb56a67cea1f1bd1316fbb08c,2016-01,Norfolk Constabulary,Norfolk Constabulary,0.229964,52.610373,On or near Isle Bridge Road,E01026659,King's Lynn and West Norfolk 016A,Burglary,Investigation complete; no suspect identified,
7c929c0fbe316a37a5dad7c897ddd7963aab897faf07b0df01820c23a646bbfc,2016-01,Norfolk Constabulary,Norfolk Constabulary,0.233781,52.607002,On or near Churchfield Road,E01026659,King's Lynn and West Norfolk 016A,Burglary,Investigation complete; no suspect identified,
8bdd652ee89e339f2d02a08a4c139718e406a8d7cb8828771bbd0aff3915f7c8,2016-01,Norfolk Constabulary,Norfolk Constabulary,0.247642,52.598782,On or near Glenfield Close,E01026659,King's Lynn and West Norfolk 016A,Criminal damage and arson,Status update unavailable,
58b6b4e48b71af56c8b396167d1b83b274e5aabbb8abf8aff505aa5250cad37c,2016-01,Norfolk Constabulary,Norfolk Constabulary,0.247642,52.598782,On or near Glenfield Close,E01026659,King's Lynn and West Norfolk 016A,Criminal damage and arson,Investigation complete; no suspect identified,
74df764ba3f344db0eb99a03af20f909307e677a12770f156bffdd5dc0a8f2b5,2016-01,Norfolk Constabulary,Norfolk Constabulary,0.244991,52.606439,On or near Baldwins Drove,E01026659,King's Lynn and West Norfolk 016A,Public order,Formal action is not in the public interest,
f4fcad7355ecfb58fcb3343a1aaca1f7b3c239d5494207100c684c2a143c05b2,2016-01,Norfolk Constabulary,Norfolk Constabulary,0.231220,52.615610,On or near St Andrews Close,E01026659,King's Lynn and West Norfolk 016A,Vehicle crime,Investigation complete; no suspect identified,
8f8250d64765e972a51505b19ef0164f7e0731af774a995170af05ea0ecc548e,2016-01,Norfolk Constabulary,Norfolk Constabulary,0.244991,52.606439,On or near Baldwins Drove,E01026659,King's Lynn and West Norfolk 016A,Violence and sexual offences,Status update unavailable,
4edd50f5254f6454ec570afb9b5987ff951d8d4d808cb4de22e5167380e6eb58,2016-01,Norfolk Constabulary,Norfolk Constabulary,0.244991,52.606439,On or near Baldwins Drove,E01026659,King's Lynn and West Norfolk 016A,Violence and sexual offences,Offender given community sentence,
,2016-01,Norfolk Constabulary,Norfolk Constabulary,0.173014,52.648054,On or near Elm High Road,E01026660,King's Lynn and West Norfolk 016B,Anti-social behaviour,,
,2016-01,Norfolk Constabulary,Norfolk Constabulary,0.209201,52.641550,On or near Gaultree Square,E01026660,King's Lynn and West Norfolk 016B,Anti-social behaviour,,
,2016-01,Norfolk Constabulary,Norfolk Constabulary,0.211714,52.639210,On or near Hollycroft Close,E01026660,King's Lynn and West Norfolk 016B,Anti-social behaviour,,
,2016-01,Norfolk Constabulary,Norfolk Constabulary,0.188725,52.642649,On or near Thatchwood Avenue,E01026660,King's Lynn and West Norfolk 016B,Anti-social behaviour,,
,2016-01,Norfolk Constabulary,Norfolk Constabulary,0.209201,52.641550,On or near Gaultree Square,E01026660,King's Lynn and West Norfolk 016B,Anti-social behaviour,,
,2016-01,Norfolk Constabulary,Norfolk Constabulary,0.188725,52.642649,On or near Thatchwood Avenue,E01026660,King's Lynn and West Norfolk 016B,Anti-social behaviour,,
,2016-01,Norfolk Constabulary,Norfolk Constabulary,0.173014,52.648054,On or near Elm High Road,E01026660,King's Lynn and West Norfolk 016B,Anti-social behaviour,,
e35eb0a0cf33e9480406d57789c39e373e19efc60b588806e86339d78c89e974,2016-01,Norfolk Constabulary,Norfolk Constabulary,0.173014,52.648054,On or near Elm High Road,E01026660,King's Lynn and West Norfolk 016B,Criminal damage and arson,Status update unavailable,
b2ed5e62342687a8e1793be553e9be0322593875bbc8e2647ffe07a0bcd99458,2016-01,Norfolk Constabulary,Norfolk Constabulary,0.214510,52.642772,On or near Sports/Recreation Area,E01026660,King's Lynn and West Norfolk 016B,Other theft,Investigation complete; no suspect identified,
0ed709aa9389976c15836a76bff24487e81b5e955c23aebd0c657800cd9461f0,2016-01,Norfolk Constabulary,Norfolk Constabulary,0.184952,52.644355,On or near Tram Station Lane,E01026660,King's Lynn and West Norfolk 016B,Other theft,Formal action is not in the public interest,
4508d5e049d7b2934dd5a96d1b5b0b2622ac2c4f7d6c4f7b57946827d8f98ff7,2016-01,Norfolk Constabulary,Norfolk Constabulary,0.170933,52.649909,On or near Petrol Station,E01026660,King's Lynn and West Norfolk 016B,Other theft,Investigation complete; no suspect identified,
ae3045c953ef622db1c42aca44d9a0d4e5beedb670d22d0f19e5c78be1a81663,2016-01,Norfolk Constabulary,Norfolk Constabulary,0.173014,52.648054,On or near Elm High Road,E01026660,King's Lynn and West Norfolk 016B,Shoplifting,Offender given community sentence,
7e9b23a20546e364474b2cd34aa90493d1d11f0e41312b4483c224f7456d88aa,2016-01,Norfolk Constabulary,Norfolk Constabulary,0.205359,52.643338,On or near Terrington Close,E01026660,King's Lynn and West Norfolk 016B,Vehicle crime,Investigation complete; no suspect identified,
9ecf0eaf42d70243d35e557cab09ce67dfbf66d7095a90770c36182c6c1417b5,2016-01,Norfolk Constabulary,Norfolk Constabulary,0.188725,52.642649,On or near Thatchwood Avenue,E01026660,King's Lynn and West Norfolk 016B,Violence and sexual offences,Status update unavailable,
,2016-01,Norfolk Constabulary,Norfolk Constabulary,0.216950,52.612983,On or near Green Drove,E01026661,King's Lynn and West Norfolk 016C,Anti-social behaviour,,
5f1798339ebb7d50d857a4651cf53b2b56e08d430c58d53ec115642d960b3637,2016-01,Norfolk Constabulary,Norfolk Constabulary,0.229377,52.618594,On or near Wisbech Road,E01026661,King's Lynn and West Norfolk 016C,Violence and sexual offences,Unable to prosecute suspect,
78162157838567f4371e7919f9e015ceea0c7f6ac012c0f959233676be4fc8d1,2016-01,Norfolk Constabulary,Norfolk Constabulary,0.211664,52.638222,On or near St Edmunds Drive,E01026661,King's Lynn and West Norfolk 016C,Violence and sexual offences,Status update unavailable,
bd90caf2e02f9930ea05c6832d7911dc282d57d2c3736290d2da65f99637d12d,2016-01,Norfolk Constabulary,Norfolk Constabulary,0.215207,52.580790,On or near Croft Road,E01026715,King's Lynn and West Norfolk 016D,Criminal damage and arson,Investigation complete; no suspect identified,
fda0b3455e710b710fb92654650d7d31f0f1ab86951bd275802f5d26d9221ea5,2016-01,Norfolk Constabulary,Norfolk Constabulary,0.207318,52.592995,On or near School Road,E01026715,King's Lynn and West Norfolk 016D,Criminal damage and arson,Investigation complete; no suspect identified,
f683c41ecc79c4c497e10539ba10d056633a344a34f28f65a814e026da3472b6,2016-01,Norfolk Constabulary,Norfolk Constabulary,0.214685,52.600590,On or near St Peters Road,E01026715,King's Lynn and West Norfolk 016D,Other theft,Investigation complete; no suspect identified,
fb91b54927c291b495775b71d7bf12cff342a3dba898b88c7c3a854abbab900a,2016-01,Norfolk Constabulary,Norfolk Constabulary,0.224120,52.604063,On or near Town Street,E01026715,King's Lynn and West Norfolk 016D,Vehicle crime,Investigation complete; no suspect identified,
d89d4e10e2799a2e9b26aa05d914cf9af7e2951d4df99945c5b6f2bedbf8eb5f,2016-01,Norfolk Constabulary,Norfolk Constabulary,0.215207,52.580790,On or near Croft Road,E01026715,King's Lynn and West Norfolk 016D,Violence and sexual offences,Status update unavailable,
bc009a58fa75c93a577d740b248a30bafe8f8ccb8765780b4121229c148fa967,2016-01,Norfolk Constabulary,Norfolk Constabulary,0.214685,52.600590,On or near St Peters Road,E01026715,King's Lynn and West Norfolk 016D,Violence and sexual offences,Formal action is not in the public interest,
aa67112fd04e5469247b3149b48eeb0212cb5361f08093b55bbb9374074b1ee9,2016-01,Norfolk Constabulary,Norfolk Constabulary,0.250710,52.519759,On or near Main Street,E01026716,King's Lynn and West Norfolk 016E,Other theft,Investigation complete; no suspect identified,
92e091161030128c9065b227ee78da7f0f225861509a1c5da8bf516f62cc3176,2016-01,Norfolk Constabulary,Norfolk Constabulary,0.223385,52.534123,On or near Wisbech Road,E01026716,King's Lynn and West Norfolk 016E,Robbery,Investigation complete; no suspect identified,
a6d266cc4d57e4096d9e104fa9ba6984509cb5f0f2876d6da8d4f1d7c9c8675c,2016-01,Norfolk Constabulary,Norfolk Constabulary,0.240882,52.571369,On or near Mudd'S Drove,E01026716,King's Lynn and West Norfolk 016E,Violence and sexual offences,Formal action is not in the public interest,
,2016-01,Norfolk Constabulary,Norfolk Constabulary,0.318854,52.605600,On or near Sports/Recreation Area,E01026717,King's Lynn and West Norfolk 016F,Anti-social behaviour,,
,2016-01,Norfolk Constabulary,Norfolk Constabulary,0.318854,52.605600,On or near Sports/Recreation Area,E01026717,King's Lynn and West Norfolk 016F,Anti-social behaviour,,
721123de37eef594990d7a1ebe77f2673260d4033c6e269ca0fc2f95391cbe35,2016-01,Norfolk Constabulary,Norfolk Constabulary,0.276243,52.576530,On or near Silt Road,E01026717,King's Lynn and West Norfolk 016F,Burglary,Investigation complete; no suspect identified,
67e0362f571fa509eb446441596183b8c77e4a10ee83bea9a0dae2df2eb4a716,2016-01,Norfolk Constabulary,Norfolk Constabulary,0.295386,52.590079,On or near Barroway Drove,E01026717,King's Lynn and West Norfolk 016F,Other theft,Investigation complete; no suspect identified,
c7a66852481ec206215b8e9825ec7c4c428b3df6a3235de4ae5a832a0ee43d0d,2016-01,Norfolk Constabulary,Norfolk Constabulary,0.327401,52.607464,On or near Lady Drove,E01026717,King's Lynn and West Norfolk 016F,Other theft,Investigation complete; no suspect identified,
2d495817b857df3c719a1d226d627aad9622839c635fe8d8ac52c4899e435dab,2016-01,Norfolk Constabulary,Norfolk Constabulary,0.361754,52.603583,On or near Station Road,E01026717,King's Lynn and West Norfolk 016F,Violence and sexual offences,Status update unavailable,
07fa648471e532c785c516ea4c7c241dbec8cf8fbae9e4f5a5da6ebe4026173b,2016-01,Norfolk Constabulary,Norfolk Constabulary,0.327401,52.607464,On or near Lady Drove,E01026717,King's Lynn and West Norfolk 016F,Violence and sexual offences,Status update unavailable,
bfaf0d410971358e879236bc90a0d2e28c3626127d1d05b60381ea06ac05fbd7,2016-01,Norfolk Constabulary,Norfolk Constabulary,0.384758,52.609192,On or near Sports/Recreation Area,E01026686,King's Lynn and West Norfolk 017C,Violence and sexual offences,Formal action is not in the public interest,
7391fee61b18f5558dda9374bcd5405cffee25287a159d116d84eebab2c167c3,2016-01,Norfolk Constabulary,Norfolk Constabulary,0.377594,52.605910,On or near Oak View Drive,E01026686,King's Lynn and West Norfolk 017C,Violence and sexual offences,Status update unavailable,
87105a2eaebaa5d0b65c618ab548b04e2982b739a37bfbda42832835e7e13c2c,2016-01,Norfolk Constabulary,Norfolk Constabulary,0.369992,52.609542,On or near Tinkers Way,E01026686,King's Lynn and West Norfolk 017C,Violence and sexual offences,Offender given penalty notice,
,2016-01,Norfolk Constabulary,Norfolk Constabulary,0.378922,52.597170,On or near Police Station,E01026707,King's Lynn and West Norfolk 017D,Anti-social behaviour,,
,2016-01,Norfolk Constabulary,Norfolk Constabulary,0.366297,52.598826,On or near Sovereign Way,E01026707,King's Lynn and West Norfolk 017D,Anti-social behaviour,,
35d4962b440178ddd4bd37556d49bb844f47e518ef6a754743e49c92fc96eab6,2016-01,Norfolk Constabulary,Norfolk Constabulary,0.369680,52.596105,On or near St James Drive,E01026707,King's Lynn and West Norfolk 017D,Burglary,Investigation complete; no suspect identified,
eb7ad2b6fc277eecfaf06c09536e897731f795e6e1f4b9bde1c3eab448bf656a,2016-01,Norfolk Constabulary,Norfolk Constabulary,0.375387,52.597070,On or near Churchill Way,E01026707,King's Lynn and West Norfolk 017D,Criminal damage and arson,Investigation complete; no suspect identified,
f45747a71f4d10fad73171de9c706eda0d72b6fefab057cfdf9f7ae02db0c0cf,2016-01,Norfolk Constabulary,Norfolk Constabulary,0.371269,52.599293,On or near Kensington Road,E01026707,King's Lynn and West Norfolk 017D,Violence and sexual offences,Unable to prosecute suspect,
,2016-01,Norfolk Constabulary,Norfolk Constabulary,0.394550,52.605658,On or near Hogarth Road,E01033036,King's Lynn and West Norfolk 017E,Anti-social behaviour,,
,2016-01,Norfolk Constabulary,Norfolk Constabulary,0.387174,52.605276,On or near Wordsworth Close,E01033036,King's Lynn and West Norfolk 017E,Anti-social behaviour,,
,2016-01,Norfolk Constabulary,Norfolk Constabulary,0.394550,52.605658,On or near Hogarth Road,E01033036,King's Lynn and West Norfolk 017E,Anti-social behaviour,,
ee2577bb2df3ef31743c4531f2f06e4ce6d72a59dc39d4f28e79d0b867efc9f5,2016-01,Norfolk Constabulary,Norfolk Constabulary,0.388198,52.606712,On or near Gainsborough Close,E01033036,King's Lynn and West Norfolk 017E,Criminal damage and arson,Offender fined,
839f5738f85302385a97795faf388b28a81b93576a79e8603bfd7fc275e3d4c8,2016-01,Norfolk Constabulary,Norfolk Constabulary,0.387174,52.605276,On or near Wordsworth Close,E01033036,King's Lynn and West Norfolk 017E,Public order,Formal action is not in the public interest,
c98eaa360829de83607c93319b4bff42f473943413ad76816147f94660787947,2016-01,Norfolk Constabulary,Norfolk Constabulary,0.394550,52.605658,On or near Hogarth Road,E01033036,King's Lynn and West Norfolk 017E,Vehicle crime,Offender fined,
7d0bcc79d0699a1cd589237316a3040385e3f67440eea4f4980ceea17a8199e4,2016-01,Norfolk Constabulary,Norfolk Constabulary,0.389443,52.602722,On or near Bexwell Road,E01033036,King's Lynn and West Norfolk 017E,Violence and sexual offences,Local resolution,
3fa8899f4ffae92a9d552f4828df49b6c5d259e1ee0ff97b0fa34038cca09357,2016-01,Norfolk Constabulary,Norfolk Constabulary,0.388198,52.606712,On or near Gainsborough Close,E01033036,King's Lynn and West Norfolk 017E,Violence and sexual offences,Status update unavailable,
9dbb3aeec6e3ea53c96220dd43a971a64996963a473651bcefee50526fb47bfa,2016-01,Norfolk Constabulary,Norfolk Constabulary,0.388198,52.606712,On or near Gainsborough Close,E01033036,King's Lynn and West Norfolk 017E,Other crime,Offender given a caution,
,2016-01,Norfolk Constabulary,Norfolk Constabulary,0.390492,52.607889,On or near Lancaster Crescent,E01033037,King's Lynn and West Norfolk 017F,Anti-social behaviour,,
,2016-01,Norfolk Constabulary,Norfolk Constabulary,0.393368,52.607273,On or near Bay Walk,E01033037,King's Lynn and West Norfolk 017F,Anti-social behaviour,,
9a31d142ffa0b2842f3f5f69ba4f6336dab2d9644db25715ca49b880747bf771,2016-01,Norfolk Constabulary,Norfolk Constabulary,0.390883,52.609913,On or near Tarragon Road,E01033037,King's Lynn and West Norfolk 017F,Other theft,Unable to prosecute suspect,
ed256c1d5be74a547654995713aa73a817e611ae56166199690ab94036e76cb7,2016-01,Norfolk Constabulary,Norfolk Constabulary,0.392016,52.608200,On or near Basil Drive,E01033037,King's Lynn and West Norfolk 017F,Other theft,Investigation complete; no suspect identified,
cdc71676530d086eccb8c4f9ff0fec36dc6a667b1282df6e9dec6df256e19d40,2016-01,Norfolk Constabulary,Norfolk Constabulary,0.394964,52.608356,On or near Elderflower Way,E01033037,King's Lynn and West Norfolk 017F,Violence and sexual offences,Status update unavailable,
220c37b32de590b6e5b8bc8c605c08b14ec4485c43d399d7ddc9b8f7999e2129,2016-01,Norfolk Constabulary,Norfolk Constabulary,0.386835,52.607450,On or near Glebe Road,E01033037,King's Lynn and West Norfolk 017F,Violence and sexual offences,Unable to prosecute suspect,
5239256feeaa1259f0fce86dfebd5b0a1dde24754c805b44bcc534d6927e300b,2016-01,Norfolk Constabulary,Norfolk Constabulary,0.390883,52.609913,On or near Tarragon Road,E01033037,King's Lynn and West Norfolk 017F,Violence and sexual offences,Status update unavailable,
d5431b1c6822f6bc5c0399677dfb04bdeab139c76edfe081ea96018dd808e319,2016-01,Norfolk Constabulary,Norfolk Constabulary,0.390492,52.607889,On or near Lancaster Crescent,E01033037,King's Lynn and West Norfolk 017F,Violence and sexual offences,Local resolution,
3c4368662e9a03a6662271e8dc118bb2f500c6c7ce4090f32478f6bc257c34af,2016-01,Norfolk Constabulary,Norfolk Constabulary,0.393755,52.606771,On or near Linseed Walk,E01033037,King's Lynn and West Norfolk 017F,Other crime,Status update unavailable,
,2016-01,Norfolk Constabulary,Norfolk Constabulary,0.365367,52.604581,On or near Parking Area,E01033038,King's Lynn and West Norfolk 017G,Anti-social behaviour,,
,2016-01,Norfolk Constabulary,Norfolk Constabulary,0.368516,52.605732,On or near Winnold Street,E01033038,King's Lynn and West Norfolk 017G,Anti-social behaviour,,
,2016-01,Norfolk Constabulary,Norfolk Constabulary,0.376608,52.602701,On or near Parking Area,E01033038,King's Lynn and West Norfolk 017G,Anti-social behaviour,,
,2016-01,Norfolk Constabulary,Norfolk Constabulary,0.368516,52.605732,On or near Winnold Street,E01033038,King's Lynn and West Norfolk 017G,Anti-social behaviour,,
,2016-01,Norfolk Constabulary,Norfolk Constabulary,0.365786,52.603044,On or near Maltings Lane,E01033038,King's Lynn and West Norfolk 017G,Anti-social behaviour,,
31e4fc570d7c8868aa43a638d682aad70a0def316749495bf7e5367206547f6c,2016-01,Norfolk Constabulary,Norfolk Constabulary,0.366726,52.604032,On or near James Scott Close,E01033038,King's Lynn and West Norfolk 017G,Burglary,Investigation complete; no suspect identified,
1aaa03eea3e09700d191031fc4cd2425b33276a3955ca37d7ea3c288cd62700e,2016-01,Norfolk Constabulary,Norfolk Constabulary,0.378411,52.603546,On or near High Street,E01033038,King's Lynn and West Norfolk 017G,Burglary,Offender sent to prison,
e1ef7c67d64f39651c90f08f09f3a90d47a29e762ab8e4709d13ed220f5d2ee1,2016-01,Norfolk Constabulary,Norfolk Constabulary,0.370891,52.603221,On or near Dial Close,E01033038,King's Lynn and West Norfolk 017G,Criminal damage and arson,Investigation complete; no suspect identified,
ed91894770365ab6901987fcb3471f29a3cc86dd6ec9cf2788b74e74922bc549,2016-01,Norfolk Constabulary,Norfolk Constabulary,0.376608,52.602701,On or near Parking Area,E01033038,King's Lynn and West Norfolk 017G,Criminal damage and arson,Investigation complete; no suspect identified,
8877e9fa852599f548c1c712185c1cc67e8b8f8dc59e5fc3249b26211635e363,2016-01,Norfolk Constabulary,Norfolk Constabulary,0.372840,52.602948,On or near Norfolk Square,E01033038,King's Lynn and West Norfolk 017G,Other theft,Investigation complete; no suspect identified,
94dcb2f0a9c953af8e9c00b65cf8ac40a66ba1281e501781eaa367342b37c65a,2016-01,Norfolk Constabulary,Norfolk Constabulary,0.378411,52.603546,On or near High Street,E01033038,King's Lynn and West Norfolk 017G,Vehicle crime,Status update unavailable,
369f2478a4b64cc69e0bee083ff08cfe784a98180a8d30b06999eadbf56d66e3,2016-01,Norfolk Constabulary,Norfolk Constabulary,0.372840,52.602948,On or near Norfolk Square,E01033038,King's Lynn and West Norfolk 017G,Violence and sexual offences,Unable to prosecute suspect,
a414379ea694176024006efc0f7004d6ec980c4fd990812e1c66431ed600d50d,2016-01,Norfolk Constabulary,Norfolk Constabulary,0.370146,52.605016,On or near Elizabeth Avenue,E01033038,King's Lynn and West Norfolk 017G,Violence and sexual offences,Formal action is not in the public interest,
906b73d56206104af7393176c39b10be19d99026b351f69aac36be3345af2296,2016-01,Norfolk Constabulary,Norfolk Constabulary,0.378411,52.603546,On or near High Street,E01033038,King's Lynn and West Norfolk 017G,Violence and sexual offences,Investigation complete; no suspect identified,
44d51c5f8829b9a31532dd805332eaab5c14d1fe3f4d14a802faf80c993f0992,2016-01,Norfolk Constabulary,Norfolk Constabulary,0.366726,52.604032,On or near James Scott Close,E01033038,King's Lynn and West Norfolk 017G,Violence and sexual offences,Formal action is not in the public interest,
d7aed8ae68b55a17f14a117c71f305e9c629cfeccd9fdb5e8e75657fc0479767,2016-01,Norfolk Constabulary,Norfolk Constabulary,0.368516,52.605732,On or near Winnold Street,E01033038,King's Lynn and West Norfolk 017G,Violence and sexual offences,Offender given conditional discharge,
f2a9f4fdad8d7b7cf9e3bfe0c498fb11710fa5ff9d3529b8a5836141e6344f27,2016-01,Norfolk Constabulary,Norfolk Constabulary,0.376608,52.602701,On or near Parking Area,E01033038,King's Lynn and West Norfolk 017G,Violence and sexual offences,Formal action is not in the public interest,
c484118c2b12e374a318d55f379a560f9c5b119b9e342bca0973eda8887156ff,2016-01,Norfolk Constabulary,Norfolk Constabulary,0.368516,52.605732,On or near Winnold Street,E01033038,King's Lynn and West Norfolk 017G,Violence and sexual offences,Defendant found not guilty,
90888e855b9b01a912cfd520c686d7849c3d8748087f79209521b1419b3149d7,2016-01,Norfolk Constabulary,Norfolk Constabulary,0.377847,52.602398,On or near High Street,E01033038,King's Lynn and West Norfolk 017G,Other crime,Investigation complete; no suspect identified,
,2016-01,Norfolk Constabulary,Norfolk Constabulary,0.376317,52.601143,On or near Further/Higher Educational Building,E01033039,King's Lynn and West Norfolk 017H,Anti-social behaviour,,
,2016-01,Norfolk Constabulary,Norfolk Constabulary,0.378847,52.602594,On or near Church Road,E01033039,King's Lynn and West Norfolk 017H,Anti-social behaviour,,
589fb66ad58cb64dc62889fc91cf862a4c72344a08a93e739331edf34ec8f383,2016-01,Norfolk Constabulary,Norfolk Constabulary,0.374594,52.601780,On or near Priory Chase,E01033039,King's Lynn and West Norfolk 017H,Public order,Offender sent to prison,
fbd5606cd15477e4f860fb24bdaabc5f7ac79f9f2aa62904fc58f373ceaed29b,2016-01,Norfolk Constabulary,Norfolk Constabulary,0.376317,52.601143,On or near Further/Higher Educational Building,E01033039,King's Lynn and West Norfolk 017H,Vehicle crime,Investigation complete; no suspect identified,
d2c379fcb2bbd6ab251c8b47fb062f90eb524aefeb0f8f0f826c46f24fd73392,2016-01,Norfolk Constabulary,Norfolk Constabulary,0.379355,52.601064,On or near Court Gardens,E01033039,King's Lynn and West Norfolk 017H,Violence and sexual offences,Formal action is not in the public interest,
,2016-01,Norfolk Constabulary,Norfolk Constabulary,0.362113,52.544095,On or near Engine Road,E01026679,King's Lynn and West Norfolk 018A,Anti-social behaviour,,
,2016-01,Norfolk Constabulary,Norfolk Constabulary,0.389534,52.561528,On or near Bridge Street,E01026679,King's Lynn and West Norfolk 018A,Anti-social behaviour,,
01aa886d357bb43323cdf2f6123ab44efde63f5713b461c2b85b5f183300b974,2016-01,Norfolk Constabulary,Norfolk Constabulary,0.377657,52.590164,On or near Sandy Lane,E01026679,King's Lynn and West Norfolk 018A,Criminal damage and arson,Investigation complete; no suspect identified,
d960ce6ca62ddaa63ec5b5f1f404ef69c57eabfa3b3e9e2c4fd1766a80422860,2016-01,Norfolk Constabulary,Norfolk Constabulary,0.390609,52.571254,On or near A10,E01026679,King's Lynn and West Norfolk 018A,Criminal damage and arson,Investigation complete; no suspect identified,
be862940befe03e3cabe8cada5e3c319ce593ec1979eb23733cbfac1298c7a11,2016-01,Norfolk Constabulary,Norfolk Constabulary,0.397932,52.598081,On or near Petrol Station,E01026679,King's Lynn and West Norfolk 018A,Shoplifting,Offender sent to prison,
2c18945989bf5682125b7d69c12149f032e9233fb109429ae50ef43ec01ccf3d,2016-01,Norfolk Constabulary,Norfolk Constabulary,0.397932,52.598081,On or near Petrol Station,E01026679,King's Lynn and West Norfolk 018A,Violence and sexual offences,Court result unavailable,
,2016-01,Norfolk Constabulary,Norfolk Constabulary,0.453603,52.588542,On or near St Andrews Close,E01026727,King's Lynn and West Norfolk 018B,Anti-social behaviour,,
,2016-01,Norfolk Constabulary,Norfolk Constabulary,0.443269,52.575565,On or near Station Road,E01026727,King's Lynn and West Norfolk 018B,Anti-social behaviour,,
806b3bf902aa4f10fa7ca5366de1dc302df640b1ef5780a0ce27c0e53c5cff1f,2016-01,Norfolk Constabulary,Norfolk Constabulary,0.380024,52.636550,On or near Bardolph Place,E01026727,King's Lynn and West Norfolk 018B,Burglary,Investigation complete; no suspect identified,
37b2b5dbf2c71fba17b9c3cd8ece890fffd7307f426d368f821137de59951776,2016-01,Norfolk Constabulary,Norfolk Constabulary,0.380024,52.636550,On or near Bardolph Place,E01026727,King's Lynn and West Norfolk 018B,Burglary,Investigation complete; no suspect identified,
59d68b0eacad198103f198fbfcc2946258f011b67eaf91ef7f1c2798d68b748b,2016-01,Norfolk Constabulary,Norfolk Constabulary,0.443269,52.575565,On or near Station Road,E01026727,King's Lynn and West Norfolk 018B,Criminal damage and arson,Offender given a caution,
28dd03ee8d770dc2820c9b2e76fb3d1554d54c069594833460e76a4fc88ee02a,2016-01,Norfolk Constabulary,Norfolk Constabulary,0.526589,52.621500,On or near The Paddocks,E01026727,King's Lynn and West Norfolk 018B,Other theft,Investigation complete; no suspect identified,
a527f5f8b064269b3cf238dfb73609c569dd5aa4f2406aaf06b7491892fb2159,2016-01,Norfolk Constabulary,Norfolk Constabulary,0.382034,52.637633,On or near Downham Road,E01026727,King's Lynn and West Norfolk 018B,Vehicle crime,Investigation complete; no suspect identified,
45f6f584507bf4c6ed1e2db3897d66454501443a5dd4d7aade6ea5c08d8b227f,2016-01,Norfolk Constabulary,Norfolk Constabulary,0.453603,52.588542,On or near St Andrews Close,E01026727,King's Lynn and West Norfolk 018B,Vehicle crime,Investigation complete; no suspect identified,
cf5ff43252529ba27494e7fa94c549568319d691e4e8a9f6d1bb52b3f55595d8,2016-01,Norfolk Constabulary,Norfolk Constabulary,0.534990,52.470172,On or near Feltwell Road,E01026648,King's Lynn and West Norfolk 019A,Robbery,Investigation complete; no suspect identified,
59ab4f0de931a656dc0a558b401786e5c337ec40736611631ebfc69090772df4,2016-01,Norfolk Constabulary,Norfolk Constabulary,0.529508,52.486008,On or near Edmund Moundford Road,E01026648,King's Lynn and West Norfolk 019A,Vehicle crime,Investigation complete; no suspect identified,
c846f3ccce1756bc372d72ba954852902b6b2e4ed6bc9804e4875fbacaa56d0f,2016-01,Norfolk Constabulary,Norfolk Constabulary,0.544928,52.464545,On or near Boundary Close,E01026648,King's Lynn and West Norfolk 019A,Violence and sexual offences,Offender given community sentence,
1e5dd4cdbdb2c1b71d53920f950ca76630fd484a980ea6c0abac2268fabd910a,2016-01,Norfolk Constabulary,Norfolk Constabulary,0.520437,52.487595,On or near Short Beck,E01026649,King's Lynn and West Norfolk 019B,Burglary,Investigation complete; no suspect identified,
1eff23ee862d90581ffbbe079bcd570a7e2b4be69cde7b3d9221abc32d1f7591,2016-01,Norfolk Constabulary,Norfolk Constabulary,0.520437,52.487595,On or near Short Beck,E01026649,King's Lynn and West Norfolk 019B,Other theft,Investigation complete; no suspect identified,
5c1a1462733e1e46538a665dacf9d30062a2578668c74feab7c4923083deb835,2016-01,Norfolk Constabulary,Norfolk Constabulary,0.524926,52.489846,On or near Rawlings Way,E01026649,King's Lynn and West Norfolk 019B,Vehicle crime,Investigation complete; no suspect identified,
,2016-01,Norfolk Constabulary,Norfolk Constabulary,0.439297,52.462473,On or near Shrub Drove,E01026650,King's Lynn and West Norfolk 019C,Anti-social behaviour,,
6ba9adcd4dfcbc7317056e8f23d172832bae153fb4af9841c429d4cf77e6579f,2016-01,Norfolk Constabulary,Norfolk Constabulary,0.518419,52.523166,On or near Whiteplot Road,E01026650,King's Lynn and West Norfolk 019C,Burglary,Investigation complete; no suspect identified,
6b013e4922359e110c63606faeca50bdc21f981ca480d2f8156ed7e5396944e0,2016-01,Norfolk Constabulary,Norfolk Constabulary,0.521869,52.523677,On or near New Road,E01026650,King's Lynn and West Norfolk 019C,Burglary,Investigation complete; no suspect identified,
5ad4b7a665680d6fa8c19327f62f836ef10a0ee24b68c52cebc1907be7f40126,2016-01,Norfolk Constabulary,Norfolk Constabulary,0.446196,52.552836,On or near Park/Open Space,E01026650,King's Lynn and West Norfolk 019C,Other theft,Investigation complete; no suspect identified,
3144e80fee36653ccf22862d4238770e5bdbda6359ee369d17a2d421ed3745b4,2016-01,Norfolk Constabulary,Norfolk Constabulary,0.522610,52.524273,On or near Constable Place,E01026650,King's Lynn and West Norfolk 019C,Violence and sexual offences,Status update unavailable,
,2016-01,Norfolk Constabulary,Norfolk Constabulary,0.583477,52.541492,On or near Normandy Close,E01026651,King's Lynn and West Norfolk 019D,Anti-social behaviour,,
7a260db15cd6f8f6c47ba5d8749147246abb35ef4a5a6ecd52c2a957610f9e4f,2016-01,Norfolk Constabulary,Norfolk Constabulary,0.572873,52.545527,On or near Thetford Road,E01026651,King's Lynn and West Norfolk 019D,Burglary,Investigation complete; no suspect identified,
618452951966c0dcf65bb185a51c9f26c41e59b536fbd741ced0dc906d60a2a3,2016-01,Norfolk Constabulary,Norfolk Constabulary,0.555343,52.522051,On or near Chalk Way,E01026651,King's Lynn and West Norfolk 019D,Burglary,Investigation complete; no suspect identified,
e6fb7af34d886ba5aac2993e5d2b73a92118ccca323730f0d755a2abfbc64eab,2016-01,Norfolk Constabulary,Norfolk Constabulary,0.560714,52.534802,On or near Scott'S Lane,E01026651,King's Lynn and West Norfolk 019D,Criminal damage and arson,Investigation complete; no suspect identified,
a2416e84724687e65d45889eed20f5c9ac6046085656a23aa01c2a27ed69fd0b,2016-01,Norfolk Constabulary,Norfolk Constabulary,0.577539,52.545875,On or near West End,E01026651,King's Lynn and West Norfolk 019D,Criminal damage and arson,Investigation complete; no suspect identified,
5ccbc0890b13c010e7f2704a54c9011be7244fbac1d657a5fd3facea1abe8549,2016-01,Norfolk Constabulary,Norfolk Constabulary,0.588823,52.540611,On or near Stablefields,E01026651,King's Lynn and West Norfolk 019D,Criminal damage and arson,Investigation complete; no suspect identified,
99b27a96a903f3fcce0db2269adf55267e36f6388059d66afdf10a4dc749bc31,2016-01,Norfolk Constabulary,Norfolk Constabulary,0.596387,52.537838,On or near Little London Lane,E01026651,King's Lynn and West Norfolk 019D,Criminal damage and arson,Investigation complete; no suspect identified,
679ac8ca3c348c408273db25161f6c6352945afa62ca3ff16fb4548ead79a83d,2016-01,Norfolk Constabulary,Norfolk Constabulary,0.547699,52.521154,On or near Ventura Close,E01026651,King's Lynn and West Norfolk 019D,Other theft,Investigation complete; no suspect identified,
30c6d292c2ea6276e474c0586428c34ad93dbefc228d6b345dd309944cebe243,2016-01,Norfolk Constabulary,Norfolk Constabulary,0.583862,52.543273,On or near St Andrew'S Close,E01026651,King's Lynn and West Norfolk 019D,Other theft,Investigation complete; no suspect identified,
d37f0bc406d7ea0ad9dc9313f616ea46c20d5668514705a60d152935b7216392,2016-01,Norfolk Constabulary,Norfolk Constabulary,0.547699,52.521154,On or near Ventura Close,E01026651,King's Lynn and West Norfolk 019D,Violence and sexual offences,Status update unavailable,
28cda3d1818c0c4e3ca47f07a51996ab73bec6343aa13ce99c7c234f7e03441a,2016-01,Norfolk Constabulary,Norfolk Constabulary,0.541090,52.521845,On or near Herbert Drive,E01026651,King's Lynn and West Norfolk 019D,Violence and sexual offences,Status update unavailable,
216fa54b1c923910b8e04b80b78227cc4b537d208a17b9d3ccf999ac31238d97,2016-01,Norfolk Constabulary,Norfolk Constabulary,0.552129,52.524854,On or near Globe Street,E01026651,King's Lynn and West Norfolk 019D,Other crime,Status update unavailable,
4b77fb537e2fa0dc306f882c3f428ae7bd1b8d530b12b67071bc0d04b4df2419,2016-01,Norfolk Constabulary,Norfolk Constabulary,0.383010,52.536447,On or near Park/Open Space,E01026652,King's Lynn and West Norfolk 019E,Burglary,Investigation complete; no suspect identified,
89cfdaf5c1e7a54b962d7331fc1586d856968140345f143ffdcebbeffbb967d8,2016-01,Norfolk Constabulary,Norfolk Constabulary,0.375010,52.512797,On or near Park/Open Space,E01026652,King's Lynn and West Norfolk 019E,Burglary,Investigation complete; no suspect identified,
43d8dc3721b74c81ba026219c59ad2f5d8cb0d429cb0f9e8c5ce0fca069607d8,2016-01,Norfolk Constabulary,Norfolk Constabulary,0.408158,52.525228,On or near Feltwell Road,E01026652,King's Lynn and West Norfolk 019E,Criminal damage and arson,Investigation complete; no suspect identified,
9df27d66b33c66f09205a1443319d8acc32104877884069e6e67766b61fa1b91,2016-01,Norfolk Constabulary,Norfolk Constabulary,0.408158,52.525228,On or near Feltwell Road,E01026652,King's Lynn and West Norfolk 019E,Violence and sexual offences,Formal action is not in the public interest,
8705b0bdc1698aea631f06e6258392b0a93bf105520c08ee73145dc3ca09845b,2016-01,Norfolk Constabulary,Norfolk Constabulary,0.388017,52.524360,On or near Fen Edge Close,E01026652,King's Lynn and West Norfolk 019E,Violence and sexual offences,Unable to prosecute suspect,
8b9c748b45ce19903d278d5123572f0a81061fd4867c5876a558f1c76b81c03d,2016-01,Norfolk Constabulary,Norfolk Constabulary,0.392863,52.527535,On or near Lions Close,E01026652,King's Lynn and West Norfolk 019E,Violence and sexual offences,Status update unavailable,
42eade24d8c6088a92cb42156065d8dc70bdd3daadb137b5cdace374f91f9867,2016-01,Norfolk Constabulary,Norfolk Constabulary,0.958897,52.340138,On or near Town House Lane,E01030066,Mid Suffolk 002D,Vehicle crime,Status update unavailable,
ee8a2d484dd0c68e4a15a45e8293bc23d7a681f78843ade4945f69bf415357b2,2016-01,Norfolk Constabulary,Norfolk Constabulary,1.307343,52.387507,On or near Park/Open Space,E01030053,Mid Suffolk 003A,Vehicle crime,Investigation complete; no suspect identified,
6e997606cf01406f17903c3d2b5af7d5814bd22508637e38bc72a7b164386e78,2016-01,Norfolk Constabulary,Norfolk Constabulary,1.321364,52.347549,On or near Chapel Close,E01030053,Mid Suffolk 003A,Violence and sexual offences,Offender ordered to pay compensation,
,2016-01,Norfolk Constabulary,Norfolk Constabulary,1.213275,52.942722,On or near Cremer Street,E01026770,North Norfolk 001A,Anti-social behaviour,,
,2016-01,Norfolk Constabulary,Norfolk Constabulary,1.211231,52.944881,On or near Petrol Station,E01026770,North Norfolk 001A,Anti-social behaviour,,
,2016-01,Norfolk Constabulary,Norfolk Constabulary,1.211245,52.942048,On or near New Street,E01026770,North Norfolk 001A,Anti-social behaviour,,
,2016-01,Norfolk Constabulary,Norfolk Constabulary,1.209335,52.942396,On or near Waterbank Road,E01026770,North Norfolk 001A,Anti-social behaviour,,
,2016-01,Norfolk Constabulary,Norfolk Constabulary,1.206772,52.944975,On or near The Esplanade,E01026770,North Norfolk 001A,Anti-social behaviour,,
,2016-01,Norfolk Constabulary,Norfolk Constabulary,1.206754,52.940713,On or near Sadlers Lane,E01026770,North Norfolk 001A,Anti-social behaviour,,
61a692312346552f4bbd94b91f9c3ada97e10d12c9eadb4679d5e5f311032827,2016-01,Norfolk Constabulary,Norfolk Constabulary,1.212582,52.944827,On or near Gun Street,E01026770,North Norfolk 001A,Other theft,Investigation complete; no suspect identified,
888afa31d3d1039db7112815ed0ef2872c2279ea958fc9e66194bbfb35f102b0,2016-01,Norfolk Constabulary,Norfolk Constabulary,1.210636,52.943683,On or near Supermarket,E01026770,North Norfolk 001A,Other theft,Court result unavailable,
a356ab682116ba53bad33d7c71f66153ad79027937b4bf50a118a69125a08991,2016-01,Norfolk Constabulary,Norfolk Constabulary,1.213275,52.944943,On or near Lifeboat Plain,E01026770,North Norfolk 001A,Public order,Court result unavailable,
0fe6e3e0b10606327efada97b24d0c9e037d58534594d22f042d1c48b1d0da40,2016-01,Norfolk Constabulary,Norfolk Constabulary,1.210636,52.943683,On or near Supermarket,E01026770,North Norfolk 001A,Shoplifting,Court result unavailable,
f06b4ecbf7a89cc31bc90dcc5771f52e2e668639b770315b93725172135dd75e,2016-01,Norfolk Constabulary,Norfolk Constabulary,1.204919,52.942669,On or near Montague Road,E01026770,North Norfolk 001A,Violence and sexual offences,Formal action is not in the public interest,
0c491f92402780f4984b8cfec6a82e5472227108183c8bc6b7cde54ceee11801,2016-01,Norfolk Constabulary,Norfolk Constabulary,1.211231,52.944881,On or near Petrol Station,E01026770,North Norfolk 001A,Violence and sexual offences,Formal action is not in the public interest,
e25340cf9100f2d81716ca97bb171a8eb1be3fa1a390d04ee1580deaa4ed0cc7,2016-01,Norfolk Constabulary,Norfolk Constabulary,1.209335,52.942396,On or near Waterbank Road,E01026770,North Norfolk 001A,Violence and sexual offences,Investigation complete; no suspect identified,
f8926483700d687d4c652459b0d9e38a901add27b0801461cdd5dafa04374801,2016-01,Norfolk Constabulary,Norfolk Constabulary,1.208421,52.941315,On or near Parking Area,E01026770,North Norfolk 001A,Violence and sexual offences,Unable to prosecute suspect,
4a06dccae8ab7bc4f737798042c75c4f83d06f44dfb7afa731ea3496b6836693,2016-01,Norfolk Constabulary,Norfolk Constabulary,1.213034,52.944302,On or near Whitehall Yard,E01026770,North Norfolk 001A,Violence and sexual offences,Formal action is not in the public interest,
,2016-01,Norfolk Constabulary,Norfolk Constabulary,1.198944,52.936957,On or near The Turning,E01026772,North Norfolk 001C,Anti-social behaviour,,
,2016-01,Norfolk Constabulary,Norfolk Constabulary,1.205909,52.933721,On or near Seaview Crescent,E01026773,North Norfolk 001D,Anti-social behaviour,,
,2016-01,Norfolk Constabulary,Norfolk Constabulary,1.212690,52.932431,On or near Willow Grove,E01026773,North Norfolk 001D,Anti-social behaviour,,
,2016-01,Norfolk Constabulary,Norfolk Constabulary,1.215338,52.933214,On or near Ash Grove,E01026773,North Norfolk 001D,Anti-social behaviour,,
b39422052b57c50fe16d5e96338aeac027b229b6e3c1fb786cc1622caedab26b,2016-01,Norfolk Constabulary,Norfolk Constabulary,1.204111,52.934561,On or near Grice Close,E01026773,North Norfolk 001D,Criminal damage and arson,Investigation complete; no suspect identified,
73e094dfd8ecc0e1f9c90fec77d04d1291aa52c538c2d150deb264faef06a985,2016-01,Norfolk Constabulary,Norfolk Constabulary,1.210384,52.939670,On or near Alexandra Road,E01026773,North Norfolk 001D,Violence and sexual offences,Formal action is not in the public interest,
3f7505490c7e56a614d665bc7af2aa89fec15f6de85da50d400abddf720bcb29,2016-01,Norfolk Constabulary,Norfolk Constabulary,1.205728,52.932269,On or near Birch Grove,E01026773,North Norfolk 001D,Violence and sexual offences,Offender fined,
6a32cd2b7efd42340594b9fa24a18b25a9f9bd05ab9aca2f634d384ecd4f0ffe,2016-01,Norfolk Constabulary,Norfolk Constabulary,1.205909,52.933721,On or near Seaview Crescent,E01026773,North Norfolk 001D,Violence and sexual offences,Court result unavailable,
,2016-01,Norfolk Constabulary,Norfolk Constabulary,1.016055,52.955556,On or near The Quay,E01026739,North Norfolk 002A,Anti-social behaviour,,
,2016-01,Norfolk Constabulary,Norfolk Constabulary,1.016055,52.955556,On or near The Quay,E01026739,North Norfolk 002A,Anti-social behaviour,,
1a9bdc446d7a36cc1dd32c17db548ad021ee436b2b6a420003a882f1c18c4731,2016-01,Norfolk Constabulary,Norfolk Constabulary,1.057970,52.911625,On or near Blakeney Road,E01026739,North Norfolk 002A,Other theft,Investigation complete; no suspect identified,
1f84a2ca45be341ba86dacd6684325527938787997e34285cf71ca263c85fc11,2016-01,Norfolk Constabulary,Norfolk Constabulary,0.987942,52.954693,On or near The Street,E01026739,North Norfolk 002A,Other theft,Investigation complete; no suspect identified,
cf67ba65a0c8fc2f0c746fcd3e369e84ccbc7fb2f6c7ba8c6f677ea570ac7b57,2016-01,Norfolk Constabulary,Norfolk Constabulary,0.981958,52.911229,On or near Langham Road,E01026739,North Norfolk 002A,Violence and sexual offences,Formal action is not in the public interest,
3ec70062a8259097ef7804720235a0db16b2c99043f286f326afc1228833cdc3,2016-01,Norfolk Constabulary,Norfolk Constabulary,0.992861,52.911441,On or near Highfield,E01026739,North Norfolk 002A,Violence and sexual offences,Formal action is not in the public interest,
,2016-01,Norfolk Constabulary,Norfolk Constabulary,0.806385,52.960165,On or near A149,E01026763,North Norfolk 002B,Anti-social behaviour,,
d18a8bd1f81521a2ae5cc8bcc5f6bc9e8ef9f99c581443527faecf26388bf1c1,2016-01,Norfolk Constabulary,Norfolk Constabulary,0.814563,52.963640,On or near Lady Ann'S Road,E01026763,North Norfolk 002B,Drugs,Offender given a caution,
4f61058a3d64c2879d227ffd18d6755e7636c8eca939e297ad0da95315e4ce24,2016-01,Norfolk Constabulary,Norfolk Constabulary,0.858862,52.956090,On or near Northfield Waye,E01026763,North Norfolk 002B,Public order,Unable to prosecute suspect,
9b831f1fb73c08a3605056fcbb5df6406cdee5157f8d8b548e1a284f0de2e14d,2016-01,Norfolk Constabulary,Norfolk Constabulary,0.857311,52.954239,On or near Knitting Needle Lane,E01026763,North Norfolk 002B,Violence and sexual offences,Formal action is not in the public interest,
6c0a89bf923dce3ce49733169935ea6e36adf497b4043c67ac0d7b61330968d1,2016-01,Norfolk Constabulary,Norfolk Constabulary,0.899585,52.939815,On or near Park Road,E01026763,North Norfolk 002B,Violence and sexual offences,Unable to prosecute suspect,
063ec46d34292a45d371c4a62fffe19eac1bdeb5a4e797b88a10b78869da312f,2016-01,Norfolk Constabulary,Norfolk Constabulary,0.860076,52.954847,On or near Neilsen Close,E01026763,North Norfolk 002B,Violence and sexual offences,Court result unavailable,
65ad834b03d5ca77eda038d0320dba42a3ad8406dca89b0c95c7123322966582,2016-01,Norfolk Constabulary,Norfolk Constabulary,0.860076,52.954847,On or near Neilsen Close,E01026763,North Norfolk 002B,Violence and sexual offences,Status update unavailable,
,2016-01,Norfolk Constabulary,Norfolk Constabulary,0.849096,52.957251,On or near Parking Area,E01026764,North Norfolk 002C,Anti-social behaviour,,
e99f03081bbb275001d2fb011c28e1a1fe3c3589a6abe3b7fa6336dc0de37860,2016-01,Norfolk Constabulary,Norfolk Constabulary,0.842805,52.954874,On or near Mill Road,E01026764,North Norfolk 002C,Burglary,Investigation complete; no suspect identified,
b289a403936765d1de670440e01b068c93ec55bc84cde42179380f61aef467d3,2016-01,Norfolk Constabulary,Norfolk Constabulary,0.857451,52.952077,On or near Bluebell Gardens,E01026764,North Norfolk 002C,Public order,Unable to prosecute suspect,
c9c9c1df609e6d1f114c15279561880b03c7186980ebebf51a90c89e2bd81960,2016-01,Norfolk Constabulary,Norfolk Constabulary,0.848437,52.954245,On or near Southgate Close,E01026764,North Norfolk 002C,Vehicle crime,Investigation complete; no suspect identified,
,2016-01,Norfolk Constabulary,Norfolk Constabulary,1.300710,52.932400,On or near Jetty Cliff,E01026734,North Norfolk 003A,Anti-social behaviour,,
,2016-01,Norfolk Constabulary,Norfolk Constabulary,1.292141,52.932449,On or near Macdonald Road,E01026734,North Norfolk 003A,Anti-social behaviour,,
,2016-01,Norfolk Constabulary,Norfolk Constabulary,1.290653,52.933246,On or near Runton Road,E01026734,North Norfolk 003A,Anti-social behaviour,,
,2016-01,Norfolk Constabulary,Norfolk Constabulary,1.294337,52.931579,On or near Beach Road,E01026734,North Norfolk 003A,Anti-social behaviour,,
,2016-01,Norfolk Constabulary,Norfolk Constabulary,1.296084,52.930280,On or near West Street,E01026734,North Norfolk 003A,Anti-social behaviour,,
54eb59d1e79458fdc40171b85ffd6ca12a82ac7106a2f2ca96a8929fa9c02e40,2016-01,Norfolk Constabulary,Norfolk Constabulary,1.293297,52.932381,On or near Alfred Road,E01026734,North Norfolk 003A,Bicycle theft,Investigation complete; no suspect identified,
778f26cfccc132ec71499802d96554a028ddea3190e1827508ae2fd84b060f38,2016-01,Norfolk Constabulary,Norfolk Constabulary,1.299190,52.932568,On or near New Street,E01026734,North Norfolk 003A,Drugs,Offender given a drugs possession warning,
fbf308eb6c8500c5684420b3b93f2b352115866f27708905b3cc7c55be83f44d,2016-01,Norfolk Constabulary,Norfolk Constabulary,1.296121,52.931745,On or near Cadogan Road,E01026734,North Norfolk 003A,Other theft,Status update unavailable,
1e51fd3495885d23480577a789dd28c54c0bee53ff08be8e95ae0ac84c9b788c,2016-01,Norfolk Constabulary,Norfolk Constabulary,1.296084,52.930280,On or near West Street,E01026734,North Norfolk 003A,Public order,Offender given a caution,
ea18a2dc28ce43c81829532df12f5f8df3035934af4da543c455a9d560162bb5,2016-01,Norfolk Constabulary,Norfolk Constabulary,1.300710,52.932400,On or near Jetty Cliff,E01026734,North Norfolk 003A,Public order,Offender given a caution,
2b264f51834ede9cc4bec732feeefef18bf16e90c8e07bb98cc02faa9fa76c1c,2016-01,Norfolk Constabulary,Norfolk Constabulary,1.300710,52.932400,On or near Jetty Cliff,E01026734,North Norfolk 003A,Violence and sexual offences,Investigation complete; no suspect identified,
8d0a2dd448aef0fcfb1229d051642417dae0490d4da0444f45e04ee2057a7d75,2016-01,Norfolk Constabulary,Norfolk Constabulary,1.299190,52.932568,On or near New Street,E01026734,North Norfolk 003A,Violence and sexual offences,Formal action is not in the public interest,
288df2aca662cdefaa1a1bc1e3fb8cb9715b16ed60237f2c8c4ba87020952ab3,2016-01,Norfolk Constabulary,Norfolk Constabulary,1.296017,52.931559,On or near Cabbell Road,E01026734,North Norfolk 003A,Other crime,Court result unavailable,
,2016-01,Norfolk Constabulary,Norfolk Constabulary,1.299442,52.930789,On or near Parking Area,E01026735,North Norfolk 003B,Anti-social behaviour,,
,2016-01,Norfolk Constabulary,Norfolk Constabulary,1.301639,52.930135,On or near Mount Street,E01026735,North Norfolk 003B,Anti-social behaviour,,
810518a2418805c48176633673dba56eea4fb4ec42fc66459a9523fe5851e1b5,2016-01,Norfolk Constabulary,Norfolk Constabulary,1.303038,52.930519,On or near The Gangway,E01026735,North Norfolk 003B,Criminal damage and arson,Offender given penalty notice,
f680220f8750494151e3787908e7ae605604fd49814fc5e623a495ec4a433a3d,2016-01,Norfolk Constabulary,Norfolk Constabulary,1.302583,52.929245,On or near St Margaret'S Road,E01026735,North Norfolk 003B,Public order,Formal action is not in the public interest,
df0952a11413587f12afde525411c3d73710509fe35f8530e4b3aa68fc907c33,2016-01,Norfolk Constabulary,Norfolk Constabulary,1.297449,52.930035,On or near Parking Area,E01026735,North Norfolk 003B,Violence and sexual offences,Status update unavailable,
6cc047fd63a990df509d939771d4f0db713b27ac8aa64f5204800bf423d000f0,2016-01,Norfolk Constabulary,Norfolk Constabulary,1.299442,52.930789,On or near Parking Area,E01026735,North Norfolk 003B,Violence and sexual offences,Defendant found not guilty,
075076d4f033f3997366442a8037df080e0e2f438f32f5298066a858f4cd77a3,2016-01,Norfolk Constabulary,Norfolk Constabulary,1.302583,52.929245,On or near St Margaret'S Road,E01026735,North Norfolk 003B,Violence and sexual offences,Formal action is not in the public interest,
,2016-01,Norfolk Constabulary,Norfolk Constabulary,1.291245,52.929083,On or near Summerhouse Close,E01026736,North Norfolk 003C,Anti-social behaviour,,
dff3cdeeda3ff63ffc433c60c1bdaa75fcd5d5fb133648ef4906479ae3c6dbe0,2016-01,Norfolk Constabulary,Norfolk Constabulary,1.288571,52.929139,On or near Barclay Close,E01026736,North Norfolk 003C,Other theft,Awaiting court outcome,
230d6f24ed60f35f69dbf2efff6926a1429b3540b53186cdd2b9b26d17fa41af,2016-01,Norfolk Constabulary,Norfolk Constabulary,1.301135,52.919024,On or near Brownshill,E01026777,North Norfolk 003D,Violence and sexual offences,Formal action is not in the public interest,
ed4a95ea08e4dd2504b615497b38d4732a0149485893e5d601352557fea08161,2016-01,Norfolk Constabulary,Norfolk Constabulary,1.305806,52.925252,On or near Cromwell Road,E01026778,North Norfolk 003E,Criminal damage and arson,Investigation complete; no suspect identified,
1a5a32686878da829307f011fcb196bfc1919664a8a639d7d911caa6a1a6b8e3,2016-01,Norfolk Constabulary,Norfolk Constabulary,1.301573,52.924381,On or near Fletcher Way,E01026778,North Norfolk 003E,Other theft,Investigation complete; no suspect identified,
d326b70d2359dd87ae7db81fdbc8c8dcfad9da1c349343f8215aa94f4f94e0a0,2016-01,Norfolk Constabulary,Norfolk Constabulary,1.305806,52.925252,On or near Cromwell Road,E01026778,North Norfolk 003E,Public order,Offender otherwise dealt with,
e189640c891c2499ac7213ecf8d84140a4dc9fa5cd370c080f8ea958f332ddf9,2016-01,Norfolk Constabulary,Norfolk Constabulary,1.303144,52.923717,On or near Norwich Road,E01026778,North Norfolk 003E,Violence and sexual offences,Status update unavailable,
6634acabb1e86aa724f28251f13a187f55f56f1e88aeccfb20097081232c9668,2016-01,Norfolk Constabulary,Norfolk Constabulary,1.307959,52.929284,On or near Cliff Drive,E01026778,North Norfolk 003E,Violence and sexual offences,Status update unavailable,
89e974e7f27ed734bfd3d290144a2cbc1541b8f65806581a627d9730b825b89e,2016-01,Norfolk Constabulary,Norfolk Constabulary,1.307959,52.929284,On or near Cliff Drive,E01026778,North Norfolk 003E,Violence and sexual offences,Unable to prosecute suspect,
c86b1fe020d59a4994be0ee41cf664e4fdf3aea675da2b25b10bfdfc8d382195,2016-01,Norfolk Constabulary,Norfolk Constabulary,1.303144,52.923717,On or near Norwich Road,E01026778,North Norfolk 003E,Other crime,Status update unavailable,
107d9e1806ae154ea12b6b73df3b357e0f3eb71c3e2a2e1cc58b9e9f35ee599c,2016-01,Norfolk Constabulary,Norfolk Constabulary,1.303144,52.923717,On or near Norwich Road,E01026778,North Norfolk 003E,Other crime,Formal action is not in the public interest,
,2016-01,Norfolk Constabulary,Norfolk Constabulary,1.309034,52.919389,On or near Hartington Road,E01026779,North Norfolk 003F,Anti-social behaviour,,
,2016-01,Norfolk Constabulary,Norfolk Constabulary,1.309770,52.920834,On or near Harbord Road,E01026779,North Norfolk 003F,Anti-social behaviour,,
,2016-01,Norfolk Constabulary,Norfolk Constabulary,1.308516,52.920194,On or near Salisbury Road,E01026779,North Norfolk 003F,Anti-social behaviour,,
,2016-01,Norfolk Constabulary,Norfolk Constabulary,1.308516,52.920194,On or near Salisbury Road,E01026779,North Norfolk 003F,Anti-social behaviour,,
,2016-01,Norfolk Constabulary,Norfolk Constabulary,1.308516,52.920194,On or near Salisbury Road,E01026779,North Norfolk 003F,Anti-social behaviour,,
,2016-01,Norfolk Constabulary,Norfolk Constabulary,1.308516,52.920194,On or near Salisbury Road,E01026779,North Norfolk 003F,Anti-social behaviour,,
,2016-01,Norfolk Constabulary,Norfolk Constabulary,1.309770,52.920834,On or near Harbord Road,E01026779,North Norfolk 003F,Anti-social behaviour,,
,2016-01,Norfolk Constabulary,Norfolk Constabulary,1.310977,52.918723,On or near Lynewood Close,E01026779,North Norfolk 003F,Anti-social behaviour,,
f9368ceaa0d3e585a478dffeeea719ae31cdec1352173e97bc90399a4725cffe,2016-01,Norfolk Constabulary,Norfolk Constabulary,1.308913,52.921703,On or near Crawford Road,E01026779,North Norfolk 003F,Criminal damage and arson,Investigation complete; no suspect identified,
fd6dd8e1f03edff5b52691bca11ff0692ee4ef6a06570e3232a7bd0691ec6fcd,2016-01,Norfolk Constabulary,Norfolk Constabulary,1.309034,52.919389,On or near Hartington Road,E01026779,North Norfolk 003F,Public order,Status update unavailable,
dd1af6f3cf75fef11f89389ba34145ffff04877403f01ed70f2089b9a0a79d07,2016-01,Norfolk Constabulary,Norfolk Constabulary,1.308516,52.920194,On or near Salisbury Road,E01026779,North Norfolk 003F,Public order,Offender given suspended prison sentence,
60025ea0830f9ce2523966d2718ea683183d1e2a526755b026329e09120393f3,2016-01,Norfolk Constabulary,Norfolk Constabulary,1.309034,52.919389,On or near Hartington Road,E01026779,North Norfolk 003F,Public order,Status update unavailable,
5bf6d7f158cd426f5075090501e200e0388639213eded4ebf6bcc054aacd8c2c,2016-01,Norfolk Constabulary,Norfolk Constabulary,1.309034,52.919389,On or near Hartington Road,E01026779,North Norfolk 003F,Violence and sexual offences,Formal action is not in the public interest,
,2016-01,Norfolk Constabulary,Norfolk Constabulary,1.130031,52.915160,On or near Beech Close,E01026741,North Norfolk 004A,Anti-social behaviour,,
df4c65da0a8a33f450d071d96c013def99534be2031862c33bef16c88acf85b6,2016-01,Norfolk Constabulary,Norfolk Constabulary,1.043219,52.954108,On or near High Street,E01026741,North Norfolk 004A,Burglary,Investigation complete; no suspect identified,
a06416a5a635e6c5d2a8d77492550d12db3e27ba26b652ed34c6374e666f6c18,2016-01,Norfolk Constabulary,Norfolk Constabulary,1.043219,52.954108,On or near High Street,E01026741,North Norfolk 004A,Burglary,Investigation complete; no suspect identified,
,2016-01,Norfolk Constabulary,Norfolk Constabulary,1.092664,52.909800,On or near Hawthorn Walk,E01026742,North Norfolk 004B,Anti-social behaviour,,
af52d5aa5987ab8c216d20feada2f49770b50d793191310713ec82ee953ec617,2016-01,Norfolk Constabulary,Norfolk Constabulary,1.098429,52.905962,On or near Glaven Hale Close,E01026742,North Norfolk 004B,Burglary,Investigation complete; no suspect identified,
8dba9f79994ae27f3adb335a2410f903e87a266ee98c305ae6b2837b2b447b68,2016-01,Norfolk Constabulary,Norfolk Constabulary,1.107744,52.908498,On or near Orchard Close,E01026742,North Norfolk 004B,Other crime,Court result unavailable,
,2016-01,Norfolk Constabulary,Norfolk Constabulary,1.089564,52.905960,On or near Market Place,E01026743,North Norfolk 004C,Anti-social behaviour,,
,2016-01,Norfolk Constabulary,Norfolk Constabulary,1.084518,52.908825,On or near Pereers Close,E01026743,North Norfolk 004C,Anti-social behaviour,,
,2016-01,Norfolk Constabulary,Norfolk Constabulary,1.089564,52.905960,On or near Market Place,E01026743,North Norfolk 004C,Anti-social behaviour,,
,2016-01,Norfolk Constabulary,Norfolk Constabulary,1.092494,52.900739,On or near Princess Court,E01026743,North Norfolk 004C,Anti-social behaviour,,
be531c921f6c144cd6dafe3fcddbfd724dd0d4f8eea0405a84487442b8cb211b,2016-01,Norfolk Constabulary,Norfolk Constabulary,1.092146,52.903779,On or near Parking Area,E01026743,North Norfolk 004C,Criminal damage and arson,Local resolution,
24dcf7c7d032c9e7352be4cde77ae9230f482ced0c3343807351dead8d34dae5,2016-01,Norfolk Constabulary,Norfolk Constabulary,1.090143,52.906151,On or near Fish Hill,E01026743,North Norfolk 004C,Drugs,Court result unavailable,
dedd0324cdaca8f8e727b9e6361da38917a723af0ec2b779fe9758949e0791f5,2016-01,Norfolk Constabulary,Norfolk Constabulary,1.087595,52.905660,On or near High Street,E01026743,North Norfolk 004C,Shoplifting,Investigation complete; no suspect identified,
df4fea78d33f0d1e64c0d5b053ab1225db5e084cd78533c4571efaa8f6f405e9,2016-01,Norfolk Constabulary,Norfolk Constabulary,1.092765,52.907459,On or near Petrol Station,E01026743,North Norfolk 004C,Shoplifting,Investigation complete; no suspect identified,
0637fded09fa965edc3e88b6aaff821556c6c4c939fe933e1122d1092ccd4554,2016-01,Norfolk Constabulary,Norfolk Constabulary,1.085778,52.907092,On or near Town Close,E01026743,North Norfolk 004C,Vehicle crime,Investigation complete; no suspect identified,
887a905c75d5b01f5f16f46248d22e89247245c2ed251b4589234b01cb44b915,2016-01,Norfolk Constabulary,Norfolk Constabulary,1.092494,52.900739,On or near Princess Court,E01026743,North Norfolk 004C,Violence and sexual offences,Status update unavailable,
e375ff55727d268b38c3abc4c918b3edf2fed83426ca0169052f5e06296831fc,2016-01,Norfolk Constabulary,Norfolk Constabulary,1.094224,52.900380,On or near Elizabeth Crescent,E01026743,North Norfolk 004C,Violence and sexual offences,Formal action is not in the public interest,
,2016-01,Norfolk Constabulary,Norfolk Constabulary,1.337048,52.905600,On or near Bull'S Row,E01026762,North Norfolk 005A,Anti-social behaviour,,
23c404526839a0eaae36d3cc43ca26fb9af2ba4d5e5d41716d98cf7189021c7c,2016-01,Norfolk Constabulary,Norfolk Constabulary,1.306906,52.916849,On or near Ridge Way,E01026762,North Norfolk 005A,Burglary,Formal action is not in the public interest,
8546b1d8570c1e224e54229d759f055900cdffabf023643ca175bde5f3efad98,2016-01,Norfolk Constabulary,Norfolk Constabulary,1.381458,52.897697,On or near Staden Park,E01026762,North Norfolk 005A,Criminal damage and arson,Status update unavailable,
6008aad0da90bdcc7ccd88fc933883cb7ac742dc53a04770c3295a90bbf8c5c9,2016-01,Norfolk Constabulary,Norfolk Constabulary,1.336002,52.904379,On or near School Close,E01026762,North Norfolk 005A,Other theft,Investigation complete; no suspect identified,
b87c76736763acb1aca9c5dd177a6054bd42b7bc6b9da420e7be4b97621542f5,2016-01,Norfolk Constabulary,Norfolk Constabulary,1.345073,52.915725,On or near Carr Lane,E01026762,North Norfolk 005A,Public order,Investigation complete; no suspect identified,
,2016-01,Norfolk Constabulary,Norfolk Constabulary,1.353195,52.880484,On or near Meadow Lane,E01026766,North Norfolk 005B,Anti-social behaviour,,
,2016-01,Norfolk Constabulary,Norfolk Constabulary,1.356087,52.868082,On or near Chapel Road,E01026766,North Norfolk 005B,Anti-social behaviour,,
,2016-01,Norfolk Constabulary,Norfolk Constabulary,1.296718,52.884792,On or near Petrol Station,E01026766,North Norfolk 005B,Anti-social behaviour,,
,2016-01,Norfolk Constabulary,Norfolk Constabulary,1.314204,52.880726,On or near Thorpe Market Road,E01026766,North Norfolk 005B,Anti-social behaviour,,
,2016-01,Norfolk Constabulary,Norfolk Constabulary,1.296645,52.915938,On or near Holway Close,E01026766,North Norfolk 005B,Anti-social behaviour,,
,2016-01,Norfolk Constabulary,Norfolk Constabulary,1.299755,52.882891,On or near Park/Open Space,E01026766,North Norfolk 005B,Anti-social behaviour,,
b809e9602612310f1a4921286d1f4ed83bea34ac9575de73123926906aba4dc7,2016-01,Norfolk Constabulary,Norfolk Constabulary,1.353195,52.880484,On or near Meadow Lane,E01026766,North Norfolk 005B,Public order,Status update unavailable,
5e72e91f58d745ae37386b4047c49c528845cf39845bf420caf3ac60974593ec,2016-01,Norfolk Constabulary,Norfolk Constabulary,1.336646,52.868846,On or near Church Road,E01026766,North Norfolk 005B,Violence and sexual offences,Status update unavailable,
58f4ab2516574938e85d910fecd927dd19d8cf33602ba2099b62adc96819118e,2016-01,Norfolk Constabulary,Norfolk Constabulary,1.356096,52.865122,On or near Southrepps Road,E01026766,North Norfolk 005B,Other crime,Status update unavailable,
f9d460c3bca0eb8dcaadbb7070cc624343029317c70c9a5be82462fe5c6a9f1e,2016-01,Norfolk Constabulary,Norfolk Constabulary,1.244802,52.937898,On or near Petrol Station,E01026781,North Norfolk 005C,Burglary,Investigation complete; no suspect identified,
7f84942a91e51f9548524e33e7030a5be5c0f81f750453c00440d594231b86ae,2016-01,Norfolk Constabulary,Norfolk Constabulary,1.244802,52.937898,On or near Petrol Station,E01026781,North Norfolk 005C,Criminal damage and arson,Status update unavailable,
a5d57f93d238088c0d7cd751e3226952ecc283bcce97e1bced0756215fe348be,2016-01,Norfolk Constabulary,Norfolk Constabulary,1.269440,52.934380,On or near Park/Open Space,E01026781,North Norfolk 005C,Other theft,Investigation complete; no suspect identified,
b90cff08bebc888a889566b2f43fa47d4cb7fe3753a55fbfe8e07d248154e964,2016-01,Norfolk Constabulary,Norfolk Constabulary,1.267102,52.934166,On or near Shepherds Close,E01026781,North Norfolk 005C,Other theft,Investigation complete; no suspect identified,
04a88b5176096a110080fc101c064c368f859a9cd43a477d7fdac653751e3a83,2016-01,Norfolk Constabulary,Norfolk Constabulary,1.244590,52.930098,On or near Renwick Park West,E01026781,North Norfolk 005C,Violence and sexual offences,Status update unavailable,
788f39b94b63b26d38adb62f8c4a196fe42db5d41492e2476418aa101f592adb,2016-01,Norfolk Constabulary,Norfolk Constabulary,1.191599,52.934232,On or near Blowlands Lane,E01026732,North Norfolk 006B,Burglary,Investigation complete; no suspect identified,
793c2d6a2aa1afe6c221d1145c03710eb5050e45fd071009ba81ba988a0fe312,2016-01,Norfolk Constabulary,Norfolk Constabulary,1.208607,52.913054,On or near The Loke,E01026732,North Norfolk 006B,Burglary,Investigation complete; no suspect identified,
ebe561ebff8edbc32334c2b38c1cb1021d01af9053236a8278463987a623de06,2016-01,Norfolk Constabulary,Norfolk Constabulary,1.219275,52.896433,On or near Park/Open Space,E01026732,North Norfolk 006B,Criminal damage and arson,Investigation complete; no suspect identified,
431dd6558b12e54e909a0ae9dfaae4661f9853cd28b998ef0e70d5c3e71e1a6b,2016-01,Norfolk Constabulary,Norfolk Constabulary,1.179608,52.921730,On or near Park/Open Space,E01026732,North Norfolk 006B,Other theft,Investigation complete; no suspect identified,
7747edc0e4ad022b3085ac2711c3df1a4cbe828eb41781655c5ca6534c161e9f,2016-01,Norfolk Constabulary,Norfolk Constabulary,1.188623,52.911578,On or near Church Road,E01026732,North Norfolk 006B,Other theft,Local resolution,
da29ad1601ee1f2db8f204525c0a8bb32f574f507392c202cf02a33fa297e07e,2016-01,Norfolk Constabulary,Norfolk Constabulary,1.137835,52.829053,On or near The Street,E01026733,North Norfolk 006C,Public order,Unable to prosecute suspect,
32afc4e3713fead2ff6536c836da00c65e7bd18e95b4c00d6d127e12f3ababfb,2016-01,Norfolk Constabulary,Norfolk Constabulary,1.164634,52.869242,On or near Church Street,E01026733,North Norfolk 006C,Violence and sexual offences,Formal action is not in the public interest,
,2016-01,Norfolk Constabulary,Norfolk Constabulary,1.240387,52.862691,On or near Margaret Lilly Way,E01026737,North Norfolk 006D,Anti-social behaviour,,
,2016-01,Norfolk Constabulary,Norfolk Constabulary,1.309211,52.815950,On or near Aylsham Road,E01026737,North Norfolk 006D,Anti-social behaviour,,
01045b92c4539dcfd63e986b2314dd60afb6aeb1fb2d04b2015e7d0250947f63,2016-01,Norfolk Constabulary,Norfolk Constabulary,1.289976,52.857226,On or near White Post Road,E01026737,North Norfolk 006D,Criminal damage and arson,Offender sent to prison,
682bb69428b4b38c77931f69f8c6f6faa2825aa0fb7ccf5fa6042924fee14963,2016-01,Norfolk Constabulary,Norfolk Constabulary,1.309211,52.815950,On or near Aylsham Road,E01026737,North Norfolk 006D,Violence and sexual offences,Status update unavailable,
d7a9ed69459167870bf7c881291332663890dd93b74db5469f3d86bcebdd961f,2016-01,Norfolk Constabulary,Norfolk Constabulary,1.244803,52.865323,On or near School Road,E01026737,North Norfolk 006D,Violence and sexual offences,Status update unavailable,
,2016-01,Norfolk Constabulary,Norfolk Constabulary,1.421085,52.854380,On or near School Close,E01026738,North Norfolk 007A,Anti-social behaviour,,
851fd33d68e43e914da60a40b6f106d4f0aa6cbf971e78ccce3612418bd2c163,2016-01,Norfolk Constabulary,Norfolk Constabulary,1.390794,52.876700,On or near Harvey Estate,E01026738,North Norfolk 007A,Criminal damage and arson,Investigation complete; no suspect identified,
14cee467e7b4a3366ada1b14de22785e83ce5eff2a931454b3c09bc0bfdcbb4b,2016-01,Norfolk Constabulary,Norfolk Constabulary,1.421085,52.854380,On or near School Close,E01026738,North Norfolk 007A,Vehicle crime,Investigation complete; no suspect identified,
4e1ab0f671b78dd76432ab18bf800e2f230d6886dd00a11baabe8f57aa571bce,2016-01,Norfolk Constabulary,Norfolk Constabulary,1.371228,52.839116,On or near Chapel Road,E01026738,North Norfolk 007A,Other crime,Formal action is not in the public interest,
,2016-01,Norfolk Constabulary,Norfolk Constabulary,1.439203,52.873795,On or near Paston Road,E01026750,North Norfolk 007B,Anti-social behaviour,,
,2016-01,Norfolk Constabulary,Norfolk Constabulary,1.432329,52.876153,On or near Munhaven Close,E01026750,North Norfolk 007B,Anti-social behaviour,,
,2016-01,Norfolk Constabulary,Norfolk Constabulary,1.432329,52.876153,On or near Munhaven Close,E01026750,North Norfolk 007B,Anti-social behaviour,,
7e720edf179680262d51f04113add8b690963b6e31072c1a8eef14660acc41d2,2016-01,Norfolk Constabulary,Norfolk Constabulary,1.433018,52.876034,On or near Back Street,E01026750,North Norfolk 007B,Public order,Local resolution,
6bb2fe325ce0cd7af16f1bac33b0b31c9004a9de1216e9a0b2e2aabb65c080b3,2016-01,Norfolk Constabulary,Norfolk Constabulary,1.429346,52.870573,On or near Gordon Terrace,E01026750,North Norfolk 007B,Violence and sexual offences,Local resolution,
7774ee4ad40a95b9394e1b7c5da06aaa5d91fcde019f33e7eac701a35b172f41,2016-01,Norfolk Constabulary,Norfolk Constabulary,1.429346,52.870573,On or near Gordon Terrace,E01026750,North Norfolk 007B,Violence and sexual offences,Local resolution,
2c43cf4c5a0a7a76356cd220aa3e40cb6312a6c4a6245caf86d617f32cedb6ee,2016-01,Norfolk Constabulary,Norfolk Constabulary,1.436174,52.875340,On or near Meadow Close,E01026750,North Norfolk 007B,Violence and sexual offences,Status update unavailable,
,2016-01,Norfolk Constabulary,Norfolk Constabulary,1.433115,52.879143,On or near Hilda Road,E01026751,North Norfolk 007C,Anti-social behaviour,,
,2016-01,Norfolk Constabulary,Norfolk Constabulary,1.433115,52.879143,On or near Hilda Road,E01026751,North Norfolk 007C,Anti-social behaviour,,
,2016-01,Norfolk Constabulary,Norfolk Constabulary,1.433115,52.879143,On or near Hilda Road,E01026751,North Norfolk 007C,Anti-social behaviour,,
,2016-01,Norfolk Constabulary,Norfolk Constabulary,1.430276,52.876140,On or near Warren Drive,E01026751,North Norfolk 007C,Anti-social behaviour,,
d1a4ca20c2573d2f2c188ebd476a6af0c85acc0ed9212b0b9d9f6681d320b67f,2016-01,Norfolk Constabulary,Norfolk Constabulary,1.427466,52.881222,On or near Petrol Station,E01026751,North Norfolk 007C,Public order,Status update unavailable,
402bb59eb95227840fc8aeebc43583555b019840db6f16c691993978f42896db,2016-01,Norfolk Constabulary,Norfolk Constabulary,1.416281,52.887580,On or near Vale Road,E01026751,North Norfolk 007C,Vehicle crime,Investigation complete; no suspect identified,
,2016-01,Norfolk Constabulary,Norfolk Constabulary,1.488050,52.846053,On or near Priory Road,E01026752,North Norfolk 007D,Anti-social behaviour,,
,2016-01,Norfolk Constabulary,Norfolk Constabulary,1.480470,52.850647,On or near Mill Lane,E01026752,North Norfolk 007D,Anti-social behaviour,,
,2016-01,Norfolk Constabulary,Norfolk Constabulary,1.444296,52.843923,On or near Church Lane,E01026752,North Norfolk 007D,Anti-social behaviour,,
e82b549667a0cdc1e5a65499695e3ec54c2deb0c3906b881bd470c546a7c21a4,2016-01,Norfolk Constabulary,Norfolk Constabulary,1.464816,52.856295,On or near Bacton Road,E01026752,North Norfolk 007D,Other theft,Investigation complete; no suspect identified,
a8fb1d8b534e68d201c968b745b59bbed0543f3282444f3811108d61d2f0dcdc,2016-01,Norfolk Constabulary,Norfolk Constabulary,1.480470,52.850647,On or near Mill Lane,E01026752,North Norfolk 007D,Other crime,Formal action is not in the public interest,
,2016-01,Norfolk Constabulary,Norfolk Constabulary,1.018107,52.801908,On or near Hindolveston Road,E01026729,North Norfolk 008A,Anti-social behaviour,,
,2016-01,Norfolk Constabulary,Norfolk Constabulary,1.011163,52.823164,On or near Church Lane,E01026729,North Norfolk 008A,Anti-social behaviour,,
0ce240816f15902530abba85747b63e028bc37af10a4560e2b77607086a6a059,2016-01,Norfolk Constabulary,Norfolk Constabulary,1.028246,52.822675,On or near Sports/Recreation Area,E01026729,North Norfolk 008A,Burglary,Investigation complete; no suspect identified,
389d82bb1deff918906bfec42d193a1d0d7ad39a77e4d3b0f76e467535caa2fe,2016-01,Norfolk Constabulary,Norfolk Constabulary,0.978602,52.819400,On or near B1110,E01026729,North Norfolk 008A,Burglary,Investigation complete; no suspect identified,
02b6a423350ef70654a6463bf8c403189a75c4766280ddc49beea8a1fa1f688d,2016-01,Norfolk Constabulary,Norfolk Constabulary,1.036919,52.856968,On or near Kitchener Road,E01026729,North Norfolk 008A,Vehicle crime,Formal action is not in the public interest,
00596a79a4bd826854bcaec7d41bfd003562b556ebb821a855e0c9c425d39835,2016-01,Norfolk Constabulary,Norfolk Constabulary,1.018107,52.801908,On or near Hindolveston Road,E01026729,North Norfolk 008A,Vehicle crime,Investigation complete; no suspect identified,
ea10b3da98c12693f40fbe418a3e30ba7d4bb740d6d42dd14f42934febe01a52,2016-01,Norfolk Constabulary,Norfolk Constabulary,0.998590,52.849453,On or near The Croft,E01026729,North Norfolk 008A,Violence and sexual offences,Offender given a caution,
c6ecb94a664ac653c332f10134a497209d7bcd9e6ff8c5ca2e0851ac31a33088,2016-01,Norfolk Constabulary,Norfolk Constabulary,1.005390,52.846179,On or near B1110,E01026729,North Norfolk 008A,Violence and sexual offences,Awaiting court outcome,
,2016-01,Norfolk Constabulary,Norfolk Constabulary,1.057738,52.852386,On or near Gloucester Place,E01026730,North Norfolk 008B,Anti-social behaviour,,
,2016-01,Norfolk Constabulary,Norfolk Constabulary,1.042708,52.854562,On or near Burston Close,E01026730,North Norfolk 008B,Anti-social behaviour,,
,2016-01,Norfolk Constabulary,Norfolk Constabulary,1.043285,52.854952,On or near Hillside,E01026730,North Norfolk 008B,Anti-social behaviour,,
,2016-01,Norfolk Constabulary,Norfolk Constabulary,1.042708,52.854562,On or near Burston Close,E01026730,North Norfolk 008B,Anti-social behaviour,,
,2016-01,Norfolk Constabulary,Norfolk Constabulary,1.043285,52.854952,On or near Hillside,E01026730,North Norfolk 008B,Anti-social behaviour,,
7ec21f3085ce0f7693d047ece234282d7fa25a45747c1e325740783e52b06514,2016-01,Norfolk Constabulary,Norfolk Constabulary,1.050638,52.854089,On or near Woodfield,E01026730,North Norfolk 008B,Other theft,Investigation complete; no suspect identified,
c1b3e05d993c5b39c418742aabab47758890c0d70b40a5ff4f046f3f74dff17d,2016-01,Norfolk Constabulary,Norfolk Constabulary,1.059174,52.850407,On or near Bakery Close,E01026730,North Norfolk 008B,Other theft,Unable to prosecute suspect,
73f682771c3c6891a8c99c93131a9c1fcefeb440c2281867eb7e8349d9afd613,2016-01,Norfolk Constabulary,Norfolk Constabulary,1.042708,52.854562,On or near Burston Close,E01026730,North Norfolk 008B,Public order,Status update unavailable,
2601c30016a7317c5ee789609ef599553f8be1794e6380830c870e4ef54ce5a9,2016-01,Norfolk Constabulary,Norfolk Constabulary,1.042708,52.854562,On or near Burston Close,E01026730,North Norfolk 008B,Public order,Investigation complete; no suspect identified,
5e3274b0e6568f8974fe54dc55b9558177eadda4b3cf18dd38625c0ae2304156,2016-01,Norfolk Constabulary,Norfolk Constabulary,0.980959,52.882181,On or near Petrol Station,E01026788,North Norfolk 008C,Other theft,Investigation complete; no suspect identified,
bdeaf6fad7fda51f440762e7b626feff07e1cfa5ae9fa3f38217af3e2d9ca774,2016-01,Norfolk Constabulary,Norfolk Constabulary,0.980959,52.882181,On or near Petrol Station,E01026788,North Norfolk 008C,Other theft,Investigation complete; no suspect identified,
b826e7c4d0128fbc600b4e37b08cf244b9374ddf75bb7fcabd0b42664cc5772e,2016-01,Norfolk Constabulary,Norfolk Constabulary,0.916778,52.852842,On or near Holt Road,E01026788,North Norfolk 008C,Violence and sexual offences,Status update unavailable,
,2016-01,Norfolk Constabulary,Norfolk Constabulary,0.739990,52.792941,On or near Blickling Street,E01026780,North Norfolk 009A,Anti-social behaviour,,
,2016-01,Norfolk Constabulary,Norfolk Constabulary,0.840203,52.828091,On or near River Court,E01026780,North Norfolk 009A,Anti-social behaviour,,
,2016-01,Norfolk Constabulary,Norfolk Constabulary,0.739990,52.792941,On or near Blickling Street,E01026780,North Norfolk 009A,Anti-social behaviour,,
,2016-01,Norfolk Constabulary,Norfolk Constabulary,0.832579,52.822500,On or near King George Road,E01026780,North Norfolk 009A,Anti-social behaviour,,
4ed69e638f53caa45bcc6a0818d3296678346a0c0323c30cec69b914fbd7b3bb,2016-01,Norfolk Constabulary,Norfolk Constabulary,0.842457,52.826005,On or near Dereham Road,E01026780,North Norfolk 009A,Burglary,Investigation complete; no suspect identified,
65959e5b8c3d9c2ca2c1aa81e685b3ef252c3b62581852044645012d4aaab906,2016-01,Norfolk Constabulary,Norfolk Constabulary,0.739997,52.853189,On or near Ambleside,E01026780,North Norfolk 009A,Criminal damage and arson,Investigation complete; no suspect identified,
2776994b446f05f0acd9a9f0d451b2e9c0d70fe630fcda014eca36ddd58510a7,2016-01,Norfolk Constabulary,Norfolk Constabulary,0.836314,52.826511,On or near A1065,E01026780,North Norfolk 009A,Public order,Status update unavailable,
557679f9b12d9d49cf4f03bd794bb2c62b0df82e926103241e0cd00316f975e7,2016-01,Norfolk Constabulary,Norfolk Constabulary,0.780606,52.785036,On or near West Raynham Road,E01026780,North Norfolk 009A,Public order,Status update unavailable,
60cd780d1f441f1d03c8a4e5dc43fd91f489b9c36569b34d8689c802f78904a7,2016-01,Norfolk Constabulary,Norfolk Constabulary,0.836314,52.826511,On or near A1065,E01026780,North Norfolk 009A,Public order,Status update unavailable,
de5665270b3e0863268f75a05ba59a55bce217a3486091465c22dfe9966dfcf7,2016-01,Norfolk Constabulary,Norfolk Constabulary,0.836314,52.826511,On or near A1065,E01026780,North Norfolk 009A,Vehicle crime,Investigation complete; no suspect identified,
53c9adf042ced2ecedce01d95777d42fed0e0cc6b4476e33aa8d417a3a8001ef,2016-01,Norfolk Constabulary,Norfolk Constabulary,0.852950,52.822111,On or near Sports/Recreation Area,E01026780,North Norfolk 009A,Violence and sexual offences,Unable to prosecute suspect,
07ef2c4e1fdcb3d3e703305ba1461b4d619c456e9bd49f6e218f81e56e6bae0d,2016-01,Norfolk Constabulary,Norfolk Constabulary,0.739990,52.792941,On or near Blickling Street,E01026780,North Norfolk 009A,Other crime,Formal action is not in the public interest,
,2016-01,Norfolk Constabulary,Norfolk Constabulary,0.875206,52.899448,On or near Mount Pleasant,E01026782,North Norfolk 009B,Anti-social behaviour,,
5bbefc3684f72409e66322042cad939d8228dfaa4e70f375fac949a2bb61be66,2016-01,Norfolk Constabulary,Norfolk Constabulary,0.816723,52.841735,On or near The Street,E01026782,North Norfolk 009B,Other theft,Formal action is not in the public interest,
5e2aace8f4ae76f35109601ae7ede036b9dfcf49f85af0d845a5100722e98abc,2016-01,Norfolk Constabulary,Norfolk Constabulary,0.876051,52.895147,On or near Knight Street,E01026782,North Norfolk 009B,Vehicle crime,Investigation complete; no suspect identified,
,2016-01,Norfolk Constabulary,Norfolk Constabulary,0.935900,52.819448,On or near Moorend Lane,E01026787,North Norfolk 009C,Anti-social behaviour,,
e0426282f98c22a438000166f773621deadad910352c7c0103cb8f7717d34a4b,2016-01,Norfolk Constabulary,Norfolk Constabulary,0.896551,52.808546,On or near Fakenham Road,E01026787,North Norfolk 009C,Burglary,Investigation complete; no suspect identified,
552b7aebe3a24cb5a2fee84a42a20a9a7f43904e049eba33972bc85217e7edcd,2016-01,Norfolk Constabulary,Norfolk Constabulary,0.900518,52.807055,On or near Sports/Recreation Area,E01026787,North Norfolk 009C,Criminal damage and arson,Investigation complete; no suspect identified,
88c704b5f3abe0f1e59d098932ab75d9abd7725e35790f71ce53e7103b62e4a3,2016-01,Norfolk Constabulary,Norfolk Constabulary,0.907614,52.807987,On or near Wensum Court,E01026787,North Norfolk 009C,Criminal damage and arson,Investigation complete; no suspect identified,
e6f5bdd8b1a2a0929b2cf1925c522af6238f1d2ad509d8a80145888a9a7ea6bd,2016-01,Norfolk Constabulary,Norfolk Constabulary,0.896551,52.808546,On or near Fakenham Road,E01026787,North Norfolk 009C,Other theft,Local resolution,
,2016-01,Norfolk Constabulary,Norfolk Constabulary,1.391316,52.821311,On or near Hall Lane,E01026753,North Norfolk 010A,Anti-social behaviour,,
,2016-01,Norfolk Constabulary,Norfolk Constabulary,1.394016,52.820712,On or near Pound Road,E01026753,North Norfolk 010A,Anti-social behaviour,,
,2016-01,Norfolk Constabulary,Norfolk Constabulary,1.386405,52.822306,On or near Vicarage Street,E01026753,North Norfolk 010A,Anti-social behaviour,,
a013a97dc5508af4c764428646df93419be59c0b2fd5bb492f3dac1fa52c647a,2016-01,Norfolk Constabulary,Norfolk Constabulary,1.386472,52.822780,On or near Greenway Close,E01026753,North Norfolk 010A,Criminal damage and arson,Investigation complete; no suspect identified,
700152cd132d032cc831b7514f287c4c9248aa7bd10b0b4a26490d1e4919454f,2016-01,Norfolk Constabulary,Norfolk Constabulary,1.388329,52.821648,On or near Church Street,E01026753,North Norfolk 010A,Criminal damage and arson,Investigation complete; no suspect identified,
2dde80719f261b16819736251c0aa2fd48a76c3e267853576f73aa07767023e8,2016-01,Norfolk Constabulary,Norfolk Constabulary,1.388329,52.821648,On or near Church Street,E01026753,North Norfolk 010A,Drugs,Offender given a drugs possession warning,
fb9b83d92b9933a875d2f71e52945f8ffa4efd2bc7758b22b573af6c08f98ab0,2016-01,Norfolk Constabulary,Norfolk Constabulary,1.395479,52.820248,On or near Park Avenue,E01026753,North Norfolk 010A,Other theft,Unable to prosecute suspect,
67c4d17b90411164bd2cd54095e8ba75fce28d1d6eeb30362f2dae13396ac151,2016-01,Norfolk Constabulary,Norfolk Constabulary,1.393144,52.823435,On or near Dixon Road,E01026753,North Norfolk 010A,Violence and sexual offences,Local resolution,
82f0b5cc42c939235b2ed0e71c9f38307178b01ac1496a6f848220143619faf2,2016-01,Norfolk Constabulary,Norfolk Constabulary,1.390030,52.820430,On or near Parking Area,E01026753,North Norfolk 010A,Violence and sexual offences,Local resolution,
eb83246add8e51d00870074d824524869c229a397e4ddc2af4b317b4816d456a,2016-01,Norfolk Constabulary,Norfolk Constabulary,1.391619,52.822346,On or near Lime Tree Road,E01026753,North Norfolk 010A,Other crime,Formal action is not in the public interest,
,2016-01,Norfolk Constabulary,Norfolk Constabulary,1.399879,52.821453,On or near Waterfield Meadows,E01026754,North Norfolk 010B,Anti-social behaviour,,
,2016-01,Norfolk Constabulary,Norfolk Constabulary,1.398458,52.821511,On or near Harmer Close,E01026754,North Norfolk 010B,Anti-social behaviour,,
cc61e09a1596b89bf313895e0a606a4a536d40c88882392dcbb201dbbf383a29,2016-01,Norfolk Constabulary,Norfolk Constabulary,1.398458,52.821511,On or near Harmer Close,E01026754,North Norfolk 010B,Public order,Status update unavailable,
e984f5f3e707552234991a0bd56a22371b492402b81f875b69a372cb9876f9d0,2016-01,Norfolk Constabulary,Norfolk Constabulary,1.408395,52.822710,On or near Anchor Road,E01026754,North Norfolk 010B,Violence and sexual offences,Court result unavailable,
5dfd7001dba45f2f62fd62a2d60ae04618a8fdd25b87317661fb8f4c0bfeb355,2016-01,Norfolk Constabulary,Norfolk Constabulary,1.401550,52.819282,On or near Plantation Road,E01026754,North Norfolk 010B,Other crime,Status update unavailable,
,2016-01,Norfolk Constabulary,Norfolk Constabulary,1.389187,52.822757,On or near Petrol Station,E01026756,North Norfolk 010D,Anti-social behaviour,,
,2016-01,Norfolk Constabulary,Norfolk Constabulary,1.389187,52.822757,On or near Petrol Station,E01026756,North Norfolk 010D,Anti-social behaviour,,
989008f3d1ff66e4e23e3885754ad154e10081c8be52775336dd77e85cd3b339,2016-01,Norfolk Constabulary,Norfolk Constabulary,1.399617,52.825705,On or near Ashfield Road,E01026756,North Norfolk 010D,Criminal damage and arson,Investigation complete; no suspect identified,
4d0a816cdc9c470d990887e3df8bf9c9bbee6272dc6fb011432ddf685b88b733,2016-01,Norfolk Constabulary,Norfolk Constabulary,1.396192,52.825389,On or near Preston Road,E01026756,North Norfolk 010D,Criminal damage and arson,Investigation complete; no suspect identified,
b5d9e30c951537b34b19ce71ef56b46a7f6f47141c1a00ee5a31c4a2f2db5468,2016-01,Norfolk Constabulary,Norfolk Constabulary,1.388211,52.827767,On or near Gooch Close,E01026756,North Norfolk 010D,Violence and sexual offences,Status update unavailable,
920d4bfe5e2e257f3982d2350f5fadbdf02d345f1f57bbd245cbbc3f19c0cfef,2016-01,Norfolk Constabulary,Norfolk Constabulary,1.396192,52.825389,On or near Preston Road,E01026756,North Norfolk 010D,Violence and sexual offences,Status update unavailable,
,2016-01,Norfolk Constabulary,Norfolk Constabulary,1.398201,52.828111,On or near Pickford Close,E01026757,North Norfolk 010E,Anti-social behaviour,,
665ebac838433c1fb0f053bf5499351bc55bfcf0cb74de595df9cd5d570d42c4,2016-01,Norfolk Constabulary,Norfolk Constabulary,1.398618,52.829457,On or near Wharton Drive,E01026757,North Norfolk 010E,Burglary,Investigation complete; no suspect identified,
f6e6d3acd4ce4b4b4025247037fd015ddc659e5f49365be7d413313b4d6e9b42,2016-01,Norfolk Constabulary,Norfolk Constabulary,1.396668,52.829774,On or near Alder Close,E01026757,North Norfolk 010E,Criminal damage and arson,Investigation complete; no suspect identified,
6739a5759b50c4ca3f2c987964a23036a84891ad41740ecef1f54099f9638c9e,2016-01,Norfolk Constabulary,Norfolk Constabulary,1.397093,52.826659,On or near Birch Close,E01026757,North Norfolk 010E,Drugs,Status update unavailable,
cd3b391663df501676bb168875a1600a042a8b7473b09067d93631be34e3c471,2016-01,Norfolk Constabulary,Norfolk Constabulary,1.397093,52.826659,On or near Birch Close,E01026757,North Norfolk 010E,Drugs,Offender given a caution,
ca59d04eac9f94b0d57fb215694dd6505cb23983470cb3f304cb0b0933a57539,2016-01,Norfolk Constabulary,Norfolk Constabulary,1.397093,52.826659,On or near Birch Close,E01026757,North Norfolk 010E,Violence and sexual offences,Unable to prosecute suspect,
11f93faac0e719f8b1acf19d3c1d2221960a56583264ff4ee58facc87233b718,2016-01,Norfolk Constabulary,Norfolk Constabulary,1.395604,52.826414,On or near Arnold Pitcher Close,E01026757,North Norfolk 010E,Violence and sexual offences,Status update unavailable,
dae3dfce1723039d2997a7095fa7adf0ecb30c4f73b5f556232403c290514042,2016-01,Norfolk Constabulary,Norfolk Constabulary,1.386461,52.823410,On or near St Mary'S Way,E01026758,North Norfolk 010F,Other theft,Investigation complete; no suspect identified,
,2016-01,Norfolk Constabulary,Norfolk Constabulary,1.376828,52.816940,On or near Cosy Corner,E01026759,North Norfolk 010G,Anti-social behaviour,,
bbae1bb244fff6f51c69c9a9486938d3977441e976a8778cc59808c421163346,2016-01,Norfolk Constabulary,Norfolk Constabulary,1.377930,52.814876,On or near Birds Road,E01026759,North Norfolk 010G,Criminal damage and arson,Formal action is not in the public interest,
9db0625e9a953059d25c4544ff06a69c374a79422dbd2bec306eac2d872a051e,2016-01,Norfolk Constabulary,Norfolk Constabulary,1.374685,52.814564,On or near Sketton View,E01026759,North Norfolk 010G,Violence and sexual offences,Formal action is not in the public interest,
7f6d5384366ebe84214e269514c5abd2c99c9116f22942270be175d1ae01e375,2016-01,Norfolk Constabulary,Norfolk Constabulary,1.379580,52.811852,On or near Foundry Court,E01026759,North Norfolk 010G,Other crime,Formal action is not in the public interest,
8f7031b9a2fc4a85dd0672e3c002997a0a9d229f385ddb3b278fbcbff43004c0,2016-01,Norfolk Constabulary,Norfolk Constabulary,1.376910,52.817612,On or near Fuller Road,E01026759,North Norfolk 010G,Other crime,Formal action is not in the public interest,
,2016-01,Norfolk Constabulary,Norfolk Constabulary,1.387169,52.821250,On or near Market Place,E01026760,North Norfolk 010H,Anti-social behaviour,,
,2016-01,Norfolk Constabulary,Norfolk Constabulary,1.387727,52.820406,On or near Shopping Area,E01026760,North Norfolk 010H,Anti-social behaviour,,
,2016-01,Norfolk Constabulary,Norfolk Constabulary,1.385451,52.820345,On or near King'S Arms Street,E01026760,North Norfolk 010H,Anti-social behaviour,,
,2016-01,Norfolk Constabulary,Norfolk Constabulary,1.388541,52.817127,On or near North Walsham Police Station,E01026760,North Norfolk 010H,Anti-social behaviour,,
,2016-01,Norfolk Constabulary,Norfolk Constabulary,1.387727,52.820406,On or near Shopping Area,E01026760,North Norfolk 010H,Anti-social behaviour,,
,2016-01,Norfolk Constabulary,Norfolk Constabulary,1.384182,52.819869,On or near The Hollies,E01026760,North Norfolk 010H,Anti-social behaviour,,
,2016-01,Norfolk Constabulary,Norfolk Constabulary,1.388541,52.817127,On or near North Walsham Police Station,E01026760,North Norfolk 010H,Anti-social behaviour,,
,2016-01,Norfolk Constabulary,Norfolk Constabulary,1.387727,52.820406,On or near Shopping Area,E01026760,North Norfolk 010H,Anti-social behaviour,,
,2016-01,Norfolk Constabulary,Norfolk Constabulary,1.385309,52.821761,On or near Market Street,E01026760,North Norfolk 010H,Anti-social behaviour,,
6b9ae26b918b386936a77b6d8f417f2113444c311bbba5362de9cf29d26b3ea8,2016-01,Norfolk Constabulary,Norfolk Constabulary,1.387169,52.821250,On or near Market Place,E01026760,North Norfolk 010H,Burglary,Offender given conditional discharge,
51eb129cc9abc133e85de24b9d5c2b541dcec561fb9f76f12a4df040cb8b9749,2016-01,Norfolk Constabulary,Norfolk Constabulary,1.385309,52.821761,On or near Market Street,E01026760,North Norfolk 010H,Criminal damage and arson,Investigation complete; no suspect identified,
f0b411ae1c38cc110dcd2691929a6164a8c0cb92f79ac95af5a0232982b521a7,2016-01,Norfolk Constabulary,Norfolk Constabulary,1.387169,52.821250,On or near Market Place,E01026760,North Norfolk 010H,Criminal damage and arson,Court result unavailable,
724df33c442f5e181204d62e4f9c8e78e2f7814f4657fed768bb9cb6b1cd99cf,2016-01,Norfolk Constabulary,Norfolk Constabulary,1.385309,52.821761,On or near Market Street,E01026760,North Norfolk 010H,Violence and sexual offences,Offender given a caution,
e2b7fea5d5c9fcdb8661d69f6f98f7b80af0a5374e1a6fb2d580a9c8e5cd9223,2016-01,Norfolk Constabulary,Norfolk Constabulary,1.387065,52.820290,On or near Bank Loke,E01026760,North Norfolk 010H,Violence and sexual offences,Court result unavailable,
389fa60f7b990dfed66fc0c178e0e545fde6129a15920e0e8473eb55d1fc8d8b,2016-01,Norfolk Constabulary,Norfolk Constabulary,1.375458,52.821287,On or near Princes Street,E01026761,North Norfolk 010I,Criminal damage and arson,Investigation complete; no suspect identified,
9689fbbed392ce27ae77cee03a3a5317e8d786e9028b8a197647e4ed42d436cf,2016-01,Norfolk Constabulary,Norfolk Constabulary,1.375458,52.821287,On or near Princes Street,E01026761,North Norfolk 010I,Violence and sexual offences,Formal action is not in the public interest,
225f3df3cd166c258bbfe5b70df24e019ba8c0367b6baf8e5e6205e16acf31d6,2016-01,Norfolk Constabulary,Norfolk Constabulary,1.376022,52.824526,On or near Pedestrian Subway,E01026761,North Norfolk 010I,Violence and sexual offences,Investigation complete; no suspect identified,
,2016-01,Norfolk Constabulary,Norfolk Constabulary,0.849570,52.837371,On or near St Peter'S Road,E01026745,North Norfolk 011A,Anti-social behaviour,,
,2016-01,Norfolk Constabulary,Norfolk Constabulary,0.862179,52.837176,On or near Whitelands,E01026745,North Norfolk 011A,Anti-social behaviour,,
6170c9f4369b90ea8226c22232bb365b6cb7c302ab54ab7e11f7911bec7b3dba,2016-01,Norfolk Constabulary,Norfolk Constabulary,0.854707,52.838938,On or near Charles Road,E01026745,North Norfolk 011A,Vehicle crime,Investigation complete; no suspect identified,
1d8034a8d6ce0d726a023c7e005d9da8383e662fad2ccd274c884d4be5e4fc45,2016-01,Norfolk Constabulary,Norfolk Constabulary,0.851917,52.838745,On or near Silverlands Close,E01026745,North Norfolk 011A,Violence and sexual offences,Status update unavailable,
53768e1d1d6f5fae9854d38842da52a6823301715ebbbccf6b2a66ad59d798bd,2016-01,Norfolk Constabulary,Norfolk Constabulary,0.848432,52.834737,On or near Highfield Road,E01026745,North Norfolk 011A,Violence and sexual offences,Unable to prosecute suspect,
,2016-01,Norfolk Constabulary,Norfolk Constabulary,0.847597,52.833768,On or near Parking Area,E01026746,North Norfolk 011B,Anti-social behaviour,,
5af317298ce6ff054d40326a0e6edf5ac74d22793f62ee92b67a43d5875783fa,2016-01,Norfolk Constabulary,Norfolk Constabulary,0.841323,52.841840,On or near Norman Close,E01026746,North Norfolk 011B,Burglary,Investigation complete; no suspect identified,
ebf1c2d7a5032214ad5e9e3d8c4d1f22f7ed9268aeb232fdd50cc2f26b40160b,2016-01,Norfolk Constabulary,Norfolk Constabulary,0.841326,52.839376,On or near Seppings Road,E01026746,North Norfolk 011B,Criminal damage and arson,Investigation complete; no suspect identified,
ade1b0a88edd31c2eac87c3b2559051c7c52917caef392ddca6a7d6ffd48f1b3,2016-01,Norfolk Constabulary,Norfolk Constabulary,0.845686,52.841781,On or near Sports/Recreation Area,E01026746,North Norfolk 011B,Drugs,Offender given penalty notice,
73a57be1141e1edaa7808dcd6b88127e45ba4457ab51c91632f96a75b90b2d7b,2016-01,Norfolk Constabulary,Norfolk Constabulary,0.870483,52.839691,On or near Petrol Station,E01026746,North Norfolk 011B,Public order,Status update unavailable,
c5111eff0fb6543a6cd53a680fac45d8b582ad718b845e47f3220c4e94303953,2016-01,Norfolk Constabulary,Norfolk Constabulary,0.870483,52.839691,On or near Petrol Station,E01026746,North Norfolk 011B,Public order,Formal action is not in the public interest,
0b67cc2d550edcde29f3acdb532acae4d4b2a4454062e61156b259b5c0e82057,2016-01,Norfolk Constabulary,Norfolk Constabulary,0.870483,52.839691,On or near Petrol Station,E01026746,North Norfolk 011B,Shoplifting,Investigation complete; no suspect identified,
acf8523b61deb5ed82670cf06eedb08c54cf3808894adbca41849ea8d98c902a,2016-01,Norfolk Constabulary,Norfolk Constabulary,0.841809,52.840633,On or near Wigg Road,E01026746,North Norfolk 011B,Other crime,Formal action is not in the public interest,
465cfe71e1da596ab957bc4a668bd62dffcb25ec9839a703cfab7f16c86b8105,2016-01,Norfolk Constabulary,Norfolk Constabulary,0.841809,52.840633,On or near Wigg Road,E01026746,North Norfolk 011B,Other crime,Status update unavailable,
,2016-01,Norfolk Constabulary,Norfolk Constabulary,0.853837,52.829760,On or near The Lawns,E01026747,North Norfolk 011C,Anti-social behaviour,,
,2016-01,Norfolk Constabulary,Norfolk Constabulary,0.849381,52.830182,On or near Norwich Street,E01026747,North Norfolk 011C,Anti-social behaviour,,
,2016-01,Norfolk Constabulary,Norfolk Constabulary,0.854579,52.830201,On or near Fakenham Police Station,E01026747,North Norfolk 011C,Anti-social behaviour,,
,2016-01,Norfolk Constabulary,Norfolk Constabulary,0.848628,52.827979,On or near Mill Court,E01026747,North Norfolk 011C,Anti-social behaviour,,
,2016-01,Norfolk Constabulary,Norfolk Constabulary,0.847883,52.828159,On or near Parking Area,E01026747,North Norfolk 011C,Anti-social behaviour,,
,2016-01,Norfolk Constabulary,Norfolk Constabulary,0.848628,52.827979,On or near Mill Court,E01026747,North Norfolk 011C,Anti-social behaviour,,
,2016-01,Norfolk Constabulary,Norfolk Constabulary,0.854579,52.830201,On or near Fakenham Police Station,E01026747,North Norfolk 011C,Anti-social behaviour,,
,2016-01,Norfolk Constabulary,Norfolk Constabulary,0.849381,52.830182,On or near Norwich Street,E01026747,North Norfolk 011C,Anti-social behaviour,,
,2016-01,Norfolk Constabulary,Norfolk Constabulary,0.847949,52.828715,On or near Swan Street,E01026747,North Norfolk 011C,Anti-social behaviour,,
,2016-01,Norfolk Constabulary,Norfolk Constabulary,0.851185,52.829608,On or near Ratcliffe Road,E01026747,North Norfolk 011C,Anti-social behaviour,,
05b0f7ed8993462f971dc5abdad4b66ccb50bd3113ea1edd8b8d963c058538eb,2016-01,Norfolk Constabulary,Norfolk Constabulary,0.851452,52.828927,On or near Oxborough Lane,E01026747,North Norfolk 011C,Other theft,Investigation complete; no suspect identified,
98e7829ddf0a737aa8220024a5630ac31adfbaf9f01dca9cdf7e0cc1312c977d,2016-01,Norfolk Constabulary,Norfolk Constabulary,0.849381,52.830182,On or near Norwich Street,E01026747,North Norfolk 011C,Other theft,Investigation complete; no suspect identified,
b0bdc4aedd7e06b0e35b3f8230db6c64ab2afd27235a4f51b5055b7dfb1823e8,2016-01,Norfolk Constabulary,Norfolk Constabulary,0.851185,52.829608,On or near Ratcliffe Road,E01026747,North Norfolk 011C,Public order,Unable to prosecute suspect,
e54a4cade1ffe253e57f03312a66be27952869cb7a0b0787852b378dc22de6e5,2016-01,Norfolk Constabulary,Norfolk Constabulary,0.847591,52.830054,On or near Market Place,E01026747,North Norfolk 011C,Vehicle crime,Investigation complete; no suspect identified,
18e1da82ded01d17d93fea62352071aa51f995e0ae3120a3634ecc495146aa59,2016-01,Norfolk Constabulary,Norfolk Constabulary,0.847591,52.830054,On or near Market Place,E01026747,North Norfolk 011C,Violence and sexual offences,Status update unavailable,
b7770ec594bfbe65a94df7d19f0b4fc58b4287c97e18851fa28d86c8c494c105,2016-01,Norfolk Constabulary,Norfolk Constabulary,0.854579,52.830201,On or near Fakenham Police Station,E01026747,North Norfolk 011C,Violence and sexual offences,Court result unavailable,
c9cfa1b642335ff8232343bfb2b6724e98abf2fadbaa77716231258aa4941b29,2016-01,Norfolk Constabulary,Norfolk Constabulary,0.851185,52.829608,On or near Ratcliffe Road,E01026747,North Norfolk 011C,Violence and sexual offences,Court result unavailable,
bddac7ce962ecf3ba2b7eb4d10dc14d9d72fa109c04a37c917b37ab30098ac61,2016-01,Norfolk Constabulary,Norfolk Constabulary,0.846448,52.826871,On or near Hempton Road,E01026747,North Norfolk 011C,Violence and sexual offences,Unable to prosecute suspect,
baf5e40b38a44f0d8578e59dbb1efc4f93a057917691aca5e259b43c2b16f144,2016-01,Norfolk Constabulary,Norfolk Constabulary,0.847949,52.828715,On or near Swan Street,E01026747,North Norfolk 011C,Violence and sexual offences,Formal action is not in the public interest,
5c621e7166a0c72c34d9666e175c264c7c4ded071838ae427bd7911a0a71b35b,2016-01,Norfolk Constabulary,Norfolk Constabulary,0.876147,52.830804,On or near Heath Way,E01026748,North Norfolk 011D,Criminal damage and arson,Investigation complete; no suspect identified,
225e444bf9789894901e654980eab536018e141d6cb9d9af65b7a3269f4497a9,2016-01,Norfolk Constabulary,Norfolk Constabulary,0.877182,52.832982,On or near William Road,E01026748,North Norfolk 011D,Criminal damage and arson,Defendant found not guilty,
d52e84c5c323a0c67a0b8d97921e2efb0564525166bb1b3fd68e28b8e154de1d,2016-01,Norfolk Constabulary,Norfolk Constabulary,0.859447,52.835146,On or near Holt Road,E01026749,North Norfolk 011E,Criminal damage and arson,Investigation complete; no suspect identified,
6d778979e38d12efcfd764a1b0424c07d404605356350a86048c0f9ea88d85c4,2016-01,Norfolk Constabulary,Norfolk Constabulary,0.860310,52.832689,On or near Mervyn King Close,E01026749,North Norfolk 011E,Criminal damage and arson,Investigation complete; no suspect identified,
b29ef241d8318aa5d0cf6e207506369897b464825e974fa9a3021c1f7037ebc4,2016-01,Norfolk Constabulary,Norfolk Constabulary,0.857819,52.835680,On or near Waterfield Avenue,E01026749,North Norfolk 011E,Criminal damage and arson,Investigation complete; no suspect identified,
fa60665cbfb8c937f5446709d58d2edc61f1520143fe9e2f5922cfdc25300730,2016-01,Norfolk Constabulary,Norfolk Constabulary,0.859447,52.835146,On or near Holt Road,E01026749,North Norfolk 011E,Drugs,Status update unavailable,
0373fef056670bbbe75f05409f2c90073d0ddb1479261bfccd6dfc6740ba57cd,2016-01,Norfolk Constabulary,Norfolk Constabulary,0.859447,52.835146,On or near Holt Road,E01026749,North Norfolk 011E,Drugs,Offender given a drugs possession warning,
e551b80b80056229105ded41cfa00cd59293f779474aa0f6f64eecc55a527496,2016-01,Norfolk Constabulary,Norfolk Constabulary,0.859447,52.835146,On or near Holt Road,E01026749,North Norfolk 011E,Drugs,Court result unavailable,
8a94d8426abbf72e021c8e1aab8855aa09374dd9bcee2af58560494665522da9,2016-01,Norfolk Constabulary,Norfolk Constabulary,0.859447,52.835146,On or near Holt Road,E01026749,North Norfolk 011E,Drugs,Offender given penalty notice,
49428143f5847976a6b2b5873bd69272b68246637da1f87f5d02a27a916ec3b7,2016-01,Norfolk Constabulary,Norfolk Constabulary,0.859447,52.835146,On or near Holt Road,E01026749,North Norfolk 011E,Drugs,Court result unavailable,
35ad2da8fd2cadaacd672ab060d5f9b52560a69df06dce6fecc5255aa25fc3a0,2016-01,Norfolk Constabulary,Norfolk Constabulary,0.857819,52.835680,On or near Waterfield Avenue,E01026749,North Norfolk 011E,Vehicle crime,Investigation complete; no suspect identified,
212c1e8a149c2d7ef87851810c116f7e968b7b3a2deb41ca04f5b06a5d6a095f,2016-01,Norfolk Constabulary,Norfolk Constabulary,0.857819,52.835680,On or near Waterfield Avenue,E01026749,North Norfolk 011E,Vehicle crime,Investigation complete; no suspect identified,
6ff1e39a76fcdfa8e22ad139512c2768e104aaa630a20e23acdb9787aaeb229a,2016-01,Norfolk Constabulary,Norfolk Constabulary,0.858416,52.830747,On or near Station Close,E01026749,North Norfolk 011E,Violence and sexual offences,Formal action is not in the public interest,
12a8992a475fca861301105090b1965a999457cb35b98c3bd62f31de9a43ef9b,2016-01,Norfolk Constabulary,Norfolk Constabulary,0.858416,52.830747,On or near Station Close,E01026749,North Norfolk 011E,Violence and sexual offences,Formal action is not in the public interest,
,2016-01,Norfolk Constabulary,Norfolk Constabulary,1.498503,52.842669,On or near St Helens Road,E01026740,North Norfolk 012A,Anti-social behaviour,,
e777ae5eca8544f812053c5cccfc1a3db5cf36bb7df8d750573052a0dc1e4e34,2016-01,Norfolk Constabulary,Norfolk Constabulary,1.482319,52.822361,On or near The Street,E01026740,North Norfolk 012A,Criminal damage and arson,Investigation complete; no suspect identified,
dcef5c39210c4356015c167e4f3597f61c640100781f6fec0bb634ff8d912f2f,2016-01,Norfolk Constabulary,Norfolk Constabulary,1.448599,52.796464,On or near The Street,E01026740,North Norfolk 012A,Other theft,Investigation complete; no suspect identified,
07950d817a9bf24f16c5b49c396571e760177b78c3cc94a9fb93aa3a277c731e,2016-01,Norfolk Constabulary,Norfolk Constabulary,1.498503,52.842669,On or near St Helens Road,E01026740,North Norfolk 012A,Public order,Unable to prosecute suspect,
9f59b12c9fa24b94be8fcd2334390f7bdbb58c3545995e6e9716e3920d6e4430,2016-01,Norfolk Constabulary,Norfolk Constabulary,1.556952,52.813238,On or near Parking Area,E01026740,North Norfolk 012A,Vehicle crime,Investigation complete; no suspect identified,
5bb6475f5ece948e0ecbd40ae5e069364172ec040738934307c06b14931a9473,2016-01,Norfolk Constabulary,Norfolk Constabulary,1.481473,52.817349,On or near Heath Road,E01026740,North Norfolk 012A,Vehicle crime,Investigation complete; no suspect identified,
c66d30db70f069a6bdcc37e6fc4357915ae08185c1d10f77c2eb77d732d3c39f,2016-01,Norfolk Constabulary,Norfolk Constabulary,1.531682,52.823599,On or near The Street,E01026740,North Norfolk 012A,Violence and sexual offences,Status update unavailable,
f184fa65d4b302d3ca7ee204d87262df460b44f62a443bc47e852f29ee68f4e8,2016-01,Norfolk Constabulary,Norfolk Constabulary,1.498503,52.842669,On or near St Helens Road,E01026740,North Norfolk 012A,Violence and sexual offences,Formal action is not in the public interest,
6bfd8db630d77d44ae065289101f80f402e3c125d559e35e1219ae5d59cf8ff2,2016-01,Norfolk Constabulary,Norfolk Constabulary,1.498503,52.842669,On or near St Helens Road,E01026740,North Norfolk 012A,Violence and sexual offences,Formal action is not in the public interest,
a6e775433750d29b92faeca24b2bfe3aa61e2ce0f96f7f4d97577697b50cdb32,2016-01,Norfolk Constabulary,Norfolk Constabulary,1.498503,52.842669,On or near St Helens Road,E01026740,North Norfolk 012A,Violence and sexual offences,Unable to prosecute suspect,
,2016-01,Norfolk Constabulary,Norfolk Constabulary,1.451905,52.761219,On or near Knowles' Lane,E01026767,North Norfolk 012B,Anti-social behaviour,,
,2016-01,Norfolk Constabulary,Norfolk Constabulary,1.406284,52.739174,On or near Fletcher Close,E01026767,North Norfolk 012B,Anti-social behaviour,,
6d6468b8694f22e5397a3427c72e90cae10cfe6ef40bb18bbcf67dc7d3331557,2016-01,Norfolk Constabulary,Norfolk Constabulary,1.460438,52.756842,On or near Park/Open Space,E01026767,North Norfolk 012B,Burglary,Investigation complete; no suspect identified,
2feade9094dd08747254737b48312ca8b6b2d7cd9b476d10336582d70aabc789,2016-01,Norfolk Constabulary,Norfolk Constabulary,1.423923,52.748495,On or near Church Road,E01026767,North Norfolk 012B,Violence and sexual offences,Status update unavailable,
6d4fcb692caeb6bb4a80537cf7245c68969a8afd9b5019ede7eacbbc28931d99,2016-01,Norfolk Constabulary,Norfolk Constabulary,1.402030,52.743541,On or near Market Close,E01026767,North Norfolk 012B,Other crime,Status update unavailable,
a9f49cfd57dc9d78f53c16bd104d5cb264b549acac8d0c7a813801253b7fb969,2016-01,Norfolk Constabulary,Norfolk Constabulary,1.341914,52.763365,On or near Ormesby Road,E01026768,North Norfolk 012C,Burglary,Investigation complete; no suspect identified,
90317e7acf23c619f91895c5aced3e83738958777ef4795c5b0d345a2deb8506,2016-01,Norfolk Constabulary,Norfolk Constabulary,1.394407,52.768034,On or near Low Street,E01026768,North Norfolk 012C,Criminal damage and arson,Investigation complete; no suspect identified,
accdc31a78fb2923ca986744c71542bed7583c006eade4253870e9cc44d726e3,2016-01,Norfolk Constabulary,Norfolk Constabulary,1.343836,52.761557,On or near Barton Road,E01026768,North Norfolk 012C,Other theft,Investigation complete; no suspect identified,
86c9f6482ddfdb30ab222b5ffedd8bcd88ba54c736723eeceef74f3303940ead,2016-01,Norfolk Constabulary,Norfolk Constabulary,1.341914,52.763365,On or near Ormesby Road,E01026768,North Norfolk 012C,Violence and sexual offences,Court result unavailable,
39ba0b9b5df99578c44be3e80659b1591a39dceeba4faac5170484ad43ac7f35,2016-01,Norfolk Constabulary,Norfolk Constabulary,1.344524,52.759901,On or near Prison,E01026768,North Norfolk 012C,Violence and sexual offences,Formal action is not in the public interest,
9e499bdae9bbd5d9002de0e7f25c4bd7b7c725d75cff0bc0bdc46cc6449b3df0,2016-01,Norfolk Constabulary,Norfolk Constabulary,1.344524,52.759901,On or near Prison,E01026768,North Norfolk 012C,Violence and sexual offences,Unable to prosecute suspect,
a6b16e3dca5af18ac361f7e4515667bbe6fe1280cfab87087d5204e1e14a0f98,2016-01,Norfolk Constabulary,Norfolk Constabulary,1.344524,52.759901,On or near Prison,E01026768,North Norfolk 012C,Violence and sexual offences,Unable to prosecute suspect,
980a1fe38acaa11a76639e25fc87dd41dd47be2a79863f3be9dfae8ba0830b5e,2016-01,Norfolk Constabulary,Norfolk Constabulary,1.344524,52.759901,On or near Prison,E01026768,North Norfolk 012C,Violence and sexual offences,Unable to prosecute suspect,
1eeb8f70dde32f83b66821e4103ec2b64e91a502dff70b84c0f29779ac9ec8a4,2016-01,Norfolk Constabulary,Norfolk Constabulary,1.394407,52.768034,On or near Low Street,E01026768,North Norfolk 012C,Other crime,Local resolution,
2775f3682670418f555c79333a2e289f170fb64eba1493bcaaccc1c41aa6ffbd,2016-01,Norfolk Constabulary,Norfolk Constabulary,1.331120,52.794220,On or near Common Road,E01026789,North Norfolk 012D,Burglary,Investigation complete; no suspect identified,
7df93441005340a4ad85e8dc794c965be4ada344846e9cd7a900f2529f578779,2016-01,Norfolk Constabulary,Norfolk Constabulary,1.337421,52.815061,On or near Highfields,E01026789,North Norfolk 012D,Violence and sexual offences,Status update unavailable,
,2016-01,Norfolk Constabulary,Norfolk Constabulary,1.356536,52.781317,On or near The Poplars,E01026790,North Norfolk 012E,Anti-social behaviour,,
1ef6a02d42035cd7c3ec7094ae67aea30a92024ae1401a9690571dfbc652ebd3,2016-01,Norfolk Constabulary,Norfolk Constabulary,1.403061,52.776509,On or near Station Road,E01026790,North Norfolk 012E,Criminal damage and arson,Investigation complete; no suspect identified,
,2016-01,Norfolk Constabulary,Norfolk Constabulary,1.529520,52.763241,On or near Hastings Way,E01026774,North Norfolk 013A,Anti-social behaviour,,
,2016-01,Norfolk Constabulary,Norfolk Constabulary,1.529504,52.762675,On or near Neville Road,E01026774,North Norfolk 013A,Anti-social behaviour,,
d382ce3ed86cd3debe11904fe23102d3df35a66505fad2c7ba0f2371454a18d5,2016-01,Norfolk Constabulary,Norfolk Constabulary,1.511552,52.766770,On or near Mill Road,E01026774,North Norfolk 013A,Drugs,Offender given a drugs possession warning,
5110bdbcebf5a66e4e9e3fe1dd21ac5f57dc0ee508877a9bc3bdef20b9595924,2016-01,Norfolk Constabulary,Norfolk Constabulary,1.530686,52.760067,On or near Denise Close,E01026774,North Norfolk 013A,Other theft,Investigation complete; no suspect identified,
b9a7b7b132f911546a548e87757bba894fc65bf79591df11e1ac2a84aece2ae9,2016-01,Norfolk Constabulary,Norfolk Constabulary,1.529779,52.761866,On or near Moor Road,E01026774,North Norfolk 013A,Violence and sexual offences,Unable to prosecute suspect,
a263156e78d3f2f682683c944be8b53bca40a89fdfd77e130e6895843bfbf48f,2016-01,Norfolk Constabulary,Norfolk Constabulary,1.520337,52.773462,On or near Sports/Recreation Area,E01026775,North Norfolk 013B,Criminal damage and arson,Court result unavailable,
1dd7d03ec8dd5dfb3710ce9b1ed6d8dbda3f91793f966eef7bb87ee5b752795e,2016-01,Norfolk Constabulary,Norfolk Constabulary,1.523483,52.774771,On or near Granville Close,E01026775,North Norfolk 013B,Other theft,Investigation complete; no suspect identified,
1f5574d5f57b60dbe6346544aa35dd0e4024dc78dad69e3e6733eeacd4451e3b,2016-01,Norfolk Constabulary,Norfolk Constabulary,1.516656,52.775262,On or near Bullemer Close,E01026775,North Norfolk 013B,Public order,Status update unavailable,
,2016-01,Norfolk Constabulary,Norfolk Constabulary,1.522692,52.769758,On or near Stalham Police Station,E01026776,North Norfolk 013C,Anti-social behaviour,,
f63ced4817defa2fe38da7fd8af60ab8c4d3f6c85314c2d8905a532027e782e7,2016-01,Norfolk Constabulary,Norfolk Constabulary,1.512088,52.775631,On or near Recreation Road,E01026776,North Norfolk 013C,Other theft,Investigation complete; no suspect identified,
,2016-01,Norfolk Constabulary,Norfolk Constabulary,1.571509,52.801234,On or near Beach Road,E01026786,North Norfolk 013D,Anti-social behaviour,,
,2016-01,Norfolk Constabulary,Norfolk Constabulary,1.596605,52.786516,On or near Chapel Road,E01026786,North Norfolk 013D,Anti-social behaviour,,
53d2b7ffd4d45d672d6bf0335aefcc29ba2814cdfe2e060f29ff2c9160ee1da5,2016-01,Norfolk Constabulary,Norfolk Constabulary,1.561493,52.783277,On or near Palling Road,E01026786,North Norfolk 013D,Burglary,Status update unavailable,
d9790f0052ed24e82e404ec09778a953e3b72404d6da3438e4eb0d075acc07a0,2016-01,Norfolk Constabulary,Norfolk Constabulary,1.498940,52.788099,On or near Park/Open Space,E01026786,North Norfolk 013D,Criminal damage and arson,Offender given a caution,
fead3e4c0b7245cb1ca835052557c29d5a389dee7280e0e0a1b39c90a69c4706,2016-01,Norfolk Constabulary,Norfolk Constabulary,1.498940,52.788099,On or near Park/Open Space,E01026786,North Norfolk 013D,Criminal damage and arson,Offender given a caution,
075814226a6b17b52f9ad96202f8f2c316b85ee01650e573ece3634d9c64264b,2016-01,Norfolk Constabulary,Norfolk Constabulary,1.550190,52.798034,On or near The Street,E01026786,North Norfolk 013D,Violence and sexual offences,Offender given a caution,
f94b95b61703e492645c6bb30509b412e2a8edf426e2eb63907ef6376888b146,2016-01,Norfolk Constabulary,Norfolk Constabulary,1.566969,52.807405,On or near Crowden Road,E01026786,North Norfolk 013D,Violence and sexual offences,Investigation complete; no suspect identified,
,2016-01,Norfolk Constabulary,Norfolk Constabulary,1.422165,52.717392,On or near Stalham Road,E01026744,North Norfolk 014A,Anti-social behaviour,,
,2016-01,Norfolk Constabulary,Norfolk Constabulary,1.422165,52.717392,On or near Stalham Road,E01026744,North Norfolk 014A,Anti-social behaviour,,
,2016-01,Norfolk Constabulary,Norfolk Constabulary,1.410378,52.715717,On or near Three Acre Close,E01026744,North Norfolk 014A,Anti-social behaviour,,
b8d4c01dcc62eccf45930c340ed135ca03c6749661b28f3d8216df2b2b57c709,2016-01,Norfolk Constabulary,Norfolk Constabulary,1.411554,52.712562,On or near Hoveton Police Station,E01026744,North Norfolk 014A,Criminal damage and arson,Investigation complete; no suspect identified,
ab6919422a6bf54eb02a9248d6713ed899784ba1738f8babe57c1e3d02398f78,2016-01,Norfolk Constabulary,Norfolk Constabulary,1.411554,52.712562,On or near Hoveton Police Station,E01026744,North Norfolk 014A,Shoplifting,Investigation complete; no suspect identified,
5deb5540724650dd11305cf03bb551a67529fe1d71a9bac8ea9b77793c770e0b,2016-01,Norfolk Constabulary,Norfolk Constabulary,1.418235,52.717514,On or near Summer Drive,E01026744,North Norfolk 014A,Violence and sexual offences,Formal action is not in the public interest,
c0d215271037196e47be17319dbc7c88a0b876ba16eb19b690aa26f7d7b1dabe,2016-01,Norfolk Constabulary,Norfolk Constabulary,1.426885,52.736961,On or near Church Road,E01026744,North Norfolk 014A,Violence and sexual offences,Formal action is not in the public interest,
4686744ac58a567da288f9a0f39e6f2208f1d639f200fbd1876aae54ed961c83,2016-01,Norfolk Constabulary,Norfolk Constabulary,1.418235,52.717514,On or near Summer Drive,E01026744,North Norfolk 014A,Violence and sexual offences,Formal action is not in the public interest,
,2016-01,Norfolk Constabulary,Norfolk Constabulary,1.462940,52.705621,On or near Staithe Close,E01026769,North Norfolk 014B,Anti-social behaviour,,
f677001f937adce38863dfdfb19a5d66aa56ef7736f22933b85204c76129086a,2016-01,Norfolk Constabulary,Norfolk Constabulary,1.471413,52.695605,On or near Ferry View Road,E01026769,North Norfolk 014B,Criminal damage and arson,Unable to prosecute suspect,
e731cd323a10692f18348b5be3ae295e99748a417702489dde402dc231187682,2016-01,Norfolk Constabulary,Norfolk Constabulary,1.466078,52.706725,On or near Mill Hill,E01026769,North Norfolk 014B,Violence and sexual offences,Offender given a caution,
6f228006c51f7f17e1f6c5a693914c27b00047537eb7d7675be2a10fec315339,2016-01,Norfolk Constabulary,Norfolk Constabulary,1.484915,52.722344,On or near Park/Open Space,E01026769,North Norfolk 014B,Violence and sexual offences,Formal action is not in the public interest,
,2016-01,Norfolk Constabulary,Norfolk Constabulary,1.536799,52.708376,On or near Park/Open Space,E01026783,North Norfolk 014C,Anti-social behaviour,,
,2016-01,Norfolk Constabulary,Norfolk Constabulary,1.569445,52.725502,On or near Chapel Road,E01026783,North Norfolk 014C,Anti-social behaviour,,
3cdec370367715dc5356d0b1c392afde371dcbd083c73418766a477fc2782123,2016-01,Norfolk Constabulary,Norfolk Constabulary,1.578411,52.720671,On or near Church Road,E01026783,North Norfolk 014C,Burglary,Investigation complete; no suspect identified,
276e378b9251823bb461782e0e5204c51d4a106c55024352e2d642faf2b0da20,2016-01,Norfolk Constabulary,Norfolk Constabulary,1.538565,52.712811,On or near Grange Close,E01026783,North Norfolk 014C,Burglary,Investigation complete; no suspect identified,
64ec5272d607b2f921e6be954bd9484a765966e8fe298078b19703203ba43263,2016-01,Norfolk Constabulary,Norfolk Constabulary,1.573108,52.719581,On or near Vicarage Close,E01026783,North Norfolk 014C,Other theft,Investigation complete; no suspect identified,
f27b52e29411603baadb01f54657d556c2bef8bf5b5276529ffd753a24611979,2016-01,Norfolk Constabulary,Norfolk Constabulary,1.531546,52.712823,On or near Laurels Crescent,E01026784,North Norfolk 014D,Other theft,Investigation complete; no suspect identified,
,2016-01,Norfolk Constabulary,Norfolk Constabulary,1.574242,52.748274,On or near Park/Open Space,E01026785,North Norfolk 014E,Anti-social behaviour,,
c54d0a172087292b3a669fe813fc3f18e26f1c27f52a39d47a684132963fdf7f,2016-01,Norfolk Constabulary,Norfolk Constabulary,1.551081,52.751444,On or near Sutton Road,E01026785,North Norfolk 014E,Violence and sexual offences,Formal action is not in the public interest,
,2016-01,Norfolk Constabulary,Norfolk Constabulary,1.280277,52.652443,On or near White House Court,E01026797,Norwich 001A,Anti-social behaviour,,
,2016-01,Norfolk Constabulary,Norfolk Constabulary,1.283125,52.653353,On or near Harry Watson Court,E01026797,Norwich 001A,Anti-social behaviour,,
,2016-01,Norfolk Constabulary,Norfolk Constabulary,1.285309,52.662349,On or near Burton Road,E01026797,Norwich 001A,Anti-social behaviour,,
,2016-01,Norfolk Constabulary,Norfolk Constabulary,1.279901,52.651572,On or near Mile Cross Road,E01026797,Norwich 001A,Anti-social behaviour,,
,2016-01,Norfolk Constabulary,Norfolk Constabulary,1.279726,52.652989,On or near Supermarket,E01026797,Norwich 001A,Anti-social behaviour,,
,2016-01,Norfolk Constabulary,Norfolk Constabulary,1.290174,52.657214,On or near Tansy Close,E01026797,Norwich 001A,Anti-social behaviour,,
,2016-01,Norfolk Constabulary,Norfolk Constabulary,1.293203,52.665628,On or near Dowding Road,E01026797,Norwich 001A,Anti-social behaviour,,
,2016-01,Norfolk Constabulary,Norfolk Constabulary,1.287442,52.659628,On or near Concorde Road,E01026797,Norwich 001A,Anti-social behaviour,,
,2016-01,Norfolk Constabulary,Norfolk Constabulary,1.284844,52.656157,On or near Dalrymple Way,E01026797,Norwich 001A,Anti-social behaviour,,
0bd184520ce1fda6abcb49447b3fa248d5ee28c1694b7d36fd6de85561a1067d,2016-01,Norfolk Constabulary,Norfolk Constabulary,1.279901,52.651572,On or near Mile Cross Road,E01026797,Norwich 001A,Burglary,Suspect charged as part of another case,
4937c6c9f605a4b1c27fd50f7e51254313495127b60d565f46868e417aea4b84,2016-01,Norfolk Constabulary,Norfolk Constabulary,1.280385,52.651325,On or near Aylsham Crescent,E01026797,Norwich 001A,Burglary,Investigation complete; no suspect identified,
f55dc278e3d0082ab690493cf8e67fcc9514580108850441b169f8a8d9ca1e0f,2016-01,Norfolk Constabulary,Norfolk Constabulary,1.279901,52.651572,On or near Mile Cross Road,E01026797,Norwich 001A,Burglary,Suspect charged as part of another case,
9a257846c5db1e2597394e56e026d32ae0bcd7d9d5399deb8326c25dbfc1c753,2016-01,Norfolk Constabulary,Norfolk Constabulary,1.285770,52.657255,On or near Mile Cross Lane,E01026797,Norwich 001A,Criminal damage and arson,Investigation complete; no suspect identified,
acfa86204ca7fbec03c37e1a9bd8dbc8cef3ba91e6747c600594730c1120a4de,2016-01,Norfolk Constabulary,Norfolk Constabulary,1.280771,52.655874,On or near Keelan Close,E01026797,Norwich 001A,Criminal damage and arson,Investigation complete; no suspect identified,
4f57dc3801cf61482dd80acf7cd3c052c2a573aa53b1a909f1b0a54cb39faeaa,2016-01,Norfolk Constabulary,Norfolk Constabulary,1.282379,52.653059,On or near Gateley Gardens,E01026797,Norwich 001A,Criminal damage and arson,Investigation complete; no suspect identified,
888eddd83fe6d68256639b012a61ef18f03023a72e49ffd16974e22f125495a0,2016-01,Norfolk Constabulary,Norfolk Constabulary,1.282379,52.653059,On or near Gateley Gardens,E01026797,Norwich 001A,Criminal damage and arson,Investigation complete; no suspect identified,
6a705d6bf14bcca7a91bc74be2180e2280ce1de647c4ea5770b95964e7515a5e,2016-01,Norfolk Constabulary,Norfolk Constabulary,1.283125,52.653353,On or near Harry Watson Court,E01026797,Norwich 001A,Criminal damage and arson,Investigation complete; no suspect identified,
57edfd16d3bc373a502f4086a8277ea7e87a8138ba8900f1d073930640a56855,2016-01,Norfolk Constabulary,Norfolk Constabulary,1.283125,52.653353,On or near Harry Watson Court,E01026797,Norwich 001A,Criminal damage and arson,Investigation complete; no suspect identified,
998054e6bafaae1587d9b1031d691fc0dfe6fee82a510949d16b2f329ac9cfed,2016-01,Norfolk Constabulary,Norfolk Constabulary,1.271417,52.668058,On or near Holt Road,E01026797,Norwich 001A,Drugs,Offender given a drugs possession warning,
49ef0b05439d8bc30b1e2529095f9e8b460cf734e47b29a07809f1bcb24b68ab,2016-01,Norfolk Constabulary,Norfolk Constabulary,1.293662,52.673701,On or near Parking Area,E01026797,Norwich 001A,Drugs,Offender given a caution,
8ddd39a4d4528143850572a6d0433494d6c67adfc53e910ed1d304eba786334c,2016-01,Norfolk Constabulary,Norfolk Constabulary,1.280385,52.651325,On or near Aylsham Crescent,E01026797,Norwich 001A,Other theft,Local resolution,
6cf9d99e17506153090228c462e655fb2c3d210a7b709051e7d84fc89c35ecaf,2016-01,Norfolk Constabulary,Norfolk Constabulary,1.285498,52.657577,On or near Petrol Station,E01026797,Norwich 001A,Other theft,Investigation complete; no suspect identified,
c714625dc98d919f8b83e174360e09086765f04165875429e99368199b0228d5,2016-01,Norfolk Constabulary,Norfolk Constabulary,1.293203,52.665628,On or near Dowding Road,E01026797,Norwich 001A,Public order,Court result unavailable,
a87a8de5a31ed103c7055e0abd7978eab110ce502eff679158eef80b870db102,2016-01,Norfolk Constabulary,Norfolk Constabulary,1.293203,52.665628,On or near Dowding Road,E01026797,Norwich 001A,Public order,Unable to prosecute suspect,
4e57cf96a3da6a3129840124219a776ca836abad8f488447105571cc8d4ce944,2016-01,Norfolk Constabulary,Norfolk Constabulary,1.282864,52.667418,On or near Spitfire Road,E01026797,Norwich 001A,Shoplifting,Investigation complete; no suspect identified,
65af4e1b03cd8b3162f56761d366f0abeee6736903cbe15326cfc5104e1c1b9e,2016-01,Norfolk Constabulary,Norfolk Constabulary,1.289101,52.664987,On or near Heyford Road,E01026797,Norwich 001A,Shoplifting,Local resolution,
ee2f1840561a8de9cc3243c08236da0c319bc2b73fc3b61069aa2b3de0912ad0,2016-01,Norfolk Constabulary,Norfolk Constabulary,1.277270,52.669767,On or near Airport/Airfield,E01026797,Norwich 001A,Vehicle crime,Investigation complete; no suspect identified,
519ee9c8eb8c204f8b8efc95d1381b2706ef3f01b512fa566e1f20cea1d10aef,2016-01,Norfolk Constabulary,Norfolk Constabulary,1.287687,52.663875,On or near Blickling Road,E01026797,Norwich 001A,Vehicle crime,Investigation complete; no suspect identified,
02ec2b835cdb82363224080e13f274875200c498f39cf16bf1af70178cbb65b9,2016-01,Norfolk Constabulary,Norfolk Constabulary,1.284078,52.665270,On or near Hartbee Road,E01026797,Norwich 001A,Vehicle crime,Investigation complete; no suspect identified,
13de5b368c0a9640cf5720d306abc129b3a8ccb755883f695dd998544982f60b,2016-01,Norfolk Constabulary,Norfolk Constabulary,1.289101,52.664987,On or near Heyford Road,E01026797,Norwich 001A,Violence and sexual offences,Status update unavailable,
0ff4e13ae8b0e4386e251fc27d05367c73ff43af155804e56a5a9458bcf03f72,2016-01,Norfolk Constabulary,Norfolk Constabulary,1.274019,52.667842,On or near Alkmaar Way,E01026797,Norwich 001A,Violence and sexual offences,Formal action is not in the public interest,
8e6eefd0aeed4f8715327ec8eb82de28de2018b936995c28b07297d5104abb99,2016-01,Norfolk Constabulary,Norfolk Constabulary,1.284908,52.665490,On or near Blackburn Road,E01026797,Norwich 001A,Violence and sexual offences,Status update unavailable,
5b4fac8ac254f9f1dc5ff4dce6880146b3c9a7ed51f73985c730ca8fda1c4d77,2016-01,Norfolk Constabulary,Norfolk Constabulary,1.284908,52.665490,On or near Blackburn Road,E01026797,Norwich 001A,Violence and sexual offences,Offender given a caution,
ccb4d73d53cb30a5fad0dccad4b3172d6b22317878f49129b5f6accd82cbe878,2016-01,Norfolk Constabulary,Norfolk Constabulary,1.283125,52.653353,On or near Harry Watson Court,E01026797,Norwich 001A,Violence and sexual offences,Formal action is not in the public interest,
,2016-01,Norfolk Constabulary,Norfolk Constabulary,1.285954,52.656162,On or near Acland Mews,E01026798,Norwich 001B,Anti-social behaviour,,
,2016-01,Norfolk Constabulary,Norfolk Constabulary,1.285954,52.656162,On or near Acland Mews,E01026798,Norwich 001B,Anti-social behaviour,,
,2016-01,Norfolk Constabulary,Norfolk Constabulary,1.287926,52.654461,On or near Harmer Road,E01026798,Norwich 001B,Anti-social behaviour,,
,2016-01,Norfolk Constabulary,Norfolk Constabulary,1.285954,52.656162,On or near Acland Mews,E01026798,Norwich 001B,Anti-social behaviour,,
,2016-01,Norfolk Constabulary,Norfolk Constabulary,1.285954,52.656162,On or near Acland Mews,E01026798,Norwich 001B,Anti-social behaviour,,
,2016-01,Norfolk Constabulary,Norfolk Constabulary,1.285690,52.655800,On or near Bentley Way,E01026798,Norwich 001B,Anti-social behaviour,,
,2016-01,Norfolk Constabulary,Norfolk Constabulary,1.285954,52.656162,On or near Acland Mews,E01026798,Norwich 001B,Anti-social behaviour,,
336eda041d635ff6eeed578956adba51c259c04afc680b494e0105e8e6bcca69,2016-01,Norfolk Constabulary,Norfolk Constabulary,1.287926,52.654461,On or near Harmer Road,E01026798,Norwich 001B,Criminal damage and arson,Investigation complete; no suspect identified,
1fca4b0d3c529faaf3a885bb5a9054fc78a3d846b981831c429bd855ef7ed0b8,2016-01,Norfolk Constabulary,Norfolk Constabulary,1.286187,52.651982,On or near Bullard Road,E01026798,Norwich 001B,Criminal damage and arson,Status update unavailable,
120a3806c269642667e697f51f4642b9315ed514b468037f9e744a3d389324d0,2016-01,Norfolk Constabulary,Norfolk Constabulary,1.285954,52.656162,On or near Acland Mews,E01026798,Norwich 001B,Criminal damage and arson,Investigation complete; no suspect identified,
5bd573f9f71f7b4dcbb64d999fd8298fac02e3c7193bb0f2a6190fb61194f446,2016-01,Norfolk Constabulary,Norfolk Constabulary,1.285954,52.656162,On or near Acland Mews,E01026798,Norwich 001B,Criminal damage and arson,Investigation complete; no suspect identified,
2fcbeec9e19b78a6e674920ed839248cda6584a098b40388b742216e7cf5c7a7,2016-01,Norfolk Constabulary,Norfolk Constabulary,1.289970,52.651940,On or near Woodcock Road,E01026798,Norwich 001B,Violence and sexual offences,Formal action is not in the public interest,
c1ef4cbb4b30927a609dedc5dd21e6f9a163d6a83a2674ae76df96e5ef772afd,2016-01,Norfolk Constabulary,Norfolk Constabulary,1.289970,52.651940,On or near Woodcock Road,E01026798,Norwich 001B,Violence and sexual offences,Defendant found not guilty,
,2016-01,Norfolk Constabulary,Norfolk Constabulary,1.291066,52.662981,On or near Pennyroyal,E01026799,Norwich 001C,Anti-social behaviour,,
,2016-01,Norfolk Constabulary,Norfolk Constabulary,1.291628,52.657281,On or near Dogwood Road,E01026799,Norwich 001C,Anti-social behaviour,,
,2016-01,Norfolk Constabulary,Norfolk Constabulary,1.291628,52.657281,On or near Dogwood Road,E01026799,Norwich 001C,Anti-social behaviour,,
a3d329afad2f88ebfec9afd7bca3c1f7ab380807b685cf151ba82f19e81e881f,2016-01,Norfolk Constabulary,Norfolk Constabulary,1.289835,52.656450,On or near Blackthorn Close,E01026799,Norwich 001C,Burglary,Investigation complete; no suspect identified,
6f7fd748ce1e5db091945b95da2eede3650b964eff567d601f06f6cdc55be9d7,2016-01,Norfolk Constabulary,Norfolk Constabulary,1.289446,52.660714,On or near Whitethorn Close,E01026799,Norwich 001C,Criminal damage and arson,Investigation complete; no suspect identified,
1a0e5fce3ca05d5167f7d343535accef2fff908a63cdf9294c0d2dc24f4bf305,2016-01,Norfolk Constabulary,Norfolk Constabulary,1.289835,52.656450,On or near Blackthorn Close,E01026799,Norwich 001C,Criminal damage and arson,Status update unavailable,
c92785d6310e1d7530881d45845cbc72280954d4334cfafe37b2b74d7ff4937a,2016-01,Norfolk Constabulary,Norfolk Constabulary,1.289835,52.656450,On or near Blackthorn Close,E01026799,Norwich 001C,Criminal damage and arson,Formal action is not in the public interest,
f618e0a556631a9c4f7eddffdd6673d21d480f51582534994718e3b979028186,2016-01,Norfolk Constabulary,Norfolk Constabulary,1.290622,52.659045,On or near Bussey Road,E01026799,Norwich 001C,Drugs,Offender given penalty notice,
76eeb6002a7b3bbf020dd59eadba6b61c252ebbadd14a42487bdc166181af42e,2016-01,Norfolk Constabulary,Norfolk Constabulary,1.289029,52.661464,On or near Rosebay Close,E01026799,Norwich 001C,Other theft,Court result unavailable,
6ac990bdf5b216d598fe05f4fe10780589764460ca9ffc8df7ef568d124f7881,2016-01,Norfolk Constabulary,Norfolk Constabulary,1.291969,52.659646,On or near Sports/Recreation Area,E01026799,Norwich 001C,Public order,Local resolution,
e15b2ea22ddcdad09b2a24dbebef652d907431c9db33176c1ba4973adb0a87c3,2016-01,Norfolk Constabulary,Norfolk Constabulary,1.289029,52.661464,On or near Rosebay Close,E01026799,Norwich 001C,Vehicle crime,Investigation complete; no suspect identified,
9917abc9fa71b1718b44710a4a4d52451b88a1a86db7d3c6352a4f03dc319195,2016-01,Norfolk Constabulary,Norfolk Constabulary,1.290865,52.657752,On or near Fiddle Wood Road,E01026799,Norwich 001C,Vehicle crime,Investigation complete; no suspect identified,
2048d398c328aaa7e87f31dbf1b3c4b16c02645f1cb90f2b64a8d7d99712e65e,2016-01,Norfolk Constabulary,Norfolk Constabulary,1.289439,52.662387,On or near Bryony Close,E01026799,Norwich 001C,Violence and sexual offences,Status update unavailable,
752993851eb4f621f073d34ff70604cb817e58be7d310a0f69c6bb0f2fe89bd8,2016-01,Norfolk Constabulary,Norfolk Constabulary,1.289835,52.656450,On or near Blackthorn Close,E01026799,Norwich 001C,Violence and sexual offences,Court result unavailable,
d70404ff2e0241b0f7658de202bfe9a7d3e742cc3e010f3e5f65131340dd1eb8,2016-01,Norfolk Constabulary,Norfolk Constabulary,1.291628,52.657281,On or near Dogwood Road,E01026799,Norwich 001C,Violence and sexual offences,Status update unavailable,
8086d4ece115e2eae1a27a39357a49c245ef1ac43d125714eb516b377d1e6559,2016-01,Norfolk Constabulary,Norfolk Constabulary,1.289835,52.656450,On or near Blackthorn Close,E01026799,Norwich 001C,Violence and sexual offences,Unable to prosecute suspect,
,2016-01,Norfolk Constabulary,Norfolk Constabulary,1.290350,52.651291,On or near Lilburne Avenue,E01026800,Norwich 001D,Anti-social behaviour,,
,2016-01,Norfolk Constabulary,Norfolk Constabulary,1.290097,52.650282,On or near Old Grove Court,E01026800,Norwich 001D,Anti-social behaviour,,
,2016-01,Norfolk Constabulary,Norfolk Constabulary,1.286484,52.649438,On or near George Pope Close,E01026800,Norwich 001D,Anti-social behaviour,,
,2016-01,Norfolk Constabulary,Norfolk Constabulary,1.283644,52.647655,On or near Supermarket,E01026800,Norwich 001D,Anti-social behaviour,,
,2016-01,Norfolk Constabulary,Norfolk Constabulary,1.285544,52.650696,On or near Jewson Road,E01026800,Norwich 001D,Anti-social behaviour,,
,2016-01,Norfolk Constabulary,Norfolk Constabulary,1.287382,52.650168,On or near George Pope Road,E01026800,Norwich 001D,Anti-social behaviour,,
,2016-01,Norfolk Constabulary,Norfolk Constabulary,1.287382,52.650168,On or near George Pope Road,E01026800,Norwich 001D,Anti-social behaviour,,
b4f54a6f566731e8343586ec752be4996a2484ebecfa654abfba1fe565c35577,2016-01,Norfolk Constabulary,Norfolk Constabulary,1.283805,52.650196,On or near Palmer Road,E01026800,Norwich 001D,Bicycle theft,Unable to prosecute suspect,
1a1b7535d627120b528d23109d007b9dcc85cde736710021f8d413abc9a64a1c,2016-01,Norfolk Constabulary,Norfolk Constabulary,1.285155,52.651624,On or near Brickfield Close,E01026800,Norwich 001D,Criminal damage and arson,Investigation complete; no suspect identified,
c84dbde7e07c458e7b8857f69fbd0f2e0614fd8268186ea6151200fe1bbf2a09,2016-01,Norfolk Constabulary,Norfolk Constabulary,1.290145,52.647969,On or near Elm Grove Lane,E01026800,Norwich 001D,Criminal damage and arson,Investigation complete; no suspect identified,
0e34229b6f8d9636a2605b7f7da9549b6e1ec9d4c9cf0e0495d32288df6b7953,2016-01,Norfolk Constabulary,Norfolk Constabulary,1.285155,52.651624,On or near Brickfield Close,E01026800,Norwich 001D,Drugs,Offender sent to prison,
5c3e51e5af176dca99ed6bddd6b158ad874ef863619cc89154e939f028cf9c9d,2016-01,Norfolk Constabulary,Norfolk Constabulary,1.283644,52.647655,On or near Supermarket,E01026800,Norwich 001D,Other theft,Investigation complete; no suspect identified,
dd1bc2f49245d5a3ece0b9510894383cd97d116608b059c8ba6815141561715b,2016-01,Norfolk Constabulary,Norfolk Constabulary,1.289725,52.649465,On or near Alfred Nicholls Court,E01026800,Norwich 001D,Other theft,Investigation complete; no suspect identified,
fced129a57403e17eda7dc7c46c08ba2758ec6d10fe2292db49c306b87820fa5,2016-01,Norfolk Constabulary,Norfolk Constabulary,1.289582,52.648749,On or near Rackham Road,E01026800,Norwich 001D,Robbery,Investigation complete; no suspect identified,
a6768f59536eef11bd9b146ad9105b307cba2e6db352f1b14b810c1cbcdb05f8,2016-01,Norfolk Constabulary,Norfolk Constabulary,1.283293,52.648492,On or near Copenhagen Way,E01026800,Norwich 001D,Vehicle crime,Investigation complete; no suspect identified,
71af409a589d0e310d34b88c282f054200831fa5b226f52af33850d66859cf08,2016-01,Norfolk Constabulary,Norfolk Constabulary,1.283293,52.648492,On or near Copenhagen Way,E01026800,Norwich 001D,Vehicle crime,Investigation complete; no suspect identified,
d35d5b512b46a7dc171b1a7f4a9e33c8d7befbc4d0075330c9f541b4386b0d73,2016-01,Norfolk Constabulary,Norfolk Constabulary,1.283644,52.647655,On or near Supermarket,E01026800,Norwich 001D,Vehicle crime,Investigation complete; no suspect identified,
9b262cdfa0be9619c29215ecfedbfa7d0fc2dbdcedf80ed6fb1d825d1dc39208,2016-01,Norfolk Constabulary,Norfolk Constabulary,1.291633,52.651246,On or near Supermarket,E01026800,Norwich 001D,Violence and sexual offences,Status update unavailable,
3bcc54e5885b08a1387e4eff0633f1a233d39b9cb8fff352d799bff6d42a6c08,2016-01,Norfolk Constabulary,Norfolk Constabulary,1.289725,52.649465,On or near Alfred Nicholls Court,E01026800,Norwich 001D,Violence and sexual offences,Offender given suspended prison sentence,
07a254dbf786948b22845ddc7563fb3805342df827e69bda33c59edbcef40a10,2016-01,Norfolk Constabulary,Norfolk Constabulary,1.283644,52.647655,On or near Supermarket,E01026800,Norwich 001D,Violence and sexual offences,Unable to prosecute suspect,
6c61830a38c031cace127493c4e1561f2f1ecb69cd84f234e22a5c2dc5a6cc4f,2016-01,Norfolk Constabulary,Norfolk Constabulary,1.290097,52.650282,On or near Old Grove Court,E01026800,Norwich 001D,Violence and sexual offences,Formal action is not in the public interest,
564c7296970bf8249fbcd25482b1119fd29a4330f0f8ea3eee650d61b9a31712,2016-01,Norfolk Constabulary,Norfolk Constabulary,1.290145,52.647969,On or near Elm Grove Lane,E01026800,Norwich 001D,Violence and sexual offences,Formal action is not in the public interest,
b66bf538f7a730835de5a746cd131dec6b80cb7777d22288f4754e5198dddbd5,2016-01,Norfolk Constabulary,Norfolk Constabulary,1.291633,52.651246,On or near Supermarket,E01026800,Norwich 001D,Violence and sexual offences,Unable to prosecute suspect,
1ab6bdc3053a3b7816fb016347d583f00050470c144677567c3ee8ce906bfaff,2016-01,Norfolk Constabulary,Norfolk Constabulary,1.290145,52.647969,On or near Elm Grove Lane,E01026800,Norwich 001D,Violence and sexual offences,Formal action is not in the public interest,
,2016-01,Norfolk Constabulary,Norfolk Constabulary,1.303716,52.651063,On or near Clabon Road,E01026801,Norwich 001E,Anti-social behaviour,,
,2016-01,Norfolk Constabulary,Norfolk Constabulary,1.298741,52.651570,On or near Lorraine Gardens,E01026801,Norwich 001E,Anti-social behaviour,,
,2016-01,Norfolk Constabulary,Norfolk Constabulary,1.293553,52.653567,On or near Oak Lane,E01026801,Norwich 001E,Anti-social behaviour,,
cc52afc4a7d19ed72290fdfd61b8b341f37a442c0cc9a9fdd9b08a600dd9ecc7,2016-01,Norfolk Constabulary,Norfolk Constabulary,1.302833,52.650539,On or near Clabon First Close,E01026801,Norwich 001E,Burglary,Status update unavailable,
b2246dbfbdfe84e25d1fb46befb060d5e12bb86ffaa16c5e3aa0530f6bd48fe7,2016-01,Norfolk Constabulary,Norfolk Constabulary,1.293553,52.653567,On or near Oak Lane,E01026801,Norwich 001E,Burglary,Investigation complete; no suspect identified,
7229d01ce25c85371ea9b46422245fddb72f1196adba5a11ecfbce6a3ca1dd40,2016-01,Norfolk Constabulary,Norfolk Constabulary,1.293553,52.653567,On or near Oak Lane,E01026801,Norwich 001E,Burglary,Investigation complete; no suspect identified,
081241ec0674296ccfe51f6bb28717e934cace8e1752a585575dc685b79b52dd,2016-01,Norfolk Constabulary,Norfolk Constabulary,1.296333,52.649443,On or near Aylesbury Close,E01026801,Norwich 001E,Criminal damage and arson,Investigation complete; no suspect identified,
15089b6c72049c553047a00de49ec64b8a26ac39542d0bd54af3213df15ed859,2016-01,Norfolk Constabulary,Norfolk Constabulary,1.293358,52.651765,On or near Lintock Road,E01026801,Norwich 001E,Vehicle crime,Investigation complete; no suspect identified,
,2016-01,Norfolk Constabulary,Norfolk Constabulary,1.307265,52.650874,On or near Shipfield,E01026802,Norwich 001F,Anti-social behaviour,,
,2016-01,Norfolk Constabulary,Norfolk Constabulary,1.307265,52.650874,On or near Shipfield,E01026802,Norwich 001F,Anti-social behaviour,,
,2016-01,Norfolk Constabulary,Norfolk Constabulary,1.303171,52.646194,On or near Sprowston Road,E01026802,Norwich 001F,Anti-social behaviour,,
,2016-01,Norfolk Constabulary,Norfolk Constabulary,1.307062,52.648181,On or near Black Horse Opening,E01026802,Norwich 001F,Anti-social behaviour,,
9e72463c7a814943dc62f8990afe185cd4d705aa32f7c7ad22e6958a5896a158,2016-01,Norfolk Constabulary,Norfolk Constabulary,1.310568,52.651528,On or near A1042,E01026802,Norwich 001F,Burglary,Investigation complete; no suspect identified,
efc4f8af581936c33feba6e391e5a69ce4f425fb6819667704e1c49141f11957,2016-01,Norfolk Constabulary,Norfolk Constabulary,1.310986,52.650212,On or near Templemere,E01026802,Norwich 001F,Criminal damage and arson,Investigation complete; no suspect identified,
4722862768157c4ee3a6e68d53e58d3c2e58357af1d79b1496d7c906b6a79712,2016-01,Norfolk Constabulary,Norfolk Constabulary,1.307062,52.648181,On or near Black Horse Opening,E01026802,Norwich 001F,Other theft,Status update unavailable,
1e54f07f4e2618cab7d57022efa04cb5cc801b5470ed5aaa5dbbce4efbe0f47d,2016-01,Norfolk Constabulary,Norfolk Constabulary,1.310568,52.651528,On or near A1042,E01026802,Norwich 001F,Vehicle crime,Investigation complete; no suspect identified,
53d1be13ceb986dc0d06f120a789e25f39417a2151ec35765a74df40d1b3190e,2016-01,Norfolk Constabulary,Norfolk Constabulary,1.307353,52.649882,On or near Brockwell Court,E01026802,Norwich 001F,Vehicle crime,Investigation complete; no suspect identified,
3ac10cae7b7968199a81c01deeb895b75dbe5cffdb331e97d1f52f1920e4037e,2016-01,Norfolk Constabulary,Norfolk Constabulary,1.310986,52.650212,On or near Templemere,E01026802,Norwich 001F,Vehicle crime,Investigation complete; no suspect identified,
393d6704b4a9dc8c36e16d71f07d848f098236c70f8ecd434e3a48e26a856a00,2016-01,Norfolk Constabulary,Norfolk Constabulary,1.310502,52.649866,On or near Windmill Court,E01026802,Norwich 001F,Violence and sexual offences,Status update unavailable,
e446c9206b6530cf27fa67140638aa7a4d28d1c615be82ef6f48012210fe9089,2016-01,Norfolk Constabulary,Norfolk Constabulary,1.307265,52.650874,On or near Shipfield,E01026802,Norwich 001F,Violence and sexual offences,Formal action is not in the public interest,
79bb1cb7f165c8ede068eae06711f85daa40903e56348486545e9a143c789eaa,2016-01,Norfolk Constabulary,Norfolk Constabulary,1.308695,52.651400,On or near Blakes Court,E01026802,Norwich 001F,Violence and sexual offences,Status update unavailable,
ae7b95454363ea9a10b7a12105954c7e85c9d56d7f75d261bd3c73499faedd7a,2016-01,Norfolk Constabulary,Norfolk Constabulary,1.310568,52.651528,On or near A1042,E01026802,Norwich 001F,Violence and sexual offences,Status update unavailable,
,2016-01,Norfolk Constabulary,Norfolk Constabulary,1.276689,52.644610,On or near Supermarket,E01026828,Norwich 002A,Anti-social behaviour,,
,2016-01,Norfolk Constabulary,Norfolk Constabulary,1.276689,52.644610,On or near Supermarket,E01026828,Norwich 002A,Anti-social behaviour,,
31ca4e4c2d5224c5d8f7ec9494aa6ef4c513b57eb9a68490c2065f0daea14166,2016-01,Norfolk Constabulary,Norfolk Constabulary,1.261346,52.643487,On or near Albertine Close,E01026828,Norwich 002A,Burglary,Investigation complete; no suspect identified,
e6c2166757cdab4b8b01d5353e11ae534b46bdda88dcef49f19ec266ed5ab05a,2016-01,Norfolk Constabulary,Norfolk Constabulary,1.264309,52.647326,On or near Zobel Close,E01026828,Norwich 002A,Burglary,Investigation complete; no suspect identified,
a14fdc21d73008f337645da8908c2509ad79946351157c65a9def9399d049b1b,2016-01,Norfolk Constabulary,Norfolk Constabulary,1.274033,52.648443,On or near Bacton Road,E01026828,Norwich 002A,Burglary,Investigation complete; no suspect identified,
6519b65528ea540b1b9c550375f6d77b038ed5cae50bd784fabe24423040d060,2016-01,Norfolk Constabulary,Norfolk Constabulary,1.264382,52.646533,On or near Naylor Road,E01026828,Norwich 002A,Burglary,Investigation complete; no suspect identified,
25f2d1539b2bef81abf88630a3eef757b9bd738518a3cafa13ea3dad10f1bd64,2016-01,Norfolk Constabulary,Norfolk Constabulary,1.274033,52.648443,On or near Bacton Road,E01026828,Norwich 002A,Criminal damage and arson,Investigation complete; no suspect identified,
3a11fbe38ea801365db89bd99b575818cd3e5ed507ec941e648da84fb5dfcbd1,2016-01,Norfolk Constabulary,Norfolk Constabulary,1.273946,52.645900,On or near Drayton Road,E01026828,Norwich 002A,Public order,Status update unavailable,
3f12433cec0e31243cb7ebc36f47526558b2adfc643d8a69de620e419724e11c,2016-01,Norfolk Constabulary,Norfolk Constabulary,1.271663,52.644623,On or near Postle Mews,E01026828,Norwich 002A,Violence and sexual offences,Status update unavailable,
0bcb62a5476e5dd64eb26b0681f47adaeddb0ef118e990990f3509c9dfa6e951,2016-01,Norfolk Constabulary,Norfolk Constabulary,1.273946,52.645900,On or near Drayton Road,E01026828,Norwich 002A,Violence and sexual offences,Offender given community sentence,
,2016-01,Norfolk Constabulary,Norfolk Constabulary,1.278909,52.645241,On or near Berners Close,E01026829,Norwich 002B,Anti-social behaviour,,
,2016-01,Norfolk Constabulary,Norfolk Constabulary,1.286460,52.645364,On or near Penn Grove,E01026829,Norwich 002B,Anti-social behaviour,,
,2016-01,Norfolk Constabulary,Norfolk Constabulary,1.278329,52.646966,On or near Half Mile Close,E01026829,Norwich 002B,Anti-social behaviour,,
,2016-01,Norfolk Constabulary,Norfolk Constabulary,1.278392,52.643663,On or near Havers Road,E01026829,Norwich 002B,Anti-social behaviour,,
,2016-01,Norfolk Constabulary,Norfolk Constabulary,1.278329,52.646966,On or near Half Mile Close,E01026829,Norwich 002B,Anti-social behaviour,,
,2016-01,Norfolk Constabulary,Norfolk Constabulary,1.286460,52.645364,On or near Penn Grove,E01026829,Norwich 002B,Anti-social behaviour,,
,2016-01,Norfolk Constabulary,Norfolk Constabulary,1.279908,52.645744,On or near Shorncliffe Avenue,E01026829,Norwich 002B,Anti-social behaviour,,
,2016-01,Norfolk Constabulary,Norfolk Constabulary,1.280438,52.644326,On or near Airedale Close,E01026829,Norwich 002B,Anti-social behaviour,,
bfadc78b5188d678c634449a52bc1b65c7c1f9a4ea645be2784bbc810b5940d7,2016-01,Norfolk Constabulary,Norfolk Constabulary,1.280438,52.644326,On or near Airedale Close,E01026829,Norwich 002B,Burglary,Investigation complete; no suspect identified,
b34baba56d1fc7bfd66a9c5ba30b6d944e5f8dd83ceee0449993e52609f95f32,2016-01,Norfolk Constabulary,Norfolk Constabulary,1.283865,52.645670,On or near Aylsham Road,E01026829,Norwich 002B,Burglary,Suspect charged as part of another case,
d7c8ac69dac86f919a76ba9e7a51a1ff0fa86434810c49d9d57710462fd5d28f,2016-01,Norfolk Constabulary,Norfolk Constabulary,1.283865,52.645670,On or near Aylsham Road,E01026829,Norwich 002B,Burglary,Investigation complete; no suspect identified,
06b1f92ee072991640e9427cd99a08edb29138d850c56abf8c62d30a0c9c24e4,2016-01,Norfolk Constabulary,Norfolk Constabulary,1.276744,52.643376,On or near Hemming Way,E01026829,Norwich 002B,Criminal damage and arson,Status update unavailable,
378584ec1b12d36f87616dc3728b32965d71a58b8a5c4c52dcb2311f78e5ea28,2016-01,Norfolk Constabulary,Norfolk Constabulary,1.277353,52.646174,On or near Hansard Close,E01026829,Norwich 002B,Criminal damage and arson,Investigation complete; no suspect identified,
4cf7fe884d90539bf3c65e53df6d06775a1d52fb61566de85907034ae236cb56,2016-01,Norfolk Constabulary,Norfolk Constabulary,1.285012,52.645971,On or near Vicarage Road,E01026829,Norwich 002B,Criminal damage and arson,Investigation complete; no suspect identified,
3956851be6fb71d78a2eb4b3bc829b86a265981985b1417a4aebb72cceca99fa,2016-01,Norfolk Constabulary,Norfolk Constabulary,1.280216,52.647084,On or near Half Mile Road,E01026829,Norwich 002B,Other theft,Formal action is not in the public interest,
7d669463f8e4a1aa35cda9aef76dd255daef41aa100d89968800a3c920970cea,2016-01,Norfolk Constabulary,Norfolk Constabulary,1.280216,52.647084,On or near Half Mile Road,E01026829,Norwich 002B,Other theft,Formal action is not in the public interest,
df2dea8bf081c5008a2806ef765b309b0e23e64bbe428b1a6f897f921309d6c4,2016-01,Norfolk Constabulary,Norfolk Constabulary,1.282706,52.646575,On or near Petrol Station,E01026829,Norwich 002B,Other theft,Local resolution,
d2e8312af0b15c7486eee40f7e3adecaa2f63c6101832a8190b20bd94c34c034,2016-01,Norfolk Constabulary,Norfolk Constabulary,1.278909,52.645241,On or near Berners Close,E01026829,Norwich 002B,Other theft,Investigation complete; no suspect identified,
f28808170b716d2ffc337f7dc69fb8ce0f57c7018ea9e52b37c8f24f49359b3a,2016-01,Norfolk Constabulary,Norfolk Constabulary,1.279908,52.645744,On or near Shorncliffe Avenue,E01026829,Norwich 002B,Other theft,Investigation complete; no suspect identified,
0aff92445877697a0821a921dd0d9f83f6a019b43dcfcbd780fe4a67118fe33e,2016-01,Norfolk Constabulary,Norfolk Constabulary,1.282767,52.645818,On or near Avonmouth Road,E01026829,Norwich 002B,Vehicle crime,Investigation complete; no suspect identified,
44a9c55c64b768a2607ecbd9170b00955c4dae64c2cfb4d5d2997ca6a970229b,2016-01,Norfolk Constabulary,Norfolk Constabulary,1.278909,52.645241,On or near Berners Close,E01026829,Norwich 002B,Vehicle crime,Investigation complete; no suspect identified,
d6131857a10fb17dcc043b3ac0e8b58c611f06a09051a1d08daef900fbdb78e8,2016-01,Norfolk Constabulary,Norfolk Constabulary,1.280438,52.644326,On or near Airedale Close,E01026829,Norwich 002B,Vehicle crime,Investigation complete; no suspect identified,
14647dc0bbb76ce1ab791828c5bd722f60fa4be1342642bd3a7b32224f686b12,2016-01,Norfolk Constabulary,Norfolk Constabulary,1.277579,52.643461,On or near Bobbin Road,E01026829,Norwich 002B,Vehicle crime,Investigation complete; no suspect identified,
2f47b41233a0a1f0ddfdea9d60852fdc0a0e894d1378c890534f184efa35916f,2016-01,Norfolk Constabulary,Norfolk Constabulary,1.281822,52.645835,On or near Shorncliffe Close,E01026829,Norwich 002B,Violence and sexual offences,Status update unavailable,
05a196530afc60be651cb99476396dfb9f800a05414acf2015b8ab294cbec573,2016-01,Norfolk Constabulary,Norfolk Constabulary,1.279908,52.645744,On or near Shorncliffe Avenue,E01026829,Norwich 002B,Violence and sexual offences,Offender sent to prison,
5ef06d21501f29d6b8339b19018dd2241d7e11c42183676a68b3866179e840b1,2016-01,Norfolk Constabulary,Norfolk Constabulary,1.278329,52.646966,On or near Half Mile Close,E01026829,Norwich 002B,Violence and sexual offences,Formal action is not in the public interest,
54c8fb6d76821d29fc4a51c724caef3dbab3104f121ef655234bfb8fff5203fb,2016-01,Norfolk Constabulary,Norfolk Constabulary,1.283812,52.642389,On or near Finishers Road,E01026829,Norwich 002B,Violence and sexual offences,Formal action is not in the public interest,
bf0f5c00bffa548ce232413c64aadbad4a02dc7d5e5d6b5f28a6acce5927cc5d,2016-01,Norfolk Constabulary,Norfolk Constabulary,1.280216,52.647084,On or near Half Mile Road,E01026829,Norwich 002B,Violence and sexual offences,Court result unavailable,
9ac4ac04e7ad7dc0b33098915e7c2dc60bea3388fb0359492a2edeafa51d313d,2016-01,Norfolk Constabulary,Norfolk Constabulary,1.280438,52.644326,On or near Airedale Close,E01026829,Norwich 002B,Other crime,Court result unavailable,
,2016-01,Norfolk Constabulary,Norfolk Constabulary,1.288771,52.648772,On or near Boston Street,E01026830,Norwich 002C,Anti-social behaviour,,
,2016-01,Norfolk Constabulary,Norfolk Constabulary,1.288751,52.647135,On or near Philadelphia Lane,E01026830,Norwich 002C,Anti-social behaviour,,
4f5343e06ddbbd9fb2c156fb91dbfe532a2be39a1e9ebd87f8d03605a26e7337,2016-01,Norfolk Constabulary,Norfolk Constabulary,1.287638,52.647670,On or near Sleaford Green,E01026830,Norwich 002C,Burglary,Investigation complete; no suspect identified,
90f48415c6e7f37ca30e4d8de097766adec615f56d31d2123ab02892ddedc65b,2016-01,Norfolk Constabulary,Norfolk Constabulary,1.284399,52.643326,On or near Stone Road,E01026830,Norwich 002C,Drugs,Offender given a caution,
dc9be7271f1251bff0af65596933d0db8bac5a0ebfd9f9a73aae1d36b018bf8f,2016-01,Norfolk Constabulary,Norfolk Constabulary,1.285568,52.645695,On or near Bertie Road,E01026830,Norwich 002C,Violence and sexual offences,Offender fined,
,2016-01,Norfolk Constabulary,Norfolk Constabulary,1.290162,52.639542,On or near Aylsham Road,E01026831,Norwich 002D,Anti-social behaviour,,
,2016-01,Norfolk Constabulary,Norfolk Constabulary,1.287338,52.638748,On or near St Martins Close,E01026831,Norwich 002D,Anti-social behaviour,,
,2016-01,Norfolk Constabulary,Norfolk Constabulary,1.289357,52.638854,On or near Wingfield Road,E01026831,Norwich 002D,Anti-social behaviour,,
d502442041e6afab4f045bee3ec97dad75940115f96c92de96546386c57fe024,2016-01,Norfolk Constabulary,Norfolk Constabulary,1.288447,52.640525,On or near Drayton Road,E01026831,Norwich 002D,Burglary,Investigation complete; no suspect identified,
175ea1be20e263ee296c83f604bf926b814dac782ac3fbc5583fef2ebd9c72b4,2016-01,Norfolk Constabulary,Norfolk Constabulary,1.288386,52.639906,On or near St Marys Road,E01026831,Norwich 002D,Criminal damage and arson,Investigation complete; no suspect identified,
5a6da15a742d945cd5344cf840e2d4e088da23f5d8bd628d031b89e23e1444a1,2016-01,Norfolk Constabulary,Norfolk Constabulary,1.288447,52.640525,On or near Drayton Road,E01026831,Norwich 002D,Criminal damage and arson,Investigation complete; no suspect identified,
675be2aa9b8f85a3638bc91685d9fd134a88d8325f3a32fd150f92abd5a5372e,2016-01,Norfolk Constabulary,Norfolk Constabulary,1.271625,52.653816,On or near Eustace Road,E01026832,Norwich 002E,Bicycle theft,Investigation complete; no suspect identified,
e53e14a5da61812a1ac2909d315c16762a0f1ec3957defb53e6de40bfe738c2b,2016-01,Norfolk Constabulary,Norfolk Constabulary,1.275091,52.654088,On or near Cossgrove Close,E01026832,Norwich 002E,Burglary,Investigation complete; no suspect identified,
da9f215a2e905c74c4e6e64e93f125f71a558af8193f3b33ae3f6f6474150091,2016-01,Norfolk Constabulary,Norfolk Constabulary,1.275604,52.651061,On or near Bassingham Road,E01026832,Norwich 002E,Criminal damage and arson,Formal action is not in the public interest,
ead63ae301951696424343cc5c7a03cd26ef4700169c9110634ac9c9d7cce5a5,2016-01,Norfolk Constabulary,Norfolk Constabulary,1.276522,52.655821,On or near Spynke Road,E01026832,Norwich 002E,Criminal damage and arson,Investigation complete; no suspect identified,
94c12880ac05bfd5e2c306f89409c553ec8f3de81608d5b02b88d4a20cc659d6,2016-01,Norfolk Constabulary,Norfolk Constabulary,1.275245,52.655955,On or near Vera Road,E01026832,Norwich 002E,Drugs,Offender given a drugs possession warning,
54f6f45492d82fd0f7e53e0db21d870c7000483b9e8400167e5f46f1510d5261,2016-01,Norfolk Constabulary,Norfolk Constabulary,1.276522,52.655821,On or near Spynke Road,E01026832,Norwich 002E,Other theft,Status update unavailable,
1847951121fe2a03a94e9b677fcc64b6413660422288e4db52787603e3856a78,2016-01,Norfolk Constabulary,Norfolk Constabulary,1.276522,52.655821,On or near Spynke Road,E01026832,Norwich 002E,Other theft,Court result unavailable,
2d6ab599a2abd7392a40ed6def00c6f929f9e8289a46d004a24613de57547b39,2016-01,Norfolk Constabulary,Norfolk Constabulary,1.275245,52.655955,On or near Vera Road,E01026832,Norwich 002E,Public order,Court result unavailable,
0566d47dfeaf80c5c941e40c2189da35c7ec513578304f300718a347ced60973,2016-01,Norfolk Constabulary,Norfolk Constabulary,1.276442,52.652378,On or near Chambers Road,E01026832,Norwich 002E,Vehicle crime,Investigation complete; no suspect identified,
0033bbf3dc3d4b0246714eb6d6fb4ed25fbf0476b448f09a3ffccfe2d934db01,2016-01,Norfolk Constabulary,Norfolk Constabulary,1.276522,52.655821,On or near Spynke Road,E01026832,Norwich 002E,Violence and sexual offences,Formal action is not in the public interest,
a89ca86996c8972b51585669408aab30d17dca221d72875b94956d0533504ad3,2016-01,Norfolk Constabulary,Norfolk Constabulary,1.276522,52.655821,On or near Spynke Road,E01026832,Norwich 002E,Violence and sexual offences,Unable to prosecute suspect,
546d2a30adcc93cecddbf7572801530fc507088f8c26c52e20853807b9176101,2016-01,Norfolk Constabulary,Norfolk Constabulary,1.275714,52.652731,On or near Rye Avenue,E01026832,Norwich 002E,Violence and sexual offences,Status update unavailable,
2944037293408a3b9d00ba5a0e61feaacf0c0d26304b19ec0c4fb7130c098dac,2016-01,Norfolk Constabulary,Norfolk Constabulary,1.273743,52.653271,On or near Civic Gardens,E01026832,Norwich 002E,Violence and sexual offences,Offender given a caution,
381ae806b1ca0a06af9a2189830c5eda62f2f5d3c8d61fc9ca2c18be76a834f3,2016-01,Norfolk Constabulary,Norfolk Constabulary,1.276442,52.652378,On or near Chambers Road,E01026832,Norwich 002E,Violence and sexual offences,Court result unavailable,
7c7e6f47b96df09966a4bbc40ee67d8907afe3d92f534556949d625f855c4582,2016-01,Norfolk Constabulary,Norfolk Constabulary,1.274959,52.654902,On or near Marshall Road,E01026832,Norwich 002E,Violence and sexual offences,Status update unavailable,
,2016-01,Norfolk Constabulary,Norfolk Constabulary,1.271012,52.650757,On or near Lefroy Road,E01026833,Norwich 002F,Anti-social behaviour,,
,2016-01,Norfolk Constabulary,Norfolk Constabulary,1.269920,52.651183,On or near Bowers Avenue,E01026833,Norwich 002F,Anti-social behaviour,,
,2016-01,Norfolk Constabulary,Norfolk Constabulary,1.269334,52.654230,On or near Boundary Road,E01026833,Norwich 002F,Anti-social behaviour,,
,2016-01,Norfolk Constabulary,Norfolk Constabulary,1.269334,52.654230,On or near Boundary Road,E01026833,Norwich 002F,Anti-social behaviour,,
,2016-01,Norfolk Constabulary,Norfolk Constabulary,1.271160,52.652740,On or near Mitre Court,E01026833,Norwich 002F,Anti-social behaviour,,
,2016-01,Norfolk Constabulary,Norfolk Constabulary,1.271160,52.652740,On or near Mitre Court,E01026833,Norwich 002F,Anti-social behaviour,,
9cc499374c522958a3305c5f1197ad2e6551f942388b9741243e3bfc4530f002,2016-01,Norfolk Constabulary,Norfolk Constabulary,1.269920,52.651183,On or near Bowers Avenue,E01026833,Norwich 002F,Criminal damage and arson,Formal action is not in the public interest,
cb48ebbb960a0867db49c8282c05937021a7338de76f40982fbc4fd898871192,2016-01,Norfolk Constabulary,Norfolk Constabulary,1.269334,52.654230,On or near Boundary Road,E01026833,Norwich 002F,Criminal damage and arson,Status update unavailable,
cd2568cf2c99b50aeb1ebcb0dd43116dfeeab864035b52f97b3a2b284b6a7ab4,2016-01,Norfolk Constabulary,Norfolk Constabulary,1.271012,52.650757,On or near Lefroy Road,E01026833,Norwich 002F,Criminal damage and arson,Investigation complete; no suspect identified,
69dd4baa30107e568519e8ce7c34174671d9465112c05efd7b4995db1e5730b7,2016-01,Norfolk Constabulary,Norfolk Constabulary,1.271012,52.650757,On or near Lefroy Road,E01026833,Norwich 002F,Drugs,Offender given a caution,
063877e58ad8cdeeb5d1c14029c83ffe1a9aeda33b959bf0eee83138ddd46e11,2016-01,Norfolk Constabulary,Norfolk Constabulary,1.272194,52.655104,On or near Boundary Road,E01026833,Norwich 002F,Other theft,Unable to prosecute suspect,
ef0dcd7a654c976b620e2ca3189f2074873f56852f825232d7ba78c75db7223d,2016-01,Norfolk Constabulary,Norfolk Constabulary,1.266873,52.651177,On or near Whiffler Road,E01026833,Norwich 002F,Vehicle crime,Investigation complete; no suspect identified,
b90e503022c3898745efbcd1f73a2beb745f48313b9c2528648eaeff5eacced4,2016-01,Norfolk Constabulary,Norfolk Constabulary,1.269920,52.651183,On or near Bowers Avenue,E01026833,Norwich 002F,Violence and sexual offences,Formal action is not in the public interest,
6c4e187a1525b85a3d830f73db8bf574f6cde1b298b056f24835e066a9b2ae13,2016-01,Norfolk Constabulary,Norfolk Constabulary,1.269920,52.651183,On or near Bowers Avenue,E01026833,Norwich 002F,Violence and sexual offences,Formal action is not in the public interest,
3e8f9340fd4df2ec5f43d11eea5710d75e626e4b34b225ad1424bb337a8af7fd,2016-01,Norfolk Constabulary,Norfolk Constabulary,1.269920,52.651183,On or near Bowers Avenue,E01026833,Norwich 002F,Violence and sexual offences,Status update unavailable,
dc427323e56194c86039e513abcd8275a402bbcd6e5c29b8127cac6b45643f77,2016-01,Norfolk Constabulary,Norfolk Constabulary,1.269920,52.651183,On or near Bowers Avenue,E01026833,Norwich 002F,Violence and sexual offences,Court result unavailable,
e5ee10f67f0aefd8b28afdeb8453bd0a61b02a92d566487f0949cf1a3ef25918,2016-01,Norfolk Constabulary,Norfolk Constabulary,1.272194,52.655104,On or near Boundary Road,E01026833,Norwich 002F,Violence and sexual offences,Court result unavailable,
37dba666d8b2b78f24beaad141b9ba9636f3b1af918cd5be182285581c7b4f8e,2016-01,Norfolk Constabulary,Norfolk Constabulary,1.269920,52.651183,On or near Bowers Avenue,E01026833,Norwich 002F,Violence and sexual offences,Unable to prosecute suspect,
6b8be4dde5596a6752b7e3b2e610d4117f2daab2fbe4a6ec072e62a6b5249ac6,2016-01,Norfolk Constabulary,Norfolk Constabulary,1.269920,52.651183,On or near Bowers Avenue,E01026833,Norwich 002F,Violence and sexual offences,Formal action is not in the public interest,
0e5eb939265a7ab8be66a261305136a7d2767300f6cab4730d4929fbb65c24cf,2016-01,Norfolk Constabulary,Norfolk Constabulary,1.269920,52.651183,On or near Bowers Avenue,E01026833,Norwich 002F,Violence and sexual offences,Status update unavailable,
e440fc6db95e207a25470b57dfa82a8b4eefd4c0bfd6cbc3a001df2a50a0942b,2016-01,Norfolk Constabulary,Norfolk Constabulary,1.269920,52.651183,On or near Bowers Avenue,E01026833,Norwich 002F,Violence and sexual offences,Formal action is not in the public interest,
,2016-01,Norfolk Constabulary,Norfolk Constabulary,1.278445,52.650893,On or near Rye Close,E01026834,Norwich 002G,Anti-social behaviour,,
4d8117ed51dcd5921fe1f5de60d29d77552e5a70963eb3f00aa3c51542303169,2016-01,Norfolk Constabulary,Norfolk Constabulary,1.276902,52.647257,On or near Hansard Road,E01026834,Norwich 002G,Burglary,Investigation complete; no suspect identified,
fe39ac5c8bd9011e07bb5bbf58e995cd46e2f41b77886b3008ca4e5484bb4a15,2016-01,Norfolk Constabulary,Norfolk Constabulary,1.277822,52.649282,On or near Woodward Road,E01026834,Norwich 002G,Burglary,Investigation complete; no suspect identified,
616250b5866af47b063cdf242f85659c36b2785d07fd03b9a85a8c2c9fbda26f,2016-01,Norfolk Constabulary,Norfolk Constabulary,1.280139,52.648625,On or near Glenmore Gardens,E01026834,Norwich 002G,Criminal damage and arson,Investigation complete; no suspect identified,
8511c533dbc7f8750edfb9817bfdca10f4af39ce0ddad837c4b0a33a496edbd4,2016-01,Norfolk Constabulary,Norfolk Constabulary,1.277549,52.648993,On or near Knights Road,E01026834,Norwich 002G,Criminal damage and arson,Investigation complete; no suspect identified,
1cfb9542bf85035604f8836b753a7ce27b3ed5f3845238067161c888f78932f7,2016-01,Norfolk Constabulary,Norfolk Constabulary,1.276752,52.651183,On or near Blomefield Road,E01026834,Norwich 002G,Criminal damage and arson,Investigation complete; no suspect identified,
ab0f2b380fb7b4e7cf44455ebdf00de6ea42d541dcc161f79ae671446eb2c922,2016-01,Norfolk Constabulary,Norfolk Constabulary,1.280139,52.648625,On or near Glenmore Gardens,E01026834,Norwich 002G,Criminal damage and arson,Offender given a caution,
28207c9ac4703888392a7bc9732c1355404f0dcfd737c89cfb628501458f465b,2016-01,Norfolk Constabulary,Norfolk Constabulary,1.276752,52.651183,On or near Blomefield Road,E01026834,Norwich 002G,Criminal damage and arson,Investigation complete; no suspect identified,
8e3db26c5ca8ef7404039f2e18169265a2357a17b885cf701c2cdf0be60d1991,2016-01,Norfolk Constabulary,Norfolk Constabulary,1.274165,52.650013,On or near Peterson Road,E01026834,Norwich 002G,Other theft,Formal action is not in the public interest,
2aa8e4a141c67ce1d28ad976db12b42e16253540a016f0aff7c9f68351b2af78,2016-01,Norfolk Constabulary,Norfolk Constabulary,1.274165,52.650013,On or near Peterson Road,E01026834,Norwich 002G,Other theft,Investigation complete; no suspect identified,
d83939942df1127afb83adb76caa7586c4ef1a0088402fc7c050cb6537182cc5,2016-01,Norfolk Constabulary,Norfolk Constabulary,1.274165,52.650013,On or near Peterson Road,E01026834,Norwich 002G,Other theft,Formal action is not in the public interest,
b370b8aae1198826aed6e8c43444f2a30c2c0bc5e6bc02db90a4addc8342c102,2016-01,Norfolk Constabulary,Norfolk Constabulary,1.276129,52.649185,On or near Oxnead Road,E01026834,Norwich 002G,Public order,Status update unavailable,
54c18cf39196740ad8c9aca28f84b5515e6b1b50f1d4173097fdc253e249c100,2016-01,Norfolk Constabulary,Norfolk Constabulary,1.280139,52.648625,On or near Glenmore Gardens,E01026834,Norwich 002G,Shoplifting,Court result unavailable,
8a57422fca8e4fbe89b3923f0a5b64305905bba37c7a59a2e0671bf341c4926a,2016-01,Norfolk Constabulary,Norfolk Constabulary,1.280139,52.648625,On or near Glenmore Gardens,E01026834,Norwich 002G,Shoplifting,Investigation complete; no suspect identified,
1718b54ceefb1a894507dd5c72019a2d0fb39abbe0191a1b9dd3509badedc056,2016-01,Norfolk Constabulary,Norfolk Constabulary,1.280139,52.648625,On or near Glenmore Gardens,E01026834,Norwich 002G,Shoplifting,Investigation complete; no suspect identified,
c13e992ecb366b3895f2d496b589ca86d6b7e4b66c140712fff398c36c67db33,2016-01,Norfolk Constabulary,Norfolk Constabulary,1.280139,52.648625,On or near Glenmore Gardens,E01026834,Norwich 002G,Shoplifting,Unable to prosecute suspect,
a4edab18b8e84cd038f697db10bc7bee67e3b69997afc695c2c35ab549c4287a,2016-01,Norfolk Constabulary,Norfolk Constabulary,1.280139,52.648625,On or near Glenmore Gardens,E01026834,Norwich 002G,Shoplifting,Court result unavailable,
c1a7863001c05c2db241aa44998359b0fcf311b7d1a99029b703567383c58c25,2016-01,Norfolk Constabulary,Norfolk Constabulary,1.280139,52.648625,On or near Glenmore Gardens,E01026834,Norwich 002G,Shoplifting,Court result unavailable,
70d6597e8ee2a0afbf3d43bba3f85126a0568f2f825fbabfc6414c901b540311,2016-01,Norfolk Constabulary,Norfolk Constabulary,1.280139,52.648625,On or near Glenmore Gardens,E01026834,Norwich 002G,Shoplifting,Investigation complete; no suspect identified,
fe7dce2f7a24bef325b2bcc78aaf8243a7a50dccc2d28cc2bb98463820cf1749,2016-01,Norfolk Constabulary,Norfolk Constabulary,1.277549,52.648993,On or near Knights Road,E01026834,Norwich 002G,Vehicle crime,Investigation complete; no suspect identified,
af852b63bcfb7b140dc6d718b144bedd47d7e10b5a922b62734ecee264705f9f,2016-01,Norfolk Constabulary,Norfolk Constabulary,1.280139,52.648625,On or near Glenmore Gardens,E01026834,Norwich 002G,Violence and sexual offences,Formal action is not in the public interest,
,2016-01,Norfolk Constabulary,Norfolk Constabulary,1.299729,52.640346,On or near Spencer Street,E01026841,Norwich 003A,Anti-social behaviour,,
4966fefba3048db2ad1e7d2c06fe64e1d0476c90aa88981ad00b14198a0cf97a,2016-01,Norfolk Constabulary,Norfolk Constabulary,1.302678,52.640632,On or near Silver Road,E01026841,Norwich 003A,Public order,Offender given a caution,
509f1ce3f976aa554ee72f84a70b31b368132e74c315c234628b1284bb24d802,2016-01,Norfolk Constabulary,Norfolk Constabulary,1.299752,52.639275,On or near Marlborough Road,E01026841,Norwich 003A,Robbery,Investigation complete; no suspect identified,
5d7c07fd43597d748edabd08cf10fea6638be0be2ac475df27464c42b75cb901,2016-01,Norfolk Constabulary,Norfolk Constabulary,1.300572,52.637795,On or near Silver Street,E01026841,Norwich 003A,Vehicle crime,Investigation complete; no suspect identified,
72f4b87eff92dd17f428bbf3becb4de48309e91fbec032402c380860a0b188f4,2016-01,Norfolk Constabulary,Norfolk Constabulary,1.302678,52.640632,On or near Silver Road,E01026841,Norwich 003A,Violence and sexual offences,Offender given a caution,
c29033978ddfa7060abc887a1a35ef63a8eb87c511a3db7785662a53b90794f0,2016-01,Norfolk Constabulary,Norfolk Constabulary,1.302678,52.640632,On or near Silver Road,E01026841,Norwich 003A,Violence and sexual offences,Status update unavailable,
385b18be1a99b165559080bb6f19add2db51018600dec710faf69cfcb62b08a6,2016-01,Norfolk Constabulary,Norfolk Constabulary,1.302678,52.640632,On or near Silver Road,E01026841,Norwich 003A,Violence and sexual offences,Unable to prosecute suspect,
029e1bd18057512f87521fe24b96770627f6483ca7d316bfbc60e8c322e1270e,2016-01,Norfolk Constabulary,Norfolk Constabulary,1.301005,52.638448,On or near Wodehouse Street,E01026841,Norwich 003A,Violence and sexual offences,Status update unavailable,
ce7e8df2ac415f184dfd7f5e98eb6314f4e4029280400534e6524d9db8d0e5ff,2016-01,Norfolk Constabulary,Norfolk Constabulary,1.302678,52.640632,On or near Silver Road,E01026841,Norwich 003A,Violence and sexual offences,Local resolution,
,2016-01,Norfolk Constabulary,Norfolk Constabulary,1.299069,52.644348,On or near Howard Mews,E01026842,Norwich 003B,Anti-social behaviour,,
c6b665b2f17154488bad3dc0505915642cd4bfadbcf6d26dd436b5a392ac4dcf,2016-01,Norfolk Constabulary,Norfolk Constabulary,1.300365,52.648989,On or near Constitution Opening,E01026842,Norwich 003B,Criminal damage and arson,Investigation complete; no suspect identified,
ef63b5d17f5ad2dc28669242bc8de13eae175e118c83e70ec34e12699d155d5f,2016-01,Norfolk Constabulary,Norfolk Constabulary,1.299998,52.644502,On or near The Erins,E01026842,Norwich 003B,Criminal damage and arson,Investigation complete; no suspect identified,
44107b40dc95482bd370406e8d38bbda14daed0a054f14e1029a910806b7249c,2016-01,Norfolk Constabulary,Norfolk Constabulary,1.299069,52.644348,On or near Howard Mews,E01026842,Norwich 003B,Violence and sexual offences,Status update unavailable,
4d686e679adf4fb3d608c177d0f21c4369abdb4170f9491f28d34a075a1d3306,2016-01,Norfolk Constabulary,Norfolk Constabulary,1.303345,52.646342,On or near Sprowston Road,E01026842,Norwich 003B,Violence and sexual offences,Investigation complete; no suspect identified,
8425d13ab65da565adb09eba7a0d9debc1c3ff825c033f09d9c848296e0aa828,2016-01,Norfolk Constabulary,Norfolk Constabulary,1.303345,52.646342,On or near Sprowston Road,E01026842,Norwich 003B,Violence and sexual offences,Status update unavailable,
,2016-01,Norfolk Constabulary,Norfolk Constabulary,1.298025,52.646976,On or near Further/Higher Educational Building,E01026843,Norwich 003C,Anti-social behaviour,,
,2016-01,Norfolk Constabulary,Norfolk Constabulary,1.296209,52.646227,On or near Millcroft,E01026843,Norwich 003C,Anti-social behaviour,,
,2016-01,Norfolk Constabulary,Norfolk Constabulary,1.296209,52.646227,On or near Millcroft,E01026843,Norwich 003C,Anti-social behaviour,,
,2016-01,Norfolk Constabulary,Norfolk Constabulary,1.294316,52.642880,On or near Long Row,E01026843,Norwich 003C,Anti-social behaviour,,
fc1b95d64772b4a3e0951d046de7695f36bc652b43da02d3ac500119bea69538,2016-01,Norfolk Constabulary,Norfolk Constabulary,1.293057,52.644426,On or near Sun Lane,E01026843,Norwich 003C,Burglary,Investigation complete; no suspect identified,
597edbd635cf934782f6aec553d12c9073ca30de62aecfa4a8be0d575b723d6d,2016-01,Norfolk Constabulary,Norfolk Constabulary,1.293353,52.647178,On or near Duff Road,E01026843,Norwich 003C,Burglary,Formal action is not in the public interest,
99f69a67e9e64fbae34076132dc01f41493da72c8640e9a48751cccc05bbd48d,2016-01,Norfolk Constabulary,Norfolk Constabulary,1.293150,52.645268,On or near Millers Lane,E01026843,Norwich 003C,Burglary,Investigation complete; no suspect identified,
f394769837429a2c10c011e33053889bcfb2b41e72b46b639797e73832827592,2016-01,Norfolk Constabulary,Norfolk Constabulary,1.291461,52.644434,On or near Angel Road,E01026843,Norwich 003C,Burglary,Investigation complete; no suspect identified,
69babf2800f80c6cd021799d5e59dfed07fcf8fa03806836cf80ad67df448fe3,2016-01,Norfolk Constabulary,Norfolk Constabulary,1.292294,52.645877,On or near Wild Road,E01026843,Norwich 003C,Burglary,Investigation complete; no suspect identified,
d1ea62caa3f04f60c75b7e9c1fc660465e896e2878a1bc80538b239352c4bf93,2016-01,Norfolk Constabulary,Norfolk Constabulary,1.294316,52.642880,On or near Long Row,E01026843,Norwich 003C,Other theft,Local resolution,
3add7e160697b55202859f3a81d32e12c58d679ea3930badb3e075ef3141a587,2016-01,Norfolk Constabulary,Norfolk Constabulary,1.292294,52.645877,On or near Wild Road,E01026843,Norwich 003C,Other theft,Status update unavailable,
eccd9b27f7f72542ca7246c01b3f4adb900852cef1ada8ca7f180681ea596477,2016-01,Norfolk Constabulary,Norfolk Constabulary,1.294660,52.644102,On or near Rosebery Road,E01026843,Norwich 003C,Robbery,Court result unavailable,
5735310a952684bad7d45fd836bc5cba3a36b08d8617ec9d03eed8b5f4829f52,2016-01,Norfolk Constabulary,Norfolk Constabulary,1.295289,52.646180,On or near Afghan Place,E01026843,Norwich 003C,Theft from the person,Formal action is not in the public interest,
3ff3e7a78d9afaf61ad887f0540289ce0700a1bce92de9de95d302310a4084f9,2016-01,Norfolk Constabulary,Norfolk Constabulary,1.295335,52.645028,On or near Pelham Road,E01026843,Norwich 003C,Vehicle crime,Court result unavailable,
4b3b6bbc04182813d09afef79921f1b8b0b635a77ccedaa6afad2a543d7677a3,2016-01,Norfolk Constabulary,Norfolk Constabulary,1.292195,52.647310,On or near Blyth Road,E01026843,Norwich 003C,Other crime,Court result unavailable,
,2016-01,Norfolk Constabulary,Norfolk Constabulary,1.305817,52.641084,On or near Gertrude Road,E01026844,Norwich 003D,Anti-social behaviour,,
,2016-01,Norfolk Constabulary,Norfolk Constabulary,1.308369,52.643945,On or near Gilman Road,E01026844,Norwich 003D,Anti-social behaviour,,
e2b29588ded8e309fc312a10321410912b3c89b5bf43269809300a65dfcba009,2016-01,Norfolk Constabulary,Norfolk Constabulary,1.308382,52.640212,On or near Mousehold Avenue,E01026844,Norwich 003D,Burglary,Investigation complete; no suspect identified,
417bb6d4ad2fb264d87efe467e7bb6f00623b7bb5fcc32e21cf2434a4e3921e0,2016-01,Norfolk Constabulary,Norfolk Constabulary,1.308369,52.643945,On or near Gilman Road,E01026844,Norwich 003D,Burglary,Investigation complete; no suspect identified,
529650f2c8b4469a250ac5874f1fed90f3e781ed68906bd4c66b32272156df77,2016-01,Norfolk Constabulary,Norfolk Constabulary,1.306175,52.641713,On or near Romany Road,E01026844,Norwich 003D,Criminal damage and arson,Offender sent to prison,
a869685ab8fc4768ab47a95ae6518a3673c70728210aa30c7ee8d16be2f78988,2016-01,Norfolk Constabulary,Norfolk Constabulary,1.303245,52.643647,On or near Ladysmith Road,E01026844,Norwich 003D,Criminal damage and arson,Investigation complete; no suspect identified,
f91ebe4497ee7a4c8db5c647151df50db33565c17da4ed867a2422ba8110df64,2016-01,Norfolk Constabulary,Norfolk Constabulary,1.305817,52.641084,On or near Gertrude Road,E01026844,Norwich 003D,Other theft,Investigation complete; no suspect identified,
ac5acb27d23dbb3d7b771a1fa5946cd373f311fa94c3d09d5b41ae6a3e1981ea,2016-01,Norfolk Constabulary,Norfolk Constabulary,1.305817,52.641084,On or near Gertrude Road,E01026844,Norwich 003D,Public order,Unable to prosecute suspect,
b02934669abf358f1eb3a44d8747a0a499e2c85debdc253e78db143196faa222,2016-01,Norfolk Constabulary,Norfolk Constabulary,1.308369,52.643945,On or near Gilman Road,E01026844,Norwich 003D,Violence and sexual offences,Court case unable to proceed,
ea2f27e38b5d2bc8a02343b0f3e5c9e90e481debdc1a8f5fa02bd525787e7c6f,2016-01,Norfolk Constabulary,Norfolk Constabulary,1.309520,52.639614,On or near Lavengro Road,E01026844,Norwich 003D,Violence and sexual offences,Formal action is not in the public interest,
ce1e75710d51053290d1ffb28a57797dde53c6f28021608a112071942af3dfdd,2016-01,Norfolk Constabulary,Norfolk Constabulary,1.308369,52.643945,On or near Gilman Road,E01026844,Norwich 003D,Violence and sexual offences,Status update unavailable,
,2016-01,Norfolk Constabulary,Norfolk Constabulary,1.300288,52.641094,On or near Churchill Road,E01026845,Norwich 003E,Anti-social behaviour,,
,2016-01,Norfolk Constabulary,Norfolk Constabulary,1.300288,52.641094,On or near Churchill Road,E01026845,Norwich 003E,Anti-social behaviour,,
36ea3fcc1a446b81462a6fca0a145246f8b8d4d0b662ed3c7c7decb54a5cd427,2016-01,Norfolk Constabulary,Norfolk Constabulary,1.299918,52.642067,On or near Northcote Road,E01026845,Norwich 003E,Criminal damage and arson,Investigation complete; no suspect identified,
43eab589755e7c2426f405fb27b381448d51e5325c2a927633eeacddddc56b55,2016-01,Norfolk Constabulary,Norfolk Constabulary,1.299918,52.642067,On or near Northcote Road,E01026845,Norwich 003E,Criminal damage and arson,Investigation complete; no suspect identified,
1b5a0638b3efedffc17ce2ffe4a50f322bca76c56a796bcf6216e1e6313e7a70,2016-01,Norfolk Constabulary,Norfolk Constabulary,1.298984,52.643415,On or near Lawson Road,E01026845,Norwich 003E,Criminal damage and arson,Investigation complete; no suspect identified,
e71a73b96f14059579c7c48337d9101c1cd361071a7c378e531c09a9bcd9213c,2016-01,Norfolk Constabulary,Norfolk Constabulary,1.299918,52.642067,On or near Northcote Road,E01026845,Norwich 003E,Vehicle crime,Investigation complete; no suspect identified,
e425046fb48994941b5e4b5d8cfa92012a230cf570d2f8534d8085f5399886bc,2016-01,Norfolk Constabulary,Norfolk Constabulary,1.299657,52.640572,On or near Knowsley Road,E01026845,Norwich 003E,Violence and sexual offences,Investigation complete; no suspect identified,
,2016-01,Norfolk Constabulary,Norfolk Constabulary,1.294981,52.641494,On or near Albany Road,E01026846,Norwich 003F,Anti-social behaviour,,
,2016-01,Norfolk Constabulary,Norfolk Constabulary,1.293650,52.642278,On or near Traverse Street,E01026846,Norwich 003F,Anti-social behaviour,,
,2016-01,Norfolk Constabulary,Norfolk Constabulary,1.298057,52.639745,On or near Mill Lane,E01026846,Norwich 003F,Anti-social behaviour,,
,2016-01,Norfolk Constabulary,Norfolk Constabulary,1.293222,52.641300,On or near Waterloo Road,E01026846,Norwich 003F,Anti-social behaviour,,
,2016-01,Norfolk Constabulary,Norfolk Constabulary,1.293222,52.641300,On or near Waterloo Road,E01026846,Norwich 003F,Anti-social behaviour,,
,2016-01,Norfolk Constabulary,Norfolk Constabulary,1.296870,52.642431,On or near Magdalen Road,E01026846,Norwich 003F,Anti-social behaviour,,
,2016-01,Norfolk Constabulary,Norfolk Constabulary,1.293222,52.641300,On or near Waterloo Road,E01026846,Norwich 003F,Anti-social behaviour,,
,2016-01,Norfolk Constabulary,Norfolk Constabulary,1.293650,52.642278,On or near Traverse Street,E01026846,Norwich 003F,Anti-social behaviour,,
,2016-01,Norfolk Constabulary,Norfolk Constabulary,1.293222,52.641300,On or near Waterloo Road,E01026846,Norwich 003F,Anti-social behaviour,,
0f16e80ae7cb9c53838051f5a4d499787e9127a5f8b64a144af723d2aba2a0b8,2016-01,Norfolk Constabulary,Norfolk Constabulary,1.295369,52.639379,On or near Stacy Road,E01026846,Norwich 003F,Bicycle theft,Investigation complete; no suspect identified,
32cca1c30874ae3f7d0332a5160cb8426c79f27e29756050cd3915d26e591664,2016-01,Norfolk Constabulary,Norfolk Constabulary,1.293162,52.639332,On or near Starling Road,E01026846,Norwich 003F,Bicycle theft,Investigation complete; no suspect identified,
6f660ff76064cb6b659a163b05fa852a34779b0e311bb9f8cfe2bf8033d8e392,2016-01,Norfolk Constabulary,Norfolk Constabulary,1.294057,52.639820,On or near Heath Road,E01026846,Norwich 003F,Burglary,Investigation complete; no suspect identified,
f275353969cd3282cc9bdaf8dafbe1ab5e260d8d65deea3cad1295fbb80064bc,2016-01,Norfolk Constabulary,Norfolk Constabulary,1.296870,52.642431,On or near Magdalen Road,E01026846,Norwich 003F,Criminal damage and arson,Formal action is not in the public interest,
3dd050ac7727356b1a1b2b2543c63167d2c85c297767eba79bb543a2533ef3c9,2016-01,Norfolk Constabulary,Norfolk Constabulary,1.294028,52.638850,On or near Magpie Road,E01026846,Norwich 003F,Other theft,Court result unavailable,
9689e1ca812e6ad45b3166300deb5bce7f53e2b483609a77684243942314a9e7,2016-01,Norfolk Constabulary,Norfolk Constabulary,1.293222,52.641300,On or near Waterloo Road,E01026846,Norwich 003F,Other theft,Investigation complete; no suspect identified,
c90f8081440c9d2cb92477ccef2b141117fba07e86785f7014862d1621dee46b,2016-01,Norfolk Constabulary,Norfolk Constabulary,1.296870,52.642431,On or near Magdalen Road,E01026846,Norwich 003F,Other theft,Status update unavailable,
9925c8055c32d8085515e93ac69e2289d4d490d785ff079230e291e1706b2f99,2016-01,Norfolk Constabulary,Norfolk Constabulary,1.293222,52.641300,On or near Waterloo Road,E01026846,Norwich 003F,Public order,Investigation complete; no suspect identified,
77bd659f8fe42e8d7cfe8a1c16e429c01a6c63da441a4ae4ad1c995fabceea3c,2016-01,Norfolk Constabulary,Norfolk Constabulary,1.295910,52.640281,On or near Supermarket,E01026846,Norwich 003F,Public order,Formal action is not in the public interest,
3fb295f529afd95da12a0d622ebbb0988f3b838371350626f4f68cfc58b721c1,2016-01,Norfolk Constabulary,Norfolk Constabulary,1.296870,52.642431,On or near Magdalen Road,E01026846,Norwich 003F,Theft from the person,Investigation complete; no suspect identified,
aace3ebdeb6084182a373179d84c2a5129d87f0b8c7d3904d89f67ea92998e46,2016-01,Norfolk Constabulary,Norfolk Constabulary,1.296870,52.642431,On or near Magdalen Road,E01026846,Norwich 003F,Vehicle crime,Investigation complete; no suspect identified,
eb4ce3dbe5be0a839b39ed884b94b339c815b491173230eae83604583ce0d473,2016-01,Norfolk Constabulary,Norfolk Constabulary,1.294028,52.638850,On or near Magpie Road,E01026846,Norwich 003F,Violence and sexual offences,Court result unavailable,
c10fa9b8fa925a1434ddbf1bb3d28e51a4d9ae6128b623b4545f1cc13d78b5d5,2016-01,Norfolk Constabulary,Norfolk Constabulary,1.298057,52.639745,On or near Mill Lane,E01026846,Norwich 003F,Violence and sexual offences,Formal action is not in the public interest,
ec89295cec9360a212168ffe345a2325d119265f409149b2f151a2159b17a171,2016-01,Norfolk Constabulary,Norfolk Constabulary,1.296443,52.639898,On or near Magdalen Road,E01026846,Norwich 003F,Other crime,Status update unavailable,
6f02278826fc7aa1495545099fdbbaaf2204860b56801eb27e409fcb22a8bcf8,2016-01,Norfolk Constabulary,Norfolk Constabulary,1.296443,52.639898,On or near Magdalen Road,E01026846,Norwich 003F,Other crime,Court result unavailable,
,2016-01,Norfolk Constabulary,Norfolk Constabulary,1.335288,52.642128,On or near Hooker Road,E01026803,Norwich 004A,Anti-social behaviour,,
,2016-01,Norfolk Constabulary,Norfolk Constabulary,1.336972,52.641334,On or near Parking Area,E01026803,Norwich 004A,Anti-social behaviour,,
e431d7107af05ba8421162d83dcef4659443e3ce9922d8b58c505025fe59f5b4,2016-01,Norfolk Constabulary,Norfolk Constabulary,1.338447,52.642839,On or near Graham Square,E01026803,Norwich 004A,Bicycle theft,Investigation complete; no suspect identified,
6d3ab7900073b68d992c4df8e50f6480da64a9aa93116db84e955bb6b7a1d97f,2016-01,Norfolk Constabulary,Norfolk Constabulary,1.334855,52.640324,On or near Thornfield Way,E01026803,Norwich 004A,Criminal damage and arson,Investigation complete; no suspect identified,
e7448541dd5213530d4bf1cb0bae3c85ea994ebe129ca2a1aacb5f8588bcecd7,2016-01,Norfolk Constabulary,Norfolk Constabulary,1.336972,52.641334,On or near Parking Area,E01026803,Norwich 004A,Violence and sexual offences,Unable to prosecute suspect,
3f1cce10877052e4b617308fdf83f50ac63b67aa0c85826026caacdce15782a1,2016-01,Norfolk Constabulary,Norfolk Constabulary,1.334235,52.640728,On or near Paine Road,E01026803,Norwich 004A,Violence and sexual offences,Formal action is not in the public interest,
3d13b216bde0b49251aacfdc0b34473fb1a882d04c8de3abc401c673658be3d5,2016-01,Norfolk Constabulary,Norfolk Constabulary,1.338447,52.642839,On or near Graham Square,E01026803,Norwich 004A,Violence and sexual offences,Court result unavailable,
,2016-01,Norfolk Constabulary,Norfolk Constabulary,1.328455,52.637230,On or near Plumstead Road,E01026804,Norwich 004B,Anti-social behaviour,,
,2016-01,Norfolk Constabulary,Norfolk Constabulary,1.331381,52.642472,On or near Rider Haggard Road,E01026804,Norwich 004B,Anti-social behaviour,,
,2016-01,Norfolk Constabulary,Norfolk Constabulary,1.327032,52.636982,On or near Supermarket,E01026804,Norwich 004B,Anti-social behaviour,,
,2016-01,Norfolk Constabulary,Norfolk Constabulary,1.326367,52.636596,On or near Plumstead Road,E01026804,Norwich 004B,Anti-social behaviour,,
79e3cb324b24d186fcb82d288a5fbe5ba6a2538dc9b71476074ebc30808d7c97,2016-01,Norfolk Constabulary,Norfolk Constabulary,1.325213,52.638931,On or near Gerald Close,E01026804,Norwich 004B,Criminal damage and arson,Investigation complete; no suspect identified,
a33c3ed1b4c1f6853c72140846e8fe70378c1844fa709e54389a0d8e42ac87e1,2016-01,Norfolk Constabulary,Norfolk Constabulary,1.330589,52.640219,On or near Skelton Road,E01026804,Norwich 004B,Drugs,Court result unavailable,
0aaf1d8a224f357e4ad18fd610df47073171fc1e95bade00963ea664a2370751,2016-01,Norfolk Constabulary,Norfolk Constabulary,1.329421,52.639829,On or near Vancouver Road,E01026804,Norwich 004B,Drugs,Status update unavailable,
0dc8901e928a5a2b54ca4f397ad400237701479e17cbd15adfb5317dd0602a7e,2016-01,Norfolk Constabulary,Norfolk Constabulary,1.328455,52.637230,On or near Plumstead Road,E01026804,Norwich 004B,Other theft,Investigation complete; no suspect identified,
25ebf8e4acf9413869a4aaa80c4572e2f21a9c77cd1a308df9676faaab2acfcc,2016-01,Norfolk Constabulary,Norfolk Constabulary,1.327032,52.636982,On or near Supermarket,E01026804,Norwich 004B,Shoplifting,Court result unavailable,
41c47e5ba1fdf4e70e8732227b4ba71663b75b03f1854c5f4257611c71340412,2016-01,Norfolk Constabulary,Norfolk Constabulary,1.325393,52.636435,On or near Supermarket,E01026804,Norwich 004B,Shoplifting,Investigation complete; no suspect identified,
910ef57e1806802b2211adfd97141713b85f2189bf423129b5a63960bee79fcf,2016-01,Norfolk Constabulary,Norfolk Constabulary,1.325393,52.636435,On or near Supermarket,E01026804,Norwich 004B,Shoplifting,Status update unavailable,
122057c390d00267ae3fe33b4e3169a47ecb26f37e978d9ec072df19383016ee,2016-01,Norfolk Constabulary,Norfolk Constabulary,1.325393,52.636435,On or near Supermarket,E01026804,Norwich 004B,Shoplifting,Offender given community sentence,
2105e93bb53282bffdcb04a4afa2a230ab89169eda02bca0e312c9c817662022,2016-01,Norfolk Constabulary,Norfolk Constabulary,1.325393,52.636435,On or near Supermarket,E01026804,Norwich 004B,Shoplifting,Status update unavailable,
8d93df41c6825d275029efb444da92cecd2c57d4db35d1223ae47d997d0d0b22,2016-01,Norfolk Constabulary,Norfolk Constabulary,1.325393,52.636435,On or near Supermarket,E01026804,Norwich 004B,Shoplifting,Offender given community sentence,
eeeeed35ced825eb9f1ad30ff5d59f1eec11663bcadb132a31967618581318f0,2016-01,Norfolk Constabulary,Norfolk Constabulary,1.325393,52.636435,On or near Supermarket,E01026804,Norwich 004B,Shoplifting,Offender given community sentence,
90df5a03053cb728b520a8e7c53ee90207f833791fdaa86ad5b99be20fe5cbb9,2016-01,Norfolk Constabulary,Norfolk Constabulary,1.326367,52.636596,On or near Plumstead Road,E01026804,Norwich 004B,Violence and sexual offences,Status update unavailable,
,2016-01,Norfolk Constabulary,Norfolk Constabulary,1.325701,52.645546,On or near Sports/Recreation Area,E01026805,Norwich 004C,Anti-social behaviour,,
,2016-01,Norfolk Constabulary,Norfolk Constabulary,1.332459,52.646534,On or near Finch Close,E01026805,Norwich 004C,Anti-social behaviour,,
,2016-01,Norfolk Constabulary,Norfolk Constabulary,1.335007,52.646012,On or near Watling Road,E01026805,Norwich 004C,Anti-social behaviour,,
,2016-01,Norfolk Constabulary,Norfolk Constabulary,1.332820,52.646416,On or near Purland Road,E01026805,Norwich 004C,Anti-social behaviour,,
,2016-01,Norfolk Constabulary,Norfolk Constabulary,1.328944,52.645023,On or near Kempe Close,E01026805,Norwich 004C,Anti-social behaviour,,
,2016-01,Norfolk Constabulary,Norfolk Constabulary,1.330158,52.645052,On or near Deloney Road,E01026805,Norwich 004C,Anti-social behaviour,,
7a4db6a8291e166add001190ec0f6f34a271a3f4ae1dd2b7f4a6ca9d7cd7f7e4,2016-01,Norfolk Constabulary,Norfolk Constabulary,1.336018,52.644527,On or near Antingham Road,E01026805,Norwich 004C,Criminal damage and arson,Formal action is not in the public interest,
8a678d673d3aef96485dbf608f39e34df72ed9e658d1f855340a17e7a1ce8c3e,2016-01,Norfolk Constabulary,Norfolk Constabulary,1.335007,52.646012,On or near Watling Road,E01026805,Norwich 004C,Criminal damage and arson,Investigation complete; no suspect identified,
5d6df23b0987544d3c073232325f121c6a595780880550d8dddde5e29f25742f,2016-01,Norfolk Constabulary,Norfolk Constabulary,1.324171,52.644878,On or near Sports/Recreation Area,E01026805,Norwich 004C,Drugs,Offender given a drugs possession warning,
f3bfe53cfbbf445fd1681d30f33dcdbfd507865a759c852db85bbe04a1d1ccbe,2016-01,Norfolk Constabulary,Norfolk Constabulary,1.333997,52.647111,On or near Barnes Close,E01026805,Norwich 004C,Other theft,Unable to prosecute suspect,
27acc78c9080aff46f0ced8ae6b9bb9d630593056309b8fcf46b612a38b42e6c,2016-01,Norfolk Constabulary,Norfolk Constabulary,1.325701,52.645546,On or near Sports/Recreation Area,E01026805,Norwich 004C,Public order,Investigation complete; no suspect identified,
307210fe5da8534a891774f3cc1d78154406bbfe62c0de0c0e11db4592cd4f3c,2016-01,Norfolk Constabulary,Norfolk Constabulary,1.325701,52.645546,On or near Sports/Recreation Area,E01026805,Norwich 004C,Shoplifting,Investigation complete; no suspect identified,
b6aeb600ea5a76d6deabee32d3e7c6bb6e9c1a4de922e5de359e4a6b8d4368f1,2016-01,Norfolk Constabulary,Norfolk Constabulary,1.330158,52.645052,On or near Deloney Road,E01026805,Norwich 004C,Shoplifting,Status update unavailable,
a18d9ba7426bc48b4ce32f8d4cb69577e016fb454c02c6fd61cef208c34384e0,2016-01,Norfolk Constabulary,Norfolk Constabulary,1.336018,52.644527,On or near Antingham Road,E01026805,Norwich 004C,Violence and sexual offences,Formal action is not in the public interest,
776568c4132cb876d9a3f272300e017110221b718e57b8a7ff686875220b3408,2016-01,Norfolk Constabulary,Norfolk Constabulary,1.325701,52.645546,On or near Sports/Recreation Area,E01026805,Norwich 004C,Violence and sexual offences,Formal action is not in the public interest,
0ef6eb59e76c2e49c65f8a03a7c25669141beceff6ddf82d36c6b338a9244873,2016-01,Norfolk Constabulary,Norfolk Constabulary,1.328944,52.645023,On or near Kempe Close,E01026805,Norwich 004C,Violence and sexual offences,Formal action is not in the public interest,
1788800a32372fc15a386b2d02f2ea71d40a37e1afab9d56aa7846e0f2abaf19,2016-01,Norfolk Constabulary,Norfolk Constabulary,1.330917,52.643555,On or near Porson Road,E01026805,Norwich 004C,Violence and sexual offences,Formal action is not in the public interest,
741e6f5eb77591c5729878495db84145a8ebadc79c0604bc1a750a49aa54460e,2016-01,Norfolk Constabulary,Norfolk Constabulary,1.325701,52.645546,On or near Sports/Recreation Area,E01026805,Norwich 004C,Other crime,Formal action is not in the public interest,
a5e2e0a13e9e11680a2a2018707126a2485b0e9f2d5b0141d15edff1a4e5b25c,2016-01,Norfolk Constabulary,Norfolk Constabulary,1.325701,52.645546,On or near Sports/Recreation Area,E01026805,Norwich 004C,Other crime,Formal action is not in the public interest,
1299567ea533962c16fd51dbe7750d678587c11bad091d341a84c9bb00006264,2016-01,Norfolk Constabulary,Norfolk Constabulary,1.325701,52.645546,On or near Sports/Recreation Area,E01026805,Norwich 004C,Other crime,Formal action is not in the public interest,
9f1adb543219c501f1f40c6ceae705c48cd25be6ad14fee9a82ac2b07e78438f,2016-01,Norfolk Constabulary,Norfolk Constabulary,1.325701,52.645546,On or near Sports/Recreation Area,E01026805,Norwich 004C,Other crime,Formal action is not in the public interest,
,2016-01,Norfolk Constabulary,Norfolk Constabulary,1.321513,52.636337,On or near Hilary Avenue,E01026806,Norwich 004D,Anti-social behaviour,,
350cc1f72b9043457118bf78d6d34544165317632f3b392d21a770bf778f5c08,2016-01,Norfolk Constabulary,Norfolk Constabulary,1.317599,52.637562,On or near Prison,E01026806,Norwich 004D,Criminal damage and arson,Status update unavailable,
6bc0f726e03cb0dd8be698fe29dd451fef8d3c6f3a4911090521c0e329e90ced,2016-01,Norfolk Constabulary,Norfolk Constabulary,1.317599,52.637562,On or near Prison,E01026806,Norwich 004D,Criminal damage and arson,Status update unavailable,
80dcc719f38b436dfad6ee0a1724c040d32b815d6645e7da2b8592e97d50a2b8,2016-01,Norfolk Constabulary,Norfolk Constabulary,1.317599,52.637562,On or near Prison,E01026806,Norwich 004D,Criminal damage and arson,Status update unavailable,
f8e82d458efb281686764f47e10b43484d85b06de06bfcb42448492e166cd396,2016-01,Norfolk Constabulary,Norfolk Constabulary,1.317599,52.637562,On or near Prison,E01026806,Norwich 004D,Drugs,Status update unavailable,
f10c508b4d08c8975cd188cf25cfbd1e9576d4bf2e0ba783630d4217ed09f1de,2016-01,Norfolk Constabulary,Norfolk Constabulary,1.324614,52.640189,On or near Fallowfield Close,E01026806,Norwich 004D,Other theft,Investigation complete; no suspect identified,
6687bca10d76da831c6aef88334c0b3b2733a3c86d9c5511f3351541d1b5bd4a,2016-01,Norfolk Constabulary,Norfolk Constabulary,1.317599,52.637562,On or near Prison,E01026806,Norwich 004D,Violence and sexual offences,Unable to prosecute suspect,
4b63ceb871a32f93f6456c5de262bb0941f4219888020f1998840d9612ca3dd7,2016-01,Norfolk Constabulary,Norfolk Constabulary,1.317599,52.637562,On or near Prison,E01026806,Norwich 004D,Violence and sexual offences,Status update unavailable,
b21307d8a3a7e94c6e5466c51c704391d7876f5cba7bd00ba173426ee92801a9,2016-01,Norfolk Constabulary,Norfolk Constabulary,1.317599,52.637562,On or near Prison,E01026806,Norwich 004D,Violence and sexual offences,Formal action is not in the public interest,
16aaf3bd6a3c25be2edade5aaceb12eba571bec472bc66a81e89eb9ab07c4e46,2016-01,Norfolk Constabulary,Norfolk Constabulary,1.317599,52.637562,On or near Prison,E01026806,Norwich 004D,Violence and sexual offences,Status update unavailable,
98ea18a53a54cc94de181ba141a0de684e3dd592ed17d4de49b5756afb65f3c4,2016-01,Norfolk Constabulary,Norfolk Constabulary,1.317599,52.637562,On or near Prison,E01026806,Norwich 004D,Violence and sexual offences,Investigation complete; no suspect identified,
50790b2b6e33ac90585b0f8be5ed49d7ccb3e6d41225cc987875d8df7d51ba0d,2016-01,Norfolk Constabulary,Norfolk Constabulary,1.317599,52.637562,On or near Prison,E01026806,Norwich 004D,Violence and sexual offences,Court result unavailable,
2164aa6e221d9db4f81a783c5b9b153570a4e05d9e62bed78fef94c91ccc77ce,2016-01,Norfolk Constabulary,Norfolk Constabulary,1.317599,52.637562,On or near Prison,E01026806,Norwich 004D,Violence and sexual offences,Formal action is not in the public interest,
db11dbdb53d51cf7234ed62b2dcb2d95008a11e08c67db9b6ceeccad9dc60daa,2016-01,Norfolk Constabulary,Norfolk Constabulary,1.317599,52.637562,On or near Prison,E01026806,Norwich 004D,Violence and sexual offences,Status update unavailable,
9b949f55a9a51f133e80ab165b653a135423bada9dfc74d8a3ad2aae5c578544,2016-01,Norfolk Constabulary,Norfolk Constabulary,1.317599,52.637562,On or near Prison,E01026806,Norwich 004D,Violence and sexual offences,Status update unavailable,
4461a0b03cadf09b221566f83a3adcd7817161e2fe379d95dc0ab6813495bed9,2016-01,Norfolk Constabulary,Norfolk Constabulary,1.317599,52.637562,On or near Prison,E01026806,Norwich 004D,Violence and sexual offences,Court result unavailable,
89afd931062db3f92beab08dd6e0864c6ecc6a506f617e3a44e59325dfd9f710,2016-01,Norfolk Constabulary,Norfolk Constabulary,1.317599,52.637562,On or near Prison,E01026806,Norwich 004D,Violence and sexual offences,Status update unavailable,
5fae74a48e1ef392f34df7f8372206e158260b5efee3a85c44c92de973654c95,2016-01,Norfolk Constabulary,Norfolk Constabulary,1.317599,52.637562,On or near Prison,E01026806,Norwich 004D,Violence and sexual offences,Court result unavailable,
e320b59b493c316aa3534327ab124852e135a8b866d43cae52adf82e67bf53b3,2016-01,Norfolk Constabulary,Norfolk Constabulary,1.317599,52.637562,On or near Prison,E01026806,Norwich 004D,Violence and sexual offences,Formal action is not in the public interest,
94e82d1f5645682232cc92e26ec067e1bc418808f53a7f0cd18b33e3c878b5d6,2016-01,Norfolk Constabulary,Norfolk Constabulary,1.317599,52.637562,On or near Prison,E01026806,Norwich 004D,Other crime,Status update unavailable,
8ae05cf6390e7a3bd257d6f33c9cddd28d0f806664a52e03791d46f0b37c9378,2016-01,Norfolk Constabulary,Norfolk Constabulary,1.317599,52.637562,On or near Prison,E01026806,Norwich 004D,Other crime,Unable to prosecute suspect,
c2308cf26f4862a67b50bf96ee9776d451828b03d8495a96c1bb28aea242b2c1,2016-01,Norfolk Constabulary,Norfolk Constabulary,1.317599,52.637562,On or near Prison,E01026806,Norwich 004D,Other crime,Status update unavailable,
7bae916a0a2c787f399fb2aafe0a81b0e34aaa1b7347b36ef22015911bdd1151,2016-01,Norfolk Constabulary,Norfolk Constabulary,1.317599,52.637562,On or near Prison,E01026806,Norwich 004D,Other crime,Status update unavailable,
de51b486880890ea3d62245eb0e32efb6cfe69a359f4c9e8921126debaf6b2dd,2016-01,Norfolk Constabulary,Norfolk Constabulary,1.319050,52.634661,On or near Venables Close,E01026807,Norwich 004E,Criminal damage and arson,Investigation complete; no suspect identified,
d82c2c30e05bf33db9be28184448be308026c3b1a2130b794f0f444139efdacd,2016-01,Norfolk Constabulary,Norfolk Constabulary,1.324797,52.636361,On or near Petrol Station,E01026807,Norwich 004E,Other theft,Status update unavailable,
e2a6a69e44cb6f1b7e7de66a1ef72e9ec2b55ac91f0993b43690444a72a2e71a,2016-01,Norfolk Constabulary,Norfolk Constabulary,1.320720,52.633094,On or near Newbegin Road,E01026807,Norwich 004E,Violence and sexual offences,Status update unavailable,
adba81b255c0f63f9cb5e18dedf0449f31e502b68cd8a985cf673313a25c2490,2016-01,Norfolk Constabulary,Norfolk Constabulary,1.322835,52.635454,On or near Plumstead Road,E01026807,Norwich 004E,Other crime,Court result unavailable,
,2016-01,Norfolk Constabulary,Norfolk Constabulary,1.326121,52.635506,On or near Supple Close,E01026808,Norwich 004F,Anti-social behaviour,,
,2016-01,Norfolk Constabulary,Norfolk Constabulary,1.323155,52.630706,On or near Woodrow Place,E01026808,Norwich 004F,Anti-social behaviour,,
,2016-01,Norfolk Constabulary,Norfolk Constabulary,1.323155,52.630706,On or near Woodrow Place,E01026808,Norwich 004F,Anti-social behaviour,,
,2016-01,Norfolk Constabulary,Norfolk Constabulary,1.323155,52.630706,On or near Woodrow Place,E01026808,Norwich 004F,Anti-social behaviour,,
a06b28e862a0d780262e7cec7595697033642899d916df2a10c491ae3d821f69,2016-01,Norfolk Constabulary,Norfolk Constabulary,1.323214,52.632260,On or near Pilling Park Road,E01026808,Norwich 004F,Criminal damage and arson,Investigation complete; no suspect identified,
e132e3408f7ddba5bd767f9fe33f5fd078e420e0d5caebdf817958ce2b59ec61,2016-01,Norfolk Constabulary,Norfolk Constabulary,1.323155,52.630706,On or near Woodrow Place,E01026808,Norwich 004F,Criminal damage and arson,Status update unavailable,
35494210be62b3a3d13e2c240d12248c9653329e75c1a0ee41da3c512ce27104,2016-01,Norfolk Constabulary,Norfolk Constabulary,1.323155,52.630706,On or near Woodrow Place,E01026808,Norwich 004F,Criminal damage and arson,Status update unavailable,
148b035b040b7c964cfdce719b6d313dbfbef3a5f61ed709682895a3e806cec0,2016-01,Norfolk Constabulary,Norfolk Constabulary,1.323214,52.632260,On or near Pilling Park Road,E01026808,Norwich 004F,Other theft,Status update unavailable,
7c2c6f25e0bc2ff4e9098362bc7aab9b233434ad6839ce1a677065aa19e64b34,2016-01,Norfolk Constabulary,Norfolk Constabulary,1.324882,52.633391,On or near Newbegin Close,E01026808,Norwich 004F,Other theft,Status update unavailable,
6dfe0ef5719f32d674673f2b92784163e4ba528c5e2fd8b8df7bfb2d0f6d045f,2016-01,Norfolk Constabulary,Norfolk Constabulary,1.323372,52.631815,On or near William Mear Gardens,E01026808,Norwich 004F,Violence and sexual offences,Offender given a caution,
fa1bfc046ed0b5876143cc8bb50e7342401858c7de9dab2494841192dac4df30,2016-01,Norfolk Constabulary,Norfolk Constabulary,1.323155,52.630706,On or near Woodrow Place,E01026808,Norwich 004F,Violence and sexual offences,Unable to prosecute suspect,
4f30a2fcdc3bc40d02fa8823bf81301ebfb7da5cbd81098d0c17040643d77419,2016-01,Norfolk Constabulary,Norfolk Constabulary,1.323372,52.631815,On or near William Mear Gardens,E01026808,Norwich 004F,Violence and sexual offences,Formal action is not in the public interest,
e9c38395b27d8e4382d652bedb0130806202dba63b19c1fe892d272a72fccaa5,2016-01,Norfolk Constabulary,Norfolk Constabulary,1.323214,52.632260,On or near Pilling Park Road,E01026808,Norwich 004F,Violence and sexual offences,Unable to prosecute suspect,
024fa0ecd3c3c2548a0f356afbfefe30fc6f14b4a9c1219a67a7e0af4281fd90,2016-01,Norfolk Constabulary,Norfolk Constabulary,1.323372,52.631815,On or near William Mear Gardens,E01026808,Norwich 004F,Violence and sexual offences,Court result unavailable,
0d93c34e115e94225f3dbf9abcf50ab020db14044087fd66986f8ed8393587fa,2016-01,Norfolk Constabulary,Norfolk Constabulary,1.326121,52.635506,On or near Supple Close,E01026808,Norwich 004F,Other crime,Status update unavailable,
,2016-01,Norfolk Constabulary,Norfolk Constabulary,1.337277,52.643205,On or near Colls Road,E01026809,Norwich 004G,Anti-social behaviour,,
a7c4d2d0d2f234412dbad3f117ad0486f3e7839c3ea2d22f41c9ac25eabb5d2d,2016-01,Norfolk Constabulary,Norfolk Constabulary,1.336883,52.645798,On or near Woodforde Road,E01026809,Norwich 004G,Vehicle crime,Investigation complete; no suspect identified,
be0df1eb42b0f841f84e5484cadff1aef21494921d9d0c9359a37a57a2f3b28d,2016-01,Norfolk Constabulary,Norfolk Constabulary,1.339604,52.643463,On or near Redfern Close,E01026809,Norwich 004G,Violence and sexual offences,Formal action is not in the public interest,
a8db6c79c3e090662ad8b46874f65aa61368be7b90f74075c3c6488143827e6a,2016-01,Norfolk Constabulary,Norfolk Constabulary,1.339604,52.643463,On or near Redfern Close,E01026809,Norwich 004G,Violence and sexual offences,Status update unavailable,
7963dfa66f5159b3f9558ac0d351984f251d9aab57e66955b81be913a3762184,2016-01,Norfolk Constabulary,Norfolk Constabulary,1.341634,52.644305,On or near Woodside Road,E01026809,Norwich 004G,Violence and sexual offences,Court result unavailable,
e5007e4cb8bb9402a9f0d83e110ac5356fc45d15f4167e2e806428626f4acc58,2016-01,Norfolk Constabulary,Norfolk Constabulary,1.341634,52.644305,On or near Woodside Road,E01026809,Norwich 004G,Violence and sexual offences,Status update unavailable,
,2016-01,Norfolk Constabulary,Norfolk Constabulary,1.230070,52.638795,On or near Goodhale Road,E01026791,Norwich 005A,Anti-social behaviour,,
,2016-01,Norfolk Constabulary,Norfolk Constabulary,1.231210,52.638827,On or near Smeat Street,E01026791,Norwich 005A,Anti-social behaviour,,
,2016-01,Norfolk Constabulary,Norfolk Constabulary,1.229543,52.640680,On or near Drury Close,E01026791,Norwich 005A,Anti-social behaviour,,
,2016-01,Norfolk Constabulary,Norfolk Constabulary,1.229146,52.641312,On or near Toftes Place,E01026791,Norwich 005A,Anti-social behaviour,,
,2016-01,Norfolk Constabulary,Norfolk Constabulary,1.231210,52.638827,On or near Smeat Street,E01026791,Norwich 005A,Anti-social behaviour,,
55cafd64a46b8c82c73bdec3dd3cd64bafe268d926d8811c6cc8207a0d8b86c3,2016-01,Norfolk Constabulary,Norfolk Constabulary,1.231210,52.638827,On or near Smeat Street,E01026791,Norwich 005A,Burglary,Investigation complete; no suspect identified,
ea185e79381972824857bc8841a6e88e2b095d21a924a7222a858f9e83754fa0,2016-01,Norfolk Constabulary,Norfolk Constabulary,1.229146,52.641312,On or near Toftes Place,E01026791,Norwich 005A,Criminal damage and arson,Formal action is not in the public interest,
1765b51b28ee3654fbb604df8647b2829a60b523697502adf890275b453bf443,2016-01,Norfolk Constabulary,Norfolk Constabulary,1.230070,52.638795,On or near Goodhale Road,E01026791,Norwich 005A,Drugs,Offender deprived of property,
472269032c0ba58d2f36345fc25e93bcde8043f75b0f6f41bc0e25c1c8270634,2016-01,Norfolk Constabulary,Norfolk Constabulary,1.230070,52.638795,On or near Goodhale Road,E01026791,Norwich 005A,Drugs,Court case unable to proceed,
6b51b3423489827107ed4c4f5ed038f5d79ae83b94d920a9ca5c4bee0a0da852,2016-01,Norfolk Constabulary,Norfolk Constabulary,1.227161,52.640053,On or near Waldegrave,E01026791,Norwich 005A,Other theft,Investigation complete; no suspect identified,
608f8d39a8cebf23704d5c4f2a9aa31d150bd0cdfe89ac0a17be3d07cfd29b96,2016-01,Norfolk Constabulary,Norfolk Constabulary,1.227161,52.640053,On or near Waldegrave,E01026791,Norwich 005A,Public order,Court result unavailable,
c6ebdcd0abf9abe1c394f48e07e52b60aadea146c9118f53dd7c63c054b76ff9,2016-01,Norfolk Constabulary,Norfolk Constabulary,1.227161,52.640053,On or near Waldegrave,E01026791,Norwich 005A,Shoplifting,Defendant found not guilty,
0caa41197c62960e9c8e49de5ad32d3967f8ce26868198d0589b34b38745a196,2016-01,Norfolk Constabulary,Norfolk Constabulary,1.229146,52.641312,On or near Toftes Place,E01026791,Norwich 005A,Violence and sexual offences,Status update unavailable,
8186e4de171e6610362f6646689e97edd120b4000225341115debb93a96715ac,2016-01,Norfolk Constabulary,Norfolk Constabulary,1.231210,52.638827,On or near Smeat Street,E01026791,Norwich 005A,Violence and sexual offences,Status update unavailable,
,2016-01,Norfolk Constabulary,Norfolk Constabulary,1.219540,52.637733,On or near Swafield Street,E01026792,Norwich 005B,Anti-social behaviour,,
,2016-01,Norfolk Constabulary,Norfolk Constabulary,1.219540,52.637733,On or near Swafield Street,E01026792,Norwich 005B,Anti-social behaviour,,
507cc1403e8e68345166fadb91f0a560e2c0b50a58e3164e79ba1f876fdee829,2016-01,Norfolk Constabulary,Norfolk Constabulary,1.219540,52.637733,On or near Swafield Street,E01026792,Norwich 005B,Drugs,Status update unavailable,
b07e5ae1c9e9d2d60fd8108508a8956a0cfa3cc46b2ad4206e82480237afd6a5,2016-01,Norfolk Constabulary,Norfolk Constabulary,1.219540,52.637733,On or near Swafield Street,E01026792,Norwich 005B,Shoplifting,Court result unavailable,
8c4d46015b831a35e59b71b654e2f9b5da0595d207f9c0d9297b0fd0307e482a,2016-01,Norfolk Constabulary,Norfolk Constabulary,1.219540,52.637733,On or near Swafield Street,E01026792,Norwich 005B,Shoplifting,Status update unavailable,
fb32244ce142fba8c665d154f26a686a93ac19c506e2aeaa152ac8e4636ac3e7,2016-01,Norfolk Constabulary,Norfolk Constabulary,1.219540,52.637733,On or near Swafield Street,E01026792,Norwich 005B,Vehicle crime,Investigation complete; no suspect identified,
ad720046cfe36e536340da423379e7fab06614f95714e1eea2f1bf86fb361872,2016-01,Norfolk Constabulary,Norfolk Constabulary,1.218722,52.640480,On or near Wenman Court,E01026792,Norwich 005B,Violence and sexual offences,Investigation complete; no suspect identified,
e7c325c690c96460943bcee0fca29e2077e80824228abd0944efd127fb4e217f,2016-01,Norfolk Constabulary,Norfolk Constabulary,1.218722,52.640480,On or near Wenman Court,E01026792,Norwich 005B,Violence and sexual offences,Investigation complete; no suspect identified,
b91659d4ec01852660a3ac7d534de2c2df5c0e39e5bb6ed5cf9a5d528880a648,2016-01,Norfolk Constabulary,Norfolk Constabulary,1.219283,52.639269,On or near Wendene,E01026792,Norwich 005B,Violence and sexual offences,Unable to prosecute suspect,
,2016-01,Norfolk Constabulary,Norfolk Constabulary,1.231713,52.635018,On or near Rogers Close,E01026793,Norwich 005C,Anti-social behaviour,,
,2016-01,Norfolk Constabulary,Norfolk Constabulary,1.235759,52.638568,On or near Wilkins Court,E01026793,Norwich 005C,Anti-social behaviour,,
,2016-01,Norfolk Constabulary,Norfolk Constabulary,1.233260,52.636954,On or near Runcton Close,E01026793,Norwich 005C,Anti-social behaviour,,
,2016-01,Norfolk Constabulary,Norfolk Constabulary,1.231713,52.635018,On or near Rogers Close,E01026793,Norwich 005C,Anti-social behaviour,,
,2016-01,Norfolk Constabulary,Norfolk Constabulary,1.233260,52.636954,On or near Runcton Close,E01026793,Norwich 005C,Anti-social behaviour,,
e578c323f9d6c3a31cc7f4d7fe2f0971b80147c6e2616b69a05f9250fa1f8de6,2016-01,Norfolk Constabulary,Norfolk Constabulary,1.235759,52.638568,On or near Wilkins Court,E01026793,Norwich 005C,Bicycle theft,Investigation complete; no suspect identified,
fc8661ba04553c9fd3d6bffa49fbf6acb9edb921187fe50e4fbfb3de4b262cef,2016-01,Norfolk Constabulary,Norfolk Constabulary,1.234376,52.636052,On or near Rolleston Close,E01026793,Norwich 005C,Bicycle theft,Investigation complete; no suspect identified,
29cfef460d8c301208e3b551e920358d65a4edc90a75e828b729db36eb63ddce,2016-01,Norfolk Constabulary,Norfolk Constabulary,1.233260,52.636954,On or near Runcton Close,E01026793,Norwich 005C,Burglary,Investigation complete; no suspect identified,
7c36a53351967fdb2d4306b3ab2badbf09cb2c6efb7f787db52bf81cdbf3cd80,2016-01,Norfolk Constabulary,Norfolk Constabulary,1.236117,52.638010,On or near Gilbard Road,E01026793,Norwich 005C,Criminal damage and arson,Investigation complete; no suspect identified,
1f1260d2ffe94bf81d89d0a9c5620ba903120c620ff08f2240131b7d5537b583,2016-01,Norfolk Constabulary,Norfolk Constabulary,1.240534,52.638968,On or near Supermarket,E01026793,Norwich 005C,Criminal damage and arson,Investigation complete; no suspect identified,
70135634eb4b0a4f94702d47d5da3776755a934d60f48572aed559e0e3ec55df,2016-01,Norfolk Constabulary,Norfolk Constabulary,1.237955,52.638265,On or near Peto Court,E01026793,Norwich 005C,Other theft,Investigation complete; no suspect identified,
c8dae62fef4c839f2c300c3dddb38001486199c2f29dc5174687357dde93f153,2016-01,Norfolk Constabulary,Norfolk Constabulary,1.231713,52.635018,On or near Rogers Close,E01026793,Norwich 005C,Public order,Status update unavailable,
869c456b9829ab720e3e6d0d499d2a8964d30e7d8da73ff2cce6e5cc7bf0e472,2016-01,Norfolk Constabulary,Norfolk Constabulary,1.237955,52.638265,On or near Peto Court,E01026793,Norwich 005C,Violence and sexual offences,Formal action is not in the public interest,
3db7f2eb42cb69e572823ddf0d3afa74ab61367cff9f66db222378e61cfd0762,2016-01,Norfolk Constabulary,Norfolk Constabulary,1.235759,52.638568,On or near Wilkins Court,E01026793,Norwich 005C,Violence and sexual offences,Status update unavailable,
998b89b573206df6f4ff1d5f6dd15d96e4bc9c04a3f2679c37306e0a98b1251f,2016-01,Norfolk Constabulary,Norfolk Constabulary,1.237955,52.638265,On or near Peto Court,E01026793,Norwich 005C,Violence and sexual offences,Formal action is not in the public interest,
,2016-01,Norfolk Constabulary,Norfolk Constabulary,1.214170,52.637079,On or near Layer Close,E01026794,Norwich 005D,Anti-social behaviour,,
,2016-01,Norfolk Constabulary,Norfolk Constabulary,1.211298,52.640853,On or near Thurlby Road,E01026794,Norwich 005D,Anti-social behaviour,,
48260fb03f466ac56c1c4e96bfc3161d0527ff2ec4d2257cd116f910ed9fcd07,2016-01,Norfolk Constabulary,Norfolk Constabulary,1.212926,52.637256,On or near William Childerhouse Way,E01026794,Norwich 005D,Burglary,Investigation complete; no suspect identified,
907da7ecf28ca433161720649993d993ff9127d41b47995220dead96b12e01ae,2016-01,Norfolk Constabulary,Norfolk Constabulary,1.209768,52.639141,On or near Cooke Close,E01026794,Norwich 005D,Criminal damage and arson,Investigation complete; no suspect identified,
8b5e36150c408c005a63d512099c4624a952d14046b4d4a933db6768faea7784,2016-01,Norfolk Constabulary,Norfolk Constabulary,1.216671,52.640338,On or near Thurston Close,E01026794,Norwich 005D,Other theft,Status update unavailable,
97ef2fcbdcaea6513597b2841211dae5fd3be4b4c6ba72813702b1fc067cce6a,2016-01,Norfolk Constabulary,Norfolk Constabulary,1.211298,52.640853,On or near Thurlby Road,E01026794,Norwich 005D,Violence and sexual offences,Unable to prosecute suspect,
de9bfe29dc9798ba2243e3764603a0262232895882fff9860414ef02b8d2a411,2016-01,Norfolk Constabulary,Norfolk Constabulary,1.215696,52.640554,On or near Astley Road,E01026794,Norwich 005D,Violence and sexual offences,Status update unavailable,
e18e25a9e1e8b92e65c81c19a78ef8b677f676da6a4db4f9faa282b56e6bd474,2016-01,Norfolk Constabulary,Norfolk Constabulary,1.215859,52.640963,On or near Harsnett Close,E01026794,Norwich 005D,Violence and sexual offences,Formal action is not in the public interest,
b9c7499ea87e23cf382f5a1e4679ab5926772d96f13a045ae5b50052e45299cc,2016-01,Norfolk Constabulary,Norfolk Constabulary,1.211298,52.640853,On or near Thurlby Road,E01026794,Norwich 005D,Violence and sexual offences,Status update unavailable,
7d6e99b3b51fb53de5278d8b9c934d5bf6959794d57c288b6030d55e955d16aa,2016-01,Norfolk Constabulary,Norfolk Constabulary,1.215672,52.638810,On or near Montgomery Close,E01026794,Norwich 005D,Violence and sexual offences,Formal action is not in the public interest,
,2016-01,Norfolk Constabulary,Norfolk Constabulary,1.241078,52.631731,On or near Earlham West Centre,E01026796,Norwich 005F,Anti-social behaviour,,
,2016-01,Norfolk Constabulary,Norfolk Constabulary,1.237668,52.631384,On or near Grasmere Close,E01026796,Norwich 005F,Anti-social behaviour,,
,2016-01,Norfolk Constabulary,Norfolk Constabulary,1.235480,52.631579,On or near Wilberforce Road,E01026796,Norwich 005F,Anti-social behaviour,,
,2016-01,Norfolk Constabulary,Norfolk Constabulary,1.241078,52.631731,On or near Earlham West Centre,E01026796,Norwich 005F,Anti-social behaviour,,
20c345b1f0ca1ddfebe9cc2e15702bb4c2ea7cbae6d8df70d43fc0dfff9cc694,2016-01,Norfolk Constabulary,Norfolk Constabulary,1.241078,52.631731,On or near Earlham West Centre,E01026796,Norwich 005F,Bicycle theft,Investigation complete; no suspect identified,
afde7776c3a1f558673fc3a9a3de6ccfebd723ddd054590692d50e8ef828bafe,2016-01,Norfolk Constabulary,Norfolk Constabulary,1.239655,52.631869,On or near Pitchford Road,E01026796,Norwich 005F,Possession of weapons,Status update unavailable,
4bed6308c2674aef7e0a2dc4bb28127951a2193a4847290766fb5be48c3ebbea,2016-01,Norfolk Constabulary,Norfolk Constabulary,1.235480,52.631579,On or near Wilberforce Road,E01026796,Norwich 005F,Vehicle crime,Formal action is not in the public interest,
d9707e649f981b555a8657236d3e4b1a85d966c07f68f802acf5df517cba31d8,2016-01,Norfolk Constabulary,Norfolk Constabulary,1.241078,52.631731,On or near Earlham West Centre,E01026796,Norwich 005F,Violence and sexual offences,Court result unavailable,
6ae5ecf3ad133d434e28f400284959e6dd2ffd1e086aec70892df4bdbb8d56e8,2016-01,Norfolk Constabulary,Norfolk Constabulary,1.242767,52.633376,On or near Douglas Haig Road,E01026796,Norwich 005F,Violence and sexual offences,Status update unavailable,
0384b04a4c67e7bd0c8771277c7b7b0380f12c4cbd1010ca0ec15d2d1a3f1475,2016-01,Norfolk Constabulary,Norfolk Constabulary,1.241078,52.631731,On or near Earlham West Centre,E01026796,Norwich 005F,Violence and sexual offences,Defendant found not guilty,
,2016-01,Norfolk Constabulary,Norfolk Constabulary,1.218585,52.633586,On or near Elderflower Mews,E01033435,Norwich 005G,Anti-social behaviour,,
,2016-01,Norfolk Constabulary,Norfolk Constabulary,1.215431,52.634922,On or near Thacker Way,E01033435,Norwich 005G,Anti-social behaviour,,
,2016-01,Norfolk Constabulary,Norfolk Constabulary,1.218585,52.633586,On or near Elderflower Mews,E01033435,Norwich 005G,Anti-social behaviour,,
ae24de32265617286533d4731c05bdaff27aab8cc1ca648b5786b021b9661efb,2016-01,Norfolk Constabulary,Norfolk Constabulary,1.218585,52.633586,On or near Elderflower Mews,E01033435,Norwich 005G,Criminal damage and arson,Investigation complete; no suspect identified,
188f10087be8cb4b00028fff0fdc668b9760034ccefae023190bd38bbf6e82ef,2016-01,Norfolk Constabulary,Norfolk Constabulary,1.219337,52.630751,On or near Buttercup Way,E01033435,Norwich 005G,Violence and sexual offences,Status update unavailable,
ee50b5a0d75fff2b16bc866077de1d850835112d35ce0783dab96b7c4761b081,2016-01,Norfolk Constabulary,Norfolk Constabulary,1.219337,52.630751,On or near Buttercup Way,E01033435,Norwich 005G,Violence and sexual offences,Offender given suspended prison sentence,
dfa1f3afacbee246ba9036ae1d390dcc857fe251bcc42c9118eb156384fc7277,2016-01,Norfolk Constabulary,Norfolk Constabulary,1.218585,52.633586,On or near Elderflower Mews,E01033435,Norwich 005G,Other crime,Status update unavailable,
,2016-01,Norfolk Constabulary,Norfolk Constabulary,1.231968,52.633860,On or near Jordans Close,E01033436,Norwich 005H,Anti-social behaviour,,
,2016-01,Norfolk Constabulary,Norfolk Constabulary,1.229803,52.633973,On or near Fowell Close,E01033436,Norwich 005H,Anti-social behaviour,,
84420334e9be2827bd6ddf9f6bb705ab96025a952d610ac10544786e91329d58,2016-01,Norfolk Constabulary,Norfolk Constabulary,1.224951,52.638953,On or near Nortridge Road,E01033436,Norwich 005H,Theft from the person,Status update unavailable,
15bd7816f80eff5b4863e43ecb461349318d68db89a5631a1ce5c32039438d9f,2016-01,Norfolk Constabulary,Norfolk Constabulary,1.229803,52.633973,On or near Fowell Close,E01033436,Norwich 005H,Violence and sexual offences,Formal action is not in the public interest,
a1aac001d3977bd1946e715de42b91884cb25f08b64145e8e416c39f12ca6947,2016-01,Norfolk Constabulary,Norfolk Constabulary,1.224951,52.638953,On or near Nortridge Road,E01033436,Norwich 005H,Violence and sexual offences,Court result unavailable,
3aa2a1bbef9862b658c4da1c59c3bdf0734972b0222d55d16bc6b71cb50d152a,2016-01,Norfolk Constabulary,Norfolk Constabulary,1.222188,52.638965,On or near Harris Mews,E01033436,Norwich 005H,Violence and sexual offences,Formal action is not in the public interest,
20729c66c83f9bd53179d2ed43bb407cccad664cf96113b76d5cc25d1b691b80,2016-01,Norfolk Constabulary,Norfolk Constabulary,1.230858,52.634043,On or near Savery Close,E01033436,Norwich 005H,Violence and sexual offences,Court result unavailable,
ba2c3476fa9e03ed5b1ff9d15daf28a4bd6c2c551c23e474f81d2bbd53400f8d,2016-01,Norfolk Constabulary,Norfolk Constabulary,1.229803,52.633973,On or near Fowell Close,E01033436,Norwich 005H,Violence and sexual offences,Offender sent to prison,
0d1d2e4ec953dbb6054ccd3ab8280e7bb818108f153ed0cbb5bd0d959f6f518a,2016-01,Norfolk Constabulary,Norfolk Constabulary,1.230858,52.634043,On or near Savery Close,E01033436,Norwich 005H,Violence and sexual offences,Status update unavailable,
,2016-01,Norfolk Constabulary,Norfolk Constabulary,1.259505,52.637026,On or near Dereham Road,E01026863,Norwich 006A,Anti-social behaviour,,
2eb2a52f4be3017f41cfd6875e229f0fc98726e525a1e3e67eb2d10286494a8d,2016-01,Norfolk Constabulary,Norfolk Constabulary,1.257110,52.637416,On or near Dereham Road,E01026863,Norwich 006A,Criminal damage and arson,Offender ordered to pay compensation,
23ec7472f29a5e4430a7e2468772c0142583e1d98a36a7c0e56c0100118d1833,2016-01,Norfolk Constabulary,Norfolk Constabulary,1.260424,52.635463,On or near Waterman Road,E01026863,Norwich 006A,Drugs,Offender fined,
73b790f720e53ac4f3e92df6cbf6cd538277c32e8cd1c557c59ee545ad17c001,2016-01,Norfolk Constabulary,Norfolk Constabulary,1.254133,52.632569,On or near Old School Close,E01026863,Norwich 006A,Violence and sexual offences,Status update unavailable,
9b9d753a7f2921adccc4500054d946046b49924f78852df8d8327014c1a57704,2016-01,Norfolk Constabulary,Norfolk Constabulary,1.264731,52.629786,On or near Fairhaven Court,E01026863,Norwich 006A,Violence and sexual offences,Investigation complete; no suspect identified,
e41b87d35ed562e6e29ec191167dabd695699e6e08432f75055c0d48f9296c61,2016-01,Norfolk Constabulary,Norfolk Constabulary,1.264611,52.634925,On or near Parking Area,E01026863,Norwich 006A,Violence and sexual offences,Investigation complete; no suspect identified,
2cc98a4000d160fb12093c5c5d04ddb2d76bd7fbe60bba9f7b319964a56d9125,2016-01,Norfolk Constabulary,Norfolk Constabulary,1.266812,52.634891,On or near Bond Street,E01026863,Norwich 006A,Violence and sexual offences,Formal action is not in the public interest,
,2016-01,Norfolk Constabulary,Norfolk Constabulary,1.261352,52.651500,On or near Drayton Road,E01026864,Norwich 006B,Anti-social behaviour,,
,2016-01,Norfolk Constabulary,Norfolk Constabulary,1.243665,52.642120,On or near White Rose Close,E01026864,Norwich 006B,Anti-social behaviour,,
275933cfe20a26e0e3e3a9017594e964a2fa31d9ac47271fb76fe37233ba0698,2016-01,Norfolk Constabulary,Norfolk Constabulary,1.261352,52.651500,On or near Drayton Road,E01026864,Norwich 006B,Criminal damage and arson,Investigation complete; no suspect identified,
4119bcd8a429ff8f67d1df43093d01779039682cc857ccbde384392b97b63b34,2016-01,Norfolk Constabulary,Norfolk Constabulary,1.261352,52.651500,On or near Drayton Road,E01026864,Norwich 006B,Other theft,Investigation complete; no suspect identified,
6ad55d84e051edfd80bb48e1b78a993dd79256cde76596edd40d9c5162edef94,2016-01,Norfolk Constabulary,Norfolk Constabulary,1.243665,52.642120,On or near White Rose Close,E01026864,Norwich 006B,Other theft,Offender sent to prison,
73b5575f3967bbfbadc792dd5a15bac1ddcbc302bccdb3ade855ecc7394aaf6b,2016-01,Norfolk Constabulary,Norfolk Constabulary,1.261352,52.651500,On or near Drayton Road,E01026864,Norwich 006B,Other theft,Investigation complete; no suspect identified,
68bbdd1e02a9c18a6eeb41dd0b8eb18110c59767569f4a7243a99c066fbc7184,2016-01,Norfolk Constabulary,Norfolk Constabulary,1.261352,52.651500,On or near Drayton Road,E01026864,Norwich 006B,Public order,Status update unavailable,
b003de1ae5c5e508b6e92a49c766de6d35d73943cf41938205e146eb1c26f412,2016-01,Norfolk Constabulary,Norfolk Constabulary,1.252919,52.637720,On or near Dereham Road,E01026864,Norwich 006B,Violence and sexual offences,Formal action is not in the public interest,
966363a9f48615b539f69205cea482f92636a191eae864ba04573e704a49a50c,2016-01,Norfolk Constabulary,Norfolk Constabulary,1.243665,52.642120,On or near White Rose Close,E01026864,Norwich 006B,Violence and sexual offences,Status update unavailable,
,2016-01,Norfolk Constabulary,Norfolk Constabulary,1.249770,52.634928,On or near Horning Close,E01026865,Norwich 006C,Anti-social behaviour,,
,2016-01,Norfolk Constabulary,Norfolk Constabulary,1.251330,52.636828,On or near Whistlefish Court,E01026865,Norwich 006C,Anti-social behaviour,,
,2016-01,Norfolk Constabulary,Norfolk Constabulary,1.251571,52.632900,On or near Irstead Road,E01026865,Norwich 006C,Anti-social behaviour,,
,2016-01,Norfolk Constabulary,Norfolk Constabulary,1.251571,52.632900,On or near Irstead Road,E01026865,Norwich 006C,Anti-social behaviour,,
,2016-01,Norfolk Constabulary,Norfolk Constabulary,1.249770,52.634928,On or near Horning Close,E01026865,Norwich 006C,Anti-social behaviour,,
,2016-01,Norfolk Constabulary,Norfolk Constabulary,1.259348,52.634117,On or near Guardian Road,E01026865,Norwich 006C,Anti-social behaviour,,
,2016-01,Norfolk Constabulary,Norfolk Constabulary,1.249770,52.634928,On or near Horning Close,E01026865,Norwich 006C,Anti-social behaviour,,
,2016-01,Norfolk Constabulary,Norfolk Constabulary,1.249770,52.634928,On or near Horning Close,E01026865,Norwich 006C,Anti-social behaviour,,
,2016-01,Norfolk Constabulary,Norfolk Constabulary,1.255743,52.633343,On or near Ivy Road,E01026865,Norwich 006C,Anti-social behaviour,,
dab1eba2cbce847ac96f294f46a6d447bffe80ba606118ea6ff3a29137201591,2016-01,Norfolk Constabulary,Norfolk Constabulary,1.249770,52.634928,On or near Horning Close,E01026865,Norwich 006C,Bicycle theft,Investigation complete; no suspect identified,
1d889f03d7a9feecc4b38c7ab0636a7b86ca33ab1461a542a528aa225968edca,2016-01,Norfolk Constabulary,Norfolk Constabulary,1.249770,52.634928,On or near Horning Close,E01026865,Norwich 006C,Bicycle theft,Investigation complete; no suspect identified,
7b78e12fe5cabe0cb8a1b2c90dc5ee7d81de08e27e674284372b3df3c7561231,2016-01,Norfolk Constabulary,Norfolk Constabulary,1.249528,52.636041,On or near Ranworth Road,E01026865,Norwich 006C,Burglary,Investigation complete; no suspect identified,
14772af3e42e97df95a84d56e88f35d4848572b39d642dcbe59bf5a65b13f469,2016-01,Norfolk Constabulary,Norfolk Constabulary,1.249770,52.634928,On or near Horning Close,E01026865,Norwich 006C,Burglary,Investigation complete; no suspect identified,
9c16fbf9fdf11d85c36fd09576e65f3e2d64125480bf856144b3d62acdad4c05,2016-01,Norfolk Constabulary,Norfolk Constabulary,1.251330,52.636828,On or near Whistlefish Court,E01026865,Norwich 006C,Criminal damage and arson,Investigation complete; no suspect identified,
ff020c4ce7d7fc8b8a25a56e58bb75c392ae02764f2e16ed3285eb5a0a347b80,2016-01,Norfolk Constabulary,Norfolk Constabulary,1.249770,52.634928,On or near Horning Close,E01026865,Norwich 006C,Other theft,Investigation complete; no suspect identified,
2f5b034380617a4a78a47c555551ee1c673ee66108307fd4314ffb33e890e595,2016-01,Norfolk Constabulary,Norfolk Constabulary,1.255743,52.633343,On or near Ivy Road,E01026865,Norwich 006C,Violence and sexual offences,Status update unavailable,
522968e9b7d264f867ee331a7472212284aadfb88c5b7ae318cb1a211571563c,2016-01,Norfolk Constabulary,Norfolk Constabulary,1.249410,52.632069,On or near Wrench Road,E01026865,Norwich 006C,Violence and sexual offences,Court result unavailable,
a862c0ec047e6a97f7ef3143b85c121db243585344c9af80e674f9499d7ce0ad,2016-01,Norfolk Constabulary,Norfolk Constabulary,1.251763,52.631897,On or near Filby Close,E01026865,Norwich 006C,Violence and sexual offences,Status update unavailable,
2d9d22ca08364f31c30741d46752fdd3c959664c0231f7acb1aed4e104057ae8,2016-01,Norfolk Constabulary,Norfolk Constabulary,1.249410,52.632069,On or near Wrench Road,E01026865,Norwich 006C,Violence and sexual offences,Defendant found not guilty,
4ca0299efb81b5094cee09a28f86ae88ca5e7d922bc5933d8eede9c7cd92268c,2016-01,Norfolk Constabulary,Norfolk Constabulary,1.251763,52.631897,On or near Filby Close,E01026865,Norwich 006C,Violence and sexual offences,Status update unavailable,
2a4c3253067a1b2751371428daf38db875326e056948b1b0f6e1995ed37c26a3,2016-01,Norfolk Constabulary,Norfolk Constabulary,1.249410,52.632069,On or near Wrench Road,E01026865,Norwich 006C,Violence and sexual offences,Defendant found not guilty,
75716290be7dac6ad5be97d1569f63e9bb19361034ac1d81858c678ceca5a605,2016-01,Norfolk Constabulary,Norfolk Constabulary,1.255743,52.633343,On or near Ivy Road,E01026865,Norwich 006C,Violence and sexual offences,Unable to prosecute suspect,
97065b16dfd231b9d2ddc06485c8f5d5fc4bdcbd104a303b04e4764cf548bcc4,2016-01,Norfolk Constabulary,Norfolk Constabulary,1.250589,52.636597,On or near Sports/Recreation Area,E01026865,Norwich 006C,Violence and sexual offences,Status update unavailable,
20d36980ecbc94d1af19a0e797d7b9731c8e30e774de06d2783dd2d3bf09bf6c,2016-01,Norfolk Constabulary,Norfolk Constabulary,1.251763,52.631897,On or near Filby Close,E01026865,Norwich 006C,Violence and sexual offences,Status update unavailable,
,2016-01,Norfolk Constabulary,Norfolk Constabulary,1.263411,52.637467,On or near Maple Drive,E01026866,Norwich 006D,Anti-social behaviour,,
,2016-01,Norfolk Constabulary,Norfolk Constabulary,1.271762,52.635663,On or near Livingstone Street,E01026866,Norwich 006D,Anti-social behaviour,,
,2016-01,Norfolk Constabulary,Norfolk Constabulary,1.273126,52.637496,On or near Northumberland Street,E01026866,Norwich 006D,Anti-social behaviour,,
,2016-01,Norfolk Constabulary,Norfolk Constabulary,1.272462,52.636525,On or near Brighty'S Opening,E01026866,Norwich 006D,Anti-social behaviour,,
,2016-01,Norfolk Constabulary,Norfolk Constabulary,1.272462,52.636525,On or near Brighty'S Opening,E01026866,Norwich 006D,Anti-social behaviour,,
,2016-01,Norfolk Constabulary,Norfolk Constabulary,1.263411,52.637467,On or near Maple Drive,E01026866,Norwich 006D,Anti-social behaviour,,
c14c26536cd249729dcb554745bf2b99851b5a0152c7b37a11d3f297dd72335d,2016-01,Norfolk Constabulary,Norfolk Constabulary,1.270799,52.635626,On or near Grant Street,E01026866,Norwich 006D,Bicycle theft,Investigation complete; no suspect identified,
5e4822846acbc3c12cf76b12814a3eec90432ba502f94bcfbb990011cc0dba9b,2016-01,Norfolk Constabulary,Norfolk Constabulary,1.274975,52.635925,On or near Nicholas Mews,E01026866,Norwich 006D,Bicycle theft,Investigation complete; no suspect identified,
1f90b52a95b87699f71241fd7e4a0cc7bd037512214127efdcf30991cb2a535a,2016-01,Norfolk Constabulary,Norfolk Constabulary,1.270799,52.635626,On or near Grant Street,E01026866,Norwich 006D,Burglary,Investigation complete; no suspect identified,
0e0f79041e31e61b5e7d26fc24ef4e8df7c146e350fa4a4c021608b6cf47346b,2016-01,Norfolk Constabulary,Norfolk Constabulary,1.270812,52.638378,On or near Armes Crescent,E01026866,Norwich 006D,Other theft,Formal action is not in the public interest,
22fcaf051ba2e186d225595e6456f0e743d9705a9341bdd5f0e0e1a62cd429c8,2016-01,Norfolk Constabulary,Norfolk Constabulary,1.271538,52.638601,On or near Little Armes Street,E01026866,Norwich 006D,Public order,Investigation complete; no suspect identified,
9cd6b8b33fe86e21754d57e3277e0abf66b952bec0a8e26d6553fb10f92870a8,2016-01,Norfolk Constabulary,Norfolk Constabulary,1.270812,52.638378,On or near Armes Crescent,E01026866,Norwich 006D,Violence and sexual offences,Offender sent to prison,
10b0535cf118d1e9f25133eff920c15e5c4d796a656ee353494335fa33f4226f,2016-01,Norfolk Constabulary,Norfolk Constabulary,1.273247,52.635163,On or near Finchley Court,E01026866,Norwich 006D,Violence and sexual offences,Formal action is not in the public interest,
dfb0da0fef827c7bcd0098bcf8db09d79aad70763f5fa4ca1b53da1e26358830,2016-01,Norfolk Constabulary,Norfolk Constabulary,1.263411,52.637467,On or near Maple Drive,E01026866,Norwich 006D,Violence and sexual offences,Offender sent to prison,
,2016-01,Norfolk Constabulary,Norfolk Constabulary,1.247859,52.637265,On or near Darrell Place,E01026867,Norwich 006E,Anti-social behaviour,,
,2016-01,Norfolk Constabulary,Norfolk Constabulary,1.242425,52.635741,On or near Motum Road,E01026867,Norwich 006E,Anti-social behaviour,,
,2016-01,Norfolk Constabulary,Norfolk Constabulary,1.243751,52.637891,On or near Clarkson Road,E01026867,Norwich 006E,Anti-social behaviour,,
,2016-01,Norfolk Constabulary,Norfolk Constabulary,1.242425,52.635741,On or near Motum Road,E01026867,Norwich 006E,Anti-social behaviour,,
,2016-01,Norfolk Constabulary,Norfolk Constabulary,1.243751,52.637891,On or near Clarkson Road,E01026867,Norwich 006E,Anti-social behaviour,,
,2016-01,Norfolk Constabulary,Norfolk Constabulary,1.242425,52.635741,On or near Motum Road,E01026867,Norwich 006E,Anti-social behaviour,,
,2016-01,Norfolk Constabulary,Norfolk Constabulary,1.242425,52.635741,On or near Motum Road,E01026867,Norwich 006E,Anti-social behaviour,,
,2016-01,Norfolk Constabulary,Norfolk Constabulary,1.246200,52.639613,On or near Jex Lane,E01026867,Norwich 006E,Anti-social behaviour,,
8bf71852cb4cbcaa0a450433d230a369b5525ab614ecedda2e41f7bc27ab45d7,2016-01,Norfolk Constabulary,Norfolk Constabulary,1.247859,52.637265,On or near Darrell Place,E01026867,Norwich 006E,Burglary,Investigation complete; no suspect identified,
44b8fce73e609136c91cfe8ed98495f89daf5cd5eb7b157db5b175067b80fc5e,2016-01,Norfolk Constabulary,Norfolk Constabulary,1.247859,52.637265,On or near Darrell Place,E01026867,Norwich 006E,Criminal damage and arson,Investigation complete; no suspect identified,
3908d1724a708b2a7b5c11ee2438ff4a0f1ebe01efa6be8b87db771aed4b737c,2016-01,Norfolk Constabulary,Norfolk Constabulary,1.247859,52.637265,On or near Darrell Place,E01026867,Norwich 006E,Drugs,Offender given a drugs possession warning,
7747aa18ca1bf4a32fdd4bce8566f5cd00dfa569b3cec0dd9c442a3ab911de20,2016-01,Norfolk Constabulary,Norfolk Constabulary,1.242580,52.638840,On or near Supermarket,E01026867,Norwich 006E,Other theft,Investigation complete; no suspect identified,
5ee09686553598b265b52c6b72ad75ae09de99298c0fd57f6a9b377a34e94eec,2016-01,Norfolk Constabulary,Norfolk Constabulary,1.242580,52.638840,On or near Supermarket,E01026867,Norwich 006E,Public order,Offender given a caution,
caea7c3240c1e3be217a608a4162be617d93d39c4bade6758dbf39745fcc2d1f,2016-01,Norfolk Constabulary,Norfolk Constabulary,1.242425,52.635741,On or near Motum Road,E01026867,Norwich 006E,Public order,Investigation complete; no suspect identified,
baf5cd465f852a8033c986a22b51fc822468952afeeea179e14a404dabf49da8,2016-01,Norfolk Constabulary,Norfolk Constabulary,1.241628,52.638758,On or near Supermarket,E01026867,Norwich 006E,Shoplifting,Court result unavailable,
ae56fb8c7ef4c587cbefcb4319c47e8ff576011fc5fb25fdd2d6d177e1b5b350,2016-01,Norfolk Constabulary,Norfolk Constabulary,1.241628,52.638758,On or near Supermarket,E01026867,Norwich 006E,Shoplifting,Investigation complete; no suspect identified,
a4fb110b97ab19530b7c207e3e9974b45359dcbbcff1c7a1ebe93f5c5a84508e,2016-01,Norfolk Constabulary,Norfolk Constabulary,1.241628,52.638758,On or near Supermarket,E01026867,Norwich 006E,Shoplifting,Offender given a caution,
e9eb39e763a82ff3651bf22e5e5399cfbafe1f9b4074c09c973e398e54f4ae49,2016-01,Norfolk Constabulary,Norfolk Constabulary,1.241628,52.638758,On or near Supermarket,E01026867,Norwich 006E,Shoplifting,Offender given a caution,
d6b41eddc07ef60a327c4b8978c333e8843edf53b61ae0e19b43db5d793d5023,2016-01,Norfolk Constabulary,Norfolk Constabulary,1.241628,52.638758,On or near Supermarket,E01026867,Norwich 006E,Shoplifting,Investigation complete; no suspect identified,
cec37267341851e18b6a6db0c69248f237f451815576ab2b577ff86a2fd354a9,2016-01,Norfolk Constabulary,Norfolk Constabulary,1.241628,52.638758,On or near Supermarket,E01026867,Norwich 006E,Shoplifting,Status update unavailable,
267b73919619b9d449093a2e6410e321860bebf1bfd3abe7dc5f442f7c3bad9f,2016-01,Norfolk Constabulary,Norfolk Constabulary,1.247859,52.637265,On or near Darrell Place,E01026867,Norwich 006E,Vehicle crime,Investigation complete; no suspect identified,
386ea07b8017387bc1978f3fd67978bed50cc16846284fa1857ed1e023ee419b,2016-01,Norfolk Constabulary,Norfolk Constabulary,1.242425,52.635741,On or near Motum Road,E01026867,Norwich 006E,Violence and sexual offences,Status update unavailable,
af346d24270e080eb3f16cea17a8709ac1bc1df8c8f796e06da618335bdb572f,2016-01,Norfolk Constabulary,Norfolk Constabulary,1.242580,52.638840,On or near Supermarket,E01026867,Norwich 006E,Violence and sexual offences,Formal action is not in the public interest,
fed10e2e23ba82e649d4b7494e1dbbaa54567b8d47c658858a0ca5de64002e0f,2016-01,Norfolk Constabulary,Norfolk Constabulary,1.247859,52.637265,On or near Darrell Place,E01026867,Norwich 006E,Violence and sexual offences,Status update unavailable,
97c04b63cfb42746c48868d96b6a7c9e17522337d3fb686d15322b4e50551d3d,2016-01,Norfolk Constabulary,Norfolk Constabulary,1.242580,52.638840,On or near Supermarket,E01026867,Norwich 006E,Violence and sexual offences,Formal action is not in the public interest,
9f9f4141de7b6c8341047d46a87b7fa92ff246ae86f653cb35809df9ad80139f,2016-01,Norfolk Constabulary,Norfolk Constabulary,1.243751,52.637891,On or near Clarkson Road,E01026867,Norwich 006E,Violence and sexual offences,Status update unavailable,
da098d1c2a57628d3f490263a392e7facddb7fcc62237d45d3df6713d49c4eb9,2016-01,Norfolk Constabulary,Norfolk Constabulary,1.246200,52.639613,On or near Jex Lane,E01026867,Norwich 006E,Violence and sexual offences,Status update unavailable,
,2016-01,Norfolk Constabulary,Norfolk Constabulary,1.246457,52.635298,On or near Cadge Close,E01026868,Norwich 006F,Anti-social behaviour,,
,2016-01,Norfolk Constabulary,Norfolk Constabulary,1.248394,52.633914,On or near Earlham Grove,E01026868,Norwich 006F,Anti-social behaviour,,
,2016-01,Norfolk Constabulary,Norfolk Constabulary,1.254251,52.629976,On or near Earles Gardens,E01026868,Norwich 006F,Anti-social behaviour,,
,2016-01,Norfolk Constabulary,Norfolk Constabulary,1.246457,52.635298,On or near Cadge Close,E01026868,Norwich 006F,Anti-social behaviour,,
,2016-01,Norfolk Constabulary,Norfolk Constabulary,1.249069,52.630262,On or near Gipsy Close,E01026868,Norwich 006F,Anti-social behaviour,,
0c49a9c9efab735634a3b3b5dab868824a05dab5660e4a7a24ff92073ea258a7,2016-01,Norfolk Constabulary,Norfolk Constabulary,1.246457,52.635298,On or near Cadge Close,E01026868,Norwich 006F,Criminal damage and arson,Investigation complete; no suspect identified,
e13e5db1f94ba57b7051463621cb61a402d0a500368ca329cdba14d5462be0cb,2016-01,Norfolk Constabulary,Norfolk Constabulary,1.246457,52.635298,On or near Cadge Close,E01026868,Norwich 006F,Criminal damage and arson,Formal action is not in the public interest,
552355e58d01c4d7eae68e29f2244cb0d6297947156af2805291441f8b690035,2016-01,Norfolk Constabulary,Norfolk Constabulary,1.247891,52.630519,On or near Charge Road,E01026868,Norwich 006F,Criminal damage and arson,Investigation complete; no suspect identified,
be3adfbbaac53ac62b55ec3bfd446e16bc708d774f4ffe07d03b11716bd24c72,2016-01,Norfolk Constabulary,Norfolk Constabulary,1.245532,52.632194,On or near Earlham Green Lane,E01026868,Norwich 006F,Other theft,Formal action is not in the public interest,
77845cdf6cf96a8975b427094992f18d9f58d579e3bd6f825f5aebb1c9a7bdf1,2016-01,Norfolk Constabulary,Norfolk Constabulary,1.247312,52.635266,On or near Cadge Road,E01026868,Norwich 006F,Other theft,Investigation complete; no suspect identified,
490a0bf45a910c5dd856fb9ac2395c692205a526884b31ee74d93084c1e969b5,2016-01,Norfolk Constabulary,Norfolk Constabulary,1.248394,52.633914,On or near Earlham Grove,E01026868,Norwich 006F,Public order,Unable to prosecute suspect,
8f94a1901cc4ce87a977c5a9f53e4a395674537671d91a36c6f1ec4da67869c5,2016-01,Norfolk Constabulary,Norfolk Constabulary,1.247312,52.635266,On or near Cadge Road,E01026868,Norwich 006F,Vehicle crime,Investigation complete; no suspect identified,
ed12974ab7a3d9e56da835ef1f592a665f3e0d553bc327164fd724a5b71ec019,2016-01,Norfolk Constabulary,Norfolk Constabulary,1.245532,52.632194,On or near Earlham Green Lane,E01026868,Norwich 006F,Violence and sexual offences,Formal action is not in the public interest,
7c94d9f203702b455d0c8cc80d91d47c80fa86e65cfaa93c93869f003d8973b7,2016-01,Norfolk Constabulary,Norfolk Constabulary,1.249069,52.630262,On or near Gipsy Close,E01026868,Norwich 006F,Violence and sexual offences,Unable to prosecute suspect,
cf2b2c13191adbb95c16de425b3dad8941f60eb9e2cb8377409b0a47502a5ffa,2016-01,Norfolk Constabulary,Norfolk Constabulary,1.248394,52.633914,On or near Earlham Grove,E01026868,Norwich 006F,Violence and sexual offences,Status update unavailable,
150c7b0b3ba6d94d19041f3c62df97a42b3db66aa98e6d303532002dac0c6195,2016-01,Norfolk Constabulary,Norfolk Constabulary,1.246457,52.635298,On or near Cadge Close,E01026868,Norwich 006F,Violence and sexual offences,Offender given suspended prison sentence,
ecbb84cd24d62cc05380f6dbe0650325f7c24a816634151b4f9722e77e52f13d,2016-01,Norfolk Constabulary,Norfolk Constabulary,1.251837,52.629907,On or near Beverley Close,E01026868,Norwich 006F,Violence and sexual offences,Unable to prosecute suspect,
cb3c4de73af9358957802247e0bf8b441e348f809d37b8554165ae4afc7a19d2,2016-01,Norfolk Constabulary,Norfolk Constabulary,1.248394,52.633914,On or near Earlham Grove,E01026868,Norwich 006F,Violence and sexual offences,Status update unavailable,
,2016-01,Norfolk Constabulary,Norfolk Constabulary,1.238919,52.641908,On or near Randle Green,E01026869,Norwich 006G,Anti-social behaviour,,
,2016-01,Norfolk Constabulary,Norfolk Constabulary,1.245618,52.641131,On or near Hellesdon Close,E01026869,Norwich 006G,Anti-social behaviour,,
,2016-01,Norfolk Constabulary,Norfolk Constabulary,1.240803,52.640795,On or near Gristock Place,E01026869,Norwich 006G,Anti-social behaviour,,
,2016-01,Norfolk Constabulary,Norfolk Constabulary,1.242234,52.641557,On or near Gentry Place,E01026869,Norwich 006G,Anti-social behaviour,,
bfdf3aae1a8d77f4dfa20ec7a9dfe2846b24d4c4392682776ffa7840fcb56b28,2016-01,Norfolk Constabulary,Norfolk Constabulary,1.240812,52.641326,On or near Bates Green,E01026869,Norwich 006G,Criminal damage and arson,Investigation complete; no suspect identified,
d8ee23e1085eef99e6c69e49f2ea9c5f8ebc5127f7e426c4b44d217a062c119a,2016-01,Norfolk Constabulary,Norfolk Constabulary,1.238919,52.641908,On or near Randle Green,E01026869,Norwich 006G,Drugs,Formal action is not in the public interest,
3904c6bc4bab750429e288d2fddf6de6018528f200db15cb099e7c00735fa315,2016-01,Norfolk Constabulary,Norfolk Constabulary,1.240803,52.640795,On or near Gristock Place,E01026869,Norwich 006G,Other theft,Investigation complete; no suspect identified,
3800880bc445426970bde5b1a43567e833465eb697334aaef10d3ac7775c540a,2016-01,Norfolk Constabulary,Norfolk Constabulary,1.240803,52.640795,On or near Gristock Place,E01026869,Norwich 006G,Public order,Formal action is not in the public interest,
88141ae892cf758dc9dcafe54393117d25f27e986c7b5c2a256c53c21aebab3a,2016-01,Norfolk Constabulary,Norfolk Constabulary,1.238919,52.641908,On or near Randle Green,E01026869,Norwich 006G,Violence and sexual offences,Status update unavailable,
4d6eeb51611f1896bad4a4c61f5aa79e2185f007a27eccd3eb7741f92f3640ba,2016-01,Norfolk Constabulary,Norfolk Constabulary,1.242234,52.641557,On or near Gentry Place,E01026869,Norwich 006G,Violence and sexual offences,Formal action is not in the public interest,
f1f1459b3605d8d0785dcc3875471ef7aad9ca277d0b8179042f467829694896,2016-01,Norfolk Constabulary,Norfolk Constabulary,1.240803,52.640795,On or near Gristock Place,E01026869,Norwich 006G,Violence and sexual offences,Status update unavailable,
cf10dfc2935ffbadfa6f2e06ce2d48a245ed2e129dd4a2a700e4ce14538d82d2,2016-01,Norfolk Constabulary,Norfolk Constabulary,1.245618,52.641131,On or near Hellesdon Close,E01026869,Norwich 006G,Violence and sexual offences,Offender fined,
d6aded9b7ba8adf3c5e7c61b62be092cd3e1a47184235ad355aafea232e2e5e7,2016-01,Norfolk Constabulary,Norfolk Constabulary,1.242234,52.641557,On or near Gentry Place,E01026869,Norwich 006G,Other crime,Formal action is not in the public interest,
,2016-01,Norfolk Constabulary,Norfolk Constabulary,1.289831,52.629226,On or near St Giles Street,E01026822,Norwich 007A,Anti-social behaviour,,
,2016-01,Norfolk Constabulary,Norfolk Constabulary,1.295902,52.626620,On or near Shopping Area,E01026822,Norwich 007A,Anti-social behaviour,,
,2016-01,Norfolk Constabulary,Norfolk Constabulary,1.292417,52.627050,On or near William Booth Street,E01026822,Norwich 007A,Anti-social behaviour,,
,2016-01,Norfolk Constabulary,Norfolk Constabulary,1.295902,52.626620,On or near Shopping Area,E01026822,Norwich 007A,Anti-social behaviour,,
,2016-01,Norfolk Constabulary,Norfolk Constabulary,1.290984,52.628241,On or near Norwich Police Station,E01026822,Norwich 007A,Anti-social behaviour,,
,2016-01,Norfolk Constabulary,Norfolk Constabulary,1.301148,52.620916,On or near Ber Street,E01026822,Norwich 007A,Anti-social behaviour,,
,2016-01,Norfolk Constabulary,Norfolk Constabulary,1.292730,52.628858,On or near Gaol Hill,E01026822,Norwich 007A,Anti-social behaviour,,
,2016-01,Norfolk Constabulary,Norfolk Constabulary,1.289831,52.629226,On or near St Giles Street,E01026822,Norwich 007A,Anti-social behaviour,,
,2016-01,Norfolk Constabulary,Norfolk Constabulary,1.294860,52.625929,On or near Westlegate,E01026822,Norwich 007A,Anti-social behaviour,,
,2016-01,Norfolk Constabulary,Norfolk Constabulary,1.297025,52.624448,On or near Brooke Place,E01026822,Norwich 007A,Anti-social behaviour,,
,2016-01,Norfolk Constabulary,Norfolk Constabulary,1.295876,52.627061,On or near Parking Area,E01026822,Norwich 007A,Anti-social behaviour,,
,2016-01,Norfolk Constabulary,Norfolk Constabulary,1.290984,52.628241,On or near Norwich Police Station,E01026822,Norwich 007A,Anti-social behaviour,,
,2016-01,Norfolk Constabulary,Norfolk Constabulary,1.301229,52.621399,On or near Foulgers Opening,E01026822,Norwich 007A,Anti-social behaviour,,
,2016-01,Norfolk Constabulary,Norfolk Constabulary,1.292730,52.628858,On or near Gaol Hill,E01026822,Norwich 007A,Anti-social behaviour,,
,2016-01,Norfolk Constabulary,Norfolk Constabulary,1.289788,52.625891,On or near Shopping Area,E01026822,Norwich 007A,Anti-social behaviour,,
,2016-01,Norfolk Constabulary,Norfolk Constabulary,1.289831,52.629226,On or near St Giles Street,E01026822,Norwich 007A,Anti-social behaviour,,
,2016-01,Norfolk Constabulary,Norfolk Constabulary,1.295166,52.628430,On or near Castle Meadow,E01026822,Norwich 007A,Anti-social behaviour,,
,2016-01,Norfolk Constabulary,Norfolk Constabulary,1.292730,52.628858,On or near Gaol Hill,E01026822,Norwich 007A,Anti-social behaviour,,
,2016-01,Norfolk Constabulary,Norfolk Constabulary,1.292417,52.627050,On or near William Booth Street,E01026822,Norwich 007A,Anti-social behaviour,,
,2016-01,Norfolk Constabulary,Norfolk Constabulary,1.287571,52.628255,On or near Chapel Field North,E01026822,Norwich 007A,Anti-social behaviour,,
,2016-01,Norfolk Constabulary,Norfolk Constabulary,1.290984,52.628241,On or near Norwich Police Station,E01026822,Norwich 007A,Anti-social behaviour,,
,2016-01,Norfolk Constabulary,Norfolk Constabulary,1.290984,52.628241,On or near Norwich Police Station,E01026822,Norwich 007A,Anti-social behaviour,,
,2016-01,Norfolk Constabulary,Norfolk Constabulary,1.290984,52.628241,On or near Norwich Police Station,E01026822,Norwich 007A,Anti-social behaviour,,
,2016-01,Norfolk Constabulary,Norfolk Constabulary,1.292730,52.628858,On or near Gaol Hill,E01026822,Norwich 007A,Anti-social behaviour,,
,2016-01,Norfolk Constabulary,Norfolk Constabulary,1.290087,52.630469,On or near St Lawrence Lane,E01026822,Norwich 007A,Anti-social behaviour,,
,2016-01,Norfolk Constabulary,Norfolk Constabulary,1.290984,52.628241,On or near Norwich Police Station,E01026822,Norwich 007A,Anti-social behaviour,,
,2016-01,Norfolk Constabulary,Norfolk Constabulary,1.295166,52.628430,On or near Castle Meadow,E01026822,Norwich 007A,Anti-social behaviour,,
,2016-01,Norfolk Constabulary,Norfolk Constabulary,1.290984,52.628241,On or near Norwich Police Station,E01026822,Norwich 007A,Anti-social behaviour,,
,2016-01,Norfolk Constabulary,Norfolk Constabulary,1.292693,52.625018,On or near Shopping Area,E01026822,Norwich 007A,Anti-social behaviour,,
,2016-01,Norfolk Constabulary,Norfolk Constabulary,1.297304,52.629936,On or near Redwell Street,E01026822,Norwich 007A,Anti-social behaviour,,
,2016-01,Norfolk Constabulary,Norfolk Constabulary,1.296103,52.625760,On or near All Saints Street,E01026822,Norwich 007A,Anti-social behaviour,,
,2016-01,Norfolk Constabulary,Norfolk Constabulary,1.300271,52.622622,On or near Mariners Lane,E01026822,Norwich 007A,Anti-social behaviour,,
,2016-01,Norfolk Constabulary,Norfolk Constabulary,1.292693,52.625018,On or near Shopping Area,E01026822,Norwich 007A,Anti-social behaviour,,
,2016-01,Norfolk Constabulary,Norfolk Constabulary,1.301148,52.620916,On or near Ber Street,E01026822,Norwich 007A,Anti-social behaviour,,
,2016-01,Norfolk Constabulary,Norfolk Constabulary,1.301148,52.620916,On or near Ber Street,E01026822,Norwich 007A,Anti-social behaviour,,
,2016-01,Norfolk Constabulary,Norfolk Constabulary,1.286924,52.629882,On or near Cow Hill,E01026822,Norwich 007A,Anti-social behaviour,,
,2016-01,Norfolk Constabulary,Norfolk Constabulary,1.292417,52.627050,On or near William Booth Street,E01026822,Norwich 007A,Anti-social behaviour,,
,2016-01,Norfolk Constabulary,Norfolk Constabulary,1.301148,52.620916,On or near Ber Street,E01026822,Norwich 007A,Anti-social behaviour,,
,2016-01,Norfolk Constabulary,Norfolk Constabulary,1.293790,52.626634,On or near Shopping Area,E01026822,Norwich 007A,Anti-social behaviour,,
,2016-01,Norfolk Constabulary,Norfolk Constabulary,1.290984,52.628241,On or near Norwich Police Station,E01026822,Norwich 007A,Anti-social behaviour,,
,2016-01,Norfolk Constabulary,Norfolk Constabulary,1.290984,52.628241,On or near Norwich Police Station,E01026822,Norwich 007A,Anti-social behaviour,,
,2016-01,Norfolk Constabulary,Norfolk Constabulary,1.290984,52.628241,On or near Norwich Police Station,E01026822,Norwich 007A,Anti-social behaviour,,
,2016-01,Norfolk Constabulary,Norfolk Constabulary,1.295902,52.626620,On or near Shopping Area,E01026822,Norwich 007A,Anti-social behaviour,,
,2016-01,Norfolk Constabulary,Norfolk Constabulary,1.294877,52.627539,On or near Bus/Coach Station,E01026822,Norwich 007A,Anti-social behaviour,,
,2016-01,Norfolk Constabulary,Norfolk Constabulary,1.295166,52.628430,On or near Castle Meadow,E01026822,Norwich 007A,Anti-social behaviour,,
,2016-01,Norfolk Constabulary,Norfolk Constabulary,1.297304,52.629936,On or near Redwell Street,E01026822,Norwich 007A,Anti-social behaviour,,
,2016-01,Norfolk Constabulary,Norfolk Constabulary,1.297158,52.629958,On or near Bank Plain,E01026822,Norwich 007A,Anti-social behaviour,,
,2016-01,Norfolk Constabulary,Norfolk Constabulary,1.290984,52.628241,On or near Norwich Police Station,E01026822,Norwich 007A,Anti-social behaviour,,
,2016-01,Norfolk Constabulary,Norfolk Constabulary,1.290984,52.628241,On or near Norwich Police Station,E01026822,Norwich 007A,Anti-social behaviour,,
,2016-01,Norfolk Constabulary,Norfolk Constabulary,1.299134,52.623607,On or near Horns Lane,E01026822,Norwich 007A,Anti-social behaviour,,
,2016-01,Norfolk Constabulary,Norfolk Constabulary,1.292417,52.627050,On or near William Booth Street,E01026822,Norwich 007A,Anti-social behaviour,,
,2016-01,Norfolk Constabulary,Norfolk Constabulary,1.293572,52.623339,On or near Further/Higher Educational Building,E01026822,Norwich 007A,Anti-social behaviour,,
,2016-01,Norfolk Constabulary,Norfolk Constabulary,1.293572,52.623339,On or near Further/Higher Educational Building,E01026822,Norwich 007A,Anti-social behaviour,,
3e63434b5c7f8abd79d321a1b093ab1af7ba4fe6dcc607c651772953a65ece88,2016-01,Norfolk Constabulary,Norfolk Constabulary,1.289831,52.629226,On or near St Giles Street,E01026822,Norwich 007A,Bicycle theft,Investigation complete; no suspect identified,
78cb54fa29249c39fe84f6fa88f0b305aeda772e8322b1847e924c2c4acbba6e,2016-01,Norfolk Constabulary,Norfolk Constabulary,1.289941,52.627146,On or near Theatre/Concert Hall,E01026822,Norwich 007A,Bicycle theft,Investigation complete; no suspect identified,
9de22bd1640092a5c0b63fbf352f22805335ba37a05b8a58024f72e06c0997d5,2016-01,Norfolk Constabulary,Norfolk Constabulary,1.293572,52.623339,On or near Further/Higher Educational Building,E01026822,Norwich 007A,Bicycle theft,Investigation complete; no suspect identified,
2b1716dde1febe465a949ae40f3481f8a2d4d4855071c61d2eefea5de5010049,2016-01,Norfolk Constabulary,Norfolk Constabulary,1.292730,52.628858,On or near Gaol Hill,E01026822,Norwich 007A,Bicycle theft,Status update unavailable,
c6c9aaa2cc551f9eb40405c898aeb947bc376eca5924ae2e396ce26a66aa3317,2016-01,Norfolk Constabulary,Norfolk Constabulary,1.292417,52.627050,On or near William Booth Street,E01026822,Norwich 007A,Bicycle theft,Investigation complete; no suspect identified,
c42c6ef56e20a42f1168e6a9b5353d41c22e4ce2eaf2d9aa3b002c7ed5a9284d,2016-01,Norfolk Constabulary,Norfolk Constabulary,1.285681,52.630259,On or near Copeman Street,E01026822,Norwich 007A,Burglary,Investigation complete; no suspect identified,
1959ace0a25726770461c99521ee0c6a86411f975987f298629d5b8e8972d6ee,2016-01,Norfolk Constabulary,Norfolk Constabulary,1.296103,52.625760,On or near All Saints Street,E01026822,Norwich 007A,Burglary,Offender given community sentence,
a33d95e488711a0f01614d7d86e1036086bc7c8c9c7bcf41717a5d8c78bab878,2016-01,Norfolk Constabulary,Norfolk Constabulary,1.285681,52.630259,On or near Copeman Street,E01026822,Norwich 007A,Burglary,Investigation complete; no suspect identified,
37260c3365821da3e81e58110fa1d45d1f32ea7028ecc9b4e6de25ab393a87c1,2016-01,Norfolk Constabulary,Norfolk Constabulary,1.295876,52.627061,On or near Parking Area,E01026822,Norwich 007A,Burglary,Offender given community sentence,
4939918176676e3cc3c7af03be6960bf8515e4d3266720b36a8438857bc8be55,2016-01,Norfolk Constabulary,Norfolk Constabulary,1.301148,52.620916,On or near Ber Street,E01026822,Norwich 007A,Burglary,Unable to prosecute suspect,
2ff0e28197ca5bc89a97bd1d30a4492f4d05b0c128553d38e40455571bc45278,2016-01,Norfolk Constabulary,Norfolk Constabulary,1.294860,52.625929,On or near Westlegate,E01026822,Norwich 007A,Burglary,Offender given community sentence,
4706c15f3b9947743fb69d5d86abc80e46332f1a0ac4a3ff4c17f4d23e5e9b77,2016-01,Norfolk Constabulary,Norfolk Constabulary,1.295656,52.622364,On or near Parking Area,E01026822,Norwich 007A,Burglary,Investigation complete; no suspect identified,
94d28ed2a53dc3dbff3c07ef961fcb747bbb03fbf9113d40ed664851903d8531,2016-01,Norfolk Constabulary,Norfolk Constabulary,1.301148,52.620916,On or near Ber Street,E01026822,Norwich 007A,Burglary,Defendant found not guilty,
e975935e984462380fab92f618724fc4638e2c40e95908c6a23b83a7673116db,2016-01,Norfolk Constabulary,Norfolk Constabulary,1.294877,52.627539,On or near Bus/Coach Station,E01026822,Norwich 007A,Criminal damage and arson,Investigation complete; no suspect identified,
24cbb5a713717ca17b8912526b317a484219adb3cc8e591cd2a80c90ca79fd4a,2016-01,Norfolk Constabulary,Norfolk Constabulary,1.293572,52.623339,On or near Further/Higher Educational Building,E01026822,Norwich 007A,Drugs,Offender given a caution,
eae64759bf27083fd48e988ae954a5660391fedeaa5218d2912afe2938c50258,2016-01,Norfolk Constabulary,Norfolk Constabulary,1.289771,52.625864,On or near Shopping Area,E01026822,Norwich 007A,Drugs,Court result unavailable,
84522df808492af1da73b8b7532727c51145186d96d5454510147d6e691d2ba1,2016-01,Norfolk Constabulary,Norfolk Constabulary,1.297158,52.629958,On or near Bank Plain,E01026822,Norwich 007A,Drugs,Offender given community sentence,
55fdc24cbdf48a893267b83a7b7d48e17737e6827a7f2cce55bb8afeb8cac960,2016-01,Norfolk Constabulary,Norfolk Constabulary,1.297025,52.624448,On or near Brooke Place,E01026822,Norwich 007A,Other theft,Status update unavailable,
c68f3e102c415b277a8bb0e32173281d23e7ea18053af1e353e3de2a18677e60,2016-01,Norfolk Constabulary,Norfolk Constabulary,1.297304,52.629936,On or near Redwell Street,E01026822,Norwich 007A,Other theft,Investigation complete; no suspect identified,
681ff050a5eb936a7c3ee6054883880d657b248407dceac23516d0f48f6192a9,2016-01,Norfolk Constabulary,Norfolk Constabulary,1.292417,52.627050,On or near William Booth Street,E01026822,Norwich 007A,Other theft,Investigation complete; no suspect identified,
33d08d66a9f79a431b3d00fc565966b492d789c88d9407a96fa599985ef5502c,2016-01,Norfolk Constabulary,Norfolk Constabulary,1.292693,52.625018,On or near Shopping Area,E01026822,Norwich 007A,Other theft,Investigation complete; no suspect identified,
fd9e9a09b0c5bdd6ab4ab54aded82424c5f8bf4afa84c2ac5a5726c410fe3d8a,2016-01,Norfolk Constabulary,Norfolk Constabulary,1.292693,52.625018,On or near Shopping Area,E01026822,Norwich 007A,Other theft,Investigation complete; no suspect identified,
1d64e2845d71b4d9f574e65cc190a79499d8db2954ba9876925006ff76ea22ef,2016-01,Norfolk Constabulary,Norfolk Constabulary,1.289771,52.625864,On or near Shopping Area,E01026822,Norwich 007A,Other theft,Investigation complete; no suspect identified,
b3a438c0851b48b4b4dc47687898d6ebafea165361b5323dd15749fbcd3ad3d2,2016-01,Norfolk Constabulary,Norfolk Constabulary,1.293572,52.623339,On or near Further/Higher Educational Building,E01026822,Norwich 007A,Other theft,Investigation complete; no suspect identified,
662259ecef2cab5cd54c92daefc931c5fe8368ae24f98db0a9fd796a2f5334be,2016-01,Norfolk Constabulary,Norfolk Constabulary,1.289831,52.629226,On or near St Giles Street,E01026822,Norwich 007A,Other theft,Investigation complete; no suspect identified,
5885ce899d7f248a149c5734dffb3efaea036d2cacdfdeb0bca4e18120f422f0,2016-01,Norfolk Constabulary,Norfolk Constabulary,1.295166,52.628430,On or near Castle Meadow,E01026822,Norwich 007A,Other theft,Investigation complete; no suspect identified,
3415e138ae64e029f1ddc0ddf78a5f254c4f31ed8b60b322a893c5b8be9652b4,2016-01,Norfolk Constabulary,Norfolk Constabulary,1.294877,52.627539,On or near Bus/Coach Station,E01026822,Norwich 007A,Other theft,Investigation complete; no suspect identified,
23927d0f57baf13b4d68f64996d343057dfbb6089fc7f904ae3c2097fa85d110,2016-01,Norfolk Constabulary,Norfolk Constabulary,1.294877,52.627539,On or near Bus/Coach Station,E01026822,Norwich 007A,Other theft,Investigation complete; no suspect identified,
b4e441fd7dded26333121e02caae09402ea8b7813a00a1f1d399d1fa0cc66993,2016-01,Norfolk Constabulary,Norfolk Constabulary,1.291049,52.627726,On or near Parking Area,E01026822,Norwich 007A,Other theft,Investigation complete; no suspect identified,
a580bbde098f9c028745322e9ca7216106467e1284a0d7d9c03ef1a38a0a9a92,2016-01,Norfolk Constabulary,Norfolk Constabulary,1.295876,52.627061,On or near Parking Area,E01026822,Norwich 007A,Other theft,Investigation complete; no suspect identified,
071a5ec4d491fbeee8802480796dd6d5ebb906c9fe674ca14b0dd9e995c07265,2016-01,Norfolk Constabulary,Norfolk Constabulary,1.294877,52.627539,On or near Bus/Coach Station,E01026822,Norwich 007A,Possession of weapons,Offender sent to prison,
f37e735e28d6959d36fd8ecc22abdc3126878cc8eee2e753ea106ab99307e392,2016-01,Norfolk Constabulary,Norfolk Constabulary,1.289941,52.627146,On or near Theatre/Concert Hall,E01026822,Norwich 007A,Possession of weapons,Offender sent to prison,
4f34e2b0e475c889214344aeb933491f29326f6dcdd7ed991cc1e35b1e1e1c44,2016-01,Norfolk Constabulary,Norfolk Constabulary,1.301229,52.621399,On or near Foulgers Opening,E01026822,Norwich 007A,Public order,Status update unavailable,
d0512e443fba7ef1617f97d79750922ff1c205dbc3880086672e30fad828ece2,2016-01,Norfolk Constabulary,Norfolk Constabulary,1.292730,52.628858,On or near Gaol Hill,E01026822,Norwich 007A,Public order,Court result unavailable,
378e2ac7d7ed6e49f638135ff4bb76d7f1bd189befb83b8d7f12d2818f0fe382,2016-01,Norfolk Constabulary,Norfolk Constabulary,1.295166,52.628430,On or near Castle Meadow,E01026822,Norwich 007A,Public order,Investigation complete; no suspect identified,
0067d46933748bbc19fee1a70dfe4ff78055508c7eabc4305d2788b9a55ea062,2016-01,Norfolk Constabulary,Norfolk Constabulary,1.292693,52.625018,On or near Shopping Area,E01026822,Norwich 007A,Public order,Investigation complete; no suspect identified,
7a334018408e5bd6978a0fef868ceb070ccf4f2f9093e17700c5e820466dd8b7,2016-01,Norfolk Constabulary,Norfolk Constabulary,1.292417,52.627050,On or near William Booth Street,E01026822,Norwich 007A,Public order,Status update unavailable,
4b3b62434c13a4c5cecc856af8ccece0ba0a26b454327f135ffa4fa0f2180f8e,2016-01,Norfolk Constabulary,Norfolk Constabulary,1.292693,52.625018,On or near Shopping Area,E01026822,Norwich 007A,Public order,Investigation complete; no suspect identified,
8ea2939d765a38b35d40d1737e5ff4422242442920e58291ee9ccb030c467b65,2016-01,Norfolk Constabulary,Norfolk Constabulary,1.297158,52.629958,On or near Bank Plain,E01026822,Norwich 007A,Public order,Formal action is not in the public interest,
0b78c2ba155319e52926995036bc3dc156b8dbcf7d078b1d2bdf828fe2bc04a9,2016-01,Norfolk Constabulary,Norfolk Constabulary,1.294877,52.627539,On or near Bus/Coach Station,E01026822,Norwich 007A,Public order,Court result unavailable,
46f9c29dfe3d983c3e067df844b38d3f73e60a56ca6b2258b8aef7f1ebddd0d2,2016-01,Norfolk Constabulary,Norfolk Constabulary,1.294860,52.625929,On or near Westlegate,E01026822,Norwich 007A,Public order,Court result unavailable,
7e76a08500d038678a2ce5fd26072dd38a3814efebb99000e70368659dc54532,2016-01,Norfolk Constabulary,Norfolk Constabulary,1.292693,52.625018,On or near Shopping Area,E01026822,Norwich 007A,Public order,Offender given penalty notice,
448e36a4ebde36dd4ad738a43053e5189bd49f4afa2fbaa1367e6fe3681066b3,2016-01,Norfolk Constabulary,Norfolk Constabulary,1.289941,52.627146,On or near Theatre/Concert Hall,E01026822,Norwich 007A,Robbery,Court result unavailable,
f0a474201db230c16db77e7294216860088710329a3d30b654dbf2ec46dbb6d7,2016-01,Norfolk Constabulary,Norfolk Constabulary,1.292417,52.627050,On or near William Booth Street,E01026822,Norwich 007A,Shoplifting,Status update unavailable,
d1ac318a8c47329c52906c788a606627e651bd00250ec90bdb81ebd7dd15c625,2016-01,Norfolk Constabulary,Norfolk Constabulary,1.296103,52.625760,On or near All Saints Street,E01026822,Norwich 007A,Shoplifting,Formal action is not in the public interest,
495da61cfed9d932a8613178ef46d7a608713203d7ed7348b42f63c094e3db2d,2016-01,Norfolk Constabulary,Norfolk Constabulary,1.294877,52.627539,On or near Bus/Coach Station,E01026822,Norwich 007A,Shoplifting,Investigation complete; no suspect identified,
21d7d62c74c52525fb5c3cae20aea6e7e5b8f408b53730b29437467ced5f45af,2016-01,Norfolk Constabulary,Norfolk Constabulary,1.290679,52.624175,On or near Pedestrian Subway,E01026822,Norwich 007A,Shoplifting,Offender given suspended prison sentence,
8825b831096cc94e976261b8309a0dc5935c503048bb30fa03da5964c3983616,2016-01,Norfolk Constabulary,Norfolk Constabulary,1.295876,52.627061,On or near Parking Area,E01026822,Norwich 007A,Shoplifting,Status update unavailable,
653fb869e6667a84c2b968b31d05a6de69f54b5b43577fc5bad6b71cf4b0726b,2016-01,Norfolk Constabulary,Norfolk Constabulary,1.296103,52.625760,On or near All Saints Street,E01026822,Norwich 007A,Shoplifting,Offender given a caution,
3ee62d5105da624067d7a8ff941c5261be50affdd69aa74743735b61bc6f1d4c,2016-01,Norfolk Constabulary,Norfolk Constabulary,1.293790,52.626634,On or near Shopping Area,E01026822,Norwich 007A,Shoplifting,Status update unavailable,
89ede39a5a1b47b7b0bdfd7d94ca2274d2deb7b31d6465036f57c53eeb8586e7,2016-01,Norfolk Constabulary,Norfolk Constabulary,1.289771,52.625864,On or near Shopping Area,E01026822,Norwich 007A,Shoplifting,Investigation complete; no suspect identified,
3f24a67fb8e689f4a633019237abc72d80bfd41e7961191d9cfe650a08735313,2016-01,Norfolk Constabulary,Norfolk Constabulary,1.295166,52.628430,On or near Castle Meadow,E01026822,Norwich 007A,Shoplifting,Status update unavailable,
39e791881b46c90c278df1f3b41473c611192827952878144a1a54eda537981d,2016-01,Norfolk Constabulary,Norfolk Constabulary,1.292206,52.625221,On or near St Stephens Street,E01026822,Norwich 007A,Shoplifting,Offender sent to prison,
3a39c7053754ec87938db75c8e7c54e6456ce7750818269786ed2b5fc0a0df64,2016-01,Norfolk Constabulary,Norfolk Constabulary,1.296103,52.625760,On or near All Saints Street,E01026822,Norwich 007A,Shoplifting,Status update unavailable,
11786e3d24097618419f0b7db9e5d39690ee1c651031d0da852b8eb7e6551dca,2016-01,Norfolk Constabulary,Norfolk Constabulary,1.287517,52.632069,On or near St Swithins Road,E01026822,Norwich 007A,Shoplifting,Offender sent to prison,
532a55cd022052bc82c14bcb5eb77ecac75e9d3fdf8b2833a3011a48a367dc69,2016-01,Norfolk Constabulary,Norfolk Constabulary,1.293790,52.626634,On or near Shopping Area,E01026822,Norwich 007A,Shoplifting,Suspect charged as part of another case,
239ebe58e5364d567a76d86614c28d7ec4b214c130e288b98e213ed8e7af281c,2016-01,Norfolk Constabulary,Norfolk Constabulary,1.293790,52.626634,On or near Shopping Area,E01026822,Norwich 007A,Shoplifting,Offender otherwise dealt with,
9dfd7a26f9486969d29cdbaa6693060ee1412127d8a3d82905828dc68203e2c6,2016-01,Norfolk Constabulary,Norfolk Constabulary,1.295876,52.627061,On or near Parking Area,E01026822,Norwich 007A,Shoplifting,Status update unavailable,
508bd6c792a354a4a97e044a1c89d63cbe3334fc0cd5ebaff1b0696fd9aad9e4,2016-01,Norfolk Constabulary,Norfolk Constabulary,1.289771,52.625864,On or near Shopping Area,E01026822,Norwich 007A,Shoplifting,Formal action is not in the public interest,
281e7460c5600755eeecd3e975547e59e79df31d3685f44fc440ec32da54b75d,2016-01,Norfolk Constabulary,Norfolk Constabulary,1.295166,52.628430,On or near Castle Meadow,E01026822,Norwich 007A,Shoplifting,Court result unavailable,
a16c1fd23bf513922b3c4b71a595847bd81cd9cb810f4f8c7543193f9bfefdf4,2016-01,Norfolk Constabulary,Norfolk Constabulary,1.289771,52.625864,On or near Shopping Area,E01026822,Norwich 007A,Shoplifting,Offender sent to prison,
986ba4a331331f236483698c7e0fa0673abe93b52802125b99ca795cc55f1c44,2016-01,Norfolk Constabulary,Norfolk Constabulary,1.287517,52.632069,On or near St Swithins Road,E01026822,Norwich 007A,Shoplifting,Investigation complete; no suspect identified,
ae585502e3684741e431a65820f098447181dbfd53e2fc906790d1d20677e0f4,2016-01,Norfolk Constabulary,Norfolk Constabulary,1.293790,52.626634,On or near Shopping Area,E01026822,Norwich 007A,Shoplifting,Offender given community sentence,
d4e6bd2184e2d13db6ae7cc70f8e0691e2a96962242aafd79fc31b062d7d62a9,2016-01,Norfolk Constabulary,Norfolk Constabulary,1.296103,52.625760,On or near All Saints Street,E01026822,Norwich 007A,Shoplifting,Formal action is not in the public interest,
e5f5c64a9d4cc69e45b219d0af90a0da150f5c96e6ebba16ff8bac36434955fd,2016-01,Norfolk Constabulary,Norfolk Constabulary,1.289771,52.625864,On or near Shopping Area,E01026822,Norwich 007A,Shoplifting,Investigation complete; no suspect identified,
3e8bd3f4728edd8056381998db0c8129516aba72a45d21291c72a6b99457f6ec,2016-01,Norfolk Constabulary,Norfolk Constabulary,1.294877,52.627539,On or near Bus/Coach Station,E01026822,Norwich 007A,Shoplifting,Court result unavailable,
20699f9f0d27700caba490577af0c358797aae7b4336a41074ff50cc6855c9dd,2016-01,Norfolk Constabulary,Norfolk Constabulary,1.289771,52.625864,On or near Shopping Area,E01026822,Norwich 007A,Shoplifting,Formal action is not in the public interest,
e1c28e761e1c5866fc22ccc69efd2c560ea821e0f1a89ee153f28ca3fde673f5,2016-01,Norfolk Constabulary,Norfolk Constabulary,1.292417,52.627050,On or near William Booth Street,E01026822,Norwich 007A,Shoplifting,Local resolution,
f21fbf0ceef33857388e88f6745fa0409c96ce911f35d559ac8c7a54732767fa,2016-01,Norfolk Constabulary,Norfolk Constabulary,1.293246,52.626082,On or near Shopping Area,E01026822,Norwich 007A,Shoplifting,Offender given penalty notice,
209d60237b4a6800c9ba71fc26d44be8e8f97bdb024e77491d2747bf4a1df45d,2016-01,Norfolk Constabulary,Norfolk Constabulary,1.289771,52.625864,On or near Shopping Area,E01026822,Norwich 007A,Shoplifting,Suspect charged as part of another case,
3bc18c9a53a526d1c96c7a95da75465018a34b643c07588e6275986c0c08b024,2016-01,Norfolk Constabulary,Norfolk Constabulary,1.292417,52.627050,On or near William Booth Street,E01026822,Norwich 007A,Shoplifting,Offender given a caution,
248471becc0fa340ee0d98cf00f5be27fca893a28157c56f5911d56b123720d2,2016-01,Norfolk Constabulary,Norfolk Constabulary,1.289771,52.625864,On or near Shopping Area,E01026822,Norwich 007A,Shoplifting,Investigation complete; no suspect identified,
9471ec70f19f96cd11aeeb3e460e81103e618619a68fbd523a102b59f6377ce8,2016-01,Norfolk Constabulary,Norfolk Constabulary,1.295876,52.627061,On or near Parking Area,E01026822,Norwich 007A,Shoplifting,Local resolution,
f047f9b7f3a5e46d6b21e3c824a33af9b3d0898405dca5b3339093777d1165a2,2016-01,Norfolk Constabulary,Norfolk Constabulary,1.293790,52.626634,On or near Shopping Area,E01026822,Norwich 007A,Shoplifting,Local resolution,
9fb14cad278238b5bf52c69ffe5f856b6188543caa0ff9beb135675b2e9c1fd3,2016-01,Norfolk Constabulary,Norfolk Constabulary,1.289771,52.625864,On or near Shopping Area,E01026822,Norwich 007A,Shoplifting,Court result unavailable,
78d48415efd617e362d3657c6bb8e4c6938496c645c17eb54632fa9cee095921,2016-01,Norfolk Constabulary,Norfolk Constabulary,1.289771,52.625864,On or near Shopping Area,E01026822,Norwich 007A,Shoplifting,Investigation complete; no suspect identified,
fbec51d98f99f967a7a034cf317f01426410795cc7ceafcf8268599b0ed2ae4f,2016-01,Norfolk Constabulary,Norfolk Constabulary,1.293246,52.626082,On or near Shopping Area,E01026822,Norwich 007A,Shoplifting,Local resolution,
4fa54341708f3bfc0adb435100fccedc9c01c1ffa6a09687a22935c808f057c7,2016-01,Norfolk Constabulary,Norfolk Constabulary,1.296103,52.625760,On or near All Saints Street,E01026822,Norwich 007A,Shoplifting,Offender given penalty notice,
7fc49dc497d4e16c1a50e2dd0d35d8effff29a5916351deab49ccf5567f65ff2,2016-01,Norfolk Constabulary,Norfolk Constabulary,1.294877,52.627539,On or near Bus/Coach Station,E01026822,Norwich 007A,Shoplifting,Offender given a caution,
8fcdb6a1a273e6d9b65964ebf3867395af5ec2341b16cc4051ca97b03bc255f7,2016-01,Norfolk Constabulary,Norfolk Constabulary,1.293246,52.626082,On or near Shopping Area,E01026822,Norwich 007A,Shoplifting,Offender given community sentence,
8250c417b8e3e856b68a92111df092bd7152cf723428375ce720f7d7e727231c,2016-01,Norfolk Constabulary,Norfolk Constabulary,1.289771,52.625864,On or near Shopping Area,E01026822,Norwich 007A,Shoplifting,Offender sent to prison,
2fd96f295f3467a1a75d14f162712ecdcb7622733666a3d62bf12e6062ecca51,2016-01,Norfolk Constabulary,Norfolk Constabulary,1.293790,52.626634,On or near Shopping Area,E01026822,Norwich 007A,Shoplifting,Offender otherwise dealt with,
2bc8018c10a373c5af6b90b236b8902f05ec469fd28baf264ed7919ccc5ddccd,2016-01,Norfolk Constabulary,Norfolk Constabulary,1.292417,52.627050,On or near William Booth Street,E01026822,Norwich 007A,Shoplifting,Offender sent to prison,
2c0c58e19a5ee6572bbb57b74fe1c6c071478848db497d8bdd30ba1ea70a071c,2016-01,Norfolk Constabulary,Norfolk Constabulary,1.292417,52.627050,On or near William Booth Street,E01026822,Norwich 007A,Shoplifting,Offender given a caution,
afba864db034f5f9ad2f52a5dc101e52d325a13c6eb329dfcd5bbda22a861234,2016-01,Norfolk Constabulary,Norfolk Constabulary,1.289771,52.625864,On or near Shopping Area,E01026822,Norwich 007A,Shoplifting,Offender given suspended prison sentence,
0fddedb5738dc70b9328f2071e040dab3af0e0eede499da5a46448b722cdb42d,2016-01,Norfolk Constabulary,Norfolk Constabulary,1.292417,52.627050,On or near William Booth Street,E01026822,Norwich 007A,Shoplifting,Offender given suspended prison sentence,
ac42d3694f15b8f97ee6abdcec8745980735bf951bcbf6dd46966413f5425f8f,2016-01,Norfolk Constabulary,Norfolk Constabulary,1.289771,52.625864,On or near Shopping Area,E01026822,Norwich 007A,Shoplifting,Offender given a caution,
b9da171f58ce822166db1d79e912ad948a2bea21419c0f4e838b73024ecd9669,2016-01,Norfolk Constabulary,Norfolk Constabulary,1.293790,52.626634,On or near Shopping Area,E01026822,Norwich 007A,Shoplifting,Offender sent to prison,
301575c564cbd7daf7645978b35f44177897757e4d2438adcca456b033ce0c27,2016-01,Norfolk Constabulary,Norfolk Constabulary,1.292417,52.627050,On or near William Booth Street,E01026822,Norwich 007A,Shoplifting,Offender given penalty notice,
aaaefbf196f2902921f3b362b3164fbf951ad1a9b7f8ddcf789474dc0b40c6b3,2016-01,Norfolk Constabulary,Norfolk Constabulary,1.294877,52.627539,On or near Bus/Coach Station,E01026822,Norwich 007A,Shoplifting,Investigation complete; no suspect identified,
edbcc7880bec52d9848d13b0cb4d7e9bf1263dd88cc54fb846b42409fcbac872,2016-01,Norfolk Constabulary,Norfolk Constabulary,1.296103,52.625760,On or near All Saints Street,E01026822,Norwich 007A,Shoplifting,Offender given conditional discharge,
49116ecb9653f3afb21fdcdc533e80e2233de82512c0f7dc4257241064ea1ea8,2016-01,Norfolk Constabulary,Norfolk Constabulary,1.296103,52.625760,On or near All Saints Street,E01026822,Norwich 007A,Shoplifting,Court result unavailable,
124e0f4c8cd7e149ea90a5558292fec60ce87e965e333e67c8129a93e31c2619,2016-01,Norfolk Constabulary,Norfolk Constabulary,1.296103,52.625760,On or near All Saints Street,E01026822,Norwich 007A,Shoplifting,Offender given suspended prison sentence,
4e3e4cd5faf0b2298a77e9235df4ca3f84e88cfcabac426e9d3b306bee757777,2016-01,Norfolk Constabulary,Norfolk Constabulary,1.289771,52.625864,On or near Shopping Area,E01026822,Norwich 007A,Shoplifting,Formal action is not in the public interest,
96b2b7c25e13a1eb404bc682717a2525a54fbc66406fc24f0da37401b0f388c4,2016-01,Norfolk Constabulary,Norfolk Constabulary,1.289771,52.625864,On or near Shopping Area,E01026822,Norwich 007A,Shoplifting,Offender otherwise dealt with,
5391bda7926e0b019bdac66518a43a27c2905265a8b897f6b0c3795511e98dbe,2016-01,Norfolk Constabulary,Norfolk Constabulary,1.289771,52.625864,On or near Shopping Area,E01026822,Norwich 007A,Shoplifting,Offender sent to prison,
91c14a9a44c513be4cf5085ecc519f883fac36bcf44c2267673b9e5e7d600de7,2016-01,Norfolk Constabulary,Norfolk Constabulary,1.295876,52.627061,On or near Parking Area,E01026822,Norwich 007A,Shoplifting,Offender given penalty notice,
c2d479484c7be3b68eb559f32ef28051d5f0fce751c2e17aec106c6e937ee0e1,2016-01,Norfolk Constabulary,Norfolk Constabulary,1.292206,52.625221,On or near St Stephens Street,E01026822,Norwich 007A,Shoplifting,Formal action is not in the public interest,
6cb7759256245c47ccf8b4c7c2ae3b35f58c4387df74cf76f53b9f00a4c067ab,2016-01,Norfolk Constabulary,Norfolk Constabulary,1.295166,52.628430,On or near Castle Meadow,E01026822,Norwich 007A,Shoplifting,Offender given suspended prison sentence,
af3fd1ac6f8e066e073dbcf9e324fba17d40e5db47db21aec82e58800c235bb6,2016-01,Norfolk Constabulary,Norfolk Constabulary,1.292417,52.627050,On or near William Booth Street,E01026822,Norwich 007A,Shoplifting,Offender given a caution,
4faa4d54ef31a035879eff12d63e16a4a43596fdf29b10159f27638aed66484c,2016-01,Norfolk Constabulary,Norfolk Constabulary,1.292417,52.627050,On or near William Booth Street,E01026822,Norwich 007A,Shoplifting,Offender given penalty notice,
6f6c7256d6df5916c30dd26723e4dfda49d5d6df2de7778d2c53dfce0c96d650,2016-01,Norfolk Constabulary,Norfolk Constabulary,1.292417,52.627050,On or near William Booth Street,E01026822,Norwich 007A,Shoplifting,Local resolution,
974e044adf154608ee0299063d7be561f4476cf08dc5815e289687913d88d316,2016-01,Norfolk Constabulary,Norfolk Constabulary,1.292417,52.627050,On or near William Booth Street,E01026822,Norwich 007A,Shoplifting,Investigation complete; no suspect identified,
364fa7b8b913727792621e5007113033c05fc2af7f4a9813fab31b3c5c5c9036,2016-01,Norfolk Constabulary,Norfolk Constabulary,1.295876,52.627061,On or near Parking Area,E01026822,Norwich 007A,Shoplifting,Offender sent to prison,
865973b6ccd423354679d9abeeaa21ed6ab9a10325760346ec1bd15614a54e72,2016-01,Norfolk Constabulary,Norfolk Constabulary,1.292206,52.625221,On or near St Stephens Street,E01026822,Norwich 007A,Shoplifting,Offender otherwise dealt with,
f41aa54de93477347a3099a7067d404772bc8b0e66f56c2b27c6e69f538138eb,2016-01,Norfolk Constabulary,Norfolk Constabulary,1.293790,52.626634,On or near Shopping Area,E01026822,Norwich 007A,Shoplifting,Offender otherwise dealt with,
13caccf43a5e7eb193f22e027cba74ea621345bd77c73754da9ab28a5e4b5a86,2016-01,Norfolk Constabulary,Norfolk Constabulary,1.292417,52.627050,On or near William Booth Street,E01026822,Norwich 007A,Theft from the person,Investigation complete; no suspect identified,
73e544892847e209ea75c72e596dbd17e76b6faf7d23f15d9da892c48cf4472e,2016-01,Norfolk Constabulary,Norfolk Constabulary,1.295876,52.627061,On or near Parking Area,E01026822,Norwich 007A,Theft from the person,Investigation complete; no suspect identified,
c45f44e3b8127d2b59809a1498e025c5c6b83d5283869acdc671ef9c6f4ec78c,2016-01,Norfolk Constabulary,Norfolk Constabulary,1.289771,52.625864,On or near Shopping Area,E01026822,Norwich 007A,Theft from the person,Status update unavailable,
a56dcfe434f7cd3c032d8020f9b8f88339f1888d60bc049cb46e21aa0dfd80af,2016-01,Norfolk Constabulary,Norfolk Constabulary,1.294877,52.627539,On or near Bus/Coach Station,E01026822,Norwich 007A,Theft from the person,Status update unavailable,
88a30c991c28d9102f83a10df943b7291bf4381fa84edbe79326d7a100829d30,2016-01,Norfolk Constabulary,Norfolk Constabulary,1.293246,52.626082,On or near Shopping Area,E01026822,Norwich 007A,Theft from the person,Investigation complete; no suspect identified,
f72163c0761092207ebd9e090ac8086ef714a1d6759da551269200a09dde878a,2016-01,Norfolk Constabulary,Norfolk Constabulary,1.286056,52.632101,On or near Parking Area,E01026822,Norwich 007A,Vehicle crime,Investigation complete; no suspect identified,
5c46c7b08f8792229375b1bc47611b46d1af42ff31964277453364b6c4c1a434,2016-01,Norfolk Constabulary,Norfolk Constabulary,1.301148,52.620916,On or near Ber Street,E01026822,Norwich 007A,Vehicle crime,Investigation complete; no suspect identified,
1ecb554066d5590dbe96ce144d9ee28df5fee594abaccb9fe693c9ee3ef7a08f,2016-01,Norfolk Constabulary,Norfolk Constabulary,1.289831,52.629226,On or near St Giles Street,E01026822,Norwich 007A,Violence and sexual offences,Status update unavailable,
8d537b6a148f3fdefb265918e08eb76f0df8793e1e8d7918953c069b91888dcd,2016-01,Norfolk Constabulary,Norfolk Constabulary,1.297304,52.629936,On or near Redwell Street,E01026822,Norwich 007A,Violence and sexual offences,Local resolution,
221af06431f2d9cd91a4cd59780256954813c53e8ff7918f7f18fd42a810b598,2016-01,Norfolk Constabulary,Norfolk Constabulary,1.289831,52.629226,On or near St Giles Street,E01026822,Norwich 007A,Violence and sexual offences,Status update unavailable,
474c603527bcda3f51c5fe708bdd4ae79cc3b42cd26f54cec3c13bc5ce63acae,2016-01,Norfolk Constabulary,Norfolk Constabulary,1.301229,52.621399,On or near Foulgers Opening,E01026822,Norwich 007A,Violence and sexual offences,Formal action is not in the public interest,
671a08e9515e0d7a50c8751a04d1c3ac46bd1edb1d418baeaec0a3cb2605b6ae,2016-01,Norfolk Constabulary,Norfolk Constabulary,1.292052,52.628490,On or near St Peters Street,E01026822,Norwich 007A,Violence and sexual offences,Status update unavailable,
88578c7575f5293044f9c8e55382c0454b033509da3d798f79768f287ed9a22d,2016-01,Norfolk Constabulary,Norfolk Constabulary,1.290782,52.625350,On or near Malthouse Road,E01026822,Norwich 007A,Violence and sexual offences,Offender given suspended prison sentence,
8088d2414b1416938ec86060b3e44cac353990eda6c6dd6fa2dd44c992d511c1,2016-01,Norfolk Constabulary,Norfolk Constabulary,1.289450,52.628283,On or near Bethel Street,E01026822,Norwich 007A,Violence and sexual offences,Status update unavailable,
df8e57d65bff56e0821a72cf9cc66630193b650368a30d4b5aba0e3a089b9fd7,2016-01,Norfolk Constabulary,Norfolk Constabulary,1.290087,52.630469,On or near St Lawrence Lane,E01026822,Norwich 007A,Violence and sexual offences,Investigation complete; no suspect identified,
c52e5a7a7981282ae19a85e8ef68949db8409bef492937b76b87a6d2bd28c480,2016-01,Norfolk Constabulary,Norfolk Constabulary,1.294381,52.626833,On or near Red Lion Street,E01026822,Norwich 007A,Violence and sexual offences,Formal action is not in the public interest,
ca105bbaaf597832b3992289a99232fa10ba035625c492675169c2988138add5,2016-01,Norfolk Constabulary,Norfolk Constabulary,1.290782,52.625350,On or near Malthouse Road,E01026822,Norwich 007A,Violence and sexual offences,Court result unavailable,
7fe1cbdb0a0194459104001c57d780ca529604a5700e53f812fe1b30e72d6c50,2016-01,Norfolk Constabulary,Norfolk Constabulary,1.289831,52.629226,On or near St Giles Street,E01026822,Norwich 007A,Violence and sexual offences,Unable to prosecute suspect,
939309b19a90ff62edb1e558c8a11ce1981861c87f006c9e1e49f7ed90d37d55,2016-01,Norfolk Constabulary,Norfolk Constabulary,1.289831,52.629226,On or near St Giles Street,E01026822,Norwich 007A,Violence and sexual offences,Unable to prosecute suspect,
3796734831bc3449b674a7f8b4b4e6539d24648b9cf26a1096a5ab83c0e84793,2016-01,Norfolk Constabulary,Norfolk Constabulary,1.290782,52.625350,On or near Malthouse Road,E01026822,Norwich 007A,Violence and sexual offences,Court result unavailable,
b3bb82750cece43726aa5242b129a6432598ee3cbb922c8930fd5d6f33d98648,2016-01,Norfolk Constabulary,Norfolk Constabulary,1.290782,52.625350,On or near Malthouse Road,E01026822,Norwich 007A,Violence and sexual offences,Investigation complete; no suspect identified,
3f28c6a908fb8cf15ace00c2e967d9641c13e9d8142acb4d1a75fd62b4b7ef58,2016-01,Norfolk Constabulary,Norfolk Constabulary,1.292730,52.628858,On or near Gaol Hill,E01026822,Norwich 007A,Violence and sexual offences,Status update unavailable,
2a407a7af40594139412ab439872f2a1815e86da111cf502892dafaa869fe773,2016-01,Norfolk Constabulary,Norfolk Constabulary,1.290782,52.625350,On or near Malthouse Road,E01026822,Norwich 007A,Violence and sexual offences,Offender given suspended prison sentence,
1fe7ba7cba18b138eb14ed31da993270aaf7e8f37554e2bbabd99c648cf8d1e3,2016-01,Norfolk Constabulary,Norfolk Constabulary,1.289831,52.629226,On or near St Giles Street,E01026822,Norwich 007A,Violence and sexual offences,Status update unavailable,
70e4c9991887eb8e95b3705200fea432f8278342f9b68688355293e91fd78c7d,2016-01,Norfolk Constabulary,Norfolk Constabulary,1.289941,52.627146,On or near Theatre/Concert Hall,E01026822,Norwich 007A,Violence and sexual offences,Formal action is not in the public interest,
fe218752fdd64d9bbad791c0e48c20a75a6cb20ae70a5f6f081e0c3740c298fe,2016-01,Norfolk Constabulary,Norfolk Constabulary,1.285537,52.628131,On or near A147,E01026822,Norwich 007A,Violence and sexual offences,Investigation complete; no suspect identified,
ce6d339d889d8781fe8e463870bf967ed627bb03aa733ce73786168aa3e0047d,2016-01,Norfolk Constabulary,Norfolk Constabulary,1.287181,52.630937,On or near Ten Bell Lane,E01026822,Norwich 007A,Violence and sexual offences,Defendant found not guilty,
4dcb415538725fc2c0c1c1539b93266312eb27a8672ee7054542c4643dcee781,2016-01,Norfolk Constabulary,Norfolk Constabulary,1.290087,52.630469,On or near St Lawrence Lane,E01026822,Norwich 007A,Violence and sexual offences,Status update unavailable,
1a6c634af0485b1d3a4bb6beb779b6bc9dff0499b38740be97f48cbaf6d9e686,2016-01,Norfolk Constabulary,Norfolk Constabulary,1.291218,52.624268,On or near Supermarket,E01026822,Norwich 007A,Violence and sexual offences,Status update unavailable,
b095da194009dca7f5e41180d3dd85eddc1f44804ec3fe6c8f110a35f68cb00b,2016-01,Norfolk Constabulary,Norfolk Constabulary,1.295876,52.627061,On or near Parking Area,E01026822,Norwich 007A,Violence and sexual offences,Status update unavailable,
ee3da285f0b499b25b03507c680ccfdaa08ccac4201f5bc24b6e78fc245f44f9,2016-01,Norfolk Constabulary,Norfolk Constabulary,1.292052,52.628490,On or near St Peters Street,E01026822,Norwich 007A,Other crime,Defendant found not guilty,
d248cbb6d43195b3520526085683c98cd05c16602332bfeef9bfaf823c95b25c,2016-01,Norfolk Constabulary,Norfolk Constabulary,1.294860,52.625929,On or near Westlegate,E01026822,Norwich 007A,Other crime,Status update unavailable,
7f6b098d799eaf0d43297a71d8a3bbd051a8700eeabcd1a01b8ab9f3a0a34d6d,2016-01,Norfolk Constabulary,Norfolk Constabulary,1.292206,52.625221,On or near St Stephens Street,E01026822,Norwich 007A,Other crime,Court result unavailable,
,2016-01,Norfolk Constabulary,Norfolk Constabulary,1.294439,52.629377,On or near Shopping Area,E01026823,Norwich 007B,Anti-social behaviour,,
,2016-01,Norfolk Constabulary,Norfolk Constabulary,1.300340,52.635895,On or near Theatre/Concert Hall,E01026823,Norwich 007B,Anti-social behaviour,,
,2016-01,Norfolk Constabulary,Norfolk Constabulary,1.297660,52.636230,On or near Peacock Street,E01026823,Norwich 007B,Anti-social behaviour,,
,2016-01,Norfolk Constabulary,Norfolk Constabulary,1.297025,52.633100,On or near Fye Bridge Street,E01026823,Norwich 007B,Anti-social behaviour,,
,2016-01,Norfolk Constabulary,Norfolk Constabulary,1.295919,52.633913,On or near Parking Area,E01026823,Norwich 007B,Anti-social behaviour,,
,2016-01,Norfolk Constabulary,Norfolk Constabulary,1.298237,52.634074,On or near Fishergate,E01026823,Norwich 007B,Anti-social behaviour,,
,2016-01,Norfolk Constabulary,Norfolk Constabulary,1.300279,52.634493,On or near Whitefriars,E01026823,Norwich 007B,Anti-social behaviour,,
,2016-01,Norfolk Constabulary,Norfolk Constabulary,1.292924,52.630255,On or near St John Maddermarket,E01026823,Norwich 007B,Anti-social behaviour,,
,2016-01,Norfolk Constabulary,Norfolk Constabulary,1.292642,52.629265,On or near Supermarket,E01026823,Norwich 007B,Anti-social behaviour,,
,2016-01,Norfolk Constabulary,Norfolk Constabulary,1.294071,52.631357,On or near Parking Area,E01026823,Norwich 007B,Anti-social behaviour,,
,2016-01,Norfolk Constabulary,Norfolk Constabulary,1.292642,52.629265,On or near Supermarket,E01026823,Norwich 007B,Anti-social behaviour,,
,2016-01,Norfolk Constabulary,Norfolk Constabulary,1.290758,52.629569,On or near Parking Area,E01026823,Norwich 007B,Anti-social behaviour,,
,2016-01,Norfolk Constabulary,Norfolk Constabulary,1.291239,52.633999,On or near St Marys Plain,E01026823,Norwich 007B,Anti-social behaviour,,
,2016-01,Norfolk Constabulary,Norfolk Constabulary,1.288511,52.631133,On or near St Benedicts Street,E01026823,Norwich 007B,Anti-social behaviour,,
,2016-01,Norfolk Constabulary,Norfolk Constabulary,1.290420,52.629983,On or near Parking Area,E01026823,Norwich 007B,Anti-social behaviour,,
,2016-01,Norfolk Constabulary,Norfolk Constabulary,1.292924,52.630255,On or near St John Maddermarket,E01026823,Norwich 007B,Anti-social behaviour,,
,2016-01,Norfolk Constabulary,Norfolk Constabulary,1.294439,52.629377,On or near Shopping Area,E01026823,Norwich 007B,Anti-social behaviour,,
,2016-01,Norfolk Constabulary,Norfolk Constabulary,1.288546,52.631007,On or near Three King Lane,E01026823,Norwich 007B,Anti-social behaviour,,
,2016-01,Norfolk Constabulary,Norfolk Constabulary,1.289088,52.633896,On or near New Mills Yard,E01026823,Norwich 007B,Anti-social behaviour,,
,2016-01,Norfolk Constabulary,Norfolk Constabulary,1.289378,52.634410,On or near Mandela Close,E01026823,Norwich 007B,Anti-social behaviour,,
,2016-01,Norfolk Constabulary,Norfolk Constabulary,1.290869,52.631832,On or near Coslany Street,E01026823,Norwich 007B,Anti-social behaviour,,
,2016-01,Norfolk Constabulary,Norfolk Constabulary,1.288546,52.631007,On or near Three King Lane,E01026823,Norwich 007B,Anti-social behaviour,,
,2016-01,Norfolk Constabulary,Norfolk Constabulary,1.292488,52.632912,On or near Duke Street,E01026823,Norwich 007B,Anti-social behaviour,,
,2016-01,Norfolk Constabulary,Norfolk Constabulary,1.292642,52.629265,On or near Supermarket,E01026823,Norwich 007B,Anti-social behaviour,,
,2016-01,Norfolk Constabulary,Norfolk Constabulary,1.297660,52.636230,On or near Peacock Street,E01026823,Norwich 007B,Anti-social behaviour,,
,2016-01,Norfolk Constabulary,Norfolk Constabulary,1.290613,52.632163,On or near Dyers Yard,E01026823,Norwich 007B,Anti-social behaviour,,
,2016-01,Norfolk Constabulary,Norfolk Constabulary,1.292488,52.632912,On or near Duke Street,E01026823,Norwich 007B,Anti-social behaviour,,
,2016-01,Norfolk Constabulary,Norfolk Constabulary,1.290420,52.629983,On or near Parking Area,E01026823,Norwich 007B,Anti-social behaviour,,
,2016-01,Norfolk Constabulary,Norfolk Constabulary,1.288546,52.631007,On or near Three King Lane,E01026823,Norwich 007B,Anti-social behaviour,,
,2016-01,Norfolk Constabulary,Norfolk Constabulary,1.297549,52.635343,On or near Parking Area,E01026823,Norwich 007B,Anti-social behaviour,,
,2016-01,Norfolk Constabulary,Norfolk Constabulary,1.288546,52.631007,On or near Three King Lane,E01026823,Norwich 007B,Anti-social behaviour,,
db078b16b8da880dc9e703c00546b79a784f2e37cec01b7cb427919a63977c07,2016-01,Norfolk Constabulary,Norfolk Constabulary,1.293521,52.629744,On or near Exchange Street,E01026823,Norwich 007B,Bicycle theft,Investigation complete; no suspect identified,
c3585b9ff3e346405855bf42ddcd0b20354e8bd103ed26e529fd7118b9450bff,2016-01,Norfolk Constabulary,Norfolk Constabulary,1.294851,52.632495,On or near Corncutters Close,E01026823,Norwich 007B,Burglary,Court case unable to proceed,
0c8af1fefffd2c96f668bf3f0598468cc568e0f3af09670fb7b3be27616d16bd,2016-01,Norfolk Constabulary,Norfolk Constabulary,1.294439,52.629377,On or near Shopping Area,E01026823,Norwich 007B,Burglary,Investigation complete; no suspect identified,
e4f905de5b60d37410677e1a9a6ff50bd466ded089d579373c74861edd52da24,2016-01,Norfolk Constabulary,Norfolk Constabulary,1.297025,52.633100,On or near Fye Bridge Street,E01026823,Norwich 007B,Burglary,Investigation complete; no suspect identified,
6e8d9b2b479acff1d887238374d8eb62333e761defedc97a00a78baecbc0968a,2016-01,Norfolk Constabulary,Norfolk Constabulary,1.295841,52.632692,On or near Friars Quay,E01026823,Norwich 007B,Criminal damage and arson,Investigation complete; no suspect identified,
3960a454efc9226ea72afffc6c741575844a171a37c2961cb8865ad2cda47279,2016-01,Norfolk Constabulary,Norfolk Constabulary,1.290758,52.629569,On or near Parking Area,E01026823,Norwich 007B,Criminal damage and arson,Status update unavailable,
a2e8f940b7711eea061aba39cac3620c8f44aa7176c9946ae0714dce615b512a,2016-01,Norfolk Constabulary,Norfolk Constabulary,1.292642,52.629265,On or near Supermarket,E01026823,Norwich 007B,Criminal damage and arson,Offender given community sentence,
676a582aae4b24f51a06ba20c1c41219f4387e7c60a754c2879fbac9c27d3f27,2016-01,Norfolk Constabulary,Norfolk Constabulary,1.290758,52.629569,On or near Parking Area,E01026823,Norwich 007B,Criminal damage and arson,Unable to prosecute suspect,
83dc80725d0c5c3e54d79efbdccaf3c54a0fb487fa886ebb3eb6fe5ecf9a2f17,2016-01,Norfolk Constabulary,Norfolk Constabulary,1.292488,52.632912,On or near Duke Street,E01026823,Norwich 007B,Criminal damage and arson,Investigation complete; no suspect identified,
64566c2aae52af14e7de0b557d9617830288b5b4cb998f2d0785cc98c41d3162,2016-01,Norfolk Constabulary,Norfolk Constabulary,1.288546,52.631007,On or near Three King Lane,E01026823,Norwich 007B,Criminal damage and arson,Unable to prosecute suspect,
20df939501ed070e3f29343c8be03234531648f5fa717e6ef623578681ed95fb,2016-01,Norfolk Constabulary,Norfolk Constabulary,1.290869,52.631832,On or near Coslany Street,E01026823,Norwich 007B,Criminal damage and arson,Offender given a caution,
4b99e63238ceee8e9624d2e08f157edd72692970b253c435a34dd0fcaca964f8,2016-01,Norfolk Constabulary,Norfolk Constabulary,1.295841,52.632692,On or near Friars Quay,E01026823,Norwich 007B,Criminal damage and arson,Investigation complete; no suspect identified,
fb216865f1f5fe816e4a5107de3b2d2581db78218cb8a8f53885b73f0502621c,2016-01,Norfolk Constabulary,Norfolk Constabulary,1.290869,52.631832,On or near Coslany Street,E01026823,Norwich 007B,Drugs,Offender given penalty notice,
72d66f51e63fe1721c158c81aa087b5a49a172fbb14ffc9c15bd6038ce6595a2,2016-01,Norfolk Constabulary,Norfolk Constabulary,1.290869,52.631832,On or near Coslany Street,E01026823,Norwich 007B,Other theft,Status update unavailable,
539efcea529d7e57453c327b24f8477529b9b9b6fd652201e2dc02b2df78bfaf,2016-01,Norfolk Constabulary,Norfolk Constabulary,1.290514,52.632814,On or near Indigo Yard,E01026823,Norwich 007B,Other theft,Offender given a caution,
4002c96e562497b2dfdef6fba34cf4ec54b66ec2ab62471df781b692bc3754fa,2016-01,Norfolk Constabulary,Norfolk Constabulary,1.294439,52.629377,On or near Shopping Area,E01026823,Norwich 007B,Public order,Investigation complete; no suspect identified,
a468b582c7463cc5b926621a6340f33df3505969832b56d80168e5d9e51aba82,2016-01,Norfolk Constabulary,Norfolk Constabulary,1.294165,52.634178,On or near Cross Lane,E01026823,Norwich 007B,Public order,Investigation complete; no suspect identified,
0818bc283d7a659a4d156e0f4a00c61ad254c57c869b5b7744bb9d10eda135d1,2016-01,Norfolk Constabulary,Norfolk Constabulary,1.294851,52.632495,On or near Corncutters Close,E01026823,Norwich 007B,Public order,Court case unable to proceed,
b12a7acdc1995bd89880c290300dc672e51000dfe0c2fecc38ad4d2c0a10a8cf,2016-01,Norfolk Constabulary,Norfolk Constabulary,1.292642,52.629265,On or near Supermarket,E01026823,Norwich 007B,Public order,Defendant found not guilty,
4350bf953630da94b7dc9cb11e40004f424ae8c6541199c6c095ddc4e00db16d,2016-01,Norfolk Constabulary,Norfolk Constabulary,1.293950,52.629354,On or near Shopping Area,E01026823,Norwich 007B,Robbery,Investigation complete; no suspect identified,
3a8f795c2f181f3ad55a08b97e2add36e3ab88f95d4c5e688b172524f48ade49,2016-01,Norfolk Constabulary,Norfolk Constabulary,1.293521,52.629744,On or near Exchange Street,E01026823,Norwich 007B,Robbery,Investigation complete; no suspect identified,
d095303b36b86bd5c1eea9b63ec2f5ad15ec151d71bc6075f1995e9579799b41,2016-01,Norfolk Constabulary,Norfolk Constabulary,1.292444,52.630754,On or near Charing Cross,E01026823,Norwich 007B,Robbery,Investigation complete; no suspect identified,
afabc780888e850f23c389b4b1b16db786b4ae58cc44bb3e41763e69b908d32c,2016-01,Norfolk Constabulary,Norfolk Constabulary,1.292642,52.629265,On or near Supermarket,E01026823,Norwich 007B,Shoplifting,Status update unavailable,
d2804dde2145b83beeb3e7ee5db2f2ac0e9ae592a4e1ed9ac36120122ab09a9c,2016-01,Norfolk Constabulary,Norfolk Constabulary,1.293950,52.629354,On or near Shopping Area,E01026823,Norwich 007B,Shoplifting,Offender sent to prison,
f5e5ec7f5a1703ad30a21de302094b741f912d9a9a3c964556a8c5e760b465da,2016-01,Norfolk Constabulary,Norfolk Constabulary,1.289378,52.634410,On or near Mandela Close,E01026823,Norwich 007B,Shoplifting,Status update unavailable,
015210980cf7a0ffd328d6e2d7d6c7cf32e996a7fcec3c1dd1ab36a0f62f0195,2016-01,Norfolk Constabulary,Norfolk Constabulary,1.293950,52.629354,On or near Shopping Area,E01026823,Norwich 007B,Shoplifting,Offender given a caution,
2e8d2b2d76293c07d27d2ca7635f4d469974d0cdad625db08ade069514c819f1,2016-01,Norfolk Constabulary,Norfolk Constabulary,1.298059,52.634267,On or near Thompsons Yard,E01026823,Norwich 007B,Shoplifting,Offender otherwise dealt with,
6c7a54c050facb6e164985d97378840d23dce8af9b6174d351274494708f020d,2016-01,Norfolk Constabulary,Norfolk Constabulary,1.293950,52.629354,On or near Shopping Area,E01026823,Norwich 007B,Shoplifting,Offender given a caution,
89c25617475f6ccff1a833db9be5daf64a09e64ac4cd1030e6581284b555c3f0,2016-01,Norfolk Constabulary,Norfolk Constabulary,1.288511,52.631133,On or near St Benedicts Street,E01026823,Norwich 007B,Shoplifting,Offender fined,
45073d045d5a9b8f9af0f09b697f3a8841288c1cc4f1eb5b3023459a9c599c3e,2016-01,Norfolk Constabulary,Norfolk Constabulary,1.292642,52.629265,On or near Supermarket,E01026823,Norwich 007B,Shoplifting,Offender sent to prison,
b85e833a99e31a31a8590044e10d183290344a5dc5e4771cc7cc9c3ec3a1f194,2016-01,Norfolk Constabulary,Norfolk Constabulary,1.288435,52.636424,On or near Key And Castle Yard,E01026823,Norwich 007B,Vehicle crime,Investigation complete; no suspect identified,
a5f3f6fd2e0d6cc2fd4e90f813cbe206665820ef8aa37a26219356316ecc956f,2016-01,Norfolk Constabulary,Norfolk Constabulary,1.290869,52.631832,On or near Coslany Street,E01026823,Norwich 007B,Violence and sexual offences,Offender given a caution,
e5961197cc9c341477f180492f72d768f29f7588a95383bae1b9cf805d1a43e6,2016-01,Norfolk Constabulary,Norfolk Constabulary,1.297025,52.633100,On or near Fye Bridge Street,E01026823,Norwich 007B,Violence and sexual offences,Formal action is not in the public interest,
4adc2358ced5dbdc722e694ba3a6c807d2a5b3927a63c7305f4774dcadd4e87c,2016-01,Norfolk Constabulary,Norfolk Constabulary,1.288511,52.631133,On or near St Benedicts Street,E01026823,Norwich 007B,Violence and sexual offences,Formal action is not in the public interest,
d3e3b4029858ff49970c2c2f9c50619b0614530dd4ca0b09bb28bb023239419c,2016-01,Norfolk Constabulary,Norfolk Constabulary,1.294439,52.629377,On or near Shopping Area,E01026823,Norwich 007B,Violence and sexual offences,Offender given a caution,
9a4617fb81e3ebb35192fc1bd0f6d635f4ab43776943425713420c7be2d2deef,2016-01,Norfolk Constabulary,Norfolk Constabulary,1.297025,52.633100,On or near Fye Bridge Street,E01026823,Norwich 007B,Violence and sexual offences,Investigation complete; no suspect identified,
c4f2b57bffa305168912a044171c752afa785c51ba0549fad4c5440657be0942,2016-01,Norfolk Constabulary,Norfolk Constabulary,1.297058,52.636283,On or near Shopping Area,E01026823,Norwich 007B,Violence and sexual offences,Unable to prosecute suspect,
66bedbe4167573cce6802f5c7e9dd8c0cc47451ec8a41d7bf6d40e41f039387a,2016-01,Norfolk Constabulary,Norfolk Constabulary,1.297292,52.635071,On or near St Saviors Lane,E01026823,Norwich 007B,Violence and sexual offences,Unable to prosecute suspect,
fd21eaaee2460791afcbbba166b0198fc3321bedb661754cd15cfa73489ae11e,2016-01,Norfolk Constabulary,Norfolk Constabulary,1.292488,52.632912,On or near Duke Street,E01026823,Norwich 007B,Violence and sexual offences,Status update unavailable,
ef51bb5da232075b311487619cdcd549e94afd254398872c3f4c8b1eb314f657,2016-01,Norfolk Constabulary,Norfolk Constabulary,1.294274,52.633078,On or near St Georges Street,E01026823,Norwich 007B,Violence and sexual offences,Investigation complete; no suspect identified,
0e8123e9a33976342cd411ea77224b7d384d3e8c53fd0a182cf013e2c4d6b79c,2016-01,Norfolk Constabulary,Norfolk Constabulary,1.293495,52.635294,On or near St Crispins Road,E01026823,Norwich 007B,Violence and sexual offences,Investigation complete; no suspect identified,
89409fdf50674d334ab425956afd581a6f0d73fe3a5318d94742a1dca23a0769,2016-01,Norfolk Constabulary,Norfolk Constabulary,1.288511,52.631133,On or near St Benedicts Street,E01026823,Norwich 007B,Violence and sexual offences,Formal action is not in the public interest,
9d7eb2e98a54896badf63a159d1ff24b64e0ddfb9e5f01cea7aa8d99c3f2339b,2016-01,Norfolk Constabulary,Norfolk Constabulary,1.298074,52.636623,On or near Cowgate,E01026823,Norwich 007B,Violence and sexual offences,Status update unavailable,
66c692d072903e3e58b20ab050602da95c714f6725776ee9d2abf1ff9de2b6ac,2016-01,Norfolk Constabulary,Norfolk Constabulary,1.294439,52.629377,On or near Shopping Area,E01026823,Norwich 007B,Violence and sexual offences,Unable to prosecute suspect,
ec7c0cf3b64d1a5566ababa2bdfe3fbdb21b7db75ae0cf6d6be134e27f488b32,2016-01,Norfolk Constabulary,Norfolk Constabulary,1.289387,52.635327,On or near Oak Street,E01026823,Norwich 007B,Violence and sexual offences,Unable to prosecute suspect,
542dd36640f2bfc134da987d78f272d8e9a6738aea26c59e731b5f03c0f303e2,2016-01,Norfolk Constabulary,Norfolk Constabulary,1.289387,52.635327,On or near Oak Street,E01026823,Norwich 007B,Violence and sexual offences,Offender given a caution,
de3dba81cbda0406d7dc16092fe83778abec8797aefa01a0c8a14d9d3c6368f6,2016-01,Norfolk Constabulary,Norfolk Constabulary,1.288546,52.631007,On or near Three King Lane,E01026823,Norwich 007B,Violence and sexual offences,Investigation complete; no suspect identified,
b0d0d9a796e1c4b2657def158dff0ca8918149ad875cf5f78337ff7ac82ca24e,2016-01,Norfolk Constabulary,Norfolk Constabulary,1.294439,52.629377,On or near Shopping Area,E01026823,Norwich 007B,Violence and sexual offences,Investigation complete; no suspect identified,
6acf6b172f59ae5b42a93718d6830d5fb5b2e21ba9e25d96ba5ff8f25a66c586,2016-01,Norfolk Constabulary,Norfolk Constabulary,1.288511,52.631133,On or near St Benedicts Street,E01026823,Norwich 007B,Violence and sexual offences,Status update unavailable,
,2016-01,Norfolk Constabulary,Norfolk Constabulary,1.280664,52.630560,On or near Earlham Road,E01026824,Norwich 007C,Anti-social behaviour,,
,2016-01,Norfolk Constabulary,Norfolk Constabulary,1.282061,52.632832,On or near Dereham Road,E01026824,Norwich 007C,Anti-social behaviour,,
,2016-01,Norfolk Constabulary,Norfolk Constabulary,1.282717,52.632517,On or near Dereham Road,E01026824,Norwich 007C,Anti-social behaviour,,
,2016-01,Norfolk Constabulary,Norfolk Constabulary,1.283264,52.630353,On or near Paragon Place,E01026824,Norwich 007C,Anti-social behaviour,,
,2016-01,Norfolk Constabulary,Norfolk Constabulary,1.282717,52.632517,On or near Dereham Road,E01026824,Norwich 007C,Anti-social behaviour,,
,2016-01,Norfolk Constabulary,Norfolk Constabulary,1.280184,52.631257,On or near West Pottergate,E01026824,Norwich 007C,Anti-social behaviour,,
,2016-01,Norfolk Constabulary,Norfolk Constabulary,1.282717,52.632517,On or near Dereham Road,E01026824,Norwich 007C,Anti-social behaviour,,
,2016-01,Norfolk Constabulary,Norfolk Constabulary,1.283212,52.635382,On or near Derby Street,E01026824,Norwich 007C,Anti-social behaviour,,
44d5d40793d4461f22fc9397202e2b56ceceeb3322e31ea4acf2254761ab66f9,2016-01,Norfolk Constabulary,Norfolk Constabulary,1.279121,52.634038,On or near Portway Place,E01026824,Norwich 007C,Bicycle theft,Investigation complete; no suspect identified,
fd26f714e9178b4f7944e2cf1c3fb22d13a7e946609b63512a436e9bac4789be,2016-01,Norfolk Constabulary,Norfolk Constabulary,1.281514,52.633423,On or near Exeter Street,E01026824,Norwich 007C,Bicycle theft,Investigation complete; no suspect identified,
37139080bda34457320183e9dc13c484c9177fe716a3b02e226b2eaa00739da9,2016-01,Norfolk Constabulary,Norfolk Constabulary,1.281593,52.634482,On or near Haslips Close,E01026824,Norwich 007C,Bicycle theft,Investigation complete; no suspect identified,
e3ed15aa48abb4f670cad760d8eaf08550c10aad447f3c43e664b8215f1fbac3,2016-01,Norfolk Constabulary,Norfolk Constabulary,1.280476,52.632786,On or near Parking Area,E01026824,Norwich 007C,Burglary,Investigation complete; no suspect identified,
ea6d708a39dc2a7edd073f29369faba07ec4dc382370aaefaf197fcbbf8e0189,2016-01,Norfolk Constabulary,Norfolk Constabulary,1.282717,52.632517,On or near Dereham Road,E01026824,Norwich 007C,Burglary,Court case unable to proceed,
7df88da10660db58978d72981115ffee0e2d22cd0a2525df31b8deb8ec0c12a0,2016-01,Norfolk Constabulary,Norfolk Constabulary,1.282717,52.632517,On or near Dereham Road,E01026824,Norwich 007C,Burglary,Investigation complete; no suspect identified,
8fff53084036ea5ec82839b883b3a2185a71de9605969a735db8385938154571,2016-01,Norfolk Constabulary,Norfolk Constabulary,1.282717,52.632517,On or near Dereham Road,E01026824,Norwich 007C,Burglary,Investigation complete; no suspect identified,
e20476dac6195d3076703cc2f9d810beb8be203ecb4af1880e09b26db7e90ec4,2016-01,Norfolk Constabulary,Norfolk Constabulary,1.283275,52.634049,On or near Orchard Street,E01026824,Norwich 007C,Burglary,Unable to prosecute suspect,
4c006171e824400ac752245e2b595651445fbb583806da6275262850fa67d11f,2016-01,Norfolk Constabulary,Norfolk Constabulary,1.284110,52.631777,On or near Valentine Street,E01026824,Norwich 007C,Criminal damage and arson,Status update unavailable,
9579202f5a4008c60671edd6993d42cd7625064522e87b355611a797b0f7aca2,2016-01,Norfolk Constabulary,Norfolk Constabulary,1.280699,52.634192,On or near Greyhound Opening,E01026824,Norwich 007C,Drugs,Offender otherwise dealt with,
1b35b2a2ca987299ad66705d94940b48d8e76c4231b7f30a6f75e6227452370f,2016-01,Norfolk Constabulary,Norfolk Constabulary,1.283212,52.635382,On or near Derby Street,E01026824,Norwich 007C,Drugs,Offender fined,
4c4bc73398f6d748213423406e72baf8c28e2b7c1dfebec1719aa6269ff1436e,2016-01,Norfolk Constabulary,Norfolk Constabulary,1.281514,52.633423,On or near Exeter Street,E01026824,Norwich 007C,Other theft,Investigation complete; no suspect identified,
3cd13907ffba0f2ee7db51d7b2abf2984c2aa7004be0600a015c61d7f453356d,2016-01,Norfolk Constabulary,Norfolk Constabulary,1.279121,52.634038,On or near Portway Place,E01026824,Norwich 007C,Other theft,Unable to prosecute suspect,
6a6e568cd55365546284b300db7c8fdd0d5cc7184d30470ca85d459e7a6ef939,2016-01,Norfolk Constabulary,Norfolk Constabulary,1.282503,52.633207,On or near Parking Area,E01026824,Norwich 007C,Other theft,Investigation complete; no suspect identified,
c0a0bc094cea838fc310184525dac7033bdb79f925b49f5243b51e1f68613b44,2016-01,Norfolk Constabulary,Norfolk Constabulary,1.282503,52.633207,On or near Parking Area,E01026824,Norwich 007C,Other theft,Formal action is not in the public interest,
2b7812d3793e6135b228beac3e56a9f23ff4792492ca904e12c464a9da865c5f,2016-01,Norfolk Constabulary,Norfolk Constabulary,1.282503,52.633207,On or near Parking Area,E01026824,Norwich 007C,Possession of weapons,Offender given a caution,
5aff62b4752b8e40912a6dafa7022cc2fc697412b80ca74265a48feb346e63ba,2016-01,Norfolk Constabulary,Norfolk Constabulary,1.284279,52.632645,On or near Petrol Station,E01026824,Norwich 007C,Public order,Status update unavailable,
81504dd2822aee99a65c7234dc63cf33ef2900d319a36e4265a909e92c014de3,2016-01,Norfolk Constabulary,Norfolk Constabulary,1.280184,52.631257,On or near West Pottergate,E01026824,Norwich 007C,Public order,Status update unavailable,
58059e530e707f118fa1efc1e62b8774b737ff52cb084886f92363b59866b3d1,2016-01,Norfolk Constabulary,Norfolk Constabulary,1.284279,52.632645,On or near Petrol Station,E01026824,Norwich 007C,Robbery,Investigation complete; no suspect identified,
8deba0459d374111443b2bbdd5bb2927ee8548e6c8d956b8446b7bc3e4545e43,2016-01,Norfolk Constabulary,Norfolk Constabulary,1.280476,52.632786,On or near Parking Area,E01026824,Norwich 007C,Shoplifting,Offender sent to prison,
dfc0b73264086400d245cff0823df9c0662495e10ff7a3c92a17263ee178059a,2016-01,Norfolk Constabulary,Norfolk Constabulary,1.280476,52.632786,On or near Parking Area,E01026824,Norwich 007C,Shoplifting,Investigation complete; no suspect identified,
54272d25d2990549b1d369728ab61969c1c5b77f8753fec5146c90313548364d,2016-01,Norfolk Constabulary,Norfolk Constabulary,1.279121,52.634038,On or near Portway Place,E01026824,Norwich 007C,Shoplifting,Court result unavailable,
9a63b4043976d1c097eb4c7027443dfed6d6958afe5fc0753640d3b2402abef7,2016-01,Norfolk Constabulary,Norfolk Constabulary,1.284279,52.632645,On or near Petrol Station,E01026824,Norwich 007C,Shoplifting,Status update unavailable,
f74af7979c7ad48583db6e88b1ee655e46e3e0be86624919910c8b37870d7209,2016-01,Norfolk Constabulary,Norfolk Constabulary,1.280476,52.632786,On or near Parking Area,E01026824,Norwich 007C,Shoplifting,Formal action is not in the public interest,
4abd5f0fb5f905b2047d398f9f793a76182945795c7f87ae2ced82a75fa2bc20,2016-01,Norfolk Constabulary,Norfolk Constabulary,1.280476,52.632786,On or near Parking Area,E01026824,Norwich 007C,Shoplifting,Investigation complete; no suspect identified,
ce6fd4b5960bcc69e3b475edc33d35336c4cd3ed87110093a168b9dbb9d781e3,2016-01,Norfolk Constabulary,Norfolk Constabulary,1.280476,52.632786,On or near Parking Area,E01026824,Norwich 007C,Shoplifting,Investigation complete; no suspect identified,
1ae2caa065adf6f4586ee94babce11973e691202f42a9d9c117a428d59c9efa0,2016-01,Norfolk Constabulary,Norfolk Constabulary,1.280476,52.632786,On or near Parking Area,E01026824,Norwich 007C,Shoplifting,Offender sent to prison,
eed5bbde5633f9a66a9267b737ebcfa0cb3d78c199b281381e03ded81e7043f6,2016-01,Norfolk Constabulary,Norfolk Constabulary,1.284279,52.632645,On or near Petrol Station,E01026824,Norwich 007C,Vehicle crime,Investigation complete; no suspect identified,
e91f7b5bd9611d0d2187770ff231d4efa460d74005becdf2c1742c577b7a53a6,2016-01,Norfolk Constabulary,Norfolk Constabulary,1.282503,52.633207,On or near Parking Area,E01026824,Norwich 007C,Vehicle crime,Investigation complete; no suspect identified,
caef1f10ac3a926c6aafbeed8af29661025bcce23ff3e7973b717bca6f876300,2016-01,Norfolk Constabulary,Norfolk Constabulary,1.279121,52.634038,On or near Portway Place,E01026824,Norwich 007C,Violence and sexual offences,Unable to prosecute suspect,
a3ac6601d51386c9344c686b9b3f6208442e131ea2b3183b7fbedccb1135d721,2016-01,Norfolk Constabulary,Norfolk Constabulary,1.280664,52.630560,On or near Earlham Road,E01026824,Norwich 007C,Violence and sexual offences,Investigation complete; no suspect identified,
08feb229ef5e6ddbdc5401a537dbd684fd0bda728ed9d81d8d7e49cc76f81e51,2016-01,Norfolk Constabulary,Norfolk Constabulary,1.282061,52.632832,On or near Dereham Road,E01026824,Norwich 007C,Violence and sexual offences,Status update unavailable,
aba93672459689e75951eba6f0acafeaa580a388fd4d55823243aaeb45e66645,2016-01,Norfolk Constabulary,Norfolk Constabulary,1.279121,52.634038,On or near Portway Place,E01026824,Norwich 007C,Violence and sexual offences,Unable to prosecute suspect,
8cf991f445d0ee3d1f264a383810c013ae36321312c0a5aa8e381ce531978a6d,2016-01,Norfolk Constabulary,Norfolk Constabulary,1.280184,52.631257,On or near West Pottergate,E01026824,Norwich 007C,Other crime,Court result unavailable,
,2016-01,Norfolk Constabulary,Norfolk Constabulary,1.276302,52.638451,On or near Edward Gambling Court,E01026825,Norwich 007D,Anti-social behaviour,,
,2016-01,Norfolk Constabulary,Norfolk Constabulary,1.278172,52.637950,On or near Watson Grove,E01026825,Norwich 007D,Anti-social behaviour,,
,2016-01,Norfolk Constabulary,Norfolk Constabulary,1.274734,52.638243,On or near Armes Street,E01026825,Norwich 007D,Anti-social behaviour,,
a0988104e417d8aa964e905b22e3e3d347dfef60c73ad827c6329abb58267c1f,2016-01,Norfolk Constabulary,Norfolk Constabulary,1.276302,52.638451,On or near Edward Gambling Court,E01026825,Norwich 007D,Bicycle theft,Status update unavailable,
65c87682c40d2cdaa2ccbffeeb397970c4ae02deffdcf085a45fa0ca8d93701f,2016-01,Norfolk Constabulary,Norfolk Constabulary,1.278172,52.637950,On or near Watson Grove,E01026825,Norwich 007D,Burglary,Investigation complete; no suspect identified,
45839526ea65691fab1f40b03a7737a7bb870efcc4d9673639e708cea58d6726,2016-01,Norfolk Constabulary,Norfolk Constabulary,1.276978,52.636418,On or near Arderon Court,E01026825,Norwich 007D,Criminal damage and arson,Investigation complete; no suspect identified,
87b6b35e2870477065723febf9351864a773e86ebfba0d36008944090382f16f,2016-01,Norfolk Constabulary,Norfolk Constabulary,1.276302,52.638451,On or near Edward Gambling Court,E01026825,Norwich 007D,Criminal damage and arson,Investigation complete; no suspect identified,
6c761804b226b468f0ae0b20a27ed8309a21bb8590bd9fcf8c568919c5100f4c,2016-01,Norfolk Constabulary,Norfolk Constabulary,1.274734,52.638243,On or near Armes Street,E01026825,Norwich 007D,Other theft,Investigation complete; no suspect identified,
39c2724ec7d82ddd37ebd0a057d46d0e1cffe2015740420a69ca1f57c609c77e,2016-01,Norfolk Constabulary,Norfolk Constabulary,1.276302,52.638451,On or near Edward Gambling Court,E01026825,Norwich 007D,Vehicle crime,Suspect charged as part of another case,
5cb14784609bd22a2da141e81c1168d48522aab8d0bc7fa36804dc3311a32723,2016-01,Norfolk Constabulary,Norfolk Constabulary,1.275643,52.635178,On or near West End Street,E01026825,Norwich 007D,Violence and sexual offences,Unable to prosecute suspect,
1ebeb61ccd30cc15b9dd8e64362883dc7b8eb7fd2cc3dc127c38124e0a3092d6,2016-01,Norfolk Constabulary,Norfolk Constabulary,1.278382,52.640174,On or near Heigham Street,E01026825,Norwich 007D,Violence and sexual offences,Status update unavailable,
edb742bd2b93d03cfcf9debdff702f1643f73fd1283f7d77cf417f13e0b6551b,2016-01,Norfolk Constabulary,Norfolk Constabulary,1.275745,52.637333,On or near Nelson Street,E01026825,Norwich 007D,Violence and sexual offences,Offender given community sentence,
e493682655c68dc51110d84a47b6c22009a5c9863ee2054dd5ad365ab654a4ba,2016-01,Norfolk Constabulary,Norfolk Constabulary,1.275745,52.637333,On or near Nelson Street,E01026825,Norwich 007D,Violence and sexual offences,Offender given a caution,
,2016-01,Norfolk Constabulary,Norfolk Constabulary,1.295558,52.637377,On or near Edward Street,E01026826,Norwich 007E,Anti-social behaviour,,
,2016-01,Norfolk Constabulary,Norfolk Constabulary,1.297243,52.637564,On or near Magdalen Close,E01026826,Norwich 007E,Anti-social behaviour,,
,2016-01,Norfolk Constabulary,Norfolk Constabulary,1.295044,52.634477,On or near Golden Dog Lane,E01026826,Norwich 007E,Anti-social behaviour,,
,2016-01,Norfolk Constabulary,Norfolk Constabulary,1.296515,52.636145,On or near Magdalen Street,E01026826,Norwich 007E,Anti-social behaviour,,
,2016-01,Norfolk Constabulary,Norfolk Constabulary,1.301804,52.636690,On or near Parking Area,E01026826,Norwich 007E,Anti-social behaviour,,
,2016-01,Norfolk Constabulary,Norfolk Constabulary,1.297243,52.637564,On or near Magdalen Close,E01026826,Norwich 007E,Anti-social behaviour,,
,2016-01,Norfolk Constabulary,Norfolk Constabulary,1.295167,52.636309,On or near Supermarket,E01026826,Norwich 007E,Anti-social behaviour,,
,2016-01,Norfolk Constabulary,Norfolk Constabulary,1.296515,52.636145,On or near Magdalen Street,E01026826,Norwich 007E,Anti-social behaviour,,
,2016-01,Norfolk Constabulary,Norfolk Constabulary,1.297243,52.637564,On or near Magdalen Close,E01026826,Norwich 007E,Anti-social behaviour,,
,2016-01,Norfolk Constabulary,Norfolk Constabulary,1.294894,52.633852,On or near Balderston Court,E01026826,Norwich 007E,Anti-social behaviour,,
,2016-01,Norfolk Constabulary,Norfolk Constabulary,1.295167,52.636309,On or near Supermarket,E01026826,Norwich 007E,Anti-social behaviour,,
,2016-01,Norfolk Constabulary,Norfolk Constabulary,1.296348,52.638641,On or near Wall Lane,E01026826,Norwich 007E,Anti-social behaviour,,
,2016-01,Norfolk Constabulary,Norfolk Constabulary,1.295167,52.636309,On or near Supermarket,E01026826,Norwich 007E,Anti-social behaviour,,
,2016-01,Norfolk Constabulary,Norfolk Constabulary,1.295558,52.637377,On or near Edward Street,E01026826,Norwich 007E,Anti-social behaviour,,
,2016-01,Norfolk Constabulary,Norfolk Constabulary,1.289589,52.637426,On or near Ebenezer Place,E01026826,Norwich 007E,Anti-social behaviour,,
,2016-01,Norfolk Constabulary,Norfolk Constabulary,1.295167,52.636309,On or near Supermarket,E01026826,Norwich 007E,Anti-social behaviour,,
,2016-01,Norfolk Constabulary,Norfolk Constabulary,1.294894,52.633852,On or near Balderston Court,E01026826,Norwich 007E,Anti-social behaviour,,
21494f8cb24b5bc205433287e23d6b339d87ffb9e264238cb02909317b4ec3ea,2016-01,Norfolk Constabulary,Norfolk Constabulary,1.289947,52.638055,On or near St Martins At Oak Wall Lane,E01026826,Norwich 007E,Burglary,Investigation complete; no suspect identified,
7ee7e1d5161a1051c5c99a285914ea7484767042e6814161b80649ae771b96f0,2016-01,Norfolk Constabulary,Norfolk Constabulary,1.290159,52.636547,On or near Chatham Street,E01026826,Norwich 007E,Criminal damage and arson,Investigation complete; no suspect identified,
70e3cb2357d9dc6b09a9e331bdee7e6863eb5e363861a38bc1fccfc8e7ccbebb,2016-01,Norfolk Constabulary,Norfolk Constabulary,1.292282,52.638826,On or near Magpie Road,E01026826,Norwich 007E,Criminal damage and arson,Investigation complete; no suspect identified,
2b990295b36aec6519ffda3c8166eee5e2bc3af00e8354c233fa4a6767ce73c6,2016-01,Norfolk Constabulary,Norfolk Constabulary,1.293172,52.637290,On or near Rose Yard,E01026826,Norwich 007E,Criminal damage and arson,Formal action is not in the public interest,
71c579ca6f116847553fe67428777e172de3b69a10e855cd4250a4d7902315e6,2016-01,Norfolk Constabulary,Norfolk Constabulary,1.295167,52.636309,On or near Supermarket,E01026826,Norwich 007E,Other theft,Investigation complete; no suspect identified,
f6390e00a81ae61aeb79e2a20cca14d5987a010bf170f484118edab470a50c9c,2016-01,Norfolk Constabulary,Norfolk Constabulary,1.293081,52.638048,On or near Leonards Street,E01026826,Norwich 007E,Other theft,Investigation complete; no suspect identified,
3cdc247860806f1cd2ad949ed917326bcb8f31810c0ad375662d2c95517ebe0d,2016-01,Norfolk Constabulary,Norfolk Constabulary,1.295044,52.634477,On or near Golden Dog Lane,E01026826,Norwich 007E,Robbery,Formal action is not in the public interest,
2752b7fd9a139fbc717f134ce18685d507c4ee016cb337b7e5b5d44c8af84798,2016-01,Norfolk Constabulary,Norfolk Constabulary,1.292282,52.638826,On or near Magpie Road,E01026826,Norwich 007E,Shoplifting,Investigation complete; no suspect identified,
3d4848eb9bf08c23a8817f6f1eec7427a410c0d80ff517fcb6e7812e5efb264c,2016-01,Norfolk Constabulary,Norfolk Constabulary,1.295167,52.636309,On or near Supermarket,E01026826,Norwich 007E,Shoplifting,Offender sent to prison,
9ff7948335c9ad3787c21c9a9c68c7fe0fee7953e35f69fada1a0109663b02e5,2016-01,Norfolk Constabulary,Norfolk Constabulary,1.292282,52.638826,On or near Magpie Road,E01026826,Norwich 007E,Shoplifting,Investigation complete; no suspect identified,
7083da3c9ac117b84721e843739b84793302cda6f12152f31767ceca17942978,2016-01,Norfolk Constabulary,Norfolk Constabulary,1.292282,52.638826,On or near Magpie Road,E01026826,Norwich 007E,Shoplifting,Investigation complete; no suspect identified,
055278a162f42bf1537c7eadfe510109111eb792bbdd2098ded28e595a492e31,2016-01,Norfolk Constabulary,Norfolk Constabulary,1.299453,52.637277,On or near Leopard Court,E01026826,Norwich 007E,Vehicle crime,Investigation complete; no suspect identified,
ecf1a6fca9c7dedd18c016831def64080772e3167a343edcc064e9fc3e1b5221,2016-01,Norfolk Constabulary,Norfolk Constabulary,1.298579,52.638030,On or near Bull Close Road,E01026826,Norwich 007E,Vehicle crime,Investigation complete; no suspect identified,
36915533f432d8aab2e00db2674c9b4df7a38268cdbb929ac2f156396f63a8b8,2016-01,Norfolk Constabulary,Norfolk Constabulary,1.295558,52.637377,On or near Edward Street,E01026826,Norwich 007E,Vehicle crime,Investigation complete; no suspect identified,
a7cec13ad56efb6b1bdff9745d966c96146bf71600c5e2169871ec1ffa411478,2016-01,Norfolk Constabulary,Norfolk Constabulary,1.297243,52.637564,On or near Magdalen Close,E01026826,Norwich 007E,Violence and sexual offences,Status update unavailable,
8e113a8cd5e1604e871475ae6828142bc659f7c12a8ad241f2c0090d5a636415,2016-01,Norfolk Constabulary,Norfolk Constabulary,1.298457,52.637197,On or near Bull Close,E01026826,Norwich 007E,Violence and sexual offences,Investigation complete; no suspect identified,
e5e76143e8efb617b8b639c1de33593df505d0e054ce8a193e9c64b2c9058587,2016-01,Norfolk Constabulary,Norfolk Constabulary,1.296515,52.636145,On or near Magdalen Street,E01026826,Norwich 007E,Violence and sexual offences,Formal action is not in the public interest,
,2016-01,Norfolk Constabulary,Norfolk Constabulary,1.279903,52.636786,On or near Clifton Close,E01026827,Norwich 007F,Anti-social behaviour,,
,2016-01,Norfolk Constabulary,Norfolk Constabulary,1.279903,52.636786,On or near Clifton Close,E01026827,Norwich 007F,Anti-social behaviour,,
,2016-01,Norfolk Constabulary,Norfolk Constabulary,1.279903,52.636786,On or near Clifton Close,E01026827,Norwich 007F,Anti-social behaviour,,
,2016-01,Norfolk Constabulary,Norfolk Constabulary,1.278347,52.636146,On or near Old Palace Road,E01026827,Norwich 007F,Anti-social behaviour,,
,2016-01,Norfolk Constabulary,Norfolk Constabulary,1.281538,52.636516,On or near Russell Street,E01026827,Norwich 007F,Anti-social behaviour,,
,2016-01,Norfolk Constabulary,Norfolk Constabulary,1.279969,52.635499,On or near Devonshire Street,E01026827,Norwich 007F,Anti-social behaviour,,
,2016-01,Norfolk Constabulary,Norfolk Constabulary,1.279113,52.634929,On or near Browne Street,E01026827,Norwich 007F,Anti-social behaviour,,
,2016-01,Norfolk Constabulary,Norfolk Constabulary,1.279969,52.635499,On or near Devonshire Street,E01026827,Norwich 007F,Anti-social behaviour,,
,2016-01,Norfolk Constabulary,Norfolk Constabulary,1.279903,52.636786,On or near Clifton Close,E01026827,Norwich 007F,Anti-social behaviour,,
,2016-01,Norfolk Constabulary,Norfolk Constabulary,1.279903,52.636786,On or near Clifton Close,E01026827,Norwich 007F,Anti-social behaviour,,
,2016-01,Norfolk Constabulary,Norfolk Constabulary,1.282255,52.637594,On or near Blackhorse Street,E01026827,Norwich 007F,Anti-social behaviour,,
,2016-01,Norfolk Constabulary,Norfolk Constabulary,1.287335,52.634377,On or near Barn Road,E01026827,Norwich 007F,Anti-social behaviour,,
,2016-01,Norfolk Constabulary,Norfolk Constabulary,1.279969,52.635499,On or near Devonshire Street,E01026827,Norwich 007F,Anti-social behaviour,,
,2016-01,Norfolk Constabulary,Norfolk Constabulary,1.279903,52.636786,On or near Clifton Close,E01026827,Norwich 007F,Anti-social behaviour,,
,2016-01,Norfolk Constabulary,Norfolk Constabulary,1.279903,52.636786,On or near Clifton Close,E01026827,Norwich 007F,Anti-social behaviour,,
40534c97b96ecb9c9529dca06fb6d430fe484ac024bc8ea8035568773ddecd0d,2016-01,Norfolk Constabulary,Norfolk Constabulary,1.282116,52.635547,On or near Russell Street,E01026827,Norwich 007F,Burglary,Investigation complete; no suspect identified,
d5325ffe6a560bd8de02dfd3a43c56ae2aab302decd62d3dea2cf233cd4d2622,2016-01,Norfolk Constabulary,Norfolk Constabulary,1.285091,52.637560,On or near Barker Street,E01026827,Norwich 007F,Burglary,Investigation complete; no suspect identified,
109335d0815b75cc726b95fb6821f59a8167b011a340606c58096f6ccb107670,2016-01,Norfolk Constabulary,Norfolk Constabulary,1.283701,52.638156,On or near Kingsway,E01026827,Norwich 007F,Criminal damage and arson,Investigation complete; no suspect identified,
2cdd4df75eaa27b04f8082ca6424c6fa4c7741eaa9aa1cd3ce5571ab6255f74d,2016-01,Norfolk Constabulary,Norfolk Constabulary,1.279969,52.635499,On or near Devonshire Street,E01026827,Norwich 007F,Drugs,Status update unavailable,
26c306b5a4e1fa5a533335d4600f82476b30e9d421955c70dc0086511337e71d,2016-01,Norfolk Constabulary,Norfolk Constabulary,1.279774,52.634470,On or near Goldsmith Street,E01026827,Norwich 007F,Other theft,Investigation complete; no suspect identified,
a330422584df202c6f072652ad6544de74d4ed10fa4fd8e802319eff52d77a81,2016-01,Norfolk Constabulary,Norfolk Constabulary,1.279903,52.636786,On or near Clifton Close,E01026827,Norwich 007F,Other theft,Investigation complete; no suspect identified,
c2f5fbd2f165b5f65f2289c0f284df02ec068cc231833c67cf96f37f40bf0de7,2016-01,Norfolk Constabulary,Norfolk Constabulary,1.280486,52.637868,On or near Causeway Close,E01026827,Norwich 007F,Public order,Status update unavailable,
795023270e934a54cde42f3bb94afa823a0e3cc1dc91658a2f01fcaa7fb28847,2016-01,Norfolk Constabulary,Norfolk Constabulary,1.280486,52.637868,On or near Causeway Close,E01026827,Norwich 007F,Public order,Formal action is not in the public interest,
b966c93dbf77c635acff1750942c8d88b72bfd67b0c3bfaaa669cba19bf60113,2016-01,Norfolk Constabulary,Norfolk Constabulary,1.282116,52.635547,On or near Russell Street,E01026827,Norwich 007F,Robbery,Investigation complete; no suspect identified,
22b34c7a092568482a2f0161dc121125b9d7141e70558d59d30a42c1cfc550db,2016-01,Norfolk Constabulary,Norfolk Constabulary,1.279113,52.634929,On or near Browne Street,E01026827,Norwich 007F,Robbery,Investigation complete; no suspect identified,
1c99da4882f69d7d363c307c8592a94404523924f412e346a2b7c7189d78e3ee,2016-01,Norfolk Constabulary,Norfolk Constabulary,1.287335,52.634377,On or near Barn Road,E01026827,Norwich 007F,Shoplifting,Offender otherwise dealt with,
1dd9b2c7866d054201c3ffdf4122dc5954b8f3844767f73d2d16b2d236ff9169,2016-01,Norfolk Constabulary,Norfolk Constabulary,1.285091,52.637560,On or near Barker Street,E01026827,Norwich 007F,Shoplifting,Investigation complete; no suspect identified,
7de60ee5968cfb7cac27234437d439182ea138ca0aa89109f6da2e0fc82c98b6,2016-01,Norfolk Constabulary,Norfolk Constabulary,1.285091,52.637560,On or near Barker Street,E01026827,Norwich 007F,Shoplifting,Investigation complete; no suspect identified,
8fbd1ab3a284170da8af50c66118f874a63921b9327422d767f708e737a9e4eb,2016-01,Norfolk Constabulary,Norfolk Constabulary,1.281053,52.638922,On or near Paddock Street,E01026827,Norwich 007F,Vehicle crime,Defendant found not guilty,
ae4bde7f04a5a0bf206a5170ef346f93d2041631a949444dd7372e8ae2cd1b30,2016-01,Norfolk Constabulary,Norfolk Constabulary,1.287335,52.634377,On or near Barn Road,E01026827,Norwich 007F,Vehicle crime,Investigation complete; no suspect identified,
fe344b59affa236e101a8bfb2642ec20712bfa7e93d7243cc3201b8ed4f07b53,2016-01,Norfolk Constabulary,Norfolk Constabulary,1.280486,52.637868,On or near Causeway Close,E01026827,Norwich 007F,Violence and sexual offences,Formal action is not in the public interest,
69f7bf2ff0ca75aec1bed538f7042207711f6d233922531b77463b6e520ceead,2016-01,Norfolk Constabulary,Norfolk Constabulary,1.279969,52.635499,On or near Devonshire Street,E01026827,Norwich 007F,Violence and sexual offences,Court case unable to proceed,
79a5a3c8ed8150515bb9d209b85af05840cabcfa6ad251e63746d44f2a4e278c,2016-01,Norfolk Constabulary,Norfolk Constabulary,1.281538,52.636516,On or near Russell Street,E01026827,Norwich 007F,Violence and sexual offences,Court result unavailable,
2f279dc6cee4be7e6731081fa6b4b26e06ce84445f684b140b5cf82573556ddb,2016-01,Norfolk Constabulary,Norfolk Constabulary,1.279186,52.635502,On or near Devonshire Street,E01026827,Norwich 007F,Violence and sexual offences,Unable to prosecute suspect,
fd4ec551234e56aab076cde272435bfe7ea78ac897050a50531c77c893f64310,2016-01,Norfolk Constabulary,Norfolk Constabulary,1.279969,52.635499,On or near Devonshire Street,E01026827,Norwich 007F,Violence and sexual offences,Status update unavailable,
e8b19dfb4d9aa81766ffa42077ea7de028412ac60c7b792d687bd865b9456837,2016-01,Norfolk Constabulary,Norfolk Constabulary,1.283858,52.636893,On or near Marriot Close,E01026827,Norwich 007F,Violence and sexual offences,Offender given a caution,
5269906d8dd05f41dd7e51fe69dd6bb8893ef529969c896c79d4ece5b6cebf24,2016-01,Norfolk Constabulary,Norfolk Constabulary,1.287335,52.634377,On or near Barn Road,E01026827,Norwich 007F,Violence and sexual offences,Status update unavailable,
639a72d308c64c7361a384cfa0475e92c28ffd3485ec7e37a25ff7416897a094,2016-01,Norfolk Constabulary,Norfolk Constabulary,1.281538,52.636516,On or near Russell Street,E01026827,Norwich 007F,Violence and sexual offences,Court result unavailable,
3b4b9c23628594341b3187e46eacc9c4efd2cc83677b207847658d626bb122c3,2016-01,Norfolk Constabulary,Norfolk Constabulary,1.287335,52.634377,On or near Barn Road,E01026827,Norwich 007F,Violence and sexual offences,Investigation complete; no suspect identified,
54442fc413d110def6740521c9c1fca685772fe96f37050337fb6be843fd5411,2016-01,Norfolk Constabulary,Norfolk Constabulary,1.281538,52.636516,On or near Russell Street,E01026827,Norwich 007F,Other crime,Offender given a caution,
,2016-01,Norfolk Constabulary,Norfolk Constabulary,1.278811,52.625952,On or near Sports/Recreation Area,E01026835,Norwich 009A,Anti-social behaviour,,
,2016-01,Norfolk Constabulary,Norfolk Constabulary,1.275859,52.626799,On or near Doris Road,E01026835,Norwich 009A,Anti-social behaviour,,
,2016-01,Norfolk Constabulary,Norfolk Constabulary,1.278811,52.625952,On or near Sports/Recreation Area,E01026835,Norwich 009A,Anti-social behaviour,,
44d4ed5e584df4852f6992201c9d4bd3c7c4239968a5f7239d7ce257886acc60,2016-01,Norfolk Constabulary,Norfolk Constabulary,1.274195,52.627267,On or near Cardiff Road,E01026835,Norwich 009A,Bicycle theft,Investigation complete; no suspect identified,
de4952dcb6acc89d332e2288a745ed08fc2a32e07acc0a0f224a6a0b351eefef,2016-01,Norfolk Constabulary,Norfolk Constabulary,1.273976,52.626311,On or near Avenue Road,E01026835,Norwich 009A,Bicycle theft,Investigation complete; no suspect identified,
c60a7d9f5cc28e8a56aa438b673dfa0895835bd6f9ef6d9994d349decd439f36,2016-01,Norfolk Constabulary,Norfolk Constabulary,1.273976,52.626311,On or near Avenue Road,E01026835,Norwich 009A,Criminal damage and arson,Investigation complete; no suspect identified,
4a75b290c920ab8488581fd8541019a3a109fc02fea58b9fc260a06fc5b1cc66,2016-01,Norfolk Constabulary,Norfolk Constabulary,1.278811,52.625952,On or near Sports/Recreation Area,E01026835,Norwich 009A,Criminal damage and arson,Investigation complete; no suspect identified,
99b99cd410469784a4ee9ba30870ee46acbcbe9dd8af2c89d36484161b2a9bc6,2016-01,Norfolk Constabulary,Norfolk Constabulary,1.281503,52.629331,On or near Chester Place,E01026835,Norwich 009A,Criminal damage and arson,Formal action is not in the public interest,
8f45e2e90bd6bc22ed1eb7bca4450cf0e3e09f89d32fbf415fb09803b092a331,2016-01,Norfolk Constabulary,Norfolk Constabulary,1.281503,52.629331,On or near Chester Place,E01026835,Norwich 009A,Drugs,Status update unavailable,
c534abc789f6f28cf3584fcc97b8ac4f13efe72f92bc5368563eb65324f3dd9b,2016-01,Norfolk Constabulary,Norfolk Constabulary,1.281503,52.629331,On or near Chester Place,E01026835,Norwich 009A,Drugs,Formal action is not in the public interest,
c4684f31f1490d72d56bf3f0f39ae54d6e00f5834e9961ca2ce5a4153a549d17,2016-01,Norfolk Constabulary,Norfolk Constabulary,1.278811,52.625952,On or near Sports/Recreation Area,E01026835,Norwich 009A,Public order,Investigation complete; no suspect identified,
444e8af3869f0c7414cc065175346c6455f4ffa52556c84e24ff131ef74c367c,2016-01,Norfolk Constabulary,Norfolk Constabulary,1.278811,52.625952,On or near Sports/Recreation Area,E01026835,Norwich 009A,Shoplifting,Court result unavailable,
58eef62c2885e6fa9e60208339c0136ca0bd0fd9a139ae032dc61210fdbb51cb,2016-01,Norfolk Constabulary,Norfolk Constabulary,1.281503,52.629331,On or near Chester Place,E01026835,Norwich 009A,Violence and sexual offences,Formal action is not in the public interest,
f1cbea0d2d167e028bcedf5f9338c3f9792063bfb1ca01ab9494ac0da5b77fd2,2016-01,Norfolk Constabulary,Norfolk Constabulary,1.281503,52.629331,On or near Chester Place,E01026835,Norwich 009A,Violence and sexual offences,Defendant found not guilty,
f8d5cb92be05a7ce284a769fab121b88ac89e7580ae029735889c14f7e2fa93e,2016-01,Norfolk Constabulary,Norfolk Constabulary,1.268329,52.626296,On or near The Avenues,E01026836,Norwich 009B,Burglary,Defendant found not guilty,
7762ac4a4973ada9cd381770417f66d0626f043308438800d484f4f74909dd83,2016-01,Norfolk Constabulary,Norfolk Constabulary,1.272928,52.627123,On or near Milford Road,E01026836,Norwich 009B,Violence and sexual offences,Formal action is not in the public interest,
,2016-01,Norfolk Constabulary,Norfolk Constabulary,1.277764,52.628545,On or near Mill Hill Road,E01026837,Norwich 009C,Anti-social behaviour,,
,2016-01,Norfolk Constabulary,Norfolk Constabulary,1.278774,52.633355,On or near Heigham Road,E01026837,Norwich 009C,Anti-social behaviour,,
,2016-01,Norfolk Constabulary,Norfolk Constabulary,1.276126,52.627799,On or near Park Lane,E01026837,Norwich 009C,Anti-social behaviour,,
,2016-01,Norfolk Constabulary,Norfolk Constabulary,1.276126,52.627799,On or near Park Lane,E01026837,Norwich 009C,Anti-social behaviour,,
c56805f791600549558ddf828e40669fd1952db85a7ad5723cd646796c5908a7,2016-01,Norfolk Constabulary,Norfolk Constabulary,1.268998,52.629129,On or near Supermarket,E01026837,Norwich 009C,Bicycle theft,Suspect charged as part of another case,
d8c582617d8b3c82b88187c3f1d5c5ae5530b92d1e5927dc4cf40b5d0d18feec,2016-01,Norfolk Constabulary,Norfolk Constabulary,1.278271,52.632173,On or near Heigham Road,E01026837,Norwich 009C,Bicycle theft,Investigation complete; no suspect identified,
b3d136d29911cf5ff0b4f6f029073a932c8dcfdd16be3decf8eb5fa7b668aa65,2016-01,Norfolk Constabulary,Norfolk Constabulary,1.278271,52.632173,On or near Heigham Road,E01026837,Norwich 009C,Burglary,Investigation complete; no suspect identified,
808ae0b74e1c76f76a95d904a1ae545c536e5f68cdedd48a9fd8d54d1610c0d0,2016-01,Norfolk Constabulary,Norfolk Constabulary,1.279897,52.629601,On or near Heigham Grove,E01026837,Norwich 009C,Burglary,Investigation complete; no suspect identified,
a806516c3b4d1e69d308aae7b2905d81ec455d36ecd4a43debbfe958142c940f,2016-01,Norfolk Constabulary,Norfolk Constabulary,1.275557,52.630458,On or near Earlham Road,E01026837,Norwich 009C,Burglary,Investigation complete; no suspect identified,
2748d76cc4aa4dce702887d2af641132e52ab96f476fe223ed99a37e151eda28,2016-01,Norfolk Constabulary,Norfolk Constabulary,1.275557,52.630458,On or near Earlham Road,E01026837,Norwich 009C,Criminal damage and arson,Investigation complete; no suspect identified,
5730ba9d2c276baed0d63dffac94b3f7b0884e4a92fc3c0ced7ad49535068bcf,2016-01,Norfolk Constabulary,Norfolk Constabulary,1.276487,52.632222,On or near Gladstone Street,E01026837,Norwich 009C,Criminal damage and arson,Investigation complete; no suspect identified,
1a8835e2a6c277dadd96646aeb3e4b7285ddecb70fac5d601087d3b4ffad9174,2016-01,Norfolk Constabulary,Norfolk Constabulary,1.268998,52.629129,On or near Supermarket,E01026837,Norwich 009C,Shoplifting,Offender sent to prison,
28665ba0f0ea59f8de1ac9364d27f8e2a88ee68c24542eef89bc52e5c607da7c,2016-01,Norfolk Constabulary,Norfolk Constabulary,1.268998,52.629129,On or near Supermarket,E01026837,Norwich 009C,Shoplifting,Offender sent to prison,
5c76c04fa0f98090010bba6d26a1306dfa47df04d87191af5844e003d2ba524c,2016-01,Norfolk Constabulary,Norfolk Constabulary,1.268998,52.629129,On or near Supermarket,E01026837,Norwich 009C,Shoplifting,Offender otherwise dealt with,
425a92de2432aaabb7b61a3e00cdd453abee452c9320fdf23a9b8bc7e5852d04,2016-01,Norfolk Constabulary,Norfolk Constabulary,1.275557,52.630458,On or near Earlham Road,E01026837,Norwich 009C,Violence and sexual offences,Court result unavailable,
,2016-01,Norfolk Constabulary,Norfolk Constabulary,1.270793,52.624654,On or near Bensley Road,E01026838,Norwich 009D,Anti-social behaviour,,
8e98e3f235bd59516944243a17d9b93a8c05f4b387ee04d2f397df03fa1fe131,2016-01,Norfolk Constabulary,Norfolk Constabulary,1.272239,52.623247,On or near Girton Road,E01026838,Norwich 009D,Drugs,Status update unavailable,
,2016-01,Norfolk Constabulary,Norfolk Constabulary,1.273524,52.625802,On or near Whitehall Road,E01026839,Norwich 009E,Anti-social behaviour,,
,2016-01,Norfolk Constabulary,Norfolk Constabulary,1.275648,52.624754,On or near Warwick Street,E01026839,Norwich 009E,Anti-social behaviour,,
,2016-01,Norfolk Constabulary,Norfolk Constabulary,1.277098,52.624588,On or near Rose Valley,E01026839,Norwich 009E,Anti-social behaviour,,
,2016-01,Norfolk Constabulary,Norfolk Constabulary,1.274891,52.622536,On or near Unthank Road,E01026839,Norwich 009E,Anti-social behaviour,,
80c8a452426ec94ae515a220a3077171bf4061771206651e64a9dd89d7795828,2016-01,Norfolk Constabulary,Norfolk Constabulary,1.277098,52.624588,On or near Rose Valley,E01026839,Norwich 009E,Burglary,Status update unavailable,
c79be34febea5138c5a72a7e1c1343813084a5231b33d23eb9ebdeab1ce9b3d6,2016-01,Norfolk Constabulary,Norfolk Constabulary,1.275900,52.622993,On or near Unthank Road,E01026839,Norwich 009E,Criminal damage and arson,Investigation complete; no suspect identified,
f668a09139424e5c0c0a32800f356045014a991e1ad6459f7fe74f56a028638c,2016-01,Norfolk Constabulary,Norfolk Constabulary,1.277098,52.624588,On or near Rose Valley,E01026839,Norwich 009E,Criminal damage and arson,Investigation complete; no suspect identified,
a784d2b3136cbc8b759644753c37de59468eff85bbfa7197cac81f207156ecdb,2016-01,Norfolk Constabulary,Norfolk Constabulary,1.273296,52.625332,On or near Portersfield Road,E01026839,Norwich 009E,Criminal damage and arson,Investigation complete; no suspect identified,
87703d16081d99fe9b5428262a9f11908f706ac881adec70c380e1b53142f674,2016-01,Norfolk Constabulary,Norfolk Constabulary,1.274891,52.622536,On or near Unthank Road,E01026839,Norwich 009E,Criminal damage and arson,Local resolution,
dfa9c786661fa2a720b4e7a69a4caa070b3810dc45b006d05d370535d21bbda5,2016-01,Norfolk Constabulary,Norfolk Constabulary,1.274891,52.622536,On or near Unthank Road,E01026839,Norwich 009E,Criminal damage and arson,Investigation complete; no suspect identified,
35e3545bd46ff498591abb8a4cf421bd8931d2ecfcd9c0e11e9277e0a3f8550a,2016-01,Norfolk Constabulary,Norfolk Constabulary,1.277098,52.624588,On or near Rose Valley,E01026839,Norwich 009E,Criminal damage and arson,Investigation complete; no suspect identified,
443818d0396579c8e449810b4eeee44cfa442bf6c2f2d380ec745fe37d6dc313,2016-01,Norfolk Constabulary,Norfolk Constabulary,1.277098,52.624588,On or near Rose Valley,E01026839,Norwich 009E,Criminal damage and arson,Offender given a caution,
99aaf3838297a459ee0f68cf4b27a197341f3094c8d46e61bb7f965e747b4063,2016-01,Norfolk Constabulary,Norfolk Constabulary,1.277098,52.624588,On or near Rose Valley,E01026839,Norwich 009E,Criminal damage and arson,Investigation complete; no suspect identified,
39a0de0b811cff83f79442ab01b66cb520b2e1fb48224c87757380e56ede1973,2016-01,Norfolk Constabulary,Norfolk Constabulary,1.277098,52.624588,On or near Rose Valley,E01026839,Norwich 009E,Public order,Status update unavailable,
755af0f58c443a53d8af18c9bf5daaa0a0167e36149d953d767b93637b2a8a80,2016-01,Norfolk Constabulary,Norfolk Constabulary,1.274891,52.622536,On or near Unthank Road,E01026839,Norwich 009E,Violence and sexual offences,Formal action is not in the public interest,
9fe84c3ca4ead10f562e402fbd42ea3f866d82acf320a3ad013d419fab737e52,2016-01,Norfolk Constabulary,Norfolk Constabulary,1.275121,52.624229,On or near Dover Street,E01026839,Norwich 009E,Violence and sexual offences,Status update unavailable,
,2016-01,Norfolk Constabulary,Norfolk Constabulary,1.270899,52.632224,On or near Winter Road,E01026840,Norwich 009F,Anti-social behaviour,,
,2016-01,Norfolk Constabulary,Norfolk Constabulary,1.273605,52.631052,On or near Sandringham Road,E01026840,Norwich 009F,Anti-social behaviour,,
1221c18dc0f7af93ccee92aa9cd09d490bbdc17d06a70bac8bcd88c6f002a7f0,2016-01,Norfolk Constabulary,Norfolk Constabulary,1.273605,52.631052,On or near Sandringham Road,E01026840,Norwich 009F,Burglary,Investigation complete; no suspect identified,
e3913de03e8253b8a1b3f5991555151bead2ff5bec8d25407aa18462a107d603,2016-01,Norfolk Constabulary,Norfolk Constabulary,1.270899,52.632224,On or near Winter Road,E01026840,Norwich 009F,Other theft,Investigation complete; no suspect identified,
1a9cd39b6d07cb13b6d71938d0f76ecde4fe42015e9b9f000111b1af7088eda0,2016-01,Norfolk Constabulary,Norfolk Constabulary,1.275660,52.632236,On or near Alexandra Road,E01026840,Norwich 009F,Violence and sexual offences,Status update unavailable,
69dffa26a6d329b59f85ec722cf440569dbf9a2e2e6bd898de183dc5424c58b0,2016-01,Norfolk Constabulary,Norfolk Constabulary,1.251316,52.626072,On or near Morello Close,E01026858,Norwich 010A,Drugs,Offender given a caution,
d24f1e2425823217ef67da0279db587f86934cef604d5e167250d5d955c9e466,2016-01,Norfolk Constabulary,Norfolk Constabulary,1.251316,52.626072,On or near Morello Close,E01026858,Norwich 010A,Public order,Formal action is not in the public interest,
4add5eece72bba0d7ec48754c8348d038c0e9151df19e23b7555c66f0ec504c7,2016-01,Norfolk Constabulary,Norfolk Constabulary,1.253215,52.621595,On or near North Park Avenue,E01026858,Norwich 010A,Violence and sexual offences,Status update unavailable,
fb621815e3a8c07a00d0240e3694ad6f9f98bed05ec26ff3a70bfbd117e5745d,2016-01,Norfolk Constabulary,Norfolk Constabulary,1.258875,52.622591,On or near Fairfax Road,E01026858,Norwich 010A,Violence and sexual offences,Unable to prosecute suspect,
,2016-01,Norfolk Constabulary,Norfolk Constabulary,1.259111,52.624968,On or near Carpenters Court,E01026859,Norwich 010B,Anti-social behaviour,,
,2016-01,Norfolk Constabulary,Norfolk Constabulary,1.262494,52.625747,On or near Elizabeth Fry Road,E01026859,Norwich 010B,Anti-social behaviour,,
,2016-01,Norfolk Constabulary,Norfolk Constabulary,1.262845,52.623507,On or near Jessopp Close,E01026859,Norwich 010B,Anti-social behaviour,,
da40f94a1bcf26b79b8d8271f164689ff498d9a5429a4fd9018598ce771d6840,2016-01,Norfolk Constabulary,Norfolk Constabulary,1.259325,52.623478,On or near Kennett Close,E01026859,Norwich 010B,Burglary,Investigation complete; no suspect identified,
471f27fca0ae2eca782d0dcc6946e7537d0f82aa18c6b9bb29ff4870a8375811,2016-01,Norfolk Constabulary,Norfolk Constabulary,1.263498,52.623947,On or near Gould Road,E01026859,Norwich 010B,Criminal damage and arson,Investigation complete; no suspect identified,
859651f5d4bb2da0d9b059610509802bc6b09cb7b62c4c6f083cfd1026df6b05,2016-01,Norfolk Constabulary,Norfolk Constabulary,1.259899,52.625225,On or near Bunnett Square,E01026859,Norwich 010B,Criminal damage and arson,Investigation complete; no suspect identified,
afcfb978ab451c294cc28c2f98b39390a99e37d81f641592de8cecb8f507bd74,2016-01,Norfolk Constabulary,Norfolk Constabulary,1.262845,52.623507,On or near Jessopp Close,E01026859,Norwich 010B,Drugs,Status update unavailable,
3b0fdc90bdca898d6eefab8ffda573e83d166148075b938d6b6918e8cf93b47a,2016-01,Norfolk Constabulary,Norfolk Constabulary,1.259899,52.625225,On or near Bunnett Square,E01026859,Norwich 010B,Other theft,Investigation complete; no suspect identified,
6f1a99b153fa9325b61e28196aaa37a2716dfb801a3964ea66b0e9324ef6b273,2016-01,Norfolk Constabulary,Norfolk Constabulary,1.261449,52.624013,On or near Twelve Acre Road,E01026859,Norwich 010B,Vehicle crime,Investigation complete; no suspect identified,
b3c93a972bf57471eb390f9869dd717ade708a5a8a6c97980830a1d4d8b7f9f4,2016-01,Norfolk Constabulary,Norfolk Constabulary,1.261449,52.624013,On or near Twelve Acre Road,E01026859,Norwich 010B,Violence and sexual offences,Formal action is not in the public interest,
6aab9a8c387991c7a759f7ac6a7c2a2a853115f29cfe489a65439562d9aa6ff6,2016-01,Norfolk Constabulary,Norfolk Constabulary,1.262494,52.625747,On or near Elizabeth Fry Road,E01026859,Norwich 010B,Violence and sexual offences,Status update unavailable,
8e10d125fc07494b872b942b22c7a523d1327cec6803687af3c28c46dbc2b5fd,2016-01,Norfolk Constabulary,Norfolk Constabulary,1.262845,52.623507,On or near Jessopp Close,E01026859,Norwich 010B,Violence and sexual offences,Offender fined,
,2016-01,Norfolk Constabulary,Norfolk Constabulary,1.241141,52.621180,On or near Pedestrian Subway,E01026860,Norwich 010C,Anti-social behaviour,,
,2016-01,Norfolk Constabulary,Norfolk Constabulary,1.248942,52.621560,On or near Wycliffe Road,E01026860,Norwich 010C,Anti-social behaviour,,
,2016-01,Norfolk Constabulary,Norfolk Constabulary,1.251377,52.621718,On or near Supermarket,E01026860,Norwich 010C,Anti-social behaviour,,
b55115475683eacdd6f662616fe7cf94d85348dd2bbc9d6fef8fbd0d072aba57,2016-01,Norfolk Constabulary,Norfolk Constabulary,1.240102,52.620327,On or near Suffolk Road,E01026860,Norwich 010C,Bicycle theft,Investigation complete; no suspect identified,
edf5d7e3f6817c41a9425dc766505a0b7223b8d7b0dc336cb35c85282ad27ab5,2016-01,Norfolk Constabulary,Norfolk Constabulary,1.240102,52.620327,On or near Suffolk Road,E01026860,Norwich 010C,Bicycle theft,Investigation complete; no suspect identified,
888bca79178fa3c4b2011c47ed16784f0e975f32d177f9693ee9556acc09ea20,2016-01,Norfolk Constabulary,Norfolk Constabulary,1.250029,52.621881,On or near Ruskin Road,E01026860,Norwich 010C,Bicycle theft,Investigation complete; no suspect identified,
66d6717a1a5e15fa8a01ff3dd1801a90cdcdff997a289cc527f95f1e7f000e59,2016-01,Norfolk Constabulary,Norfolk Constabulary,1.251370,52.621817,On or near Supermarket,E01026860,Norwich 010C,Bicycle theft,Investigation complete; no suspect identified,
16dc6e24cbea0118df6dc46d5b629d8b1964b3ff11a04681ec8ef11123bc8f32,2016-01,Norfolk Constabulary,Norfolk Constabulary,1.237406,52.628234,On or near The Courtyard,E01026860,Norwich 010C,Burglary,Investigation complete; no suspect identified,
e88977a962b3221cb8bfd6c5dae42c77acf149b0a32ac0d8066e097b6a3930fd,2016-01,Norfolk Constabulary,Norfolk Constabulary,1.240102,52.620327,On or near Suffolk Road,E01026860,Norwich 010C,Burglary,Investigation complete; no suspect identified,
1c91f9125e4a856e90f61ed23e7e69a448791d13ceabb33dd6e2b3d2ee109b4e,2016-01,Norfolk Constabulary,Norfolk Constabulary,1.240102,52.620327,On or near Suffolk Road,E01026860,Norwich 010C,Burglary,Investigation complete; no suspect identified,
83d5eef0e14e81d9c06b12a2aeef52480966b477e86f2139b7aa7513841451fa,2016-01,Norfolk Constabulary,Norfolk Constabulary,1.240102,52.620327,On or near Suffolk Road,E01026860,Norwich 010C,Burglary,Investigation complete; no suspect identified,
98afdf702bb252b5fc6dfe4beb38437587caf76b555417c266395e29f7a48bcf,2016-01,Norfolk Constabulary,Norfolk Constabulary,1.237406,52.628234,On or near The Courtyard,E01026860,Norwich 010C,Burglary,Investigation complete; no suspect identified,
d02e159d5384462c737996de92e2bba434016c91677ffd1e16b4d96e415cbd36,2016-01,Norfolk Constabulary,Norfolk Constabulary,1.240102,52.620327,On or near Suffolk Road,E01026860,Norwich 010C,Burglary,Formal action is not in the public interest,
33bcadd9bbb29c53393d60373517b5bd90982dd756a58fed28b30016334a4344,2016-01,Norfolk Constabulary,Norfolk Constabulary,1.251156,52.623316,On or near Lovelace Road,E01026860,Norwich 010C,Criminal damage and arson,Investigation complete; no suspect identified,
01c0a2c8a931e06ba6af2f41c392f43df24394363cf13eb5424ed20986ba686f,2016-01,Norfolk Constabulary,Norfolk Constabulary,1.240102,52.620327,On or near Suffolk Road,E01026860,Norwich 010C,Criminal damage and arson,Investigation complete; no suspect identified,
76e117a96cd924a405faad9fde74e15a199f0add242a06266738be6f2874fcf0,2016-01,Norfolk Constabulary,Norfolk Constabulary,1.240102,52.620327,On or near Suffolk Road,E01026860,Norwich 010C,Criminal damage and arson,Formal action is not in the public interest,
7441d189fc38e549f4cb7c324225dc0cf0751caac52c1c7fb0c23020c0cf203e,2016-01,Norfolk Constabulary,Norfolk Constabulary,1.240102,52.620327,On or near Suffolk Road,E01026860,Norwich 010C,Other theft,Investigation complete; no suspect identified,
e48c66a4963908727fc7d01941d7d1262acdc885f271fb47a1a646b60d151110,2016-01,Norfolk Constabulary,Norfolk Constabulary,1.246644,52.624051,On or near Bluebell Road,E01026860,Norwich 010C,Other theft,Formal action is not in the public interest,
27e8d4792ba0927c2c1e88c2bfdfe7f259a45750b10683484f48f73475614f7d,2016-01,Norfolk Constabulary,Norfolk Constabulary,1.240102,52.620327,On or near Suffolk Road,E01026860,Norwich 010C,Other theft,Investigation complete; no suspect identified,
ee31ccf1a0bdc2854e2f9b269d6e0d259e628a27ac23e7a3a3f2beb64ac2cc38,2016-01,Norfolk Constabulary,Norfolk Constabulary,1.243274,52.623253,On or near Parking Area,E01026860,Norwich 010C,Other theft,Formal action is not in the public interest,
6e2a40e401a2d9f32d80f8b8b1f8e5c748a0ea5698e0dbeaf1bde1bdaee82b8c,2016-01,Norfolk Constabulary,Norfolk Constabulary,1.239044,52.622200,On or near Parking Area,E01026860,Norwich 010C,Other theft,Local resolution,
ef25eccd90c092bcebc22f88ae224ecc1bb9187418f0cb16e7789845c487db2f,2016-01,Norfolk Constabulary,Norfolk Constabulary,1.240102,52.620327,On or near Suffolk Road,E01026860,Norwich 010C,Other theft,Investigation complete; no suspect identified,
4d0fc32670fc820bca824e5b77833ef7f6d437097b1622c2c8b920fb1e9c8d51,2016-01,Norfolk Constabulary,Norfolk Constabulary,1.240102,52.620327,On or near Suffolk Road,E01026860,Norwich 010C,Other theft,Status update unavailable,
bf8979a867734c6a9a4807a38f999a6db1eb7558dfece47822d0f1bf45948ecb,2016-01,Norfolk Constabulary,Norfolk Constabulary,1.237406,52.628234,On or near The Courtyard,E01026860,Norwich 010C,Public order,Status update unavailable,
97a796f5745b85f9587bfb10b1e84f52bd828e35c26f2c4f180ef8c10ea5f1a3,2016-01,Norfolk Constabulary,Norfolk Constabulary,1.250029,52.621881,On or near Ruskin Road,E01026860,Norwich 010C,Robbery,Investigation complete; no suspect identified,
6227103fe08df964455673f2a259ec3c5e8ef3e7099277610a802599f10e2a3b,2016-01,Norfolk Constabulary,Norfolk Constabulary,1.240102,52.620327,On or near Suffolk Road,E01026860,Norwich 010C,Theft from the person,Investigation complete; no suspect identified,
64803d8dc9eb466ff8bfbfd2600afe2d97b6f77294a906c572c239c5a7c72a52,2016-01,Norfolk Constabulary,Norfolk Constabulary,1.251370,52.621817,On or near Supermarket,E01026860,Norwich 010C,Vehicle crime,Investigation complete; no suspect identified,
9e3a9a4ffb65546e6ccb6e68176c1e5d691f2afe7dd9381b7caa27167bce6784,2016-01,Norfolk Constabulary,Norfolk Constabulary,1.237406,52.628234,On or near The Courtyard,E01026860,Norwich 010C,Vehicle crime,Investigation complete; no suspect identified,
2af2aafec8ff401ff0b8f6ff7ff6f9812d8262285af8f7bda814908ee078bba0,2016-01,Norfolk Constabulary,Norfolk Constabulary,1.240102,52.620327,On or near Suffolk Road,E01026860,Norwich 010C,Violence and sexual offences,Unable to prosecute suspect,
c940bc7bb9a36d87403ac707d0d16d6c9edc03e85e2efc2dd4346a1cb560a44e,2016-01,Norfolk Constabulary,Norfolk Constabulary,1.236619,52.621790,On or near Chancellors Drive,E01026860,Norwich 010C,Violence and sexual offences,Formal action is not in the public interest,
988577ecdf7a4ffe46faa6621578e2206d278713ee57558202a0b3d34da4d63b,2016-01,Norfolk Constabulary,Norfolk Constabulary,1.240102,52.620327,On or near Suffolk Road,E01026860,Norwich 010C,Violence and sexual offences,Court result unavailable,
9f3a8a6444a48f807c556c8add3f20b6d41c648524ab4dc4cc2c2875578b9f3a,2016-01,Norfolk Constabulary,Norfolk Constabulary,1.240102,52.620327,On or near Suffolk Road,E01026860,Norwich 010C,Violence and sexual offences,Offender given penalty notice,
,2016-01,Norfolk Constabulary,Norfolk Constabulary,1.235931,52.629885,On or near George Fox Way,E01026861,Norwich 010D,Anti-social behaviour,,
,2016-01,Norfolk Constabulary,Norfolk Constabulary,1.247796,52.629236,On or near Petrol Station,E01026861,Norwich 010D,Anti-social behaviour,,
,2016-01,Norfolk Constabulary,Norfolk Constabulary,1.244863,52.630548,On or near Mottram Close,E01026861,Norwich 010D,Anti-social behaviour,,
32567bc9948f62295a96b54ed2c30638e73c5053d3b2b3d824fc505e9f7ea315,2016-01,Norfolk Constabulary,Norfolk Constabulary,1.235767,52.630465,On or near Bridge Farm Lane,E01026861,Norwich 010D,Bicycle theft,Investigation complete; no suspect identified,
0aa46b65f949264b4048f8c3ac37fbc0aef29d9a88d7b0d28b1a5e5534caa859,2016-01,Norfolk Constabulary,Norfolk Constabulary,1.242165,52.628635,On or near Hanbury Close,E01026861,Norwich 010D,Bicycle theft,Investigation complete; no suspect identified,
28ca1cd03fdc3c129eb265ff213fedfa9eb46b09263365adab98906293dd9cee,2016-01,Norfolk Constabulary,Norfolk Constabulary,1.242165,52.628635,On or near Hanbury Close,E01026861,Norwich 010D,Bicycle theft,Investigation complete; no suspect identified,
3d727f83f3bb7b85682df4626288197e584a1df024ae64b6d29ebc91804d55ed,2016-01,Norfolk Constabulary,Norfolk Constabulary,1.241553,52.628364,On or near Friends Road,E01026861,Norwich 010D,Burglary,Formal action is not in the public interest,
ead5ef8e6cf4d957811dd29ae33bfe6504f126b4839383fd62c7f0da0c5800ec,2016-01,Norfolk Constabulary,Norfolk Constabulary,1.238617,52.630225,On or near Wakefield Road,E01026861,Norwich 010D,Burglary,Investigation complete; no suspect identified,
9537d4547dd5a2eda893a05c101865a386c94823c297c1269afa9c2dd5127cb5,2016-01,Norfolk Constabulary,Norfolk Constabulary,1.242165,52.628635,On or near Hanbury Close,E01026861,Norwich 010D,Burglary,Formal action is not in the public interest,
8b62dafaf7a033a9dfe4225f0dc9069e0338ba1bf88bb23028827005c076371f,2016-01,Norfolk Constabulary,Norfolk Constabulary,1.238617,52.630225,On or near Wakefield Road,E01026861,Norwich 010D,Burglary,Investigation complete; no suspect identified,
1019eb2c5d44cd5091c70d0d188980eef9e2c5665ef2927d530a17952188d002,2016-01,Norfolk Constabulary,Norfolk Constabulary,1.242165,52.628635,On or near Hanbury Close,E01026861,Norwich 010D,Criminal damage and arson,Investigation complete; no suspect identified,
96ff82a6dcc84fa37cdeb0decda482342b30aa596007fd01dfc9c58967920a83,2016-01,Norfolk Constabulary,Norfolk Constabulary,1.235931,52.629885,On or near George Fox Way,E01026861,Norwich 010D,Criminal damage and arson,Investigation complete; no suspect identified,
93b20ad9042b5bf30af7dcc3c22f40f52f2fe1e85cacedb8a7ef416e828d512c,2016-01,Norfolk Constabulary,Norfolk Constabulary,1.241553,52.628364,On or near Friends Road,E01026861,Norwich 010D,Other theft,Investigation complete; no suspect identified,
f668a20c8ae1c739b15dfa1d9765f29ff2e5095103927ffc399a6b21422bfa4a,2016-01,Norfolk Constabulary,Norfolk Constabulary,1.247796,52.629236,On or near Petrol Station,E01026861,Norwich 010D,Shoplifting,Unable to prosecute suspect,
6ee651b526307baf2823f3eaca82561e6f28cdc8e9d3480b799405779cfb39e5,2016-01,Norfolk Constabulary,Norfolk Constabulary,1.247796,52.629236,On or near Petrol Station,E01026861,Norwich 010D,Shoplifting,Investigation complete; no suspect identified,
c2c985e832303245aef84f3c545320ef7026d349b321fa6bb1b4e48f9015c4cb,2016-01,Norfolk Constabulary,Norfolk Constabulary,1.248511,52.628713,On or near Earlham Road,E01026861,Norwich 010D,Vehicle crime,Investigation complete; no suspect identified,
a87cf4edfd71b757c979b594ae119b598b24383808f9a39675218655315bb5a2,2016-01,Norfolk Constabulary,Norfolk Constabulary,1.236379,52.629944,On or near Augustus Hare Drive,E01026861,Norwich 010D,Violence and sexual offences,Court result unavailable,
73e4a0cfa435ebeac9a3eee681a0c5b313d9c1bf5daa2a4a70b6f5f0c3cf95bd,2016-01,Norfolk Constabulary,Norfolk Constabulary,1.236379,52.629944,On or near Augustus Hare Drive,E01026861,Norwich 010D,Violence and sexual offences,Status update unavailable,
0f58932ed40a66944d0ad21e737a35a9443509ff10f670050e3825cc7bd949dc,2016-01,Norfolk Constabulary,Norfolk Constabulary,1.247796,52.629236,On or near Petrol Station,E01026861,Norwich 010D,Violence and sexual offences,Status update unavailable,
,2016-01,Norfolk Constabulary,Norfolk Constabulary,1.261611,52.628379,On or near Lubbock Close,E01026862,Norwich 010E,Anti-social behaviour,,
,2016-01,Norfolk Constabulary,Norfolk Constabulary,1.261611,52.628379,On or near Lubbock Close,E01026862,Norwich 010E,Anti-social behaviour,,
,2016-01,Norfolk Constabulary,Norfolk Constabulary,1.260442,52.627359,On or near Harbord Road,E01026862,Norwich 010E,Anti-social behaviour,,
,2016-01,Norfolk Constabulary,Norfolk Constabulary,1.259993,52.629269,On or near Earlham Section Box,E01026862,Norwich 010E,Anti-social behaviour,,
962b37884cd84ba27f5fb209954bd4205cdc5b60aa411e19f8581392887658b4,2016-01,Norfolk Constabulary,Norfolk Constabulary,1.259586,52.629370,On or near Earlham Road,E01026862,Norwich 010E,Other theft,Investigation complete; no suspect identified,
6d77be60b7a853feebb9a8a2ba146076c576e23191797bff0a22a0f34b06304b,2016-01,Norfolk Constabulary,Norfolk Constabulary,1.258666,52.627327,On or near Lound Road,E01026862,Norwich 010E,Violence and sexual offences,Investigation complete; no suspect identified,
9c857111e20ff96d304d3b5f6300379882e381a22c2f0e5d4eb571ccdcaadba2,2016-01,Norfolk Constabulary,Norfolk Constabulary,1.286127,52.617673,On or near Further/Higher Educational Building,E01026852,Norwich 011A,Other theft,Investigation complete; no suspect identified,
a71a4ed19f61493b381d3d534879c631c061c12e8d35ebee329b1d4545b5151b,2016-01,Norfolk Constabulary,Norfolk Constabulary,1.281820,52.616983,On or near Orwell Road,E01026852,Norwich 011A,Public order,Status update unavailable,
,2016-01,Norfolk Constabulary,Norfolk Constabulary,1.290587,52.623944,On or near Pedestrian Subway,E01026853,Norwich 011B,Anti-social behaviour,,
,2016-01,Norfolk Constabulary,Norfolk Constabulary,1.295750,52.619690,On or near Trafalgar Street,E01026853,Norwich 011B,Anti-social behaviour,,
,2016-01,Norfolk Constabulary,Norfolk Constabulary,1.295646,52.618695,On or near Southwell Road,E01026853,Norwich 011B,Anti-social behaviour,,
,2016-01,Norfolk Constabulary,Norfolk Constabulary,1.295750,52.619690,On or near Trafalgar Street,E01026853,Norwich 011B,Anti-social behaviour,,
,2016-01,Norfolk Constabulary,Norfolk Constabulary,1.293358,52.622068,On or near Supermarket,E01026853,Norwich 011B,Anti-social behaviour,,
,2016-01,Norfolk Constabulary,Norfolk Constabulary,1.295750,52.619690,On or near Trafalgar Street,E01026853,Norwich 011B,Anti-social behaviour,,
49b04aefb22ec20584ca64d91a5d8d7af250e06e4003dce2213c75e83f788356,2016-01,Norfolk Constabulary,Norfolk Constabulary,1.295853,52.617322,On or near Hughenden Road,E01026853,Norwich 011B,Bicycle theft,Investigation complete; no suspect identified,
fd7542c4db3e60552a794a65796dd190dfc318ee80ba7274b5bea98b7bac389f,2016-01,Norfolk Constabulary,Norfolk Constabulary,1.297472,52.620973,On or near Holls Lane,E01026853,Norwich 011B,Burglary,Investigation complete; no suspect identified,
0873e4e6c3506dde760035baa76da952243ccf55b3dbbd76b2384c2583effb44,2016-01,Norfolk Constabulary,Norfolk Constabulary,1.295853,52.617322,On or near Hughenden Road,E01026853,Norwich 011B,Burglary,Investigation complete; no suspect identified,
f47ba4510d333fd8f9c27c03ce8f76ec8f9cd6a907fe05399ded93a6f5b382b2,2016-01,Norfolk Constabulary,Norfolk Constabulary,1.297371,52.618844,On or near Cherry Close,E01026853,Norwich 011B,Burglary,Investigation complete; no suspect identified,
0a67b06beaac68ae71cc05eb6360edb0aa522cbbe82e6488ccfd2b0555cab64e,2016-01,Norfolk Constabulary,Norfolk Constabulary,1.295750,52.619690,On or near Trafalgar Street,E01026853,Norwich 011B,Burglary,Status update unavailable,
8558aa56b207b5fef5eb33a3f412bd443cb09bb3ad291edd55ecae8eb22c5296,2016-01,Norfolk Constabulary,Norfolk Constabulary,1.295750,52.619690,On or near Trafalgar Street,E01026853,Norwich 011B,Criminal damage and arson,Investigation complete; no suspect identified,
e2cd787626a8397690615100e9fcd13c2a12931984d3e10da365ac98cec4bba6,2016-01,Norfolk Constabulary,Norfolk Constabulary,1.294760,52.620473,On or near Goldwell Road,E01026853,Norwich 011B,Other theft,Formal action is not in the public interest,
9d451cdbc85ff66c19a4c97ab849d2e2789891b605096d7e84636c618b2fb069,2016-01,Norfolk Constabulary,Norfolk Constabulary,1.295750,52.619690,On or near Trafalgar Street,E01026853,Norwich 011B,Possession of weapons,Status update unavailable,
34d3beb3bd02df2752418d839dd33ab4f40970ba9868f094e1464d58f92fbef3,2016-01,Norfolk Constabulary,Norfolk Constabulary,1.297173,52.617978,On or near Supermarket,E01026853,Norwich 011B,Shoplifting,Offender given community sentence,
a2323b0dd5186ef74980c993ef291c6c8f2abbd2673e59879fcd8848a0516bf3,2016-01,Norfolk Constabulary,Norfolk Constabulary,1.293358,52.622068,On or near Supermarket,E01026853,Norwich 011B,Shoplifting,Status update unavailable,
e5629ce9f116df20902e235fb7b14a3c2d15e847068397fd563236a19b45aad9,2016-01,Norfolk Constabulary,Norfolk Constabulary,1.293358,52.622068,On or near Supermarket,E01026853,Norwich 011B,Shoplifting,Investigation complete; no suspect identified,
b4a7703aa66b2979be93af4067e0ae8ac0fb395936b8efccaa54ed4ff748d54a,2016-01,Norfolk Constabulary,Norfolk Constabulary,1.293358,52.622068,On or near Supermarket,E01026853,Norwich 011B,Shoplifting,Court result unavailable,
988ce36386fcf8492143d0d96d551000b9f7dc2209d67bd14f361df7347c4247,2016-01,Norfolk Constabulary,Norfolk Constabulary,1.294765,52.621318,On or near Ashby Street,E01026853,Norwich 011B,Vehicle crime,Investigation complete; no suspect identified,
dc0d701bfabf4d545e44fe56c377026992a14d15afe0ff41dfbec6f0601ca6ad,2016-01,Norfolk Constabulary,Norfolk Constabulary,1.297371,52.618844,On or near Cherry Close,E01026853,Norwich 011B,Vehicle crime,Investigation complete; no suspect identified,
9ed745f39e7526ebc3322723d506b16c89dea7a75ecddcfc111dcb11f1ff0fba,2016-01,Norfolk Constabulary,Norfolk Constabulary,1.294535,52.614328,On or near St Johns Close,E01026853,Norwich 011B,Vehicle crime,Offender given conditional discharge,
14735db02553ea98fd47a5d5c38203da0cc5017b84da0baa88d2304e60823aab,2016-01,Norfolk Constabulary,Norfolk Constabulary,1.290587,52.623944,On or near Pedestrian Subway,E01026853,Norwich 011B,Violence and sexual offences,Court result unavailable,
45827ae9c9fd43d816c36cf28823d7d89a0489545b00b558c39ed461b84413b3,2016-01,Norfolk Constabulary,Norfolk Constabulary,1.297318,52.621283,On or near Rowland Court,E01026853,Norwich 011B,Violence and sexual offences,Formal action is not in the public interest,
b7826ad83d1784e63e27b54c0b52c0943f9829f803692357d703fab99c983fda,2016-01,Norfolk Constabulary,Norfolk Constabulary,1.297556,52.619532,On or near Trafalgar Street,E01026853,Norwich 011B,Violence and sexual offences,Court result unavailable,
638ac20a6f19264d3ea0a7183f060038a237c2e18953a745f1d6c2f10d567312,2016-01,Norfolk Constabulary,Norfolk Constabulary,1.295750,52.619690,On or near Trafalgar Street,E01026853,Norwich 011B,Violence and sexual offences,Status update unavailable,
e534c3d2b446de26cfe56c79b66889cde7c81321579eb24974efcccd52f94ce6,2016-01,Norfolk Constabulary,Norfolk Constabulary,1.294903,52.618643,On or near Mill Close,E01026853,Norwich 011B,Violence and sexual offences,Formal action is not in the public interest,
17b2cef6e24bdda17e7aa2b6e8259f9962491fce34a61052dc98a4c9149bb00c,2016-01,Norfolk Constabulary,Norfolk Constabulary,1.297318,52.621283,On or near Rowland Court,E01026853,Norwich 011B,Other crime,Investigation complete; no suspect identified,
,2016-01,Norfolk Constabulary,Norfolk Constabulary,1.282554,52.621271,On or near Sports/Recreation Area,E01026855,Norwich 011D,Anti-social behaviour,,
,2016-01,Norfolk Constabulary,Norfolk Constabulary,1.291457,52.620961,On or near Supermarket,E01026855,Norwich 011D,Anti-social behaviour,,
,2016-01,Norfolk Constabulary,Norfolk Constabulary,1.283968,52.621394,On or near Hanover Road,E01026855,Norwich 011D,Anti-social behaviour,,
,2016-01,Norfolk Constabulary,Norfolk Constabulary,1.291457,52.620961,On or near Supermarket,E01026855,Norwich 011D,Anti-social behaviour,,
1707a96358e0ec30fba46b395acad641cfd30f89f07c1977fcd7daa7c8721a36,2016-01,Norfolk Constabulary,Norfolk Constabulary,1.289596,52.620977,On or near Grove Road,E01026855,Norwich 011D,Burglary,Investigation complete; no suspect identified,
3a4b353cd49b2c780858f078641439135663494855e76d49ccc2694377696e7d,2016-01,Norfolk Constabulary,Norfolk Constabulary,1.283136,52.621731,On or near Beaumont Place,E01026855,Norwich 011D,Burglary,Formal action is not in the public interest,
b9582d0dc25d2aa160e28c11a69b8b30f6a0a54f82ef895bbbf5e7a273b54e8c,2016-01,Norfolk Constabulary,Norfolk Constabulary,1.288780,52.620532,On or near Grove Avenue,E01026855,Norwich 011D,Burglary,Investigation complete; no suspect identified,
3d9cdd9bbb80ac71f2cbc1211ccb0bc996d3b887243f9f24046b4ba8e467389c,2016-01,Norfolk Constabulary,Norfolk Constabulary,1.289004,52.623133,On or near St Stephens Road,E01026855,Norwich 011D,Other theft,Unable to prosecute suspect,
9c764694a15c2477b63b7286ef1f8afd7927f3c0974e138e3201ac4b32f1f218,2016-01,Norfolk Constabulary,Norfolk Constabulary,1.291457,52.620961,On or near Supermarket,E01026855,Norwich 011D,Shoplifting,Offender otherwise dealt with,
97e047dc3b34b23544c1e4fac97be01fb3bc7a40645691afeca5a93ebe69a5fd,2016-01,Norfolk Constabulary,Norfolk Constabulary,1.291457,52.620961,On or near Supermarket,E01026855,Norwich 011D,Shoplifting,Suspect charged as part of another case,
673948b09998961b1f7bfb347281c0f2d19a660de83388a2e0a0f40dfd575a0f,2016-01,Norfolk Constabulary,Norfolk Constabulary,1.291457,52.620961,On or near Supermarket,E01026855,Norwich 011D,Shoplifting,Court result unavailable,
,2016-01,Norfolk Constabulary,Norfolk Constabulary,1.280087,52.623255,On or near York Street,E01026856,Norwich 011E,Anti-social behaviour,,
,2016-01,Norfolk Constabulary,Norfolk Constabulary,1.280769,52.625053,On or near Essex Street,E01026856,Norwich 011E,Anti-social behaviour,,
,2016-01,Norfolk Constabulary,Norfolk Constabulary,1.280769,52.625053,On or near Essex Street,E01026856,Norwich 011E,Anti-social behaviour,,
,2016-01,Norfolk Constabulary,Norfolk Constabulary,1.281110,52.624279,On or near Trinity Street,E01026856,Norwich 011E,Anti-social behaviour,,
,2016-01,Norfolk Constabulary,Norfolk Constabulary,1.280087,52.623255,On or near York Street,E01026856,Norwich 011E,Anti-social behaviour,,
0274c0a07a8918f2cceb830c0f4f1572a91405c1f8d275f87275f0f5a67b9714,2016-01,Norfolk Constabulary,Norfolk Constabulary,1.280769,52.625053,On or near Essex Street,E01026856,Norwich 011E,Other theft,Formal action is not in the public interest,
676baa11b8e9d89a97b2b8723f340a78e787a0b2d84e74d1bc4bea09283273a8,2016-01,Norfolk Constabulary,Norfolk Constabulary,1.278853,52.622561,On or near Gloucester Street,E01026856,Norwich 011E,Vehicle crime,Investigation complete; no suspect identified,
e04dc4190ea3c8128bf2f9e48a8f772ad5995e8010de5547aa31bfface0a6595,2016-01,Norfolk Constabulary,Norfolk Constabulary,1.277388,52.622934,On or near Durham Street,E01026856,Norwich 011E,Vehicle crime,Investigation complete; no suspect identified,
16dcbc32bb2b0ff556cbf4527b06e90dc02bdf451d7697f339a794fe0b40c860,2016-01,Norfolk Constabulary,Norfolk Constabulary,1.280000,52.625848,On or near Somerleyton Street,E01026856,Norwich 011E,Violence and sexual offences,Status update unavailable,
0ab4a520d74cc4bb6887dda752f661d8471269178d45c8a0f01249df96da0856,2016-01,Norfolk Constabulary,Norfolk Constabulary,1.277388,52.622934,On or near Durham Street,E01026856,Norwich 011E,Violence and sexual offences,Formal action is not in the public interest,
,2016-01,Norfolk Constabulary,Norfolk Constabulary,1.276284,52.622992,On or near Supermarket,E01026857,Norwich 011F,Anti-social behaviour,,
41ce6401708631c7bf8f131040bf3274ac0df2f2c0ecdc1d079ad6621f185450,2016-01,Norfolk Constabulary,Norfolk Constabulary,1.277418,52.615028,On or near Plantsman Close,E01026857,Norwich 011F,Criminal damage and arson,Formal action is not in the public interest,
ce0253565362001da5ccc4787e1e932e166fd0613bbe547f2ee835c8ea493fd3,2016-01,Norfolk Constabulary,Norfolk Constabulary,1.276633,52.620140,On or near The Cedars,E01026857,Norwich 011F,Criminal damage and arson,Investigation complete; no suspect identified,
2a159016f2b72b0af2d0314bcc690be96b0452ceffdf3f798de7d03c69410334,2016-01,Norfolk Constabulary,Norfolk Constabulary,1.277443,52.621889,On or near Bury Street,E01026857,Norwich 011F,Drugs,Formal action is not in the public interest,
7206ceaf5ee53759dce3d6a0574a29d4c51bd08810fdd748e26f2c9db6701f5a,2016-01,Norfolk Constabulary,Norfolk Constabulary,1.276284,52.622992,On or near Supermarket,E01026857,Norwich 011F,Shoplifting,Status update unavailable,
cd0c255537575632cebdbe52651e4221752a83b335186484d6c7b2db77934120,2016-01,Norfolk Constabulary,Norfolk Constabulary,1.276284,52.622992,On or near Supermarket,E01026857,Norwich 011F,Shoplifting,Offender sent to prison,
,2016-01,Norfolk Constabulary,Norfolk Constabulary,1.285133,52.624329,On or near Union Street,E01033434,Norwich 011G,Anti-social behaviour,,
,2016-01,Norfolk Constabulary,Norfolk Constabulary,1.286281,52.623866,On or near Kenneth Mckee Plain,E01033434,Norwich 011G,Anti-social behaviour,,
0daef2efc26d484a14cc5967b4a5b60c6beb796b834d3512b437c06a49990ddd,2016-01,Norfolk Constabulary,Norfolk Constabulary,1.285079,52.622613,On or near Edward Jordell Plain,E01033434,Norwich 011G,Criminal damage and arson,Investigation complete; no suspect identified,
f8916dad885a33b54293b9d05f708fc7861e9e5e51d14a355bb8320fc9b19dbb,2016-01,Norfolk Constabulary,Norfolk Constabulary,1.285931,52.621960,On or near Thomas Wyatt Close,E01033434,Norwich 011G,Drugs,Status update unavailable,
5f06c6438961e14a8259ac1479ecdac64467e86c8a285935eabc99780b40d2b1,2016-01,Norfolk Constabulary,Norfolk Constabulary,1.288690,52.624060,On or near Crooks Place,E01033434,Norwich 011G,Other theft,Status update unavailable,
b9bb4392b9ce4af37c9a54d5242e6224b6b08c53cb9da5ec2d41fcd838f62c66,2016-01,Norfolk Constabulary,Norfolk Constabulary,1.284298,52.624820,On or near Norfolk Street,E01033434,Norwich 011G,Theft from the person,Formal action is not in the public interest,
fb7bbeda990a50a4cfa012d56c13045aeb777eff0996d7400803783ef8bf1956,2016-01,Norfolk Constabulary,Norfolk Constabulary,1.285931,52.621960,On or near Thomas Wyatt Close,E01033434,Norwich 011G,Violence and sexual offences,Investigation complete; no suspect identified,
,2016-01,Norfolk Constabulary,Norfolk Constabulary,1.283514,52.628358,On or near Unthank Road,E01033437,Norwich 011H,Anti-social behaviour,,
,2016-01,Norfolk Constabulary,Norfolk Constabulary,1.284545,52.626333,On or near Manchester Place,E01033437,Norwich 011H,Anti-social behaviour,,
5679cb547f30afbf63f54df6135660be83c088231589fee19f6b98f07abbe9e2,2016-01,Norfolk Constabulary,Norfolk Constabulary,1.286478,52.626100,On or near Coach And Horses Row,E01033437,Norwich 011H,Burglary,Unable to prosecute suspect,
29d2751677f76bd38c27862746229932987ec19a770ae935ed8f45d9ba49dae0,2016-01,Norfolk Constabulary,Norfolk Constabulary,1.283514,52.628358,On or near Unthank Road,E01033437,Norwich 011H,Burglary,Formal action is not in the public interest,
5b67b4da2423cd38c2196850b68081221e3406f270740d44c4264ebc1a296a94,2016-01,Norfolk Constabulary,Norfolk Constabulary,1.283514,52.628358,On or near Unthank Road,E01033437,Norwich 011H,Criminal damage and arson,Investigation complete; no suspect identified,
b51e17cbc6ea33ef67496725d7fcfa9b76bdf64d21904d5c92f5b708e5193854,2016-01,Norfolk Constabulary,Norfolk Constabulary,1.283060,52.626842,On or near Trory Street,E01033437,Norwich 011H,Criminal damage and arson,Investigation complete; no suspect identified,
7f7b6a4e615d094b31252d6f704ea868be0ccb30217bb3563c14c4ce0c76d8af,2016-01,Norfolk Constabulary,Norfolk Constabulary,1.283514,52.628358,On or near Unthank Road,E01033437,Norwich 011H,Criminal damage and arson,Status update unavailable,
e24bcf8e51b5dbaac12bacfe4ec36c718a30305a4158492f9d59c987c486f249,2016-01,Norfolk Constabulary,Norfolk Constabulary,1.284544,52.625533,On or near Globe Place,E01033437,Norwich 011H,Criminal damage and arson,Investigation complete; no suspect identified,
ffb82499e9f827284188d91794b0f7a0c3b1061516c21f261a70aebbb8e9f706,2016-01,Norfolk Constabulary,Norfolk Constabulary,1.286478,52.626100,On or near Coach And Horses Row,E01033437,Norwich 011H,Drugs,Offender given a caution,
fb40bf245b76e9e62e024da8f0716314f1844293ba4da5c8dc0f2e367918c73b,2016-01,Norfolk Constabulary,Norfolk Constabulary,1.284544,52.625533,On or near Globe Place,E01033437,Norwich 011H,Robbery,Status update unavailable,
f87aab8714ea4290c80714877fe39c1ec0d110de712ad2b1b6137eb006607457,2016-01,Norfolk Constabulary,Norfolk Constabulary,1.286478,52.626100,On or near Coach And Horses Row,E01033437,Norwich 011H,Violence and sexual offences,Investigation complete; no suspect identified,
db06ddd1af980af92499d3a3b5f25bbf2460a4faea8ab712955bee6c61da856d,2016-01,Norfolk Constabulary,Norfolk Constabulary,1.281348,52.626278,On or near Oxford Street,E01033437,Norwich 011H,Violence and sexual offences,Unable to prosecute suspect,
a9ff4a5bf210108056fecd639321c577f9dbf3a1e924eaf8ad63add404b3007c,2016-01,Norfolk Constabulary,Norfolk Constabulary,1.284544,52.625533,On or near Globe Place,E01033437,Norwich 011H,Violence and sexual offences,Status update unavailable,
,2016-01,Norfolk Constabulary,Norfolk Constabulary,1.253995,52.621745,On or near North Park Avenue,E01026810,Norwich 012A,Anti-social behaviour,,
521fd529e3d79477bb911d6575c1e375b51d10392bd5a28837d9d9045c3c0d78,2016-01,Norfolk Constabulary,Norfolk Constabulary,1.250988,52.611485,On or near Dacre Close,E01026810,Norwich 012A,Burglary,Investigation complete; no suspect identified,
105b059930759814b80ff221535fddf771c952f5c2d3ac63d0b29df644550e21,2016-01,Norfolk Constabulary,Norfolk Constabulary,1.247407,52.613805,On or near Bluebell Crescent,E01026810,Norwich 012A,Burglary,Investigation complete; no suspect identified,
2c66929e49e35c5a0982e24cfce08f7a2ae16d887d511a0d2380bbac4b512354,2016-01,Norfolk Constabulary,Norfolk Constabulary,1.253995,52.621745,On or near North Park Avenue,E01026810,Norwich 012A,Other theft,Investigation complete; no suspect identified,
d68e5d993be62e579f545973c2697831a756f1a0035b1e54f8525f6ce7ed5b22,2016-01,Norfolk Constabulary,Norfolk Constabulary,1.250988,52.611485,On or near Dacre Close,E01026810,Norwich 012A,Vehicle crime,Investigation complete; no suspect identified,
ddecb5742e7ae6795223970d2ef3b3faa5fe0de3ce4e297790683e09574d8d3b,2016-01,Norfolk Constabulary,Norfolk Constabulary,1.256046,52.615933,On or near Hurd Road,E01026810,Norwich 012A,Violence and sexual offences,Defendant found not guilty,
,2016-01,Norfolk Constabulary,Norfolk Constabulary,1.280810,52.612182,On or near Harry Perry Close,E01026811,Norwich 012B,Anti-social behaviour,,
,2016-01,Norfolk Constabulary,Norfolk Constabulary,1.270565,52.616063,On or near Belvedere Place,E01026811,Norwich 012B,Anti-social behaviour,,
7b8382db544bdadd4243b6a2b125bb0a9c3517ae772e23f0eef8480c1a485389,2016-01,Norfolk Constabulary,Norfolk Constabulary,1.275734,52.613051,On or near Eaton Road,E01026811,Norwich 012B,Burglary,Investigation complete; no suspect identified,
3638dbb0976e6609f2f1303ab80f9b3967a9da7cd6f2583dfe610ec7e9fdc144,2016-01,Norfolk Constabulary,Norfolk Constabulary,1.275734,52.613051,On or near Eaton Road,E01026811,Norwich 012B,Criminal damage and arson,Investigation complete; no suspect identified,
f57758bb4913598fd19afa3f36b921393e53fb15fa07f041077d2f3ff12d814f,2016-01,Norfolk Constabulary,Norfolk Constabulary,1.275734,52.613051,On or near Eaton Road,E01026811,Norwich 012B,Criminal damage and arson,Status update unavailable,
44d46aa97a2b9dc139a3739ce4381f2b14cff3379a07befa21a20045487d1bae,2016-01,Norfolk Constabulary,Norfolk Constabulary,1.277689,52.610353,On or near Newton Close,E01026811,Norwich 012B,Other theft,Investigation complete; no suspect identified,
80975a3978cf038c15f41b7b96faf01d251d771d47f2773b55cbee26eac232b3,2016-01,Norfolk Constabulary,Norfolk Constabulary,1.277707,52.614354,On or near Daniels Road,E01026811,Norwich 012B,Shoplifting,Offender sent to prison,
,2016-01,Norfolk Constabulary,Norfolk Constabulary,1.263953,52.604653,On or near Denmead Close,E01026812,Norwich 012C,Anti-social behaviour,,
16d65a09507a4514be13d488b205c6f6c7e0609f9872737950a560fdd9732e78,2016-01,Norfolk Constabulary,Norfolk Constabulary,1.261837,52.607580,On or near Wakehurst Close,E01026812,Norwich 012C,Other theft,Status update unavailable,
f7f4a130e5519d604c2fff7523ea43ca51be0e910aa32f1a524d550f8940e72b,2016-01,Norfolk Constabulary,Norfolk Constabulary,1.257480,52.606198,On or near Merrow Gardens,E01026813,Norwich 012D,Violence and sexual offences,Formal action is not in the public interest,
,2016-01,Norfolk Constabulary,Norfolk Constabulary,1.253031,52.617328,On or near Peckover Road,E01026814,Norwich 012E,Anti-social behaviour,,
,2016-01,Norfolk Constabulary,Norfolk Constabulary,1.260157,52.618167,On or near Sotherton Road,E01026814,Norwich 012E,Anti-social behaviour,,
,2016-01,Norfolk Constabulary,Norfolk Constabulary,1.253031,52.617328,On or near Peckover Road,E01026814,Norwich 012E,Anti-social behaviour,,
,2016-01,Norfolk Constabulary,Norfolk Constabulary,1.262566,52.621347,On or near Caroline Court,E01026814,Norwich 012E,Anti-social behaviour,,
,2016-01,Norfolk Constabulary,Norfolk Constabulary,1.259471,52.616297,On or near Judges Drive,E01026814,Norwich 012E,Anti-social behaviour,,
7678f2b293b77747493d64914b49eda61854219b7d9dd9ce815b8dca21998847,2016-01,Norfolk Constabulary,Norfolk Constabulary,1.254539,52.616145,On or near Sumpter Road,E01026814,Norwich 012E,Criminal damage and arson,Offender fined,
4e698d45b02127876b1548649469d0451241288844fb5eb6496c8e24fde18798,2016-01,Norfolk Constabulary,Norfolk Constabulary,1.253031,52.617328,On or near Peckover Road,E01026814,Norwich 012E,Criminal damage and arson,Investigation complete; no suspect identified,
f72f91147cacd9345c03bcb7025386ef8f7cc768b8820174df5133e912951fa6,2016-01,Norfolk Constabulary,Norfolk Constabulary,1.261967,52.621840,On or near North Park Drive,E01026814,Norwich 012E,Criminal damage and arson,Investigation complete; no suspect identified,
,2016-01,Norfolk Constabulary,Norfolk Constabulary,1.268590,52.617709,On or near Melrose Road,E01026815,Norwich 012F,Anti-social behaviour,,
4237a6ed0dbab9becc84b6b8eb1710eee9d0c0ebe2aaa8aa774ab3fa11f71024,2016-01,Norfolk Constabulary,Norfolk Constabulary,1.271138,52.617990,On or near Mile End Road,E01026815,Norwich 012F,Public order,Status update unavailable,
bd4f0e2ff43a5bc6192883d73db26637ba39f8d16becaef3c4e2cf45369ed544,2016-01,Norfolk Constabulary,Norfolk Constabulary,1.271138,52.617990,On or near Mile End Road,E01026815,Norwich 012F,Violence and sexual offences,Offender given a caution,
,2016-01,Norfolk Constabulary,Norfolk Constabulary,1.299019,52.620121,On or near Hobart Square,E01026816,Norwich 013A,Anti-social behaviour,,
,2016-01,Norfolk Constabulary,Norfolk Constabulary,1.299019,52.620121,On or near Hobart Square,E01026816,Norwich 013A,Anti-social behaviour,,
,2016-01,Norfolk Constabulary,Norfolk Constabulary,1.299019,52.620121,On or near Hobart Square,E01026816,Norwich 013A,Anti-social behaviour,,
,2016-01,Norfolk Constabulary,Norfolk Constabulary,1.299019,52.620121,On or near Hobart Square,E01026816,Norwich 013A,Anti-social behaviour,,
751c77569348a11055eee8cb108d5cec1336177fa924fdc472dff7b127a0bf83,2016-01,Norfolk Constabulary,Norfolk Constabulary,1.297680,52.615481,On or near Lindley Street,E01026816,Norwich 013A,Bicycle theft,Investigation complete; no suspect identified,
8ba287871c6f44cdc94d286df7176c7ea41b6655767d61149e0e8195a9fab2d6,2016-01,Norfolk Constabulary,Norfolk Constabulary,1.296918,52.615179,On or near Ingram Court,E01026816,Norwich 013A,Bicycle theft,Investigation complete; no suspect identified,
f618560846c244e2abad71cce6efa74cf9c3a9d017b95e0339d3252dca7ed35e,2016-01,Norfolk Constabulary,Norfolk Constabulary,1.300058,52.617043,On or near Jubilee Terrace,E01026816,Norwich 013A,Burglary,Investigation complete; no suspect identified,
13e8637d79848b72df0209cff143eac5dc45a67405cc4831894a6154322caf7e,2016-01,Norfolk Constabulary,Norfolk Constabulary,1.297680,52.615481,On or near Lindley Street,E01026816,Norwich 013A,Burglary,Investigation complete; no suspect identified,
88009d8b0170140a3e5cdfc30d8efc3479a58d0b6bee38110604cf9b02613aa5,2016-01,Norfolk Constabulary,Norfolk Constabulary,1.300058,52.617043,On or near Jubilee Terrace,E01026816,Norwich 013A,Burglary,Investigation complete; no suspect identified,
0fa96298b276d0d9076d6c2cf121559c0ff2afbb06c62ba1d954ee5f44feb3b5,2016-01,Norfolk Constabulary,Norfolk Constabulary,1.301644,52.617889,On or near Carshalton Road,E01026816,Norwich 013A,Criminal damage and arson,Investigation complete; no suspect identified,
e02c844610b225b04815ea453e5f4303d281f744a0e85ca1adb16fe05f7b7cd2,2016-01,Norfolk Constabulary,Norfolk Constabulary,1.301890,52.617423,On or near Cricket Ground Road,E01026816,Norwich 013A,Other theft,Investigation complete; no suspect identified,
47e27b327829bb2f8ec82502df31c2839afce00e41d66dd37384ddc6e326681f,2016-01,Norfolk Constabulary,Norfolk Constabulary,1.301644,52.617889,On or near Carshalton Road,E01026816,Norwich 013A,Other theft,Formal action is not in the public interest,
8ec6ca09f5e3adec93d8a2fd79acb2a8203e44b42ff88ab22658ab7fb26dcf82,2016-01,Norfolk Constabulary,Norfolk Constabulary,1.301890,52.617423,On or near Cricket Ground Road,E01026816,Norwich 013A,Other theft,Investigation complete; no suspect identified,
75915c202897444f5c7c8a3135975d5b82930c7dcfd7952e9e5c3b89da4055b1,2016-01,Norfolk Constabulary,Norfolk Constabulary,1.298686,52.618241,On or near Cyprus Street,E01026816,Norwich 013A,Vehicle crime,Investigation complete; no suspect identified,
5cef25d184a887cb252c5750d8356d08129aef7968c30b6a191cd6aeade9cc66,2016-01,Norfolk Constabulary,Norfolk Constabulary,1.298686,52.618241,On or near Cyprus Street,E01026816,Norwich 013A,Vehicle crime,Status update unavailable,
04bd1c5c78c596fdd9a0d7a9269922aff1db5a74c5111ce6ce4081cfa8330557,2016-01,Norfolk Constabulary,Norfolk Constabulary,1.303181,52.620050,On or near Old School Court,E01026816,Norwich 013A,Violence and sexual offences,Court result unavailable,
18b0b18f23fafb1c627828727a7b833c046497604cc47feaccd0931887f6509b,2016-01,Norfolk Constabulary,Norfolk Constabulary,1.300761,52.620882,On or near Queens Road,E01026816,Norwich 013A,Violence and sexual offences,Unable to prosecute suspect,
804ee98f47e9af34f373c5ce048a86c2cf704321377ab6fef60eb27b9c528dcc,2016-01,Norfolk Constabulary,Norfolk Constabulary,1.300355,52.620587,On or near Kensington Place,E01026816,Norwich 013A,Violence and sexual offences,Unable to prosecute suspect,
5ac82b8a000ad708720261fecd64f1898ad51d74a9811c51470f712842563ea4,2016-01,Norfolk Constabulary,Norfolk Constabulary,1.300355,52.620587,On or near Kensington Place,E01026816,Norwich 013A,Violence and sexual offences,Investigation complete; no suspect identified,
,2016-01,Norfolk Constabulary,Norfolk Constabulary,1.302351,52.614524,On or near Lakenfields,E01026817,Norwich 013B,Anti-social behaviour,,
924c86edfafe7c9ee90b2caa1709993a6f84172426b8e6c088119973fdc681cd,2016-01,Norfolk Constabulary,Norfolk Constabulary,1.303539,52.612638,On or near Netherwood Green,E01026817,Norwich 013B,Criminal damage and arson,Unable to prosecute suspect,
bc221f94c86c08a288d64927aff8a3a87fbb800cc50b2107b514b7d0a03c396d,2016-01,Norfolk Constabulary,Norfolk Constabulary,1.299801,52.607346,On or near Webdell Court,E01026817,Norwich 013B,Other theft,Status update unavailable,
f5034c0a056c519840f215df5068213d7957dd2d26e0ce877a98efff8d63f819,2016-01,Norfolk Constabulary,Norfolk Constabulary,1.304057,52.611868,On or near Arnold Miller Close,E01026817,Norwich 013B,Possession of weapons,Court result unavailable,
6052389f8ad08f2a2dcd184296f10509e91654d842222e79b3ce306f3804737d,2016-01,Norfolk Constabulary,Norfolk Constabulary,1.304057,52.611868,On or near Arnold Miller Close,E01026817,Norwich 013B,Robbery,Status update unavailable,
c57da39f1c599c47507c8abcf22bdda61aca386d994593e16c2d07503960e962,2016-01,Norfolk Constabulary,Norfolk Constabulary,1.302967,52.611323,On or near Arnold Miller Road,E01026817,Norwich 013B,Vehicle crime,Investigation complete; no suspect identified,
f1daa1f28443ab0d3b7f409ccc4f0813f459f42bb7fa1c8a4755d3a63b6ebecc,2016-01,Norfolk Constabulary,Norfolk Constabulary,1.304057,52.611868,On or near Arnold Miller Close,E01026817,Norwich 013B,Violence and sexual offences,Offender fined,
329654a5a393388a651ab6e1cf4a0652567a9c4330b7d8a6c6a623a1597fccd7,2016-01,Norfolk Constabulary,Norfolk Constabulary,1.299801,52.607346,On or near Webdell Court,E01026817,Norwich 013B,Violence and sexual offences,Offender given conditional discharge,
5360d5337044c534f70b57cd9ab731259202ddbbd69be41c72e83c3a63909026,2016-01,Norfolk Constabulary,Norfolk Constabulary,1.304057,52.611868,On or near Arnold Miller Close,E01026817,Norwich 013B,Violence and sexual offences,Formal action is not in the public interest,
f3dedd52b3fe7e6fc8fd0e3caf97e203d9acdcb89654ea01feeaa67e81f7c66f,2016-01,Norfolk Constabulary,Norfolk Constabulary,1.304057,52.611868,On or near Arnold Miller Close,E01026817,Norwich 013B,Violence and sexual offences,Investigation complete; no suspect identified,
8b031ba9f47b95d5bad7ef51a1e12842835a6eec6f8f883fa8954d5384d29e6f,2016-01,Norfolk Constabulary,Norfolk Constabulary,1.302351,52.614524,On or near Lakenfields,E01026817,Norwich 013B,Violence and sexual offences,Formal action is not in the public interest,
e16011646e3cd9058d1a9ca57933d574c3abf9aa83b9a03ad35ca0684f73ea2d,2016-01,Norfolk Constabulary,Norfolk Constabulary,1.303190,52.609581,On or near Martineau Lane,E01026817,Norwich 013B,Violence and sexual offences,Formal action is not in the public interest,
,2016-01,Norfolk Constabulary,Norfolk Constabulary,1.295690,52.609052,On or near Duckett Close,E01026818,Norwich 013C,Anti-social behaviour,,
,2016-01,Norfolk Constabulary,Norfolk Constabulary,1.297304,52.613225,On or near Keyes Close,E01026818,Norwich 013C,Anti-social behaviour,,
,2016-01,Norfolk Constabulary,Norfolk Constabulary,1.292852,52.603726,On or near Astell Road,E01026818,Norwich 013C,Anti-social behaviour,,
,2016-01,Norfolk Constabulary,Norfolk Constabulary,1.296946,52.613181,On or near Keyes Road,E01026818,Norwich 013C,Anti-social behaviour,,
,2016-01,Norfolk Constabulary,Norfolk Constabulary,1.299348,52.608384,On or near Cranage Road,E01026818,Norwich 013C,Anti-social behaviour,,
,2016-01,Norfolk Constabulary,Norfolk Constabulary,1.296021,52.614448,On or near Mendham Close,E01026818,Norwich 013C,Anti-social behaviour,,
7b71eca4c8bdc23216ef6969c1c84c47f90f41a80efad5b217a68115f91b11ad,2016-01,Norfolk Constabulary,Norfolk Constabulary,1.296021,52.614448,On or near Mendham Close,E01026818,Norwich 013C,Burglary,Investigation complete; no suspect identified,
ffb19f0374149ec508a57e2684886d1eecc889a1c13a4676abc9e7d1e963b18c,2016-01,Norfolk Constabulary,Norfolk Constabulary,1.295690,52.609052,On or near Duckett Close,E01026818,Norwich 013C,Burglary,Status update unavailable,
99a6442f513769c5d3ae7be282b94b178fc8be922f1c9238716d758733f14f6f,2016-01,Norfolk Constabulary,Norfolk Constabulary,1.292503,52.609905,On or near Barrett Road,E01026818,Norwich 013C,Burglary,Investigation complete; no suspect identified,
145996249ab156580e29c1441fcd7e2e5a3a01cbcb487a305e287e7846b45ab2,2016-01,Norfolk Constabulary,Norfolk Constabulary,1.293309,52.610603,On or near Elwyn Road,E01026818,Norwich 013C,Burglary,Investigation complete; no suspect identified,
3b7364d926e60d38e271a754c18e9feb2ede218f0b1ef1d586ec72c41bcc75e3,2016-01,Norfolk Constabulary,Norfolk Constabulary,1.291622,52.607996,On or near Whiting Road,E01026818,Norwich 013C,Shoplifting,Court result unavailable,
52b98d78f50d75cd8c6422021d932687e9c42eb1a1fba019d93fd8f1882c4558,2016-01,Norfolk Constabulary,Norfolk Constabulary,1.291622,52.607996,On or near Whiting Road,E01026818,Norwich 013C,Shoplifting,Investigation complete; no suspect identified,
501eb7b76caddc36ec9426c56b1b58d7f37f2a66250ff15686bbcd0ab1cd85f1,2016-01,Norfolk Constabulary,Norfolk Constabulary,1.291622,52.607996,On or near Whiting Road,E01026818,Norwich 013C,Shoplifting,Investigation complete; no suspect identified,
35d719994520bdb96e029158e62cb79de2877322a7b3bdb860f65d606dabeb93,2016-01,Norfolk Constabulary,Norfolk Constabulary,1.291622,52.607996,On or near Whiting Road,E01026818,Norwich 013C,Shoplifting,Offender sent to prison,
f9ec0c570d6881b8a710f62555dc9e7333c8622fa571955ae2ced63a11528d1e,2016-01,Norfolk Constabulary,Norfolk Constabulary,1.291622,52.607996,On or near Whiting Road,E01026818,Norwich 013C,Shoplifting,Offender given penalty notice,
a184af52733d2b943ff74495902c9ea78802f9b68fcad753bcced4a6af31f0b2,2016-01,Norfolk Constabulary,Norfolk Constabulary,1.291622,52.607996,On or near Whiting Road,E01026818,Norwich 013C,Shoplifting,Local resolution,
5e9389766262f1751fcfb8c09c339773b9aa9ac4ea063069fb15f284a985c5be,2016-01,Norfolk Constabulary,Norfolk Constabulary,1.291622,52.607996,On or near Whiting Road,E01026818,Norwich 013C,Shoplifting,Local resolution,
a47aadd2790150b0be8339fa4e4f2ae1668b9411ced4a94724b6851a33092e9c,2016-01,Norfolk Constabulary,Norfolk Constabulary,1.291622,52.607996,On or near Whiting Road,E01026818,Norwich 013C,Shoplifting,Offender given conditional discharge,
d9e2e71b5f091ee9dc68d2a3f178ed4f31b7854d4967c5df9e32fd0063607bb5,2016-01,Norfolk Constabulary,Norfolk Constabulary,1.296591,52.605709,On or near Manthorpe Close,E01026818,Norwich 013C,Violence and sexual offences,Formal action is not in the public interest,
9739ebdee5d6aded53130c58aed6bb7cbd08ad3493c8e5151b12c467b72dd9af,2016-01,Norfolk Constabulary,Norfolk Constabulary,1.296946,52.613181,On or near Keyes Road,E01026818,Norwich 013C,Violence and sexual offences,Formal action is not in the public interest,
7d15f79a38d61c4f7075a94ba7d7b561e9cef5242cf782ba0538de4f19ea2b86,2016-01,Norfolk Constabulary,Norfolk Constabulary,1.297304,52.613225,On or near Keyes Close,E01026818,Norwich 013C,Violence and sexual offences,Unable to prosecute suspect,
,2016-01,Norfolk Constabulary,Norfolk Constabulary,1.295199,52.609992,On or near Beeching Close,E01026819,Norwich 013D,Anti-social behaviour,,
e99e01b75cd9dcb8a8719e04feb9e4f8484a5bcc93a99067032a44480ae92cd1,2016-01,Norfolk Constabulary,Norfolk Constabulary,1.298611,52.613513,On or near Longmead,E01026819,Norwich 013D,Burglary,Investigation complete; no suspect identified,
d8c50e806d97f56f453f03d19a40ed445ffd6122d9ae1c1c996be98ff209c30c,2016-01,Norfolk Constabulary,Norfolk Constabulary,1.298611,52.613513,On or near Longmead,E01026819,Norwich 013D,Burglary,Investigation complete; no suspect identified,
2c7eeade6b1421bef7614422a23ccbbd098a5a8d15f0f0f38761644a747f0419,2016-01,Norfolk Constabulary,Norfolk Constabulary,1.295199,52.609992,On or near Beeching Close,E01026819,Norwich 013D,Burglary,Investigation complete; no suspect identified,
2a401aeb76a058cda7374678cb8ced60491db469f672f865b35497053966de36,2016-01,Norfolk Constabulary,Norfolk Constabulary,1.298710,52.610704,On or near Cavell Road,E01026819,Norwich 013D,Criminal damage and arson,Investigation complete; no suspect identified,
8ccd39fd1c20d9a28014910f81d2a974a7741ae88d4500247674fe3c655d76c6,2016-01,Norfolk Constabulary,Norfolk Constabulary,1.298710,52.610704,On or near Cavell Road,E01026819,Norwich 013D,Criminal damage and arson,Investigation complete; no suspect identified,
51fded12f3b743d85f87a57659ec3f3822d7e3d462a6276da01c930bf94f6ea7,2016-01,Norfolk Constabulary,Norfolk Constabulary,1.298222,52.612076,On or near Springbank,E01026819,Norwich 013D,Drugs,Offender given a drugs possession warning,
45274bee7a7a28aee89c239d69c165a42782ea0af868c770e742bcc2bbd864d5,2016-01,Norfolk Constabulary,Norfolk Constabulary,1.300236,52.613315,On or near Suncroft,E01026819,Norwich 013D,Public order,Status update unavailable,
79053908fdd8ce14e51f90cf95818820a84c7ca5812cb96d10b254672f65ffc2,2016-01,Norfolk Constabulary,Norfolk Constabulary,1.295199,52.609992,On or near Beeching Close,E01026819,Norwich 013D,Public order,Status update unavailable,
f03e34225d32446fd8d2cb94147d3eea0b26a9fe265e7f6943415c6c6768081d,2016-01,Norfolk Constabulary,Norfolk Constabulary,1.301766,52.611860,On or near Huxley Close,E01026819,Norwich 013D,Vehicle crime,Investigation complete; no suspect identified,
54d5ca447361c93dbd06c7d55120ffe89b90942e120751e133c7b3645ea1e51a,2016-01,Norfolk Constabulary,Norfolk Constabulary,1.297146,52.612303,On or near Birbeck Road,E01026819,Norwich 013D,Violence and sexual offences,Formal action is not in the public interest,
256a0476415e7f5a83e9254da2221a1b98274bf2cde95b464c4a98c9c96413be,2016-01,Norfolk Constabulary,Norfolk Constabulary,1.298611,52.613513,On or near Longmead,E01026819,Norwich 013D,Violence and sexual offences,Unable to prosecute suspect,
3d82a507cedd75ceebc5e45b84a98065d0b84b955a047f8b53cb2bdc56f8defb,2016-01,Norfolk Constabulary,Norfolk Constabulary,1.295199,52.609992,On or near Beeching Close,E01026819,Norwich 013D,Violence and sexual offences,Formal action is not in the public interest,
6b374c6971bfb845aadbe43c736f119c7d417744a11a57c2a2cfab96b183146e,2016-01,Norfolk Constabulary,Norfolk Constabulary,1.295199,52.609992,On or near Beeching Close,E01026819,Norwich 013D,Violence and sexual offences,Unable to prosecute suspect,
,2016-01,Norfolk Constabulary,Norfolk Constabulary,1.288497,52.605340,On or near Gilchrist Close,E01026820,Norwich 013E,Anti-social behaviour,,
,2016-01,Norfolk Constabulary,Norfolk Constabulary,1.283173,52.608609,On or near Supermarket,E01026820,Norwich 013E,Anti-social behaviour,,
,2016-01,Norfolk Constabulary,Norfolk Constabulary,1.288497,52.605340,On or near Gilchrist Close,E01026820,Norwich 013E,Anti-social behaviour,,
836a9c2c4820e0f663c86687f79dbe94753d600e415b54d0d4b8042483fe1dd5,2016-01,Norfolk Constabulary,Norfolk Constabulary,1.285000,52.610132,On or near Tuckswood Lane,E01026820,Norwich 013E,Burglary,Formal action is not in the public interest,
0d865b1441ea25096e645357a4a455e0240e3df5b2917f8ef7500d5e5569c233,2016-01,Norfolk Constabulary,Norfolk Constabulary,1.281093,52.610033,On or near Boniface Close,E01026820,Norwich 013E,Burglary,Investigation complete; no suspect identified,
7b840eaa9f4a26bb2d3f82a869f9a2a231665023a0903f6d31215f380a640ee2,2016-01,Norfolk Constabulary,Norfolk Constabulary,1.285419,52.609014,On or near Greenwood Road,E01026820,Norwich 013E,Criminal damage and arson,Investigation complete; no suspect identified,
1cf1a461b8e8955f98cc6ac87a751df3c9221169b77286244a52847f2ea6b3de,2016-01,Norfolk Constabulary,Norfolk Constabulary,1.285419,52.609014,On or near Greenwood Road,E01026820,Norwich 013E,Criminal damage and arson,Investigation complete; no suspect identified,
9f75343e992a6e8b9f7107811a854ff800b19d53879c4812ada96c4a08476cee,2016-01,Norfolk Constabulary,Norfolk Constabulary,1.282809,52.607297,On or near Longbow Close,E01026820,Norwich 013E,Violence and sexual offences,Status update unavailable,
89168abea67336fd3647945d6d8ec515e31a15647b00ff43c1d87d8eb40eb7b1,2016-01,Norfolk Constabulary,Norfolk Constabulary,1.288773,52.609613,On or near Hall Road,E01026820,Norwich 013E,Violence and sexual offences,Status update unavailable,
49321588b0d280585d993ff4356c4bcf092d6c0e00a2eee5baadd47821ff9709,2016-01,Norfolk Constabulary,Norfolk Constabulary,1.285000,52.610132,On or near Tuckswood Lane,E01026820,Norwich 013E,Violence and sexual offences,Status update unavailable,
228acb0cc6e91068fa6ce48060a6afeb5224254fb83c6101baab53b87aa5165f,2016-01,Norfolk Constabulary,Norfolk Constabulary,1.284850,52.607528,On or near Sports/Recreation Area,E01026820,Norwich 013E,Violence and sexual offences,Status update unavailable,
6e7e69be7a3402ca605dbd7dd7499391b3118a03beb9f647d38a238c744e88a2,2016-01,Norfolk Constabulary,Norfolk Constabulary,1.288773,52.609613,On or near Hall Road,E01026820,Norwich 013E,Violence and sexual offences,Status update unavailable,
5df5fef0df7999e38da8f41c822b7754719877a0b6702445f2e3c5deff85b10d,2016-01,Norfolk Constabulary,Norfolk Constabulary,1.280960,52.607663,On or near Papplewick Close,E01026820,Norwich 013E,Violence and sexual offences,Status update unavailable,
,2016-01,Norfolk Constabulary,Norfolk Constabulary,1.279011,52.599380,On or near Oldhall Road,E01026821,Norwich 013F,Anti-social behaviour,,
,2016-01,Norfolk Constabulary,Norfolk Constabulary,1.280312,52.601970,On or near Kirklees,E01026821,Norwich 013F,Anti-social behaviour,,
,2016-01,Norfolk Constabulary,Norfolk Constabulary,1.280312,52.601970,On or near Kirklees,E01026821,Norwich 013F,Anti-social behaviour,,
6e09df889222721214c18d07e6a44726acddf840b47f5e42a1ccc049cda8ca97,2016-01,Norfolk Constabulary,Norfolk Constabulary,1.292502,52.602998,On or near Theobald Road,E01026821,Norwich 013F,Burglary,Investigation complete; no suspect identified,
0e4667b15347f74d8e4f19c5c39bbbd11aed3032b3ca17a6958b1ce3b40f7df3,2016-01,Norfolk Constabulary,Norfolk Constabulary,1.294708,52.605626,On or near Sandy Lane,E01026821,Norwich 013F,Burglary,Court result unavailable,
0095cf4a625ab42996fd267d75d365856fc6d6cec82e15f5299ac405da57c942,2016-01,Norfolk Constabulary,Norfolk Constabulary,1.280312,52.601970,On or near Kirklees,E01026821,Norwich 013F,Burglary,Investigation complete; no suspect identified,
3144c7ec515f3aa990ed1533949a3f07127ac0d9c6d2d8dca51b6dde6c66493d,2016-01,Norfolk Constabulary,Norfolk Constabulary,1.294708,52.605626,On or near Sandy Lane,E01026821,Norwich 013F,Criminal damage and arson,Formal action is not in the public interest,
61d74b3982f4473cd1f9cbe1b497f92dfad429faa825ba59fbe27e2cfc0d72a3,2016-01,Norfolk Constabulary,Norfolk Constabulary,1.294708,52.605626,On or near Sandy Lane,E01026821,Norwich 013F,Criminal damage and arson,Status update unavailable,
7119f52e48d25e58d8139d6de4e22bd969a3ed12061bf142d5f0812c68728dcc,2016-01,Norfolk Constabulary,Norfolk Constabulary,1.292502,52.602998,On or near Theobald Road,E01026821,Norwich 013F,Violence and sexual offences,Formal action is not in the public interest,
b02524b4a3e62cd12400884b1c8499f2829cbfa082024d88c47f37a99e8f0293,2016-01,Norfolk Constabulary,Norfolk Constabulary,1.294708,52.605626,On or near Sandy Lane,E01026821,Norwich 013F,Violence and sexual offences,Status update unavailable,
,2016-01,Norfolk Constabulary,Norfolk Constabulary,1.301283,52.629186,On or near Nightclub,E01033438,Norwich 014A,Anti-social behaviour,,
,2016-01,Norfolk Constabulary,Norfolk Constabulary,1.309501,52.633301,On or near Bishop Bridge Road,E01033438,Norwich 014A,Anti-social behaviour,,
,2016-01,Norfolk Constabulary,Norfolk Constabulary,1.305884,52.627871,On or near Prince Of Wales Road,E01033438,Norwich 014A,Anti-social behaviour,,
,2016-01,Norfolk Constabulary,Norfolk Constabulary,1.305337,52.632571,On or near Bishopgate,E01033438,Norwich 014A,Anti-social behaviour,,
,2016-01,Norfolk Constabulary,Norfolk Constabulary,1.300319,52.629726,On or near Nightclub,E01033438,Norwich 014A,Anti-social behaviour,,
,2016-01,Norfolk Constabulary,Norfolk Constabulary,1.296991,52.631671,On or near Elm Hill,E01033438,Norwich 014A,Anti-social behaviour,,
,2016-01,Norfolk Constabulary,Norfolk Constabulary,1.310472,52.632257,On or near William Kett Close,E01033438,Norwich 014A,Anti-social behaviour,,
,2016-01,Norfolk Constabulary,Norfolk Constabulary,1.300319,52.629726,On or near Nightclub,E01033438,Norwich 014A,Anti-social behaviour,,
,2016-01,Norfolk Constabulary,Norfolk Constabulary,1.301805,52.629441,On or near Nightclub,E01033438,Norwich 014A,Anti-social behaviour,,
,2016-01,Norfolk Constabulary,Norfolk Constabulary,1.298897,52.628317,On or near Crown Road,E01033438,Norwich 014A,Anti-social behaviour,,
,2016-01,Norfolk Constabulary,Norfolk Constabulary,1.297665,52.631580,On or near Waggon And Horses Lane,E01033438,Norwich 014A,Anti-social behaviour,,
,2016-01,Norfolk Constabulary,Norfolk Constabulary,1.301283,52.629186,On or near Nightclub,E01033438,Norwich 014A,Anti-social behaviour,,
,2016-01,Norfolk Constabulary,Norfolk Constabulary,1.305884,52.627871,On or near Prince Of Wales Road,E01033438,Norwich 014A,Anti-social behaviour,,
,2016-01,Norfolk Constabulary,Norfolk Constabulary,1.302641,52.628968,On or near Prince Of Wales Road,E01033438,Norwich 014A,Anti-social behaviour,,
,2016-01,Norfolk Constabulary,Norfolk Constabulary,1.309501,52.633301,On or near Bishop Bridge Road,E01033438,Norwich 014A,Anti-social behaviour,,
,2016-01,Norfolk Constabulary,Norfolk Constabulary,1.310472,52.632257,On or near William Kett Close,E01033438,Norwich 014A,Anti-social behaviour,,
,2016-01,Norfolk Constabulary,Norfolk Constabulary,1.307733,52.630040,On or near Riverside Road,E01033438,Norwich 014A,Anti-social behaviour,,
,2016-01,Norfolk Constabulary,Norfolk Constabulary,1.301948,52.628790,On or near St Vedast Street,E01033438,Norwich 014A,Anti-social behaviour,,
,2016-01,Norfolk Constabulary,Norfolk Constabulary,1.299303,52.630563,On or near Queen Street,E01033438,Norwich 014A,Anti-social behaviour,,
,2016-01,Norfolk Constabulary,Norfolk Constabulary,1.305337,52.632571,On or near Bishopgate,E01033438,Norwich 014A,Anti-social behaviour,,
,2016-01,Norfolk Constabulary,Norfolk Constabulary,1.300319,52.629726,On or near Nightclub,E01033438,Norwich 014A,Anti-social behaviour,,
,2016-01,Norfolk Constabulary,Norfolk Constabulary,1.305884,52.627871,On or near Prince Of Wales Road,E01033438,Norwich 014A,Anti-social behaviour,,
,2016-01,Norfolk Constabulary,Norfolk Constabulary,1.301948,52.628790,On or near St Vedast Street,E01033438,Norwich 014A,Anti-social behaviour,,
,2016-01,Norfolk Constabulary,Norfolk Constabulary,1.310472,52.632257,On or near William Kett Close,E01033438,Norwich 014A,Anti-social behaviour,,
,2016-01,Norfolk Constabulary,Norfolk Constabulary,1.309501,52.633301,On or near Bishop Bridge Road,E01033438,Norwich 014A,Anti-social behaviour,,
,2016-01,Norfolk Constabulary,Norfolk Constabulary,1.302641,52.628968,On or near Prince Of Wales Road,E01033438,Norwich 014A,Anti-social behaviour,,
,2016-01,Norfolk Constabulary,Norfolk Constabulary,1.305337,52.632571,On or near Bishopgate,E01033438,Norwich 014A,Anti-social behaviour,,
,2016-01,Norfolk Constabulary,Norfolk Constabulary,1.310472,52.632257,On or near William Kett Close,E01033438,Norwich 014A,Anti-social behaviour,,
,2016-01,Norfolk Constabulary,Norfolk Constabulary,1.309501,52.633301,On or near Bishop Bridge Road,E01033438,Norwich 014A,Anti-social behaviour,,
,2016-01,Norfolk Constabulary,Norfolk Constabulary,1.310472,52.632257,On or near William Kett Close,E01033438,Norwich 014A,Anti-social behaviour,,
,2016-01,Norfolk Constabulary,Norfolk Constabulary,1.306156,52.629320,On or near Lovelstaithe,E01033438,Norwich 014A,Anti-social behaviour,,
,2016-01,Norfolk Constabulary,Norfolk Constabulary,1.305884,52.627871,On or near Prince Of Wales Road,E01033438,Norwich 014A,Anti-social behaviour,,
,2016-01,Norfolk Constabulary,Norfolk Constabulary,1.296991,52.631671,On or near Elm Hill,E01033438,Norwich 014A,Anti-social behaviour,,
,2016-01,Norfolk Constabulary,Norfolk Constabulary,1.298836,52.629857,On or near Upper King Street,E01033438,Norwich 014A,Anti-social behaviour,,
,2016-01,Norfolk Constabulary,Norfolk Constabulary,1.298529,52.633049,On or near Quay Side,E01033438,Norwich 014A,Anti-social behaviour,,
,2016-01,Norfolk Constabulary,Norfolk Constabulary,1.304014,52.628948,On or near Stuart Gardens,E01033438,Norwich 014A,Anti-social behaviour,,
,2016-01,Norfolk Constabulary,Norfolk Constabulary,1.303065,52.628516,On or near Nightclub,E01033438,Norwich 014A,Anti-social behaviour,,
eff4cbbcb92f780863a7a8bbbc3020d729ed135f89bbebf208aceb5fde9f1959,2016-01,Norfolk Constabulary,Norfolk Constabulary,1.301488,52.633677,On or near St Martin-At-Palace Plain,E01033438,Norwich 014A,Burglary,Investigation complete; no suspect identified,
97868422e66a94283e4124b6de323df296f04e1160a46b21df42fcbfcff2df8b,2016-01,Norfolk Constabulary,Norfolk Constabulary,1.297848,52.632250,On or near Wensum Street,E01033438,Norwich 014A,Burglary,Offender sent to prison,
47ab7a7278e3e30acc8c6baf4ada35b75f0bddfc27dace01d436553c11176211,2016-01,Norfolk Constabulary,Norfolk Constabulary,1.298566,52.629613,On or near Nightclub,E01033438,Norwich 014A,Criminal damage and arson,Formal action is not in the public interest,
5a95d54b039575a992ce5e9e8169bdce72c9bbdc71df3f43f36a3d70a8e99692,2016-01,Norfolk Constabulary,Norfolk Constabulary,1.302641,52.628968,On or near Prince Of Wales Road,E01033438,Norwich 014A,Criminal damage and arson,Offender given community sentence,
eb72e78fcd6074a7e27b3d28e03d7bcc6bc7c729698e35c772b1d0ccd0ab7fcc,2016-01,Norfolk Constabulary,Norfolk Constabulary,1.303065,52.628516,On or near Nightclub,E01033438,Norwich 014A,Criminal damage and arson,Investigation complete; no suspect identified,
8484cbbb3b750338498336e7eeb64ff85decb13087825be0ae1af3a3d203c3ac,2016-01,Norfolk Constabulary,Norfolk Constabulary,1.300319,52.629726,On or near Nightclub,E01033438,Norwich 014A,Criminal damage and arson,Offender given penalty notice,
8eb67c6004e96a662bb1b554a016cb5ef42e8b29a5b3519289901d717e871fa6,2016-01,Norfolk Constabulary,Norfolk Constabulary,1.298836,52.629857,On or near Upper King Street,E01033438,Norwich 014A,Criminal damage and arson,Formal action is not in the public interest,
3e444ef91b772cc8fc99103ab66ad7f54a2637159e8ed66b93ed0113485813fb,2016-01,Norfolk Constabulary,Norfolk Constabulary,1.301948,52.628790,On or near St Vedast Street,E01033438,Norwich 014A,Criminal damage and arson,Court result unavailable,
e5f21c2a674aa7fa2d9710738c05eb85b21273d59890dff5e2373bf3e39d52ab,2016-01,Norfolk Constabulary,Norfolk Constabulary,1.299303,52.630563,On or near Queen Street,E01033438,Norwich 014A,Drugs,Court case unable to proceed,
82abcfff46900802acb6260623b32a4b4528475a0410a9f111d9a7284a461025,2016-01,Norfolk Constabulary,Norfolk Constabulary,1.303216,52.628943,On or near Nightclub,E01033438,Norwich 014A,Drugs,Offender given a caution,
3b96bf420267df1a02562bfa0aac24585cdec3f4415dc83f9a6d25e5d7f4ce81,2016-01,Norfolk Constabulary,Norfolk Constabulary,1.303065,52.628516,On or near Nightclub,E01033438,Norwich 014A,Drugs,Offender given a drugs possession warning,
06809add4ce23885edc878ece7e53be3d458d7764a2e4af36b314105bfbca9dc,2016-01,Norfolk Constabulary,Norfolk Constabulary,1.303065,52.628516,On or near Nightclub,E01033438,Norwich 014A,Other theft,Offender given a caution,
cc712099a1875cdb6dab6bea032e350e3d23a6572cc3703f16381870d4c1eb09,2016-01,Norfolk Constabulary,Norfolk Constabulary,1.301283,52.629186,On or near Nightclub,E01033438,Norwich 014A,Other theft,Status update unavailable,
7898774d9daf6d045c71e15a675713fd726b1850ecd1ee6a30f4348bcb8c1a8a,2016-01,Norfolk Constabulary,Norfolk Constabulary,1.303216,52.628943,On or near Nightclub,E01033438,Norwich 014A,Other theft,Investigation complete; no suspect identified,
57dd452e8b523805137ab0c0be26c4ea8c30d24af04ebfba7de22205e35f4163,2016-01,Norfolk Constabulary,Norfolk Constabulary,1.303216,52.628943,On or near Nightclub,E01033438,Norwich 014A,Other theft,Investigation complete; no suspect identified,
c7566cb59921b8bfb80503d245e587c0d6b547b148c118cd2bc1a9b485259470,2016-01,Norfolk Constabulary,Norfolk Constabulary,1.299303,52.630563,On or near Queen Street,E01033438,Norwich 014A,Other theft,Defendant found not guilty,
4ea25cf8fd1bc6dfd86edcd23f80c23ea03ebd8167afe3341d4f15ad39c78551,2016-01,Norfolk Constabulary,Norfolk Constabulary,1.310472,52.632257,On or near William Kett Close,E01033438,Norwich 014A,Other theft,Investigation complete; no suspect identified,
69e4eb7f6474e6ec2b23421dc3ca3ae9580f7539fc44969898004f6291f498c9,2016-01,Norfolk Constabulary,Norfolk Constabulary,1.300319,52.629726,On or near Nightclub,E01033438,Norwich 014A,Other theft,Investigation complete; no suspect identified,
e66614c024f24052c0929b681b8bd3a0faa58f3caecc7a5fb197cce28303a9d9,2016-01,Norfolk Constabulary,Norfolk Constabulary,1.306156,52.629320,On or near Lovelstaithe,E01033438,Norwich 014A,Other theft,Status update unavailable,
264d472ed75e2cf57cb8d7ffd31d0500a5efad9447cfe7896d51b4066094c45b,2016-01,Norfolk Constabulary,Norfolk Constabulary,1.298933,52.631149,On or near Tombland,E01033438,Norwich 014A,Other theft,Local resolution,
999bb753b4fbc6178217b9d95a7e2fc5a92f81cf04d0cde484e67aef90d94aee,2016-01,Norfolk Constabulary,Norfolk Constabulary,1.298566,52.629613,On or near Nightclub,E01033438,Norwich 014A,Other theft,Investigation complete; no suspect identified,
93309f4923d61f9af0191e4ce1e04cc5952a7a8dc7576fadfd1e1b4431bc5db8,2016-01,Norfolk Constabulary,Norfolk Constabulary,1.301283,52.629186,On or near Nightclub,E01033438,Norwich 014A,Other theft,Investigation complete; no suspect identified,
882a26f64fa48eef6bc67026c6bdf3f9ce7bb93ba2de91fbebc506bc5e5f9653,2016-01,Norfolk Constabulary,Norfolk Constabulary,1.298566,52.629613,On or near Nightclub,E01033438,Norwich 014A,Other theft,Investigation complete; no suspect identified,
adb6e8fcfbe12654a18396c9c5c075ee2371fb2d001074d3969eecbaa469bf35,2016-01,Norfolk Constabulary,Norfolk Constabulary,1.303216,52.628943,On or near Nightclub,E01033438,Norwich 014A,Other theft,Investigation complete; no suspect identified,
27623499ba1af8ed025a4a95baac2dac7e309850f3834c5ad1f33505b42525eb,2016-01,Norfolk Constabulary,Norfolk Constabulary,1.298836,52.629857,On or near Upper King Street,E01033438,Norwich 014A,Other theft,Status update unavailable,
4a5ca93e3a41ad910a1eb4f2cd1669f2e0581695fca742c8999da67d51c9cb5c,2016-01,Norfolk Constabulary,Norfolk Constabulary,1.303216,52.628943,On or near Nightclub,E01033438,Norwich 014A,Other theft,Investigation complete; no suspect identified,
1f0d91b74dfd95c62a2c9d91b2b3a2bb63521ff91417b53ac3a4f5f40231255c,2016-01,Norfolk Constabulary,Norfolk Constabulary,1.298836,52.629857,On or near Upper King Street,E01033438,Norwich 014A,Other theft,Investigation complete; no suspect identified,
446205e1401b1d11a9fa7400a3e9fa8bf2dcda05ff7f5e4bc70b9bfa70f0bc8a,2016-01,Norfolk Constabulary,Norfolk Constabulary,1.300319,52.629726,On or near Nightclub,E01033438,Norwich 014A,Public order,Offender given conditional discharge,
5f3caacf061b881604b7c69ae92e989c23dd27f3ff670deb479a6372b8c53283,2016-01,Norfolk Constabulary,Norfolk Constabulary,1.302641,52.628968,On or near Prince Of Wales Road,E01033438,Norwich 014A,Public order,Offender given a caution,
0028843b61a9aa18dc8f6db55a2fd042a7528f9dbc33b5291dddf0434ae9ae5a,2016-01,Norfolk Constabulary,Norfolk Constabulary,1.296497,52.631379,On or near The Monastery,E01033438,Norwich 014A,Public order,Formal action is not in the public interest,
034f846ad74dcbdd3a335a6f942e9facd02f41fda7d0c6c7b83c6bc6e7a39fed,2016-01,Norfolk Constabulary,Norfolk Constabulary,1.300319,52.629726,On or near Nightclub,E01033438,Norwich 014A,Public order,Offender fined,
20532f820dace61fc2c56d9a7658e65623d3315eaae72b9fb51d6a936eccd2ba,2016-01,Norfolk Constabulary,Norfolk Constabulary,1.308681,52.630661,On or near Lollards Road,E01033438,Norwich 014A,Public order,Status update unavailable,
cc1f080b3a056280adcc2f775784f32841d09f9244221da98ed1e43b2beb817b,2016-01,Norfolk Constabulary,Norfolk Constabulary,1.302641,52.628968,On or near Prince Of Wales Road,E01033438,Norwich 014A,Public order,Formal action is not in the public interest,
8842dd2e8c8343302acf75b3436bc009f43a7050691f40e29217b25873f8e8e6,2016-01,Norfolk Constabulary,Norfolk Constabulary,1.308681,52.630661,On or near Lollards Road,E01033438,Norwich 014A,Robbery,Investigation complete; no suspect identified,
d628ffa6be7e20d088a9e689131dcadf4ba847a04108095911499353805385a2,2016-01,Norfolk Constabulary,Norfolk Constabulary,1.301283,52.629186,On or near Nightclub,E01033438,Norwich 014A,Shoplifting,Offender given suspended prison sentence,
cd0ba41bb6027f6e3e37e68f8758a907dc567f9ada138dda1d6526016816f94b,2016-01,Norfolk Constabulary,Norfolk Constabulary,1.303216,52.628943,On or near Nightclub,E01033438,Norwich 014A,Theft from the person,Investigation complete; no suspect identified,
1b5911dd9ca9d77a0eefdd880d600d266baaf84ad28eb2f53bb726e711d05c36,2016-01,Norfolk Constabulary,Norfolk Constabulary,1.298836,52.629857,On or near Upper King Street,E01033438,Norwich 014A,Theft from the person,Investigation complete; no suspect identified,
aa44b9d83260e986d527da5466852f7391dfdde813a139b1d9e10d49ae7d493a,2016-01,Norfolk Constabulary,Norfolk Constabulary,1.303065,52.628516,On or near Nightclub,E01033438,Norwich 014A,Theft from the person,Formal action is not in the public interest,
cde5c011440170a552b29a3ae57f7d6b0947c3513f20e064096eff481d92d434,2016-01,Norfolk Constabulary,Norfolk Constabulary,1.298836,52.629857,On or near Upper King Street,E01033438,Norwich 014A,Theft from the person,Investigation complete; no suspect identified,
bbfa5b933c5962aea412266062e93730d33904221c4288f5a700fd9ab7cddbd5,2016-01,Norfolk Constabulary,Norfolk Constabulary,1.298290,52.629674,On or near Bank Street,E01033438,Norwich 014A,Vehicle crime,Status update unavailable,
debbba5e6582fe9e90ad0ee975c9f2c5aa033cc64ca7078d4d850cb7a2083154,2016-01,Norfolk Constabulary,Norfolk Constabulary,1.298836,52.629857,On or near Upper King Street,E01033438,Norwich 014A,Violence and sexual offences,Offender sent to prison,
af0c9a36b6ee8d1e659b9ad9d313be75fd35505563b66151e0496c2eac3c3da1,2016-01,Norfolk Constabulary,Norfolk Constabulary,1.300319,52.629726,On or near Nightclub,E01033438,Norwich 014A,Violence and sexual offences,Status update unavailable,
4196e017087eef6a6cb9afd05a583b90e6e06f67882623ae962b402d5e48939b,2016-01,Norfolk Constabulary,Norfolk Constabulary,1.299303,52.630563,On or near Queen Street,E01033438,Norwich 014A,Violence and sexual offences,Offender ordered to pay compensation,
b5d2be8df15621943a0be41d3ef109d522657729a38c6c91d2e3b1ccc42cb075,2016-01,Norfolk Constabulary,Norfolk Constabulary,1.302641,52.628968,On or near Prince Of Wales Road,E01033438,Norwich 014A,Violence and sexual offences,Formal action is not in the public interest,
538ceaee55ec9a1c91c2a8e3f4d79c30230ca56e956316d3b239c7d34e745e55,2016-01,Norfolk Constabulary,Norfolk Constabulary,1.301283,52.629186,On or near Nightclub,E01033438,Norwich 014A,Violence and sexual offences,Offender given community sentence,
170e4e53ae11e1a1cd268cd55fa889404e006e9d5074626f8fd1f7f281690281,2016-01,Norfolk Constabulary,Norfolk Constabulary,1.298836,52.629857,On or near Upper King Street,E01033438,Norwich 014A,Violence and sexual offences,Offender given a caution,
92165d9c1efdfec8f209c73496bc23e0213838c22a1dd7eab93f5c162ceb43af,2016-01,Norfolk Constabulary,Norfolk Constabulary,1.303216,52.628943,On or near Nightclub,E01033438,Norwich 014A,Violence and sexual offences,Offender otherwise dealt with,
18225a109abfc9b62dbc7935925c58cf6b16e0cb1d49fae57e6a679648c909f6,2016-01,Norfolk Constabulary,Norfolk Constabulary,1.305884,52.627871,On or near Prince Of Wales Road,E01033438,Norwich 014A,Violence and sexual offences,Court result unavailable,
ce8da50bdda054b02874386e2d375d54ddd6f7413832bad6f7c585f6bf032dfc,2016-01,Norfolk Constabulary,Norfolk Constabulary,1.298836,52.629857,On or near Upper King Street,E01033438,Norwich 014A,Violence and sexual offences,Investigation complete; no suspect identified,
b51dce85431f8c8b1fad3b3a84f889326dc277842ae2c393b0aea06bc528ced6,2016-01,Norfolk Constabulary,Norfolk Constabulary,1.308681,52.630661,On or near Lollards Road,E01033438,Norwich 014A,Violence and sexual offences,Formal action is not in the public interest,
b8ef1cb48fc569f56177b525cf3ec18cf4ec7e753f3560c4156f2bf69a0a8d47,2016-01,Norfolk Constabulary,Norfolk Constabulary,1.302641,52.628968,On or near Prince Of Wales Road,E01033438,Norwich 014A,Violence and sexual offences,Defendant found not guilty,
6224ee980102de6bbb9455520cb38d15bbae4fbca0ad454e246abf70bda6d7c8,2016-01,Norfolk Constabulary,Norfolk Constabulary,1.303065,52.628516,On or near Nightclub,E01033438,Norwich 014A,Violence and sexual offences,Formal action is not in the public interest,
4bc565423b07c0aedb3943c754b028556e8f8b173097a78e3fc462c5cb6201e7,2016-01,Norfolk Constabulary,Norfolk Constabulary,1.299303,52.630563,On or near Queen Street,E01033438,Norwich 014A,Violence and sexual offences,Offender ordered to pay compensation,
f53bbde4e0a7ac92e52922cb258d3c5821a50e4aa80e0ee3f9d186e8a5f4840a,2016-01,Norfolk Constabulary,Norfolk Constabulary,1.310472,52.632257,On or near William Kett Close,E01033438,Norwich 014A,Violence and sexual offences,Unable to prosecute suspect,
ba15ce316a828cf38b3039e86c8775ef619572c1d91f177abba9609d0b25debb,2016-01,Norfolk Constabulary,Norfolk Constabulary,1.300319,52.629726,On or near Nightclub,E01033438,Norwich 014A,Violence and sexual offences,Offender given a caution,
8b5172cc91d6f07e77c3b768f71a2487eb56cad5fa93e3706275c92f513b07ac,2016-01,Norfolk Constabulary,Norfolk Constabulary,1.301557,52.629493,On or near Nightclub,E01033438,Norwich 014A,Violence and sexual offences,Formal action is not in the public interest,
04d2c52776027ec297f69d1522905027679869d67350eb87ea24874236e64534,2016-01,Norfolk Constabulary,Norfolk Constabulary,1.302641,52.628968,On or near Prince Of Wales Road,E01033438,Norwich 014A,Violence and sexual offences,Defendant found not guilty,
0e5e260b640ab4edd7c91cedecc49d7bb8f1c46a201caa3e3c8f227a10d94dfe,2016-01,Norfolk Constabulary,Norfolk Constabulary,1.300319,52.629726,On or near Nightclub,E01033438,Norwich 014A,Violence and sexual offences,Status update unavailable,
aefd9380f5a498bd7d1beb38dc312834f7df41e210122f6a9daa22a0670623b5,2016-01,Norfolk Constabulary,Norfolk Constabulary,1.302641,52.628968,On or near Prince Of Wales Road,E01033438,Norwich 014A,Violence and sexual offences,Investigation complete; no suspect identified,
298fb8698dd0f161a67966c70a1302fe034f6c50ab0b7ba2d9ab88e6f501e43d,2016-01,Norfolk Constabulary,Norfolk Constabulary,1.297848,52.632250,On or near Wensum Street,E01033438,Norwich 014A,Violence and sexual offences,Status update unavailable,
fab4f2b670f09dc5967e0487918cbf9cf0334e6e7402b76d8e6ee176b3e88ffa,2016-01,Norfolk Constabulary,Norfolk Constabulary,1.303065,52.628516,On or near Nightclub,E01033438,Norwich 014A,Violence and sexual offences,Court result unavailable,
229b8f0445e02d1064d8f45ea43a4f820a107b93d1b3ef1ff0c900d85ad09930,2016-01,Norfolk Constabulary,Norfolk Constabulary,1.298566,52.629613,On or near Nightclub,E01033438,Norwich 014A,Violence and sexual offences,Court result unavailable,
a720a2f77d1aa12c13981e314b448d7454217f800b98396dbe1be5a93760f26d,2016-01,Norfolk Constabulary,Norfolk Constabulary,1.309501,52.633301,On or near Bishop Bridge Road,E01033438,Norwich 014A,Violence and sexual offences,Unable to prosecute suspect,
9e89a3a90691772c82db3f0cd2199f1738e910d16c52e707ffdb8cc3b15a6eb1,2016-01,Norfolk Constabulary,Norfolk Constabulary,1.301948,52.628790,On or near St Vedast Street,E01033438,Norwich 014A,Violence and sexual offences,Investigation complete; no suspect identified,
0dfd72fadb3d4e8e8de6e97e3e03c0d0b30e744cb16e9da46aa892b2704a2e32,2016-01,Norfolk Constabulary,Norfolk Constabulary,1.298566,52.629613,On or near Nightclub,E01033438,Norwich 014A,Violence and sexual offences,Formal action is not in the public interest,
6e74dc3fc9d1ff05f077e1dfa727dcdcfbcb82f704cfa15993816a301356b768,2016-01,Norfolk Constabulary,Norfolk Constabulary,1.301948,52.628790,On or near St Vedast Street,E01033438,Norwich 014A,Violence and sexual offences,Unable to prosecute suspect,
36bb2d4947838fb01adc0508fa3d3f2d5760acf577de704fc357773f7a8f1c04,2016-01,Norfolk Constabulary,Norfolk Constabulary,1.298836,52.629857,On or near Upper King Street,E01033438,Norwich 014A,Violence and sexual offences,Local resolution,
ef8b197686c3b1b6049762d03f1f48a359b5d7edcd4d3409e6fb84c96c0c8740,2016-01,Norfolk Constabulary,Norfolk Constabulary,1.303216,52.628943,On or near Nightclub,E01033438,Norwich 014A,Violence and sexual offences,Offender given a caution,
b51485a5d09813b230d53f1901f6d184e5b90c04b27d0a2ded8c09d61bd3dd83,2016-01,Norfolk Constabulary,Norfolk Constabulary,1.298566,52.629613,On or near Nightclub,E01033438,Norwich 014A,Violence and sexual offences,Offender given suspended prison sentence,
d3d37799351fc997a4c6a434ba4458007bf4e2fab48b273736009b364afdbd5e,2016-01,Norfolk Constabulary,Norfolk Constabulary,1.298933,52.631149,On or near Tombland,E01033438,Norwich 014A,Violence and sexual offences,Unable to prosecute suspect,
bd998e4be9e074ba4ef69cfb4e2567de370ccc41e6edd97321e2e291ba661f92,2016-01,Norfolk Constabulary,Norfolk Constabulary,1.301557,52.629493,On or near Nightclub,E01033438,Norwich 014A,Violence and sexual offences,Formal action is not in the public interest,
cab602d3d8113c9647466bf222738fa3e16b43addfe22186be9205e16d98ac8b,2016-01,Norfolk Constabulary,Norfolk Constabulary,1.298836,52.629857,On or near Upper King Street,E01033438,Norwich 014A,Violence and sexual offences,Offender given a caution,
edb167237e3c75e4226d1f7fe5c3226642eeba9b82aa2e8f58050fe757fd4de6,2016-01,Norfolk Constabulary,Norfolk Constabulary,1.298836,52.629857,On or near Upper King Street,E01033438,Norwich 014A,Violence and sexual offences,Offender sent to prison,
e41b336fba4493ac916569f38c86cd604470b41e763ac7980f641e073acd19f4,2016-01,Norfolk Constabulary,Norfolk Constabulary,1.298836,52.629857,On or near Upper King Street,E01033438,Norwich 014A,Violence and sexual offences,Status update unavailable,
f3bc78e77379118931acd98af7f78e13e3b34e72c0dfb1f573478c775d768f6d,2016-01,Norfolk Constabulary,Norfolk Constabulary,1.303216,52.628943,On or near Nightclub,E01033438,Norwich 014A,Violence and sexual offences,Offender given community sentence,
93a6e163128c2bf63fd236c698b19784c22b59fec0a29591b9ad7c0333113103,2016-01,Norfolk Constabulary,Norfolk Constabulary,1.302641,52.628968,On or near Prince Of Wales Road,E01033438,Norwich 014A,Violence and sexual offences,Formal action is not in the public interest,
37844e4a7aeb5e602fefe6b6d6f905384db15d0d18946d33884859762a6f54fe,2016-01,Norfolk Constabulary,Norfolk Constabulary,1.301557,52.629493,On or near Nightclub,E01033438,Norwich 014A,Violence and sexual offences,Formal action is not in the public interest,
fcf1eecd4e388d16e57a60b86b7b7ea7eb17ff1950698360be5f8a048de1f64c,2016-01,Norfolk Constabulary,Norfolk Constabulary,1.301948,52.628790,On or near St Vedast Street,E01033438,Norwich 014A,Violence and sexual offences,Formal action is not in the public interest,
dc66c01edabae64f26826583940cc055a6849dc2ac200c5088ee97eb02864cc7,2016-01,Norfolk Constabulary,Norfolk Constabulary,1.299303,52.630563,On or near Queen Street,E01033438,Norwich 014A,Violence and sexual offences,Offender ordered to pay compensation,
81db7eafc48c38f87861257078601735281069e1cb542556c58fa3edbc4c9b7e,2016-01,Norfolk Constabulary,Norfolk Constabulary,1.298290,52.629674,On or near Bank Street,E01033438,Norwich 014A,Violence and sexual offences,Formal action is not in the public interest,
6c1cae97209ee0218da2703e7e9bf3ce185416a125b191c21ae5da683d4774d8,2016-01,Norfolk Constabulary,Norfolk Constabulary,1.309501,52.633301,On or near Bishop Bridge Road,E01033438,Norwich 014A,Violence and sexual offences,Unable to prosecute suspect,
,2016-01,Norfolk Constabulary,Norfolk Constabulary,1.313635,52.624623,On or near Clarence Road,E01033439,Norwich 014B,Anti-social behaviour,,
,2016-01,Norfolk Constabulary,Norfolk Constabulary,1.308048,52.629132,On or near St Matthews Road,E01033439,Norwich 014B,Anti-social behaviour,,
,2016-01,Norfolk Constabulary,Norfolk Constabulary,1.308647,52.627470,On or near Old Library Mews,E01033439,Norwich 014B,Anti-social behaviour,,
,2016-01,Norfolk Constabulary,Norfolk Constabulary,1.305263,52.625909,On or near Parking Area,E01033439,Norwich 014B,Anti-social behaviour,,
,2016-01,Norfolk Constabulary,Norfolk Constabulary,1.306464,52.627333,On or near Parking Area,E01033439,Norwich 014B,Anti-social behaviour,,
,2016-01,Norfolk Constabulary,Norfolk Constabulary,1.302034,52.628563,On or near Rose Lane,E01033439,Norwich 014B,Anti-social behaviour,,
,2016-01,Norfolk Constabulary,Norfolk Constabulary,1.306464,52.627333,On or near Parking Area,E01033439,Norwich 014B,Anti-social behaviour,,
,2016-01,Norfolk Constabulary,Norfolk Constabulary,1.313635,52.624623,On or near Clarence Road,E01033439,Norwich 014B,Anti-social behaviour,,
,2016-01,Norfolk Constabulary,Norfolk Constabulary,1.311186,52.626058,On or near Stracey Road,E01033439,Norwich 014B,Anti-social behaviour,,
a515ffeba65f0c4122e00834d9cad8e9c94494dbc48a9513e021555dbd8643d0,2016-01,Norfolk Constabulary,Norfolk Constabulary,1.307184,52.628257,On or near Aspland Road,E01033439,Norwich 014B,Bicycle theft,Status update unavailable,
0987358d28067485dccc6eb441784ef1a3986fe2fbd90e1a4bd453d20ab26343,2016-01,Norfolk Constabulary,Norfolk Constabulary,1.307184,52.628257,On or near Aspland Road,E01033439,Norwich 014B,Bicycle theft,Status update unavailable,
b2e6ae4e91416db321bdd811b7ceef2ca6ba00ced5c415611e4de334d9c33b76,2016-01,Norfolk Constabulary,Norfolk Constabulary,1.311292,52.625111,On or near Parking Area,E01033439,Norwich 014B,Criminal damage and arson,Investigation complete; no suspect identified,
e1ed4d4db99689d7f1fe22504108422f1a5619b84adf705375e5bb99ed9d81a3,2016-01,Norfolk Constabulary,Norfolk Constabulary,1.307897,52.628687,On or near Chalk Hill Road,E01033439,Norwich 014B,Criminal damage and arson,Investigation complete; no suspect identified,
401a9d7ce03287135eeefb9233d8f2f4d2cafab36f1fb18143b09fff90c750f1,2016-01,Norfolk Constabulary,Norfolk Constabulary,1.308647,52.627470,On or near Old Library Mews,E01033439,Norwich 014B,Criminal damage and arson,Investigation complete; no suspect identified,
db3b9a7edc4ec9b3f806b672de0e31c1fe5d740ac2a6b9c8b70d4f7d4c94ef29,2016-01,Norfolk Constabulary,Norfolk Constabulary,1.312362,52.621870,On or near Kerrison Road,E01033439,Norwich 014B,Criminal damage and arson,Investigation complete; no suspect identified,
b2a26dc518521047f14c4af4f5f594a3a2ae03f70db1a4effc1b971fa875210e,2016-01,Norfolk Constabulary,Norfolk Constabulary,1.305263,52.625909,On or near Parking Area,E01033439,Norwich 014B,Criminal damage and arson,Local resolution,
8ecbce87cb198787460cdc26e0fb9cb5a963e65db8648e5e827085005b34598e,2016-01,Norfolk Constabulary,Norfolk Constabulary,1.310667,52.628187,On or near Ella Road,E01033439,Norwich 014B,Other theft,Investigation complete; no suspect identified,
1c12c0b89940a2439c6397fa59e0fc7863fb4055e52ef0e6734de0e96a2b195c,2016-01,Norfolk Constabulary,Norfolk Constabulary,1.306464,52.627333,On or near Parking Area,E01033439,Norwich 014B,Robbery,Investigation complete; no suspect identified,
a1753962bb6c6d1ce5da12fc10230f22b21d99871e1cd7e353d4c70b8a1689ee,2016-01,Norfolk Constabulary,Norfolk Constabulary,1.304757,52.628217,On or near Prince Of Wales Road,E01033439,Norwich 014B,Shoplifting,Unable to prosecute suspect,
2180b073bfae12e54a31f4141c4f9c7706d569fbaf8a5356c982e40cd73c1fe5,2016-01,Norfolk Constabulary,Norfolk Constabulary,1.304757,52.628217,On or near Prince Of Wales Road,E01033439,Norwich 014B,Shoplifting,Unable to prosecute suspect,
92ab975e14fed8ce94e249be79a0c45c3d380d5a286c39a1ef9832da6bdb4d8c,2016-01,Norfolk Constabulary,Norfolk Constabulary,1.304757,52.628217,On or near Prince Of Wales Road,E01033439,Norwich 014B,Shoplifting,Investigation complete; no suspect identified,
,2016-01,Norfolk Constabulary,Norfolk Constabulary,1.300060,52.628645,On or near Greyfriars Road,E01033440,Norwich 014C,Anti-social behaviour,,
,2016-01,Norfolk Constabulary,Norfolk Constabulary,1.298019,52.627451,On or near Cattle Market Street,E01033440,Norwich 014C,Anti-social behaviour,,
,2016-01,Norfolk Constabulary,Norfolk Constabulary,1.301230,52.624358,On or near Music House Lane,E01033440,Norwich 014C,Anti-social behaviour,,
,2016-01,Norfolk Constabulary,Norfolk Constabulary,1.300870,52.628613,On or near Maidstone Road,E01033440,Norwich 014C,Anti-social behaviour,,
,2016-01,Norfolk Constabulary,Norfolk Constabulary,1.301390,52.627267,On or near St John Street,E01033440,Norwich 014C,Anti-social behaviour,,
,2016-01,Norfolk Constabulary,Norfolk Constabulary,1.300507,52.628110,On or near Boulton Street,E01033440,Norwich 014C,Anti-social behaviour,,
,2016-01,Norfolk Constabulary,Norfolk Constabulary,1.299757,52.628356,On or near Petrol Station,E01033440,Norwich 014C,Anti-social behaviour,,
,2016-01,Norfolk Constabulary,Norfolk Constabulary,1.301270,52.627837,On or near Parking Area,E01033440,Norwich 014C,Anti-social behaviour,,
,2016-01,Norfolk Constabulary,Norfolk Constabulary,1.301390,52.627267,On or near St John Street,E01033440,Norwich 014C,Anti-social behaviour,,
3e5c9263daef577a03511c98a028ea8ad730090932ecb66b65b3590b7f17e4de,2016-01,Norfolk Constabulary,Norfolk Constabulary,1.300507,52.628110,On or near Boulton Street,E01033440,Norwich 014C,Bicycle theft,Investigation complete; no suspect identified,
b0d323c75da2d0da868bd03eac9317c43155a7138ed4eda3f311997b179f8c44,2016-01,Norfolk Constabulary,Norfolk Constabulary,1.301390,52.627267,On or near St John Street,E01033440,Norwich 014C,Burglary,Unable to prosecute suspect,
08c2f2b091a1e7f77b522c53c1be9da898cbba1c07c2ee022b8e03ed116c164e,2016-01,Norfolk Constabulary,Norfolk Constabulary,1.298019,52.627451,On or near Cattle Market Street,E01033440,Norwich 014C,Criminal damage and arson,Formal action is not in the public interest,
2a417ce91a0413dcafdfcd216f354260aa5b8f8175b3364a34632ebfbe8937b9,2016-01,Norfolk Constabulary,Norfolk Constabulary,1.299046,52.626370,On or near Normans Buildings,E01033440,Norwich 014C,Criminal damage and arson,Investigation complete; no suspect identified,
1a95fee1c3e1a8f7c4a8c32ff957c6d34340626f74a308993375e14095475bce,2016-01,Norfolk Constabulary,Norfolk Constabulary,1.300507,52.628110,On or near Boulton Street,E01033440,Norwich 014C,Criminal damage and arson,Investigation complete; no suspect identified,
0731bd80ded8c099a8397fbdafa0267fca865604dacc760b6fe97a17f1e1d6f6,2016-01,Norfolk Constabulary,Norfolk Constabulary,1.299046,52.626370,On or near Normans Buildings,E01033440,Norwich 014C,Public order,Offender given suspended prison sentence,
3daa4dc94b4023df13679f1ad8cc0c8699b4f7bd054ea9f01d4dc32d6389bb3b,2016-01,Norfolk Constabulary,Norfolk Constabulary,1.301230,52.624358,On or near Music House Lane,E01033440,Norwich 014C,Violence and sexual offences,Unable to prosecute suspect,
8d0735aca3f5310aa504ac10eff88c902bbf5e71f8c9e1dd18b6074211a17282,2016-01,Norfolk Constabulary,Norfolk Constabulary,1.301230,52.624358,On or near Music House Lane,E01033440,Norwich 014C,Violence and sexual offences,Court result unavailable,
b63dd72236fcab9545f46a92fa5b9bbcc77b248fbfc355d7d9b84e8f09c51804,2016-01,Norfolk Constabulary,Norfolk Constabulary,1.299757,52.628356,On or near Petrol Station,E01033440,Norwich 014C,Violence and sexual offences,Investigation complete; no suspect identified,
,2016-01,Norfolk Constabulary,Norfolk Constabulary,1.303051,52.621861,On or near Argyle Street,E01033441,Norwich 014D,Anti-social behaviour,,
,2016-01,Norfolk Constabulary,Norfolk Constabulary,1.302466,52.624683,On or near Abbey Lane,E01033441,Norwich 014D,Anti-social behaviour,,
,2016-01,Norfolk Constabulary,Norfolk Constabulary,1.310130,52.622841,On or near Carrow Road,E01033441,Norwich 014D,Anti-social behaviour,,
,2016-01,Norfolk Constabulary,Norfolk Constabulary,1.305370,52.620663,On or near Alan Road,E01033441,Norwich 014D,Anti-social behaviour,,
,2016-01,Norfolk Constabulary,Norfolk Constabulary,1.307471,52.621279,On or near Sports/Recreation Area,E01033441,Norwich 014D,Anti-social behaviour,,
,2016-01,Norfolk Constabulary,Norfolk Constabulary,1.306923,52.624010,On or near Albion Way,E01033441,Norwich 014D,Anti-social behaviour,,
,2016-01,Norfolk Constabulary,Norfolk Constabulary,1.307471,52.621279,On or near Sports/Recreation Area,E01033441,Norwich 014D,Anti-social behaviour,,
,2016-01,Norfolk Constabulary,Norfolk Constabulary,1.307380,52.619294,On or near King Street,E01033441,Norwich 014D,Anti-social behaviour,,
,2016-01,Norfolk Constabulary,Norfolk Constabulary,1.310130,52.622841,On or near Carrow Road,E01033441,Norwich 014D,Anti-social behaviour,,
,2016-01,Norfolk Constabulary,Norfolk Constabulary,1.307471,52.621279,On or near Sports/Recreation Area,E01033441,Norwich 014D,Anti-social behaviour,,
52b3716d7f6e3a3ece8b86fe34bd245a9f63c9c49464d4bcb56881e6af85d6f2,2016-01,Norfolk Constabulary,Norfolk Constabulary,1.304831,52.620966,On or near Stuart Road,E01033441,Norwich 014D,Bicycle theft,Investigation complete; no suspect identified,
625d804836d6efb71888a801d49a74ada03fd9ed004297f9b9ac94a79b29ffba,2016-01,Norfolk Constabulary,Norfolk Constabulary,1.302466,52.624683,On or near Abbey Lane,E01033441,Norwich 014D,Criminal damage and arson,Status update unavailable,
e26290f6ae6eb8006b027d8e1be404cea7cb21769ec87fcb5738950cfa156433,2016-01,Norfolk Constabulary,Norfolk Constabulary,1.308888,52.624000,On or near Supermarket,E01033441,Norwich 014D,Drugs,Status update unavailable,
b546cd7329dd6274bca1824980714322ae56f3e3725ad6b1766a186b753c0537,2016-01,Norfolk Constabulary,Norfolk Constabulary,1.303051,52.621861,On or near Argyle Street,E01033441,Norwich 014D,Drugs,Offender given a caution,
862dc5862be64301ac47a4925be397ce4c17bac0885d955fb9e8102e9359c0a3,2016-01,Norfolk Constabulary,Norfolk Constabulary,1.308888,52.624000,On or near Supermarket,E01033441,Norwich 014D,Other theft,Offender given penalty notice,
a86fbb5dddfb47b89f2fa164d24848ce678621b53dd739065ca44ea74b40bb98,2016-01,Norfolk Constabulary,Norfolk Constabulary,1.310130,52.622841,On or near Carrow Road,E01033441,Norwich 014D,Other theft,Investigation complete; no suspect identified,
a55d83b36ed2c5400951373217fbcbf5cdf646e54be642fbee16e7f1fc4d4580,2016-01,Norfolk Constabulary,Norfolk Constabulary,1.308888,52.624000,On or near Supermarket,E01033441,Norwich 014D,Other theft,Court result unavailable,
aff62612b4826ac63d4787e62a4d63c6be93d8ddc61f6beb613459cfb86b4467,2016-01,Norfolk Constabulary,Norfolk Constabulary,1.308888,52.624000,On or near Supermarket,E01033441,Norwich 014D,Shoplifting,Unable to prosecute suspect,
a4be26bc9e6784a8c64b09129ac53a2b9f809a950eae5dbe4a81d589f22e7ec9,2016-01,Norfolk Constabulary,Norfolk Constabulary,1.308888,52.624000,On or near Supermarket,E01033441,Norwich 014D,Shoplifting,Status update unavailable,
b94bd8c10645d5c20476da3311cd6dce44286aaec7726c2d973722a5b1eaec69,2016-01,Norfolk Constabulary,Norfolk Constabulary,1.308888,52.624000,On or near Supermarket,E01033441,Norwich 014D,Violence and sexual offences,Offender given conditional discharge,
0d7e57551b254309c60a4f578a23d2668c456eea283651690b650e57ddf3e75a,2016-01,Norfolk Constabulary,Norfolk Constabulary,1.302466,52.624683,On or near Abbey Lane,E01033441,Norwich 014D,Violence and sexual offences,Status update unavailable,
713e3cee4c10add02e9eae82bc8fcca28987a2d549734b62ade33df817013c7d,2016-01,Norfolk Constabulary,Norfolk Constabulary,1.302466,52.624683,On or near Abbey Lane,E01033441,Norwich 014D,Violence and sexual offences,Local resolution,
696089a48e3df43f17b6349d341d07c489b912135784a284698c4cb48282be4f,2016-01,Norfolk Constabulary,Norfolk Constabulary,1.312058,52.614909,On or near Bracondale,E01033441,Norwich 014D,Violence and sexual offences,Investigation complete; no suspect identified,
3e57024fa263781f622d50e0aedb72556999d4df89abda1d06219c5d83cdfa49,2016-01,Norfolk Constabulary,Norfolk Constabulary,1.305389,52.623073,On or near Wherry Road,E01033441,Norwich 014D,Violence and sexual offences,Status update unavailable,
08692441dda30861ab962cc56608148fa88ae1bb983c8e83da48fbaeee1d81b4,2016-01,Norfolk Constabulary,Norfolk Constabulary,1.302466,52.624683,On or near Abbey Lane,E01033441,Norwich 014D,Violence and sexual offences,Status update unavailable,
,2016-01,Norfolk Constabulary,Norfolk Constabulary,1.306229,52.636558,On or near St James Close,E01026848,Norwich 015A,Anti-social behaviour,,
,2016-01,Norfolk Constabulary,Norfolk Constabulary,1.307885,52.635585,On or near Cannell Green,E01026848,Norwich 015A,Anti-social behaviour,,
,2016-01,Norfolk Constabulary,Norfolk Constabulary,1.306229,52.636558,On or near St James Close,E01026848,Norwich 015A,Anti-social behaviour,,
,2016-01,Norfolk Constabulary,Norfolk Constabulary,1.306904,52.637465,On or near Hassett Close,E01026848,Norwich 015A,Anti-social behaviour,,
,2016-01,Norfolk Constabulary,Norfolk Constabulary,1.306229,52.636558,On or near St James Close,E01026848,Norwich 015A,Anti-social behaviour,,
,2016-01,Norfolk Constabulary,Norfolk Constabulary,1.310364,52.636505,On or near Heathgate,E01026848,Norwich 015A,Anti-social behaviour,,
,2016-01,Norfolk Constabulary,Norfolk Constabulary,1.304146,52.637758,On or near Harcourt Close,E01026848,Norwich 015A,Anti-social behaviour,,
,2016-01,Norfolk Constabulary,Norfolk Constabulary,1.303644,52.636981,On or near Brewers Court,E01026848,Norwich 015A,Anti-social behaviour,,
,2016-01,Norfolk Constabulary,Norfolk Constabulary,1.304943,52.636369,On or near Anchor Close,E01026848,Norwich 015A,Anti-social behaviour,,
795058585d98e5dd82054cc32bd844e2fe6d7f15ab462f4546e30c84f0c42fbc,2016-01,Norfolk Constabulary,Norfolk Constabulary,1.305077,52.637939,On or near Balfour Street,E01026848,Norwich 015A,Burglary,Investigation complete; no suspect identified,
31388269475cffe0e528e9dc04adfd9f9feb843bfd4a6939c8c5ff7b8deaeb69,2016-01,Norfolk Constabulary,Norfolk Constabulary,1.310364,52.636505,On or near Heathgate,E01026848,Norwich 015A,Burglary,Formal action is not in the public interest,
72a84927baa6c47c01162d946e4b757f8518ed64bc98d21984d57513cc3825f6,2016-01,Norfolk Constabulary,Norfolk Constabulary,1.310364,52.636505,On or near Heathgate,E01026848,Norwich 015A,Criminal damage and arson,Investigation complete; no suspect identified,
d1d3fe3a4b98d347b1bf30733f7d81097a9af73f1c52d6646c9a633746fea51f,2016-01,Norfolk Constabulary,Norfolk Constabulary,1.310364,52.636505,On or near Heathgate,E01026848,Norwich 015A,Other theft,Status update unavailable,
fce8f289ca0db729a0b8e2d3146bbed0f2e4e3bc73e7446afab9af9896ac03b5,2016-01,Norfolk Constabulary,Norfolk Constabulary,1.310364,52.636505,On or near Heathgate,E01026848,Norwich 015A,Violence and sexual offences,Status update unavailable,
11577ad92dcc04a81a6b932afc84dde29a90cb96c375caa591e2f812fb298143,2016-01,Norfolk Constabulary,Norfolk Constabulary,1.310364,52.636505,On or near Heathgate,E01026848,Norwich 015A,Violence and sexual offences,Court result unavailable,
87a1442721e75c751d513cd6d7b9d314f33e698a3ff20a37c6cedcb6899e4b56,2016-01,Norfolk Constabulary,Norfolk Constabulary,1.310364,52.636505,On or near Heathgate,E01026848,Norwich 015A,Violence and sexual offences,Formal action is not in the public interest,
a9d909763b9d79995a69b2f20dcbe93e554fffd20704100121c8b5be53466bb5,2016-01,Norfolk Constabulary,Norfolk Constabulary,1.307885,52.635585,On or near Cannell Green,E01026848,Norwich 015A,Violence and sexual offences,Status update unavailable,
de27f6ed7eb3e3726fb517c5d40d9c65e67f6d6bf6fa8afcbdba3ad6cd3a3c8b,2016-01,Norfolk Constabulary,Norfolk Constabulary,1.306386,52.637075,On or near Mousehold Street,E01026848,Norwich 015A,Other crime,Status update unavailable,
,2016-01,Norfolk Constabulary,Norfolk Constabulary,1.321335,52.626188,On or near Ranson Road,E01026849,Norwich 015B,Anti-social behaviour,,
,2016-01,Norfolk Constabulary,Norfolk Constabulary,1.315566,52.628859,On or near Stan Petersen Close,E01026849,Norwich 015B,Anti-social behaviour,,
761673f766a4d7b165472b09041e0a8859472edb579aafaf413b7c11aa6f4806,2016-01,Norfolk Constabulary,Norfolk Constabulary,1.319654,52.625650,On or near Matlock Road,E01026849,Norwich 015B,Criminal damage and arson,Investigation complete; no suspect identified,
78ba4586761a8a3a9534b65bbe1d8519abc0c78d06d4fea9e9a6829fc320ad55,2016-01,Norfolk Constabulary,Norfolk Constabulary,1.319654,52.625650,On or near Matlock Road,E01026849,Norwich 015B,Criminal damage and arson,Investigation complete; no suspect identified,
f62875e0d666fb9a52bc721b1e1ab17f6932e398869b4e99b18a490f6fc1cb7a,2016-01,Norfolk Constabulary,Norfolk Constabulary,1.322040,52.624180,On or near Cremorne Lane,E01026849,Norwich 015B,Criminal damage and arson,Investigation complete; no suspect identified,
56524c300dc9faa4896fffb59171ff99230b6460edd87f9ef0f057342347b795,2016-01,Norfolk Constabulary,Norfolk Constabulary,1.319654,52.625650,On or near Matlock Road,E01026849,Norwich 015B,Criminal damage and arson,Investigation complete; no suspect identified,
359c8472d89d170452525c633ecc5b54e97c050e12e6ec3f40cd27b4d86de2ed,2016-01,Norfolk Constabulary,Norfolk Constabulary,1.326591,52.629431,On or near Holmwood Rise,E01026849,Norwich 015B,Drugs,Offender given penalty notice,
2dac7eee54a520046c5b0ef29d19ca01a496c7de56999c377aa97fe65e8512d8,2016-01,Norfolk Constabulary,Norfolk Constabulary,1.326591,52.629431,On or near Holmwood Rise,E01026849,Norwich 015B,Drugs,Offender given a drugs possession warning,
979cd3d2d7e67af6e2a03366cf39f1a76c6fc44e8536213324ad3de9f8ffb8b9,2016-01,Norfolk Constabulary,Norfolk Constabulary,1.319654,52.625650,On or near Matlock Road,E01026849,Norwich 015B,Vehicle crime,Investigation complete; no suspect identified,
40ce12ff91e73d5db456d0c49873c440a08fce802a889ec3137b97c430acee05,2016-01,Norfolk Constabulary,Norfolk Constabulary,1.326591,52.629431,On or near Holmwood Rise,E01026849,Norwich 015B,Violence and sexual offences,Formal action is not in the public interest,
412ccb3397950ae26368ca14faf668b4baafe235c4b33ff2fe3c612040a914a5,2016-01,Norfolk Constabulary,Norfolk Constabulary,1.326591,52.629431,On or near Holmwood Rise,E01026849,Norwich 015B,Violence and sexual offences,Status update unavailable,
,2016-01,Norfolk Constabulary,Norfolk Constabulary,1.315589,52.633850,On or near Trident Drive,E01026850,Norwich 015C,Anti-social behaviour,,
,2016-01,Norfolk Constabulary,Norfolk Constabulary,1.312109,52.627319,On or near Ethel Road,E01026850,Norwich 015C,Anti-social behaviour,,
,2016-01,Norfolk Constabulary,Norfolk Constabulary,1.311602,52.629599,On or near Malvern Road,E01026850,Norwich 015C,Anti-social behaviour,,
7513bc742150c9fc9592ff65456ea5862c304aa7867bceb67055fc07d401a932,2016-01,Norfolk Constabulary,Norfolk Constabulary,1.311602,52.629599,On or near Malvern Road,E01026850,Norwich 015C,Burglary,Investigation complete; no suspect identified,
532c0c4609424d71244127c073ae566cc1d5583e1f6852b47c75cc5e719b0464,2016-01,Norfolk Constabulary,Norfolk Constabulary,1.313210,52.633871,On or near Kett'S Hill,E01026850,Norwich 015C,Burglary,Investigation complete; no suspect identified,
15ce811f516354421490e043116cf64e7583d8c9289715c8d5cdd76a11321495,2016-01,Norfolk Constabulary,Norfolk Constabulary,1.310883,52.634566,On or near Spitalfields,E01026850,Norwich 015C,Criminal damage and arson,Offender given a caution,
5f7b7d88309d5a2bf4e9e2da7d48649784ae989c4c15d0dad4f9f19cb76c984a,2016-01,Norfolk Constabulary,Norfolk Constabulary,1.312109,52.627319,On or near Ethel Road,E01026850,Norwich 015C,Criminal damage and arson,Status update unavailable,
e744cd6ecc1e5802bba00c809f08913d403f9f639904a6f22e84985dd3320cd1,2016-01,Norfolk Constabulary,Norfolk Constabulary,1.310883,52.634566,On or near Spitalfields,E01026850,Norwich 015C,Criminal damage and arson,Offender given a caution,
6cad4a69ed62587d8ca763ffe015268974d605ff78fc5e0ec64d311c459f03bd,2016-01,Norfolk Constabulary,Norfolk Constabulary,1.314785,52.631822,On or near Camp Grove,E01026850,Norwich 015C,Other theft,Investigation complete; no suspect identified,
de57a96355696ee4364a867334e895847228750422fe85139499400adb261694,2016-01,Norfolk Constabulary,Norfolk Constabulary,1.315589,52.633850,On or near Trident Drive,E01026850,Norwich 015C,Public order,Investigation complete; no suspect identified,
51edd5b9d5948ec8ef5d4200a588aab47de78dfa8f9863e35d3a68ba32d49314,2016-01,Norfolk Constabulary,Norfolk Constabulary,1.315589,52.633850,On or near Trident Drive,E01026850,Norwich 015C,Violence and sexual offences,Formal action is not in the public interest,
dc5fc7d98bba408c478b02124441919ee428dc5416eeb1760950c7239f92ee55,2016-01,Norfolk Constabulary,Norfolk Constabulary,1.312109,52.627319,On or near Ethel Road,E01026850,Norwich 015C,Violence and sexual offences,Status update unavailable,
4d1a1b7b5c46d6f030dbaeeea553084958f5df3e8808cd9660975d3f9929e5c1,2016-01,Norfolk Constabulary,Norfolk Constabulary,1.315589,52.633850,On or near Trident Drive,E01026850,Norwich 015C,Violence and sexual offences,Status update unavailable,
f119ce535614d4cf46998182e10c226827a716d18ea4cc2a8f19aa84b655da00,2016-01,Norfolk Constabulary,Norfolk Constabulary,1.314785,52.631822,On or near Camp Grove,E01026850,Norwich 015C,Violence and sexual offences,Status update unavailable,
35becfa96fc2b963c94cec4ef316969ff317a765f8973f723e4892d9ae892485,2016-01,Norfolk Constabulary,Norfolk Constabulary,1.312109,52.627319,On or near Ethel Road,E01026850,Norwich 015C,Violence and sexual offences,Unable to prosecute suspect,
055141336b22ae9843f01199f4e8848841bcda79a8d1f87c5301155f3680db96,2016-01,Norfolk Constabulary,Norfolk Constabulary,1.313490,52.630923,On or near Telegraph Lane West,E01026850,Norwich 015C,Other crime,Offender given a caution,
2784893095b6f4229382c1df26ab831f76332e358861330de13227e2aa8ae1be,2016-01,Norfolk Constabulary,Norfolk Constabulary,-1.486077,52.470468,On or near Marshall Road,E01031079,Nuneaton and Bedworth 018C,Violence and sexual offences,Status update unavailable,
7379ab40ef8b4d49bd97920275867fb60c61dcb0855bcfb22813983885aff7e3,2016-01,Norfolk Constabulary,Norfolk Constabulary,-0.440241,52.610226,On or near Freeman Close,E01015626,Peterborough 004C,Violence and sexual offences,Status update unavailable,
2ece9f804ce23cbddbf411539e08c2011180b103af3b6a38ffe35d82241e4207,2016-01,Norfolk Constabulary,Norfolk Constabulary,-0.440241,52.610226,On or near Freeman Close,E01015626,Peterborough 004C,Violence and sexual offences,Status update unavailable,
a1991f017806a94a3cde6d327bb3c6b5cc4d5cc0c6892fc978ce6a4ee1df7554,2016-01,Norfolk Constabulary,Norfolk Constabulary,-2.841858,52.447603,On or near Long Lane,E01029013,Shropshire 036C,Criminal damage and arson,Unable to prosecute suspect,
ac2fe54de1b48bd43c6d28c65a618b356d1b8dffa3b5744c8300aef0b878326f,2016-01,Norfolk Constabulary,Norfolk Constabulary,-1.565244,52.760159,On or near Parsons Close,E01019838,South Derbyshire 012B,Violence and sexual offences,Status update unavailable,
9368ae927b62f83a94451d455d176edcbb6c8f93e4e26ab48988341a014ae345,2016-01,Norfolk Constabulary,Norfolk Constabulary,-0.050232,52.702684,On or near Farrow Road,E01026249,South Holland 010B,Violence and sexual offences,Status update unavailable,
,2016-01,Norfolk Constabulary,Norfolk Constabulary,1.234806,52.642875,On or near Autumn Drive,E01026916,South Norfolk 001A,Anti-social behaviour,,
,2016-01,Norfolk Constabulary,Norfolk Constabulary,1.234806,52.642875,On or near Autumn Drive,E01026916,South Norfolk 001A,Anti-social behaviour,,
164d667c1b0394e4bc7ad443931ab69179acae0e111c30b97673a67196e2dd9f,2016-01,Norfolk Constabulary,Norfolk Constabulary,1.230355,52.643464,On or near Gurney Close,E01026916,South Norfolk 001A,Criminal damage and arson,Investigation complete; no suspect identified,
33008a51773b82ebb4ad517a4b275a52fda33e75cd7aba5385d62eca40801356,2016-01,Norfolk Constabulary,Norfolk Constabulary,1.226112,52.652303,On or near Meadow Close,E01026916,South Norfolk 001A,Criminal damage and arson,Status update unavailable,
773bc514cbd6102e866d4e009362bfbb8d403fcf16b033262024948fb543c22f,2016-01,Norfolk Constabulary,Norfolk Constabulary,1.234806,52.642875,On or near Autumn Drive,E01026916,South Norfolk 001A,Criminal damage and arson,Investigation complete; no suspect identified,
21face9cff92aae52d305eb0735d1f044f2f2ec2564576d8c639c5975325f02f,2016-01,Norfolk Constabulary,Norfolk Constabulary,1.234636,52.641378,On or near Petrol Station,E01026916,South Norfolk 001A,Drugs,Offender deprived of property,
666faa004a15d450a2fefbb3482c8f97a9d18ff78abf91713135e2cff4c0d1b6,2016-01,Norfolk Constabulary,Norfolk Constabulary,1.228134,52.651448,On or near Hillvue Close,E01026916,South Norfolk 001A,Vehicle crime,Investigation complete; no suspect identified,
1037234f505b68eabbd26c8d594d12adeb6ee59f7da1c2ce274f12f926bc4030,2016-01,Norfolk Constabulary,Norfolk Constabulary,1.230355,52.643464,On or near Gurney Close,E01026916,South Norfolk 001A,Vehicle crime,Investigation complete; no suspect identified,
0a2034449ee3461adc3b142b263a80a0dcf381b3bb32476d185b782e96bf990f,2016-01,Norfolk Constabulary,Norfolk Constabulary,1.234636,52.641378,On or near Petrol Station,E01026916,South Norfolk 001A,Violence and sexual offences,Status update unavailable,
f94639ea1a4ba9f2b8244caca64badde12cc226bed5fa79322c4d270980c037f,2016-01,Norfolk Constabulary,Norfolk Constabulary,1.228134,52.651448,On or near Hillvue Close,E01026916,South Norfolk 001A,Violence and sexual offences,Unable to prosecute suspect,
,2016-01,Norfolk Constabulary,Norfolk Constabulary,1.216195,52.644929,On or near Grays Fair,E01026917,South Norfolk 001B,Anti-social behaviour,,
972cc38d98ac939ccd580c8a4c1e1e3934af209bb578b1a09d3764784803a213,2016-01,Norfolk Constabulary,Norfolk Constabulary,1.223331,52.647064,On or near Grove Avenue,E01026917,South Norfolk 001B,Burglary,Status update unavailable,
2e2be93958d4213c8209beeb84acc232f91b53c1b8ee7c6df48e91fd3b5e3f31,2016-01,Norfolk Constabulary,Norfolk Constabulary,1.218987,52.646301,On or near Three Mile Lane,E01026917,South Norfolk 001B,Drugs,Court result unavailable,
df315a8703cba628c896a959c2aea36cdc47bd926e577fc1e3dae506026329d9,2016-01,Norfolk Constabulary,Norfolk Constabulary,1.228166,52.643056,On or near Gurney Court,E01026917,South Norfolk 001B,Other theft,Investigation complete; no suspect identified,
eb7d06ab20e69523c24637750a6af3563a51de76019478201bd287d1706d183c,2016-01,Norfolk Constabulary,Norfolk Constabulary,1.216195,52.644929,On or near Grays Fair,E01026917,South Norfolk 001B,Vehicle crime,Investigation complete; no suspect identified,
b6cd6f58db75c4f12db53a0de6e25fa7092b9d50fc14254fb545286f48e160bd,2016-01,Norfolk Constabulary,Norfolk Constabulary,1.225267,52.644646,On or near Jerningham Road,E01026917,South Norfolk 001B,Violence and sexual offences,Status update unavailable,
,2016-01,Norfolk Constabulary,Norfolk Constabulary,1.234967,52.647862,On or near Supermarket,E01026918,South Norfolk 001C,Anti-social behaviour,,
babb797cd227db39bf86cf66df0db1687d0b6dfd4fe77598dde92ed74fda2647,2016-01,Norfolk Constabulary,Norfolk Constabulary,1.233015,52.645847,On or near Hendon Close,E01026918,South Norfolk 001C,Criminal damage and arson,Investigation complete; no suspect identified,
d5bb40a2a3097cd7255d5ee860821354fd50749f6291eebbe4f7d48823fe61b7,2016-01,Norfolk Constabulary,Norfolk Constabulary,1.238522,52.649941,On or near Gunton Lane,E01026918,South Norfolk 001C,Vehicle crime,Investigation complete; no suspect identified,
1ef4e40dcb2eb3d0b2cb59b276fd6d381f83c26d594b5724ccc6ef0b070198dc,2016-01,Norfolk Constabulary,Norfolk Constabulary,1.237199,52.648044,On or near Glenda Road,E01026918,South Norfolk 001C,Vehicle crime,Investigation complete; no suspect identified,
8d3a91c39dcdf351e4fa6c85084ef5a31557953c47f41f6e3329f70fc1cae34a,2016-01,Norfolk Constabulary,Norfolk Constabulary,1.237713,52.646798,On or near Valley Road,E01026918,South Norfolk 001C,Vehicle crime,Investigation complete; no suspect identified,
80adf346c4a124fc84e6420238c55e5ad16fb186419e86baaec906437e29dce9,2016-01,Norfolk Constabulary,Norfolk Constabulary,1.238050,52.650754,On or near Sports/Recreation Area,E01026918,South Norfolk 001C,Violence and sexual offences,Unable to prosecute suspect,
72406571ab5e7ed5465a3bdae16c17d3e3814893542ab3da8de133fcac8c5cc2,2016-01,Norfolk Constabulary,Norfolk Constabulary,1.233015,52.645847,On or near Hendon Close,E01026918,South Norfolk 001C,Violence and sexual offences,Court result unavailable,
,2016-01,Norfolk Constabulary,Norfolk Constabulary,1.215238,52.649613,On or near Middleton Crescent,E01026924,South Norfolk 001E,Anti-social behaviour,,
f826d851b5a2d152d18956ea06ac07dbb35d49e09b2049637ee616320809c079,2016-01,Norfolk Constabulary,Norfolk Constabulary,1.217177,52.657295,On or near Nursery Lane,E01026924,South Norfolk 001E,Other theft,Investigation complete; no suspect identified,
91fbeaf8321ca2d724ea236ea5a77801ff26d9eac9d502b6b5671c40af9da7b1,2016-01,Norfolk Constabulary,Norfolk Constabulary,1.214584,52.650378,On or near Poplar Close,E01026924,South Norfolk 001E,Violence and sexual offences,Status update unavailable,
,2016-01,Norfolk Constabulary,Norfolk Constabulary,1.212879,52.647501,On or near Richmond Road,E01026925,South Norfolk 001F,Anti-social behaviour,,
,2016-01,Norfolk Constabulary,Norfolk Constabulary,1.212879,52.647501,On or near Richmond Road,E01026925,South Norfolk 001F,Anti-social behaviour,,
,2016-01,Norfolk Constabulary,Norfolk Constabulary,1.201490,52.646640,On or near Triumph Court,E01026925,South Norfolk 001F,Anti-social behaviour,,
,2016-01,Norfolk Constabulary,Norfolk Constabulary,1.208698,52.647551,On or near East Hills Road,E01026925,South Norfolk 001F,Anti-social behaviour,,
,2016-01,Norfolk Constabulary,Norfolk Constabulary,1.200185,52.647602,On or near Badger Road,E01026925,South Norfolk 001F,Anti-social behaviour,,
,2016-01,Norfolk Constabulary,Norfolk Constabulary,1.213342,52.648766,On or near Stone Breck,E01026925,South Norfolk 001F,Anti-social behaviour,,
2b3ff7160d2895327ec85b1d6c197508ef32393b8ce8341fbe3200cd01ca6792,2016-01,Norfolk Constabulary,Norfolk Constabulary,1.214787,52.646694,On or near Stafford Avenue,E01026925,South Norfolk 001F,Burglary,Investigation complete; no suspect identified,
6898908bd9da3236a188eb322052941e0a6e1f1721b3e3be26c6a7b93b63c5df,2016-01,Norfolk Constabulary,Norfolk Constabulary,1.215975,52.648982,On or near Milestone Close,E01026925,South Norfolk 001F,Criminal damage and arson,Investigation complete; no suspect identified,
c833ebfa8f66fd82439e42b4e9ed1ab8779d66ea72d8c5f0144a136593d01362,2016-01,Norfolk Constabulary,Norfolk Constabulary,1.205943,52.648085,On or near Round Well Road,E01026925,South Norfolk 001F,Criminal damage and arson,Unable to prosecute suspect,
c7ce5bc712dd64058352178178a35ce4fb7e963ef896269dac42e83458184a54,2016-01,Norfolk Constabulary,Norfolk Constabulary,1.201490,52.646640,On or near Triumph Court,E01026925,South Norfolk 001F,Drugs,Status update unavailable,
766f656517323e9e2acdd436d1518373698e1364101f54a4d7d2947de92cf31e,2016-01,Norfolk Constabulary,Norfolk Constabulary,1.201490,52.646640,On or near Triumph Court,E01026925,South Norfolk 001F,Other theft,Unable to prosecute suspect,
8bf5eeaca6c0c1fc98bdaf3dbd9a90b8c1f444bb4c289a7e2a895dfced994d03,2016-01,Norfolk Constabulary,Norfolk Constabulary,1.209914,52.645576,On or near Petrol Station,E01026925,South Norfolk 001F,Other theft,Offender given a caution,
ca2b3fbb85bd529b4d194c886af54409a3e56d131b66e2f4d6180c2fb56c87bc,2016-01,Norfolk Constabulary,Norfolk Constabulary,1.209914,52.645576,On or near Petrol Station,E01026925,South Norfolk 001F,Shoplifting,Investigation complete; no suspect identified,
240df85d0f8a5bdf77631cb757dbbd7066d62448385df61088b66527dcb5f51c,2016-01,Norfolk Constabulary,Norfolk Constabulary,1.209914,52.645576,On or near Petrol Station,E01026925,South Norfolk 001F,Shoplifting,Investigation complete; no suspect identified,
d3f6248a93b205f92682a71cca65a37f084437fece9310efd9cd8cad2ada28ac,2016-01,Norfolk Constabulary,Norfolk Constabulary,1.215109,52.649275,On or near Bottom Breck Close,E01026925,South Norfolk 001F,Violence and sexual offences,Unable to prosecute suspect,
1e17fb46cc198d0cb36c8720275340d0e20d6150069864a735b9dbb4eeb59518,2016-01,Norfolk Constabulary,Norfolk Constabulary,1.212879,52.647501,On or near Richmond Road,E01026925,South Norfolk 001F,Violence and sexual offences,Court result unavailable,
713610d415729ca6be75c5ba1af2e10a394498a4aa981ecef340b618e854eb49,2016-01,Norfolk Constabulary,Norfolk Constabulary,1.200490,52.645912,On or near Vanguard Chase,E01026925,South Norfolk 001F,Violence and sexual offences,Offender given a caution,
042b8554d9970b45088d8d6b3e5dc75b24877537e51f7d408b415e4945fcdc42,2016-01,Norfolk Constabulary,Norfolk Constabulary,1.205943,52.648085,On or near Round Well Road,E01026925,South Norfolk 001F,Violence and sexual offences,Court result unavailable,
c6b0e7305965aacc6a252d9c4f8a3fa3f5bbe10a6e00da9e84083a7664bcbf96,2016-01,Norfolk Constabulary,Norfolk Constabulary,1.212879,52.647501,On or near Richmond Road,E01026925,South Norfolk 001F,Violence and sexual offences,Defendant found not guilty,
83ea4e1302a602a95434ab35e0f7680579afa066cc50750306f429611f234b40,2016-01,Norfolk Constabulary,Norfolk Constabulary,1.213581,52.649200,On or near Chestnut Close,E01026925,South Norfolk 001F,Violence and sexual offences,Status update unavailable,
c2c2b1a40366f940a682b861af049c2140dc2dfdb25b62e2ca8f9dbe8c103476,2016-01,Norfolk Constabulary,Norfolk Constabulary,1.215975,52.648982,On or near Milestone Close,E01026925,South Norfolk 001F,Violence and sexual offences,Unable to prosecute suspect,
e99fa1f9658c6abb007972c52ecc5f9644536dbd92f25c290b8a64e964f4071b,2016-01,Norfolk Constabulary,Norfolk Constabulary,1.212498,52.647745,On or near White Gates,E01026925,South Norfolk 001F,Violence and sexual offences,Status update unavailable,
c6be45a11c8e65faa6b3c6bce4a4892dd77e956a6edb99768fb80479d10aa4e7,2016-01,Norfolk Constabulary,Norfolk Constabulary,1.213581,52.649200,On or near Chestnut Close,E01026925,South Norfolk 001F,Violence and sexual offences,Status update unavailable,
1b5c5a3c1e05d91f99ba17ea3ca4b9cdea07f37a9c719100766deeee443b75ff,2016-01,Norfolk Constabulary,Norfolk Constabulary,1.205943,52.648085,On or near Round Well Road,E01026925,South Norfolk 001F,Violence and sexual offences,Status update unavailable,
,2016-01,Norfolk Constabulary,Norfolk Constabulary,1.184028,52.662913,On or near Magnolia Way,E01033538,South Norfolk 001G,Anti-social behaviour,,
,2016-01,Norfolk Constabulary,Norfolk Constabulary,1.181375,52.654090,On or near Alex Moorhouse Way,E01033538,South Norfolk 001G,Anti-social behaviour,,
,2016-01,Norfolk Constabulary,Norfolk Constabulary,1.181375,52.654090,On or near Alex Moorhouse Way,E01033538,South Norfolk 001G,Anti-social behaviour,,
,2016-01,Norfolk Constabulary,Norfolk Constabulary,1.183335,52.664370,On or near Magpie Close,E01033538,South Norfolk 001G,Anti-social behaviour,,
fb5d74f178c7be2767ac788bfe3981b2393a78410577083f8f70579ac781bb4e,2016-01,Norfolk Constabulary,Norfolk Constabulary,1.197129,52.647864,On or near Lord Nelson Drive,E01033538,South Norfolk 001G,Burglary,Investigation complete; no suspect identified,
c3015ff28ae316753cf2da97a2b783a302e48a542919ae01d05365063e1b13a1,2016-01,Norfolk Constabulary,Norfolk Constabulary,1.188072,52.665637,On or near Teal Drive,E01033538,South Norfolk 001G,Criminal damage and arson,Formal action is not in the public interest,
ecca815be04cc08b3c4d6c457630b04d20c788d4a60d551be0b6103184de55fe,2016-01,Norfolk Constabulary,Norfolk Constabulary,1.177832,52.664158,On or near Fairway,E01033538,South Norfolk 001G,Criminal damage and arson,Investigation complete; no suspect identified,
8d0d782b2be853dd5488c099770a9b52544dad4f3c007f60a4c70e710a4f87ba,2016-01,Norfolk Constabulary,Norfolk Constabulary,1.181643,52.662464,On or near Bahram Road,E01033538,South Norfolk 001G,Other theft,Status update unavailable,
49283d769165970b03f8c2697565563c53a507a97c19da6ab03a9719ecffcda9,2016-01,Norfolk Constabulary,Norfolk Constabulary,1.179321,52.664910,On or near St Simon Close,E01033538,South Norfolk 001G,Other theft,Investigation complete; no suspect identified,
63be1bfa996a5a7b7cd69727a75f3c4f6a9873d41ccd4b63bffbac99d404b59c,2016-01,Norfolk Constabulary,Norfolk Constabulary,1.181375,52.654090,On or near Alex Moorhouse Way,E01033538,South Norfolk 001G,Shoplifting,Offender sent to prison,
fedbc68b9a4eee645ecec44ad62d03db21cbbbdeca83aaa8dd5f002e005230ca,2016-01,Norfolk Constabulary,Norfolk Constabulary,1.181375,52.654090,On or near Alex Moorhouse Way,E01033538,South Norfolk 001G,Shoplifting,Investigation complete; no suspect identified,
fda135c44a88b137e5be44e231883f113468b75b6ce0deaf0604cc3b3e2a9d39,2016-01,Norfolk Constabulary,Norfolk Constabulary,1.185309,52.653489,On or near William Frost Way,E01033538,South Norfolk 001G,Shoplifting,Offender given a caution,
83c8dbd17731c30156d293ff7d1e509b0adb89fc54c3e816e8e64ebfe6e9233c,2016-01,Norfolk Constabulary,Norfolk Constabulary,1.185309,52.653489,On or near William Frost Way,E01033538,South Norfolk 001G,Shoplifting,Investigation complete; no suspect identified,
c08dd6c8084ab49006bd7a83540fffc2bd011978b46b90b6802610ef47da3135,2016-01,Norfolk Constabulary,Norfolk Constabulary,1.185309,52.653489,On or near William Frost Way,E01033538,South Norfolk 001G,Shoplifting,Court result unavailable,
3073504797e7eea4eb4f1f352dc3aa1d911d64fb9b68adad1f5d54c6de58d6ff,2016-01,Norfolk Constabulary,Norfolk Constabulary,1.181375,52.654090,On or near Alex Moorhouse Way,E01033538,South Norfolk 001G,Shoplifting,Investigation complete; no suspect identified,
989d9998e9f0958e9a753f576b3956286c813763af20ca73789a855abe619d6f,2016-01,Norfolk Constabulary,Norfolk Constabulary,1.186050,52.665898,On or near Woodpecker Way,E01033538,South Norfolk 001G,Violence and sexual offences,Formal action is not in the public interest,
240242a34d117db2b6ce29354f552c24e25b1646f01b136c6bb313b44cf41ace,2016-01,Norfolk Constabulary,Norfolk Constabulary,1.188072,52.665637,On or near Teal Drive,E01033538,South Norfolk 001G,Violence and sexual offences,Status update unavailable,
3c1fc5dfe0b0ce41965afadcf0c7602f9d5b93e7513aedc2b19f79e512d0ec2f,2016-01,Norfolk Constabulary,Norfolk Constabulary,1.186050,52.665898,On or near Woodpecker Way,E01033538,South Norfolk 001G,Violence and sexual offences,Offender given a caution,
4ea57f2bc20f061ef94261dfc5439ab2d62022e53bea0e7def339a88d11a9079,2016-01,Norfolk Constabulary,Norfolk Constabulary,1.184028,52.662913,On or near Magnolia Way,E01033538,South Norfolk 001G,Violence and sexual offences,Formal action is not in the public interest,
f2ced1906fe01cf1eac42a2aee22e792704935e324cce042e6317c1bc6afa7d0,2016-01,Norfolk Constabulary,Norfolk Constabulary,1.180759,52.665762,On or near Stockwell Road,E01033538,South Norfolk 001G,Violence and sexual offences,Unable to prosecute suspect,
e7249c43d265ee825f8c808aa6f7b0129e4ee8f3b472f1b20bf319a4ba3d9b3c,2016-01,Norfolk Constabulary,Norfolk Constabulary,1.177832,52.664158,On or near Fairway,E01033538,South Norfolk 001G,Violence and sexual offences,Unable to prosecute suspect,
b52b7aff4a408401c5063992ae45fe035685a10af494fdfbbd80a792cf5ff69b,2016-01,Norfolk Constabulary,Norfolk Constabulary,1.186050,52.665898,On or near Woodpecker Way,E01033538,South Norfolk 001G,Violence and sexual offences,Status update unavailable,
,2016-01,Norfolk Constabulary,Norfolk Constabulary,1.205036,52.657319,On or near Sports/Recreation Area,E01033540,South Norfolk 001H,Anti-social behaviour,,
74ab953a787cfb86da0d26345291a37d2209f885f7a7ddc840cd0c69128160ea,2016-01,Norfolk Constabulary,Norfolk Constabulary,1.209154,52.658403,On or near Cleves Way,E01033540,South Norfolk 001H,Burglary,Formal action is not in the public interest,
0333eb06129ddac6f75b41a015e50a0243c5ef89eea566790454d9d80aecf231,2016-01,Norfolk Constabulary,Norfolk Constabulary,1.189097,52.666095,On or near Pochard Street,E01033540,South Norfolk 001H,Burglary,Investigation complete; no suspect identified,
b249523d9ff681bb269d1313cfd41b2564ff8134b39584eb084f13a829c17769,2016-01,Norfolk Constabulary,Norfolk Constabulary,1.196905,52.660596,On or near Tower Close,E01033540,South Norfolk 001H,Public order,Unable to prosecute suspect,
5e440388356cb2cd81a2f4417dcde11b73411aacd4889902dfc0d102446a6b2d,2016-01,Norfolk Constabulary,Norfolk Constabulary,1.215637,52.657274,On or near Lime Tree Avenue,E01033540,South Norfolk 001H,Vehicle crime,Investigation complete; no suspect identified,
c7acc972034fa10da03934a2e0ffca6cecd3c414839343477d71820694b50ed6,2016-01,Norfolk Constabulary,Norfolk Constabulary,1.195421,52.663973,On or near West End Avenue,E01033540,South Norfolk 001H,Violence and sexual offences,Court result unavailable,
df023382dab3f134171f98727a9517d2eb4d47fc26a4cdcbb702547e43580b9b,2016-01,Norfolk Constabulary,Norfolk Constabulary,1.196905,52.660596,On or near Tower Close,E01033540,South Norfolk 001H,Violence and sexual offences,Status update unavailable,
0f7d7e9b4e8e56ce7feaeb88569bdc55c1f06eba4ceb1b6cf09124a60e01a47c,2016-01,Norfolk Constabulary,Norfolk Constabulary,1.209947,52.658337,On or near Husenbeth Close,E01033540,South Norfolk 001H,Other crime,Status update unavailable,
cfcf92cb7b996cf44a8507cc394a0fc85a21e261fe431d4a431554d93ff0450d,2016-01,Norfolk Constabulary,Norfolk Constabulary,1.235971,52.605205,On or near Newmarket Road,E01026881,South Norfolk 002A,Other theft,Investigation complete; no suspect identified,
565689c6bced66b99d23414afef5174f9a9ca2a27ca70210a3d691634de4784c,2016-01,Norfolk Constabulary,Norfolk Constabulary,1.234529,52.604075,On or near Newmarket Road,E01026881,South Norfolk 002A,Vehicle crime,Offender sent to prison,
10f2e6a2a2027750bae96850acc35c8773aa08ce9def5198bfcccefe80ca4db2,2016-01,Norfolk Constabulary,Norfolk Constabulary,1.234560,52.605496,On or near Lobelia Lane,E01026881,South Norfolk 002A,Violence and sexual offences,Formal action is not in the public interest,
0e727a620a21ff3a32cdb964e38b7293ac6ade73e4088ad8be8e9c5f549a9572,2016-01,Norfolk Constabulary,Norfolk Constabulary,1.256906,52.589908,On or near College Lane,E01026881,South Norfolk 002A,Violence and sexual offences,Unable to prosecute suspect,
0bdb720cd493e5d9f6f9ee9df157f0f9af950853a51244c39febd408274d155b,2016-01,Norfolk Constabulary,Norfolk Constabulary,1.244122,52.600962,On or near Keswick Road,E01026882,South Norfolk 002B,Drugs,Offender sent to prison,
a04806a3f9ab19cac0b70b72f25094f16d14c2d1639ddebd82ddfd0540e5781d,2016-01,Norfolk Constabulary,Norfolk Constabulary,1.244122,52.600962,On or near Keswick Road,E01026882,South Norfolk 002B,Other theft,Court case unable to proceed,
2ca3aa9b1b0869639f71fff4485bbef1d548d96059e9afade391b89e2d8bc1df,2016-01,Norfolk Constabulary,Norfolk Constabulary,1.237018,52.610375,On or near St Lawrence Drive,E01026882,South Norfolk 002B,Vehicle crime,Status update unavailable,
b480a5d7d49b29d61ccd0592d3596fc382b0d47e4dff878421242e74e5d65d93,2016-01,Norfolk Constabulary,Norfolk Constabulary,1.244122,52.600962,On or near Keswick Road,E01026882,South Norfolk 002B,Other crime,Status update unavailable,
,2016-01,Norfolk Constabulary,Norfolk Constabulary,1.191968,52.644613,On or near Long Lane,E01026883,South Norfolk 002C,Anti-social behaviour,,
,2016-01,Norfolk Constabulary,Norfolk Constabulary,1.183582,52.617715,On or near Mill Road,E01026883,South Norfolk 002C,Anti-social behaviour,,
,2016-01,Norfolk Constabulary,Norfolk Constabulary,1.221052,52.618086,On or near Hospital,E01026883,South Norfolk 002C,Anti-social behaviour,,
6ad814a6d556e6fbf3ba9456348ca5262d6f05af11f754863fd25659a9c57cf4,2016-01,Norfolk Constabulary,Norfolk Constabulary,1.221052,52.618086,On or near Hospital,E01026883,South Norfolk 002C,Bicycle theft,Investigation complete; no suspect identified,
881483336fb738ac3c00824e4dc65bcfee973b9aa2aaf0ef25ec3a68cce5e99c,2016-01,Norfolk Constabulary,Norfolk Constabulary,1.223825,52.627058,On or near Old Watton Road,E01026883,South Norfolk 002C,Burglary,Investigation complete; no suspect identified,
30877933efa44039a16366019f47878a7c2f3f0ed277a2a17256794a95b6e0f3,2016-01,Norfolk Constabulary,Norfolk Constabulary,1.223825,52.627058,On or near Old Watton Road,E01026883,South Norfolk 002C,Burglary,Investigation complete; no suspect identified,
3a70892ae96a319e0717741c62da8fd7a6b191d4c949e587668d12615758392e,2016-01,Norfolk Constabulary,Norfolk Constabulary,1.221052,52.618086,On or near Hospital,E01026883,South Norfolk 002C,Criminal damage and arson,Offender ordered to pay compensation,
e328d68991f162987d6d2c4a6675388d1e54a77417083cad15d72719c23bd1cd,2016-01,Norfolk Constabulary,Norfolk Constabulary,1.221052,52.618086,On or near Hospital,E01026883,South Norfolk 002C,Criminal damage and arson,Investigation complete; no suspect identified,
6d0184504fa589447a3f2c952d509ed0c6e544d97a3e46218838e911f6f04058,2016-01,Norfolk Constabulary,Norfolk Constabulary,1.221052,52.618086,On or near Hospital,E01026883,South Norfolk 002C,Drugs,Status update unavailable,
20d1b073ac05df038219011fb8ffd5712c41df97f75e0671e4fdaca471593f8d,2016-01,Norfolk Constabulary,Norfolk Constabulary,1.221052,52.618086,On or near Hospital,E01026883,South Norfolk 002C,Public order,Court result unavailable,
cffc0902785e7b2b70f197e9a3435abe8fa101d0cce2a418fbf433c6619cd4d3,2016-01,Norfolk Constabulary,Norfolk Constabulary,1.185494,52.633870,On or near Warman'S Close,E01026883,South Norfolk 002C,Vehicle crime,Investigation complete; no suspect identified,
da58cad67f2abe015b4933717ee025c8ff102e99770066b08b4a5fbb0137355c,2016-01,Norfolk Constabulary,Norfolk Constabulary,1.221052,52.618086,On or near Hospital,E01026883,South Norfolk 002C,Violence and sexual offences,Court result unavailable,
1a01d34e80341d20b87630ec649b71c4035054480c5bc3f47475bdcf0a7f809d,2016-01,Norfolk Constabulary,Norfolk Constabulary,1.221052,52.618086,On or near Hospital,E01026883,South Norfolk 002C,Violence and sexual offences,Status update unavailable,
d851789f8770440594abe852b8ab9da0723710471e1611e1c24dc5168dbed1fa,2016-01,Norfolk Constabulary,Norfolk Constabulary,1.221052,52.618086,On or near Hospital,E01026883,South Norfolk 002C,Violence and sexual offences,Formal action is not in the public interest,
5341dffd91c2b84fa5bd5a80b1952b5aa8add00eb5d19f67cd2af33d3bf69aca,2016-01,Norfolk Constabulary,Norfolk Constabulary,1.221052,52.618086,On or near Hospital,E01026883,South Norfolk 002C,Violence and sexual offences,Status update unavailable,
afe721995a6b0cd9cc723844b7907104880b4a80682aaf251916a283b80bcad6,2016-01,Norfolk Constabulary,Norfolk Constabulary,1.221052,52.618086,On or near Hospital,E01026883,South Norfolk 002C,Violence and sexual offences,Court result unavailable,
05b261d9f45e57fd9e2a20ff88430b0a07ab26acd1ea8b39daea8508ebfb08c9,2016-01,Norfolk Constabulary,Norfolk Constabulary,1.221052,52.618086,On or near Hospital,E01026883,South Norfolk 002C,Violence and sexual offences,Status update unavailable,
,2016-01,Norfolk Constabulary,Norfolk Constabulary,1.160849,52.652049,On or near Eddington Way,E01026895,South Norfolk 002D,Anti-social behaviour,,
3c59a6fe07279dffa7851973ed22cbd17a0d06816d5a1ccddfc26b579a1e493b,2016-01,Norfolk Constabulary,Norfolk Constabulary,1.153041,52.653067,On or near Kennedy Close,E01026895,South Norfolk 002D,Criminal damage and arson,Formal action is not in the public interest,
7ab8ff4bc55aab9fef354dfc39370decdd46fb56c4920c037314e53303d86c45,2016-01,Norfolk Constabulary,Norfolk Constabulary,1.154866,52.651103,On or near Buxton Close,E01026895,South Norfolk 002D,Violence and sexual offences,Court result unavailable,
4682e1f55c3cb8e42790674f73c6d1f7c43b15cbb5f7cbe3259a930c1692957a,2016-01,Norfolk Constabulary,Norfolk Constabulary,1.178417,52.598653,On or near Kett'S Close,E01026905,South Norfolk 003A,Violence and sexual offences,Defendant found not guilty,
8a553e8e11e0d7c2489afa907b12ae4006789aa39ba80c8429af6cb30ebfe8a3,2016-01,Norfolk Constabulary,Norfolk Constabulary,1.166852,52.598028,On or near Muriel Kenny Court,E01026905,South Norfolk 003A,Violence and sexual offences,Status update unavailable,
6b91fd8260f1962c616fe788b3f9df3bd4c70517944aca8cfed154653b7cda1b,2016-01,Norfolk Constabulary,Norfolk Constabulary,1.178417,52.598653,On or near Kett'S Close,E01026905,South Norfolk 003A,Violence and sexual offences,Formal action is not in the public interest,
d8019a1a7a62683b14f715b33cd4d070e4df3cb02d28e76d7543c9689520608d,2016-01,Norfolk Constabulary,Norfolk Constabulary,1.166852,52.598028,On or near Muriel Kenny Court,E01026905,South Norfolk 003A,Violence and sexual offences,Unable to prosecute suspect,
21e84913972d805f1d09e02def2f5f0915610795ae8c1219efc68aa415e7cefd,2016-01,Norfolk Constabulary,Norfolk Constabulary,1.162912,52.589472,On or near Kett'S Oak,E01026906,South Norfolk 003B,Theft from the person,Local resolution,
87053afe41d2391a7b38f44cf178a28733ec03336d14290993b94c11c6a70f72,2016-01,Norfolk Constabulary,Norfolk Constabulary,1.174900,52.598828,On or near Park Close,E01026907,South Norfolk 003C,Criminal damage and arson,Investigation complete; no suspect identified,
4d00b5e0a0c44f9e341d1af208df34f89f22fc7ef44cf6d18af59f833a7ac0ae,2016-01,Norfolk Constabulary,Norfolk Constabulary,1.176788,52.600432,On or near Great Melton Close,E01026907,South Norfolk 003C,Criminal damage and arson,Investigation complete; no suspect identified,
2a2655852de3617e8afb99047f00206fd7f10cbec2e0fac279daebd9a88c307a,2016-01,Norfolk Constabulary,Norfolk Constabulary,1.182119,52.597762,On or near Norwich Road,E01026907,South Norfolk 003C,Public order,Investigation complete; no suspect identified,
2d0e5d6a5a5a2f8972908ead16abe50f71a0b5b0d6d3d5d3e2497f0c2c7a666a,2016-01,Norfolk Constabulary,Norfolk Constabulary,1.186566,52.600026,On or near Collingwood Close,E01026907,South Norfolk 003C,Violence and sexual offences,Status update unavailable,
,2016-01,Norfolk Constabulary,Norfolk Constabulary,1.219762,52.602724,On or near Parking Area,E01026908,South Norfolk 003D,Anti-social behaviour,,
96f6ebf4461d3c93d87c2dae5a88bca792661c9426a0ab9b25f9a8306eee98f9,2016-01,Norfolk Constabulary,Norfolk Constabulary,1.186616,52.603145,On or near Kendal Close,E01026908,South Norfolk 003D,Criminal damage and arson,Investigation complete; no suspect identified,
175fada73e3057698aa481d484b6c5b45d62646ed57c4585a350ecb6245ce94b,2016-01,Norfolk Constabulary,Norfolk Constabulary,1.223700,52.603660,On or near A47,E01026908,South Norfolk 003D,Drugs,Offender given a caution,
,2016-01,Norfolk Constabulary,Norfolk Constabulary,0.994694,52.580602,On or near Lincoln Avenue,E01026909,South Norfolk 004A,Anti-social behaviour,,
,2016-01,Norfolk Constabulary,Norfolk Constabulary,0.994694,52.580602,On or near Lincoln Avenue,E01026909,South Norfolk 004A,Anti-social behaviour,,
3c3650f9f60de97ab274f3e1e57ea6d33b391df02d8f12534b3ad82e20883972,2016-01,Norfolk Constabulary,Norfolk Constabulary,0.976098,52.581341,On or near The Dell,E01026909,South Norfolk 004A,Criminal damage and arson,Investigation complete; no suspect identified,
a517d83576f7987ff655693ea08e2383493a28cb519746d5724e54163cf352ac,2016-01,Norfolk Constabulary,Norfolk Constabulary,0.979649,52.580802,On or near Lonsdale Crescent,E01026909,South Norfolk 004A,Other theft,Investigation complete; no suspect identified,
974d921df2967c164423855e1a5e049b0c619ac7e871e10935c82e73b98ecbbc,2016-01,Norfolk Constabulary,Norfolk Constabulary,0.978801,52.581795,On or near Greenacre Road,E01026909,South Norfolk 004A,Violence and sexual offences,Offender sent to prison,
b182b9e74cc7b1ef54f2f11fc44f37a8f939cbe84ce9a237c6a72efdbb16b0c8,2016-01,Norfolk Constabulary,Norfolk Constabulary,0.994694,52.580602,On or near Lincoln Avenue,E01026909,South Norfolk 004A,Violence and sexual offences,Status update unavailable,
,2016-01,Norfolk Constabulary,Norfolk Constabulary,1.018484,52.562227,On or near Linden Close,E01026910,South Norfolk 004B,Anti-social behaviour,,
dcf17cc7559e1d4a701c64cc97edef15cf5002554bd91da61450ccb9684ed8b5,2016-01,Norfolk Constabulary,Norfolk Constabulary,0.965914,52.580059,On or near Watton Road,E01026910,South Norfolk 004B,Burglary,Investigation complete; no suspect identified,
3c0a8bb0e85e6dea3f2647e83829ed5f8e632b267d9a06315c05634dfbcbe30c,2016-01,Norfolk Constabulary,Norfolk Constabulary,0.975346,52.582439,On or near Springfield Way,E01026910,South Norfolk 004B,Burglary,Investigation complete; no suspect identified,
8c4dc18becf24244db42057cbc5e048b7e12170f3e844aa26503cb9085b75c6c,2016-01,Norfolk Constabulary,Norfolk Constabulary,0.997988,52.580195,On or near Ironside Way,E01026910,South Norfolk 004B,Criminal damage and arson,Investigation complete; no suspect identified,
,2016-01,Norfolk Constabulary,Norfolk Constabulary,1.061590,52.582775,On or near Hillside Crescent,E01026947,South Norfolk 004C,Anti-social behaviour,,
,2016-01,Norfolk Constabulary,Norfolk Constabulary,1.057168,52.603862,On or near Dark Lane,E01026947,South Norfolk 004C,Anti-social behaviour,,
0ffea65eeef5e0a4c677632c9b950d9c9529e22299f0bbfb627a7744181ff70f,2016-01,Norfolk Constabulary,Norfolk Constabulary,1.052781,52.593462,On or near Station Road,E01026947,South Norfolk 004C,Burglary,Investigation complete; no suspect identified,
ea419321e4357192b0313ffe42ee46372bab27f057a0021e1cef7225c71f2624,2016-01,Norfolk Constabulary,Norfolk Constabulary,1.079955,52.623784,On or near Chapel Close,E01026947,South Norfolk 004C,Burglary,Court result unavailable,
a95e853cb865237e52318ea6ed0c321fa1f7d8ca8a5abcad4008a3f320b2e710,2016-01,Norfolk Constabulary,Norfolk Constabulary,1.079955,52.623784,On or near Chapel Close,E01026947,South Norfolk 004C,Violence and sexual offences,Formal action is not in the public interest,
,2016-01,Norfolk Constabulary,Norfolk Constabulary,1.057196,52.581801,On or near Church Lane,E01026948,South Norfolk 004D,Anti-social behaviour,,
e16b3eed519ff75b5d31f7cb293fb29d5c8196efb990893be1f19d192deb3f78,2016-01,Norfolk Constabulary,Norfolk Constabulary,1.054721,52.544309,On or near Golf Links Road,E01026948,South Norfolk 004D,Criminal damage and arson,Investigation complete; no suspect identified,
128db38273f3e9836a08dce03db1b325c2929bfa354bde84f597ac73a9d85c50,2016-01,Norfolk Constabulary,Norfolk Constabulary,1.076917,52.562152,On or near Low Road,E01026948,South Norfolk 004D,Public order,Investigation complete; no suspect identified,
baece1915144fbd79f778f985792fb78b6277ef2f1ecc311181eab7596b5f89a,2016-01,Norfolk Constabulary,Norfolk Constabulary,1.054721,52.544309,On or near Golf Links Road,E01026948,South Norfolk 004D,Violence and sexual offences,Formal action is not in the public interest,
,2016-01,Norfolk Constabulary,Norfolk Constabulary,1.110146,52.571688,On or near Middleton Street,E01026870,South Norfolk 005A,Anti-social behaviour,,
,2016-01,Norfolk Constabulary,Norfolk Constabulary,1.111193,52.569179,On or near Chandler'S Hill,E01026870,South Norfolk 005A,Anti-social behaviour,,
14174e56fea5c3303ac3c1607c28b773c9ecd50c6c840a74673a7331b4c0aa14,2016-01,Norfolk Constabulary,Norfolk Constabulary,1.108808,52.574476,On or near Cock Street,E01026870,South Norfolk 005A,Criminal damage and arson,Formal action is not in the public interest,
7a1a8d1a80489a0e2b9b830372443a0af7a6d4379909a1f7c25d0a0509566193,2016-01,Norfolk Constabulary,Norfolk Constabulary,1.114417,52.570092,On or near Bridewell Street,E01026870,South Norfolk 005A,Criminal damage and arson,Formal action is not in the public interest,
112946dcaee5884de985b1526d43da14d38d39dcfe81827def5adff5c079e01b,2016-01,Norfolk Constabulary,Norfolk Constabulary,1.115205,52.568507,On or near Russell Way,E01026870,South Norfolk 005A,Other theft,Investigation complete; no suspect identified,
d10f0bd9716ff0f2af89e6647a6baca057477adfbc14df2da9cb956e3075fd32,2016-01,Norfolk Constabulary,Norfolk Constabulary,1.114417,52.570092,On or near Bridewell Street,E01026870,South Norfolk 005A,Shoplifting,Offender sent to prison,
059b4b639cf60f9ce0d1c5652389d525ee79f019d38d468bd8d5ee8c12d77989,2016-01,Norfolk Constabulary,Norfolk Constabulary,1.114417,52.570092,On or near Bridewell Street,E01026870,South Norfolk 005A,Shoplifting,Status update unavailable,
c1a65d221404142c04b7f55136fba9c362d47c9589ddb4e71955bc83aadc9e60,2016-01,Norfolk Constabulary,Norfolk Constabulary,1.114417,52.570092,On or near Bridewell Street,E01026870,South Norfolk 005A,Shoplifting,Offender sent to prison,
998f6a78fb96dd1e44e2b86d741980c470876e05e095d9db0f7ba4b862b87e55,2016-01,Norfolk Constabulary,Norfolk Constabulary,1.112733,52.574246,On or near Rothbury Close,E01026870,South Norfolk 005A,Vehicle crime,Investigation complete; no suspect identified,
155e41c26b8e66ce6d6bfa598c84f84457291cef197761e869e1e75a15d37db3,2016-01,Norfolk Constabulary,Norfolk Constabulary,1.115389,52.571308,On or near Sports/Recreation Area,E01026870,South Norfolk 005A,Violence and sexual offences,Status update unavailable,
164298cb1b73af581a946aa5b94a144a839b70d0328941aa2e699acc50443f6e,2016-01,Norfolk Constabulary,Norfolk Constabulary,1.119751,52.581391,On or near Robert Close,E01026921,South Norfolk 005C,Drugs,Court result unavailable,
1ff1237a10b21f5f4e2c4951c5d22914b9a74a4b881f0a51c2ff42ab469f274e,2016-01,Norfolk Constabulary,Norfolk Constabulary,1.119723,52.579332,On or near Talbot Close,E01026921,South Norfolk 005C,Violence and sexual offences,Status update unavailable,
896f504f31e95ed13dbed1a879531b390e890f4db6fce29a5501f885e5884f47,2016-01,Norfolk Constabulary,Norfolk Constabulary,1.093380,52.595393,On or near The Avenue,E01026921,South Norfolk 005C,Violence and sexual offences,Investigation complete; no suspect identified,
a7b23b809cec536ef331fb6dbfef3d0ee9ea610b2c9dabcbbcac12f7852c713d,2016-01,Norfolk Constabulary,Norfolk Constabulary,1.109990,52.578033,On or near Melton Gate,E01026922,South Norfolk 005D,Criminal damage and arson,Investigation complete; no suspect identified,
fcd91913f5f39a2cb43a58ead40af6232d9d96ba5aeb093240fb6d5bd091d63f,2016-01,Norfolk Constabulary,Norfolk Constabulary,1.112169,52.577733,On or near Edwin Close,E01026922,South Norfolk 005D,Criminal damage and arson,Investigation complete; no suspect identified,
622ab55d374a7191857fd56221c8430598433735dd061d15d13f7d4aeaefdcc6,2016-01,Norfolk Constabulary,Norfolk Constabulary,1.113400,52.575533,On or near Albansfield,E01026922,South Norfolk 005D,Violence and sexual offences,Investigation complete; no suspect identified,
507302a423e79f6cb87c5848c9f00b80ac891b5c39bb9edb9579ba68782950d5,2016-01,Norfolk Constabulary,Norfolk Constabulary,1.110999,52.580812,On or near Millway,E01026922,South Norfolk 005D,Other crime,Status update unavailable,
,2016-01,Norfolk Constabulary,Norfolk Constabulary,1.423918,52.535852,On or near Mill Lane,E01026876,South Norfolk 006B,Anti-social behaviour,,
5cc55148a72c69030d1d99438dda8a8ba09b80c959b1af4678d5ad3d67c067b4,2016-01,Norfolk Constabulary,Norfolk Constabulary,1.419493,52.511183,On or near Airport/Airfield,E01026876,South Norfolk 006B,Drugs,Offender given a caution,
,2016-01,Norfolk Constabulary,Norfolk Constabulary,1.337788,52.575171,On or near Mill Close,E01026926,South Norfolk 006C,Anti-social behaviour,,
1228770b630c8a44fbd7c5851f7ca05ca1b7a4acedbbb673978ff7823a80612e,2016-01,Norfolk Constabulary,Norfolk Constabulary,1.343137,52.572133,On or near Spruce Crescent,E01026926,South Norfolk 006C,Violence and sexual offences,Formal action is not in the public interest,
55a6d3d3c703ef4077054ce7f4e58ad65ac7721464783113f130fd3543571e52,2016-01,Norfolk Constabulary,Norfolk Constabulary,1.341333,52.574037,On or near Hillside,E01026926,South Norfolk 006C,Other crime,Offender given a caution,
b69948206c5384ab49be84f8aefda16ef47d596702209dc10f47cb89fa8e32d1,2016-01,Norfolk Constabulary,Norfolk Constabulary,1.345502,52.568504,On or near Windmill Close,E01026927,South Norfolk 006D,Other theft,Investigation complete; no suspect identified,
,2016-01,Norfolk Constabulary,Norfolk Constabulary,1.345953,52.563761,On or near Bellamy Way,E01026928,South Norfolk 006E,Anti-social behaviour,,
,2016-01,Norfolk Constabulary,Norfolk Constabulary,1.343442,52.570326,On or near Poringland Police Station,E01026928,South Norfolk 006E,Anti-social behaviour,,
,2016-01,Norfolk Constabulary,Norfolk Constabulary,1.343442,52.570326,On or near Poringland Police Station,E01026928,South Norfolk 006E,Anti-social behaviour,,
ae4e647350b197034bafd839b138554498fca30e234b194651335eb73e441f7c,2016-01,Norfolk Constabulary,Norfolk Constabulary,1.343953,52.566965,On or near Trafalgar Square,E01026928,South Norfolk 006E,Burglary,Formal action is not in the public interest,
,2016-01,Norfolk Constabulary,Norfolk Constabulary,1.329412,52.573734,On or near Birkbeck Close,E01026936,South Norfolk 006F,Anti-social behaviour,,
,2016-01,Norfolk Constabulary,Norfolk Constabulary,1.326890,52.572789,On or near Poringland Road,E01026936,South Norfolk 006F,Anti-social behaviour,,
,2016-01,Norfolk Constabulary,Norfolk Constabulary,1.299219,52.587234,On or near Stoke Road,E01026937,South Norfolk 006G,Anti-social behaviour,,
,2016-01,Norfolk Constabulary,Norfolk Constabulary,1.319278,52.611127,On or near Barn Meadow,E01026937,South Norfolk 006G,Anti-social behaviour,,
cb960ee91849d6493e864a0b4de5ff2c83655a979b827be508d92371f3a81d3b,2016-01,Norfolk Constabulary,Norfolk Constabulary,1.319278,52.611127,On or near Barn Meadow,E01026937,South Norfolk 006G,Burglary,Investigation complete; no suspect identified,
9c0e24d2632a228c3a86016b23a984f6c334adfee90aab7eeab087a490b5dd29,2016-01,Norfolk Constabulary,Norfolk Constabulary,1.341809,52.599485,On or near Parking Area,E01026937,South Norfolk 006G,Other theft,Investigation complete; no suspect identified,
b75da1213ac5c8bf3050120c06bc594a6feea1219a401a2949dbd966cf75e514,2016-01,Norfolk Constabulary,Norfolk Constabulary,1.324231,52.589727,On or near Church Close,E01026937,South Norfolk 006G,Other theft,Investigation complete; no suspect identified,
b3bc771bcb6e00e466389aee40dfdb6f12af8c3b1f66d1e62fd68872c44f50cc,2016-01,Norfolk Constabulary,Norfolk Constabulary,1.324804,52.619516,On or near Parking Area,E01026937,South Norfolk 006G,Other theft,Investigation complete; no suspect identified,
a99cecae7ba3d5dce0fa5b26a0fd41bfaa36de987fbb4fdba1a0cbd7970fa948,2016-01,Norfolk Constabulary,Norfolk Constabulary,1.277586,52.595138,On or near Supermarket,E01026937,South Norfolk 006G,Other crime,Formal action is not in the public interest,
3a166fefd782952c07c96fc9cacaa1de1505592bbb7e0d8d56fc6dd6f369d1ab,2016-01,Norfolk Constabulary,Norfolk Constabulary,1.120813,52.559572,On or near Beechwood Court,E01026884,South Norfolk 007A,Burglary,Investigation complete; no suspect identified,
e78fcedcd69d4d70516ee6736bfb33246112d4b1d31bdf51555c8a6e6e11ffa1,2016-01,Norfolk Constabulary,Norfolk Constabulary,1.120813,52.559572,On or near Beechwood Court,E01026884,South Norfolk 007A,Burglary,Investigation complete; no suspect identified,
0c8a00d2bf64e956a6e083d6982f87f5f384573b0c56abbbd6fbc09649e9d2cc,2016-01,Norfolk Constabulary,Norfolk Constabulary,1.121541,52.566082,On or near Elan Close,E01026884,South Norfolk 007A,Criminal damage and arson,Investigation complete; no suspect identified,
f256052fb5641fe7920c54b4879477d43a4adbe485d0f267e74c3aad56e1f890,2016-01,Norfolk Constabulary,Norfolk Constabulary,1.118920,52.563049,On or near St Thomas Drive,E01026884,South Norfolk 007A,Criminal damage and arson,Offender given a caution,
e11809e61c6a3b33a7cb0be2c6d9461ce9cdef10be4db108ec1dc5a8e49b9554,2016-01,Norfolk Constabulary,Norfolk Constabulary,1.119262,52.558507,On or near Green Lane,E01026884,South Norfolk 007A,Vehicle crime,Investigation complete; no suspect identified,
,2016-01,Norfolk Constabulary,Norfolk Constabulary,1.137281,52.579399,On or near B1135,E01026933,South Norfolk 007C,Anti-social behaviour,,
,2016-01,Norfolk Constabulary,Norfolk Constabulary,1.134382,52.582219,On or near Lavender Road,E01026933,South Norfolk 007C,Anti-social behaviour,,
,2016-01,Norfolk Constabulary,Norfolk Constabulary,1.131159,52.577403,On or near Turner Close,E01026933,South Norfolk 007C,Anti-social behaviour,,
,2016-01,Norfolk Constabulary,Norfolk Constabulary,1.136636,52.581943,On or near Clematis Way,E01026933,South Norfolk 007C,Anti-social behaviour,,
,2016-01,Norfolk Constabulary,Norfolk Constabulary,1.145154,52.583578,On or near Norwich Common,E01026933,South Norfolk 007C,Anti-social behaviour,,
,2016-01,Norfolk Constabulary,Norfolk Constabulary,1.126002,52.579607,On or near Parking Area,E01026933,South Norfolk 007C,Anti-social behaviour,,
,2016-01,Norfolk Constabulary,Norfolk Constabulary,1.137657,52.583013,On or near Daisy Street,E01026933,South Norfolk 007C,Anti-social behaviour,,
,2016-01,Norfolk Constabulary,Norfolk Constabulary,1.131159,52.577403,On or near Turner Close,E01026933,South Norfolk 007C,Anti-social behaviour,,
,2016-01,Norfolk Constabulary,Norfolk Constabulary,1.131159,52.577403,On or near Turner Close,E01026933,South Norfolk 007C,Anti-social behaviour,,
,2016-01,Norfolk Constabulary,Norfolk Constabulary,1.130848,52.580900,On or near Estelle Way,E01026933,South Norfolk 007C,Anti-social behaviour,,
e3eeda7d6582d86893a295ea135d0bca8340dc41ae1814155a26e6445240bef8,2016-01,Norfolk Constabulary,Norfolk Constabulary,1.126741,52.578796,On or near Orwell Close,E01026933,South Norfolk 007C,Criminal damage and arson,Investigation complete; no suspect identified,
fab0853b5fbc398c382c9274aa32c00bd2235efa82b9ee0977c22f3f18bcd726,2016-01,Norfolk Constabulary,Norfolk Constabulary,1.123286,52.575461,On or near Margaret Reeve Close,E01026933,South Norfolk 007C,Criminal damage and arson,Formal action is not in the public interest,
cd8e9052137d4b5dbe69542476c2a687d71c459f33f9f1def32f0302d11690c3,2016-01,Norfolk Constabulary,Norfolk Constabulary,1.137281,52.579399,On or near B1135,E01026933,South Norfolk 007C,Drugs,Offender given a caution,
d7ac9f6212d78a7eae592e1c62b806131ee3dbf0d1dd5bd122b3050bcc55d9f8,2016-01,Norfolk Constabulary,Norfolk Constabulary,1.135795,52.579267,On or near Supermarket,E01026933,South Norfolk 007C,Other theft,Local resolution,
1060e7e0ddf74e08edef627b7685da864740591c7360d3fd63dcbd19ff0dbdd4,2016-01,Norfolk Constabulary,Norfolk Constabulary,1.135795,52.579267,On or near Supermarket,E01026933,South Norfolk 007C,Other theft,Local resolution,
85f8df14d58fd9bbc2dabe39fb457ebad8f296823840d8b4927c8907a11affc6,2016-01,Norfolk Constabulary,Norfolk Constabulary,1.135795,52.579267,On or near Supermarket,E01026933,South Norfolk 007C,Shoplifting,Investigation complete; no suspect identified,
98a49a51179cb973d0efc92f73072520a728fb2eb1d5c8efdda27df211cbcb7f,2016-01,Norfolk Constabulary,Norfolk Constabulary,1.135795,52.579267,On or near Supermarket,E01026933,South Norfolk 007C,Shoplifting,Investigation complete; no suspect identified,
9d46a6798d4a0486a79aa4cebadca783d3ba842b35deacef4e1e361088debf00,2016-01,Norfolk Constabulary,Norfolk Constabulary,1.137281,52.579399,On or near B1135,E01026933,South Norfolk 007C,Vehicle crime,Investigation complete; no suspect identified,
4fd5fe2f1b9b40ca1873289a1811eb9b1f781c5ca000565b29cc5a884de251ea,2016-01,Norfolk Constabulary,Norfolk Constabulary,1.136686,52.581618,On or near Lobelia Close,E01026933,South Norfolk 007C,Violence and sexual offences,Formal action is not in the public interest,
51d6fc74518c5caf3093d00142d8b5ce68ffab71018b92e44788cc843dfadb63,2016-01,Norfolk Constabulary,Norfolk Constabulary,1.128693,52.579464,On or near Holly Court,E01026933,South Norfolk 007C,Violence and sexual offences,Offender given a caution,
8d1d77cd1e3b3fcce8b5efea1f04d3126c289b7c4dc4accb9ef400d0390c1aba,2016-01,Norfolk Constabulary,Norfolk Constabulary,1.125238,52.578629,On or near Lime Tree Close,E01026933,South Norfolk 007C,Violence and sexual offences,Status update unavailable,
6283a293e8f9a2a55d46d6ed82c5f219afd3f74381efad1d7df77371177213a7,2016-01,Norfolk Constabulary,Norfolk Constabulary,1.128693,52.579464,On or near Holly Court,E01026933,South Norfolk 007C,Violence and sexual offences,Offender given a caution,
f20a25e2df5929be60c36eb212e90867850e562fbb98f504a1c29a8d33cc1a0c,2016-01,Norfolk Constabulary,Norfolk Constabulary,1.136686,52.581618,On or near Lobelia Close,E01026933,South Norfolk 007C,Violence and sexual offences,Formal action is not in the public interest,
c552d4b4e12285105b8681b64252756aafdf2b1dea75bca6bb84c7500b25f2bf,2016-01,Norfolk Constabulary,Norfolk Constabulary,1.123286,52.575461,On or near Margaret Reeve Close,E01026933,South Norfolk 007C,Violence and sexual offences,Status update unavailable,
,2016-01,Norfolk Constabulary,Norfolk Constabulary,1.125843,52.572399,On or near Vetch Close,E01026945,South Norfolk 007D,Anti-social behaviour,,
,2016-01,Norfolk Constabulary,Norfolk Constabulary,1.129485,52.571511,On or near Herb Robert Glade,E01026945,South Norfolk 007D,Anti-social behaviour,,
,2016-01,Norfolk Constabulary,Norfolk Constabulary,1.119432,52.571705,On or near Postmill Close,E01026945,South Norfolk 007D,Anti-social behaviour,,
,2016-01,Norfolk Constabulary,Norfolk Constabulary,1.135556,52.576126,On or near Penfold Drive,E01026945,South Norfolk 007D,Anti-social behaviour,,
133b2fbaadb7ff781047459bbcfa9b6bfea3a077486241ce93eed385002ce440,2016-01,Norfolk Constabulary,Norfolk Constabulary,1.117236,52.570710,On or near Kimberley Street,E01026945,South Norfolk 007D,Burglary,Investigation complete; no suspect identified,
e3f8a357ece08d0f8f5eed9471bd1459fcf4204f65a7947b047ce8b45a32d607,2016-01,Norfolk Constabulary,Norfolk Constabulary,1.117236,52.570710,On or near Kimberley Street,E01026945,South Norfolk 007D,Burglary,Investigation complete; no suspect identified,
f4e261c477641713a0bbd4027070507d81fbdc970a601331152f79e56b43a3e3,2016-01,Norfolk Constabulary,Norfolk Constabulary,1.135556,52.576126,On or near Penfold Drive,E01026945,South Norfolk 007D,Criminal damage and arson,Defendant found not guilty,
dbf1f36850356ce897c89c553abe32954e3214b58118e1e2506316a4fd640819,2016-01,Norfolk Constabulary,Norfolk Constabulary,1.135556,52.576126,On or near Penfold Drive,E01026945,South Norfolk 007D,Criminal damage and arson,Status update unavailable,
94b34f7435c8450754df3610138faaeef473b7d1355c9270bdafadaed2bb0984,2016-01,Norfolk Constabulary,Norfolk Constabulary,1.135556,52.576126,On or near Penfold Drive,E01026945,South Norfolk 007D,Criminal damage and arson,Status update unavailable,
9ac208207d2b807fc8d358baeaa248ae5ad1b383ad8724a25826775b314bc308,2016-01,Norfolk Constabulary,Norfolk Constabulary,1.125843,52.572399,On or near Vetch Close,E01026945,South Norfolk 007D,Criminal damage and arson,Investigation complete; no suspect identified,
d431f61f938d025f1d6e974898dacae8c3e12b50c9127e78564d303585b66c69,2016-01,Norfolk Constabulary,Norfolk Constabulary,1.126402,52.571746,On or near Mallow Way,E01026945,South Norfolk 007D,Criminal damage and arson,Investigation complete; no suspect identified,
4b54abcc04eacee6e937b641264e4f9db8f141cd0ae9b2efeb56a7dd9605ca9f,2016-01,Norfolk Constabulary,Norfolk Constabulary,1.126402,52.571746,On or near Mallow Way,E01026945,South Norfolk 007D,Criminal damage and arson,Investigation complete; no suspect identified,
b58d12b6a4e6a7aca4143c989f351563a4098fe9a1a20c302b34e9b1131b31fd,2016-01,Norfolk Constabulary,Norfolk Constabulary,1.135556,52.576126,On or near Penfold Drive,E01026945,South Norfolk 007D,Drugs,Offender given conditional discharge,
7153e837659aeb9591fe1f0a76aa393e55091d6744bfb350aadff310ec4f81ed,2016-01,Norfolk Constabulary,Norfolk Constabulary,1.135556,52.576126,On or near Penfold Drive,E01026945,South Norfolk 007D,Drugs,Status update unavailable,
b7292476fd81e83cc8ea83ebb1bf959e2ed2ea094162605c26e849024e25a2a8,2016-01,Norfolk Constabulary,Norfolk Constabulary,1.117236,52.570710,On or near Kimberley Street,E01026945,South Norfolk 007D,Other theft,Investigation complete; no suspect identified,
b2d0da3f0f860833edb2fc35ed559a3b1880b6d72d7545077c824f8f9dbcfa84,2016-01,Norfolk Constabulary,Norfolk Constabulary,1.119432,52.571705,On or near Postmill Close,E01026945,South Norfolk 007D,Other theft,Local resolution,
2978e5d4f7af9c274941647f3718fc6fbb8e8273c42c3020ea8136abbbc93196,2016-01,Norfolk Constabulary,Norfolk Constabulary,1.123144,52.571607,On or near Gunton Road,E01026945,South Norfolk 007D,Other theft,Investigation complete; no suspect identified,
4fa038f396d20d99bda10f482b456cf8efb359afce192667ec3b6a129be34a3c,2016-01,Norfolk Constabulary,Norfolk Constabulary,1.123805,52.572588,On or near Papillion Road,E01026945,South Norfolk 007D,Public order,Offender given community sentence,
f916a999ef996458977fb2a725e5725baf0808985f91e1d2f0373df30ebd994a,2016-01,Norfolk Constabulary,Norfolk Constabulary,1.119432,52.571705,On or near Postmill Close,E01026945,South Norfolk 007D,Shoplifting,Investigation complete; no suspect identified,
3ba96d2c759089cec5f16d11711ec7bab1e4cf3eb9bd930df2d48f2f40b00c90,2016-01,Norfolk Constabulary,Norfolk Constabulary,1.119432,52.571705,On or near Postmill Close,E01026945,South Norfolk 007D,Shoplifting,Unable to prosecute suspect,
b9465c42a177cf1a72dbf8137a32ab47b6b99cc0f29c391611b838d1e9c79a48,2016-01,Norfolk Constabulary,Norfolk Constabulary,1.135556,52.576126,On or near Penfold Drive,E01026945,South Norfolk 007D,Violence and sexual offences,Offender ordered to pay compensation,
,2016-01,Norfolk Constabulary,Norfolk Constabulary,1.117291,52.576276,On or near Sir Thomas Beevor Close,E01026946,South Norfolk 007E,Anti-social behaviour,,
25155e4ee60e6f8662d43f91cf2a0d67ef835c5b551e2762ab772ce1e903648f,2016-01,Norfolk Constabulary,Norfolk Constabulary,1.120107,52.574565,On or near Folly Gardens,E01026946,South Norfolk 007E,Criminal damage and arson,Local resolution,
,2016-01,Norfolk Constabulary,Norfolk Constabulary,1.492008,52.563766,On or near Langley Street,E01026879,South Norfolk 008A,Anti-social behaviour,,
c4da0dbfbbef797577af38225464d6450ffa3cd7bd9e22b09185851c39e5f158,2016-01,Norfolk Constabulary,Norfolk Constabulary,1.482764,52.543046,On or near Hillside,E01026879,South Norfolk 008A,Vehicle crime,Investigation complete; no suspect identified,
7abe43bd0cc2e4a5198cc24b28671cbebced2c35bc84654cb7388b9efc87cf27,2016-01,Norfolk Constabulary,Norfolk Constabulary,1.479641,52.542536,On or near Hurst Road,E01026879,South Norfolk 008A,Violence and sexual offences,Formal action is not in the public interest,
0a5339f879bc38142835996653f6eaff94433d1f0cf804679a9f1991b440a99e,2016-01,Norfolk Constabulary,Norfolk Constabulary,1.431099,52.558875,On or near St George'S Close,E01026880,South Norfolk 008B,Vehicle crime,Investigation complete; no suspect identified,
d331370c19505bedaa08f5ebb290b5062842d23aa1bf95aa100cd59e39d1c901,2016-01,Norfolk Constabulary,Norfolk Constabulary,1.431370,52.561026,On or near St Marys Road,E01026880,South Norfolk 008B,Violence and sexual offences,Court result unavailable,
195121e3a33da7d1ba5bf01bb6ae50e475dc0dd76c02a03333da02ce5661acca,2016-01,Norfolk Constabulary,Norfolk Constabulary,1.431370,52.561026,On or near St Marys Road,E01026880,South Norfolk 008B,Violence and sexual offences,Offender given suspended prison sentence,
,2016-01,Norfolk Constabulary,Norfolk Constabulary,1.475858,52.533131,On or near Drury Lane,E01026911,South Norfolk 008C,Anti-social behaviour,,
,2016-01,Norfolk Constabulary,Norfolk Constabulary,1.482004,52.535865,On or near Market Place,E01026911,South Norfolk 008C,Anti-social behaviour,,
9a7f5093ba0e1f753115e00d9ce7a172069f3524473af2c459f4bb8a3c09463c,2016-01,Norfolk Constabulary,Norfolk Constabulary,1.479325,52.535008,On or near Old Market Green,E01026911,South Norfolk 008C,Theft from the person,Investigation complete; no suspect identified,
348658417065057f62f2457d008cfcdf38c2881fdc46cfe19e5e8635bc31bb15,2016-01,Norfolk Constabulary,Norfolk Constabulary,1.479561,52.529973,On or near Leman Grove,E01026911,South Norfolk 008C,Violence and sexual offences,Status update unavailable,
,2016-01,Norfolk Constabulary,Norfolk Constabulary,1.478660,52.527346,On or near Halfpenny Court,E01026912,South Norfolk 008D,Anti-social behaviour,,
2741e84f97236d944974325fc896eeb9f4b8e2bf7563cc3908934a72a13dc2b3,2016-01,Norfolk Constabulary,Norfolk Constabulary,1.484132,52.531449,On or near Foxes Loke,E01026912,South Norfolk 008D,Burglary,Investigation complete; no suspect identified,
f9b11a0ad409a1bee3d7a0f916882475db5da6fbcb45f725b9dc5b30b5564bca,2016-01,Norfolk Constabulary,Norfolk Constabulary,1.481952,52.531486,On or near Beech Close,E01026912,South Norfolk 008D,Criminal damage and arson,Status update unavailable,
0a4c67e07df364c815cd90bccbf1f6511a01448924822a11d461291349770194,2016-01,Norfolk Constabulary,Norfolk Constabulary,1.478660,52.527346,On or near Halfpenny Court,E01026912,South Norfolk 008D,Criminal damage and arson,Formal action is not in the public interest,
d572a785ab1cd4fd8dfba00d6ac4fc9d76ec1fba6c605fb8ecd5338c20a6823b,2016-01,Norfolk Constabulary,Norfolk Constabulary,1.481642,52.529435,On or near High Bungay Road,E01026912,South Norfolk 008D,Criminal damage and arson,Status update unavailable,
d35a5858fffc5819ca0aea3749b0b28747058822d928cb38a6dcf227871cdc86,2016-01,Norfolk Constabulary,Norfolk Constabulary,1.469100,52.536082,On or near Parking Area,E01026912,South Norfolk 008D,Criminal damage and arson,Status update unavailable,
8e7a3c99e8b7d66b55707a5e05f75057de038ef1f72a423c91f8408952c46223,2016-01,Norfolk Constabulary,Norfolk Constabulary,1.478660,52.527346,On or near Halfpenny Court,E01026912,South Norfolk 008D,Violence and sexual offences,Unable to prosecute suspect,
bcd1b09859966e337cad7568e99ed5a7b86967d6d4fad6529fa7d289bf73191f,2016-01,Norfolk Constabulary,Norfolk Constabulary,1.478660,52.527346,On or near Halfpenny Court,E01026912,South Norfolk 008D,Violence and sexual offences,Formal action is not in the public interest,
88db593a10cfece6f8170c628f4c1bd9b30434e004d028a74f12ae8e1153ffad,2016-01,Norfolk Constabulary,Norfolk Constabulary,1.400142,52.570364,On or near Parking Area,E01026929,South Norfolk 008E,Violence and sexual offences,Status update unavailable,
b89fe6cc495d409820441fbb499647a9a070e5d6d5a47e1ee5b069ff7e71804d,2016-01,Norfolk Constabulary,Norfolk Constabulary,1.426921,52.590071,On or near Broadfields Way,E01026930,South Norfolk 008F,Criminal damage and arson,Unable to prosecute suspect,
891b6bca5dd111ddcc7ae2155923106b0f1a9957b29121935850ad94ebf27926,2016-01,Norfolk Constabulary,Norfolk Constabulary,1.416797,52.606265,On or near School Lane,E01026930,South Norfolk 008F,Criminal damage and arson,Investigation complete; no suspect identified,
e9f16109db14b2f73f94ed7211ece3a17ba73fba815a8d61c44304bc019395cc,2016-01,Norfolk Constabulary,Norfolk Constabulary,1.402885,52.587482,On or near Bramerton Lane,E01026930,South Norfolk 008F,Other theft,Investigation complete; no suspect identified,
98916f04c89a168b6fe09dc14b9c857601347e14bcdb93b7645699e671d00c3b,2016-01,Norfolk Constabulary,Norfolk Constabulary,1.428498,52.607222,On or near Cut Loke,E01026930,South Norfolk 008F,Other theft,Investigation complete; no suspect identified,
90075b161d22df86267cce0b07f6a7c243bb2983ef1f76e4be3f66c4ce07ebbf,2016-01,Norfolk Constabulary,Norfolk Constabulary,1.404007,52.606894,On or near Church Lane,E01026930,South Norfolk 008F,Violence and sexual offences,Status update unavailable,
132a21f77175c35c9357a7f749ab7b2035670f3cf554240fd907e8e740502f05,2016-01,Norfolk Constabulary,Norfolk Constabulary,1.219509,52.554787,On or near The Street,E01026913,South Norfolk 009A,Other theft,Investigation complete; no suspect identified,
65c1bd70aa19459c764a20feb4a07dc100d0e9332880c409991d666d5e0610aa,2016-01,Norfolk Constabulary,Norfolk Constabulary,1.231742,52.554004,On or near Ryefield Road,E01026913,South Norfolk 009A,Other theft,Investigation complete; no suspect identified,
22e741482d5167a1a64d3de5ae855d7c2dc7ac0b435d6f0145fbde023cf13bf9,2016-01,Norfolk Constabulary,Norfolk Constabulary,1.227440,52.556702,On or near Nightingale Close,E01026913,South Norfolk 009A,Public order,Status update unavailable,
c7c8a8fc4307a32b6ee0e62993008f2655d2d95363d93609217cbda0563ffc97,2016-01,Norfolk Constabulary,Norfolk Constabulary,1.232032,52.555534,On or near Cuckoofield Lane,E01026913,South Norfolk 009A,Violence and sexual offences,Unable to prosecute suspect,
26fd4ed8c85dd8bdd2569719bfd6f9b42f3c0995a842908c1ca3c5a64285142d,2016-01,Norfolk Constabulary,Norfolk Constabulary,1.230390,52.554472,On or near Otter Drive,E01026913,South Norfolk 009A,Violence and sexual offences,Status update unavailable,
f816c1ae953419008468e27e8ee490c9aa73fd0efd9deb025ea4c844e535fb38,2016-01,Norfolk Constabulary,Norfolk Constabulary,1.214668,52.552553,On or near Poorhouse Lane,E01026913,South Norfolk 009A,Violence and sexual offences,Status update unavailable,
3aeb1138ee4a233c78fe50ba7c4eeab7d2946d41c2d90f93ab3b44c02ac2d80a,2016-01,Norfolk Constabulary,Norfolk Constabulary,1.228625,52.560375,On or near East Carleton Road,E01026915,South Norfolk 009C,Burglary,Investigation complete; no suspect identified,
5b7cd207264309edc05d321cee73addb81f8bbcf222102100f82a0242079e601,2016-01,Norfolk Constabulary,Norfolk Constabulary,1.235088,52.565982,On or near Norwich Road,E01026915,South Norfolk 009C,Violence and sexual offences,Status update unavailable,
4ef1f50f571b3bf2ee74b85350910d8e6648a4a5b96568dd5bde5119c87737c1,2016-01,Norfolk Constabulary,Norfolk Constabulary,1.229963,52.558495,On or near Owl Drive,E01026915,South Norfolk 009C,Violence and sexual offences,Status update unavailable,
c53fb65a8005de51b9c82b048e80d620ba01d9532046de867ce51ebbe86032bd,2016-01,Norfolk Constabulary,Norfolk Constabulary,1.238563,52.556254,On or near Wild Radish Close,E01026915,South Norfolk 009C,Violence and sexual offences,Investigation complete; no suspect identified,
9faa520df8664c2896ffa300eec9c644fccf5586599c8fbe4ba3355224c3864c,2016-01,Norfolk Constabulary,Norfolk Constabulary,1.256736,52.541446,On or near Clabburn Close,E01026919,South Norfolk 009D,Burglary,Investigation complete; no suspect identified,
aca80453c5ac96415a9fddca0aa6ffa81a7e5f27badb78ef44ddbcfc388f0b5d,2016-01,Norfolk Constabulary,Norfolk Constabulary,1.255621,52.541117,On or near Grove Close,E01026919,South Norfolk 009D,Criminal damage and arson,Investigation complete; no suspect identified,
58e718fc1ef1f5843d71baf8414e5309dbd9f109af672b8ae2252dc9cf6efe31,2016-01,Norfolk Constabulary,Norfolk Constabulary,1.256494,52.537181,On or near Alan Avenue,E01026919,South Norfolk 009D,Criminal damage and arson,Investigation complete; no suspect identified,
782fea08937ad853b35042bd202d1ac69940c41f6de475a3b0464e08c70fdf5c,2016-01,Norfolk Constabulary,Norfolk Constabulary,1.180488,52.542640,On or near Bus/Coach Station,E01026920,South Norfolk 009E,Vehicle crime,Investigation complete; no suspect identified,
255e9db51b572221f6e4091ac480f1f8ce14b111aac3ddd9fcf36d62651758eb,2016-01,Norfolk Constabulary,Norfolk Constabulary,1.302108,52.551044,On or near Park/Open Space,E01026941,South Norfolk 009F,Burglary,Investigation complete; no suspect identified,
,2016-01,Norfolk Constabulary,Norfolk Constabulary,1.539474,52.473050,On or near Geldeston Road,E01026898,South Norfolk 010A,Anti-social behaviour,,
,2016-01,Norfolk Constabulary,Norfolk Constabulary,1.522487,52.472623,On or near The Street,E01026898,South Norfolk 010A,Anti-social behaviour,,
,2016-01,Norfolk Constabulary,Norfolk Constabulary,1.513581,52.471026,On or near Station Road,E01026898,South Norfolk 010A,Anti-social behaviour,,
,2016-01,Norfolk Constabulary,Norfolk Constabulary,1.550263,52.476253,On or near Sports/Recreation Area,E01026898,South Norfolk 010A,Anti-social behaviour,,
6c34c0dbde430cdaf97a90bf86c27d3efd22b498ecc1166cc9e460a7d3a93676,2016-01,Norfolk Constabulary,Norfolk Constabulary,1.535122,52.481590,On or near Rectory Road,E01026898,South Norfolk 010A,Burglary,Court result unavailable,
17060e13719ff6a60f7d6d463369c6575acdbb0385a751727749f246bd3dfdeb,2016-01,Norfolk Constabulary,Norfolk Constabulary,1.522487,52.472623,On or near The Street,E01026898,South Norfolk 010A,Other theft,Formal action is not in the public interest,
690ab703dc94c3640b3bbf3edba314496a6e5db4e3341ee1c83a1f7cedc8eee7,2016-01,Norfolk Constabulary,Norfolk Constabulary,1.517050,52.472236,On or near Little Row,E01026898,South Norfolk 010A,Violence and sexual offences,Status update unavailable,
13ffaa4f82afe59aad2317d1a3b8f17517c58acfbb1c225974ad784690325863,2016-01,Norfolk Constabulary,Norfolk Constabulary,1.520860,52.494842,On or near Raveningham Road,E01026899,South Norfolk 010B,Criminal damage and arson,Investigation complete; no suspect identified,
ebd0fb9bbe27897a05f4ca3c604cefd8bfedbe034a234ddf4712ba34b7a8f2c6,2016-01,Norfolk Constabulary,Norfolk Constabulary,1.495647,52.492065,On or near Loddon Road,E01026899,South Norfolk 010B,Violence and sexual offences,Court result unavailable,
40b125cf41eefa069f87617ba918a5ec8179843f4521a63f36df9c41cff3c8c7,2016-01,Norfolk Constabulary,Norfolk Constabulary,1.488606,52.480931,On or near Lockhart Road,E01026899,South Norfolk 010B,Violence and sexual offences,Court result unavailable,
e81e4644c7bd71dee2b3988e6bdfcaed1470811c1c729308e5ce491a89c2c587,2016-01,Norfolk Constabulary,Norfolk Constabulary,1.602648,52.515556,On or near The Street,E01026943,South Norfolk 010C,Burglary,Investigation complete; no suspect identified,
819c48a1d6ce4f907c65ad7a0771fcfb620e2531a8b520d2be09046373ea3f9d,2016-01,Norfolk Constabulary,Norfolk Constabulary,1.622104,52.484326,On or near Rectory Road,E01026943,South Norfolk 010C,Burglary,Formal action is not in the public interest,
803e286d13f3d7fa1b5aea81f0023a0bd063dbf499a99a394c3d3b154174657b,2016-01,Norfolk Constabulary,Norfolk Constabulary,1.632480,52.481876,On or near Mill Road,E01026943,South Norfolk 010C,Other theft,Investigation complete; no suspect identified,
676edf2e9a4e259bbeec1ceb1678b75d50123609a489b7904ddd2ab266d68e3c,2016-01,Norfolk Constabulary,Norfolk Constabulary,1.632480,52.481876,On or near Mill Road,E01026943,South Norfolk 010C,Other theft,Investigation complete; no suspect identified,
575774d44a4ead97155fbb1bdb6fd9e35fd21b8bf0b6d9481801e6df1fd9019b,2016-01,Norfolk Constabulary,Norfolk Constabulary,1.628785,52.476719,On or near Park/Open Space,E01026943,South Norfolk 010C,Vehicle crime,Investigation complete; no suspect identified,
1e78abe8b113cd53ee52250b4e0b6d89dbb01a741a2effecb194653797a3436d,2016-01,Norfolk Constabulary,Norfolk Constabulary,1.611305,52.497447,On or near Station Road,E01026943,South Norfolk 010C,Vehicle crime,Unable to prosecute suspect,
,2016-01,Norfolk Constabulary,Norfolk Constabulary,1.575327,52.534959,On or near Low Road,E01026944,South Norfolk 010D,Anti-social behaviour,,
,2016-01,Norfolk Constabulary,Norfolk Constabulary,1.558246,52.529655,On or near Sports/Recreation Area,E01026944,South Norfolk 010D,Anti-social behaviour,,
,2016-01,Norfolk Constabulary,Norfolk Constabulary,1.564325,52.529517,On or near Tithebarn Lane,E01026944,South Norfolk 010D,Anti-social behaviour,,
,2016-01,Norfolk Constabulary,Norfolk Constabulary,1.177164,52.475179,On or near Church Road,E01026877,South Norfolk 011A,Anti-social behaviour,,
82da09d41a38fc5bd9de6a50e2c760f2d0eef0fff60b7a7deb7b18e049d20463,2016-01,Norfolk Constabulary,Norfolk Constabulary,1.083830,52.484630,On or near Folly Lane,E01026877,South Norfolk 011A,Burglary,Investigation complete; no suspect identified,
6b24b7d080b20764bd164c69075ee638fa81b9a007edafd91215f21e401153e5,2016-01,Norfolk Constabulary,Norfolk Constabulary,1.106644,52.494591,On or near Greenways,E01026878,South Norfolk 011B,Burglary,Investigation complete; no suspect identified,
83bec2a14f9e733733bf1d2cdc7a01e180ba788cc9818e4388d730a4bc2ece61,2016-01,Norfolk Constabulary,Norfolk Constabulary,1.122563,52.499037,On or near Bunwell Street,E01026878,South Norfolk 011B,Vehicle crime,Investigation complete; no suspect identified,
064898076932a744f419492b42c1f9d5c9e4bf9f56b1651f457b566f8e2095f4,2016-01,Norfolk Constabulary,Norfolk Constabulary,1.109426,52.492674,On or near Flaxlands Road,E01026878,South Norfolk 011B,Violence and sexual offences,Unable to prosecute suspect,
,2016-01,Norfolk Constabulary,Norfolk Constabulary,1.156443,52.500089,On or near Orchard Close,E01026897,South Norfolk 011C,Anti-social behaviour,,
,2016-01,Norfolk Constabulary,Norfolk Constabulary,1.180907,52.491321,On or near Mill Road,E01026897,South Norfolk 011C,Anti-social behaviour,,
,2016-01,Norfolk Constabulary,Norfolk Constabulary,1.156443,52.500089,On or near Orchard Close,E01026897,South Norfolk 011C,Anti-social behaviour,,
,2016-01,Norfolk Constabulary,Norfolk Constabulary,1.157421,52.509407,On or near Birkin Close,E01026897,South Norfolk 011C,Anti-social behaviour,,
3661bb4217ab8e4486c19222851dda20e194cabd9fd14b4c1e1568a5b665b46d,2016-01,Norfolk Constabulary,Norfolk Constabulary,1.169515,52.535497,On or near Park/Open Space,E01026897,South Norfolk 011C,Other theft,Investigation complete; no suspect identified,
fc9cc5f483ab3e4ea6b226fbf8dde5b5626d92ff829f4d36ed3695f3ba431187,2016-01,Norfolk Constabulary,Norfolk Constabulary,1.190928,52.509452,On or near High Road,E01026897,South Norfolk 011C,Violence and sexual offences,Investigation complete; no suspect identified,
,2016-01,Norfolk Constabulary,Norfolk Constabulary,1.233228,52.490144,On or near St Davids Close,E01026938,South Norfolk 011D,Anti-social behaviour,,
,2016-01,Norfolk Constabulary,Norfolk Constabulary,1.233228,52.490144,On or near St Davids Close,E01026938,South Norfolk 011D,Anti-social behaviour,,
,2016-01,Norfolk Constabulary,Norfolk Constabulary,1.239044,52.490885,On or near Wheatfield Way,E01026938,South Norfolk 011D,Anti-social behaviour,,
6f9ea2bf04754cf3878502c92cb12d30f47d2b9c0dcb7d7e6692155774276f46,2016-01,Norfolk Constabulary,Norfolk Constabulary,1.239044,52.490885,On or near Wheatfield Way,E01026938,South Norfolk 011D,Vehicle crime,Investigation complete; no suspect identified,
,2016-01,Norfolk Constabulary,Norfolk Constabulary,1.206334,52.481164,On or near Church Road,E01026939,South Norfolk 011E,Anti-social behaviour,,
,2016-01,Norfolk Constabulary,Norfolk Constabulary,1.231470,52.482647,On or near White House Drive,E01026939,South Norfolk 011E,Anti-social behaviour,,
f8f9dd41762d62822fb1d1dc468dd3000dad8418637c2a4e27b6c20333fba7ee,2016-01,Norfolk Constabulary,Norfolk Constabulary,1.231470,52.482647,On or near White House Drive,E01026939,South Norfolk 011E,Criminal damage and arson,Investigation complete; no suspect identified,
844b084ff2bf2bfc887a629b0cf41972b5d72d6b701229bc0e68d0642d3fc23e,2016-01,Norfolk Constabulary,Norfolk Constabulary,1.206334,52.481164,On or near Church Road,E01026939,South Norfolk 011E,Violence and sexual offences,Formal action is not in the public interest,
a08d9f9d031ed889c207d0e03e6d3af7baabe347e8d60639fba7eca0d174663d,2016-01,Norfolk Constabulary,Norfolk Constabulary,1.255636,52.499683,On or near Brick Kiln Lane,E01026939,South Norfolk 011E,Violence and sexual offences,Status update unavailable,
,2016-01,Norfolk Constabulary,Norfolk Constabulary,1.227510,52.490930,On or near Sports/Recreation Area,E01026940,South Norfolk 011F,Anti-social behaviour,,
06286eaeb0dfd7f7d9611981d8aa93eb3ddf3b7693655ca44ad5ffe658eec926,2016-01,Norfolk Constabulary,Norfolk Constabulary,1.228985,52.487931,On or near Manor Road,E01026940,South Norfolk 011F,Criminal damage and arson,Investigation complete; no suspect identified,
4ab71d33901a9358109dc8765ed948b085f61e3b6984ae68bbdc490bba0fad79,2016-01,Norfolk Constabulary,Norfolk Constabulary,1.231706,52.490285,On or near Swan Lane,E01026940,South Norfolk 011F,Drugs,Offender given a caution,
54883b7ea0304b12faac0385aac8ba2e0a3d76217b77c63dbe9f9d5ff0ea45ec,2016-01,Norfolk Constabulary,Norfolk Constabulary,1.226904,52.485667,On or near Blenheim Close,E01026940,South Norfolk 011F,Violence and sexual offences,Unable to prosecute suspect,
e95ace7b76ddf105140e178a4a560b4589979681b4185489053b5aa7c8b8d6e8,2016-01,Norfolk Constabulary,Norfolk Constabulary,1.226385,52.486626,On or near Sweet Briar Road,E01026940,South Norfolk 011F,Violence and sexual offences,Formal action is not in the public interest,
,2016-01,Norfolk Constabulary,Norfolk Constabulary,1.442388,52.470117,On or near Wildflower Way,E01026892,South Norfolk 012A,Anti-social behaviour,,
6d6afa410636720bfbafb6a2f9d3220ca270b10eeb212a84bada4eb23bb4b643,2016-01,Norfolk Constabulary,Norfolk Constabulary,1.418883,52.481889,On or near Park/Open Space,E01026892,South Norfolk 012A,Criminal damage and arson,Investigation complete; no suspect identified,
6ef02f2624c0763e4dd7743159dd5e74c8b669e114f5ee87b19201ba9b813e22,2016-01,Norfolk Constabulary,Norfolk Constabulary,1.443069,52.468838,On or near The Loke,E01026892,South Norfolk 012A,Public order,Status update unavailable,
ecf2dcfb961e581c5a58d0e5dd1b4355ab03c7dc5da707cca35fa6e489a33e64,2016-01,Norfolk Constabulary,Norfolk Constabulary,1.443069,52.468838,On or near The Loke,E01026892,South Norfolk 012A,Violence and sexual offences,Status update unavailable,
,2016-01,Norfolk Constabulary,Norfolk Constabulary,1.442465,52.461858,On or near Sports/Recreation Area,E01026893,South Norfolk 012B,Anti-social behaviour,,
fb0f6db284dd978184fbde6fb01c6ad58b41f2b3bc281be41970dab1b8755ee1,2016-01,Norfolk Constabulary,Norfolk Constabulary,1.441409,52.458138,On or near Falcon Lane,E01026893,South Norfolk 012B,Criminal damage and arson,Investigation complete; no suspect identified,
164f2b6ce65425cf0b9a966cb752f21a185309dccd724c08687242f6c3e6e6c9,2016-01,Norfolk Constabulary,Norfolk Constabulary,1.448724,52.473359,On or near Tunneys Lane,E01026893,South Norfolk 012B,Other crime,Unable to prosecute suspect,
,2016-01,Norfolk Constabulary,Norfolk Constabulary,1.337254,52.485356,On or near Church Road,E01026894,South Norfolk 012C,Anti-social behaviour,,
,2016-01,Norfolk Constabulary,Norfolk Constabulary,1.418386,52.451171,On or near The Street,E01026894,South Norfolk 012C,Anti-social behaviour,,
,2016-01,Norfolk Constabulary,Norfolk Constabulary,1.417378,52.449950,On or near The Green,E01026894,South Norfolk 012C,Anti-social behaviour,,
644e020bf23ece20ddc49e50e33c6c7ec4ad58b744439a364d4cdd66387e8c15,2016-01,Norfolk Constabulary,Norfolk Constabulary,1.417378,52.449950,On or near The Green,E01026894,South Norfolk 012C,Burglary,Unable to prosecute suspect,
2a0707e18191667ca7b29bc3667e76da10fdf7a254b78e4a642e6c345d88c0dc,2016-01,Norfolk Constabulary,Norfolk Constabulary,1.415022,52.450315,On or near Dukesway,E01026894,South Norfolk 012C,Criminal damage and arson,Investigation complete; no suspect identified,
92d542137a7e28fa47bd33f794d333c41908a1e7452dfbe4fee2521a7d38a904,2016-01,Norfolk Constabulary,Norfolk Constabulary,1.420097,52.450645,On or near Queensway,E01026894,South Norfolk 012C,Criminal damage and arson,Investigation complete; no suspect identified,
1896bd778a714d26f96bbbf8f2d15e278b079e8dbb264305dad6b76e0c117424,2016-01,Norfolk Constabulary,Norfolk Constabulary,1.420311,52.452464,On or near Princess Way,E01026894,South Norfolk 012C,Vehicle crime,Investigation complete; no suspect identified,
1ac287a2ebd32ca30eae7e023383bc77f50a2435708ce62eb7b0ae8372bd93e6,2016-01,Norfolk Constabulary,Norfolk Constabulary,1.415022,52.450315,On or near Dukesway,E01026894,South Norfolk 012C,Vehicle crime,Investigation complete; no suspect identified,
61cbf4d26bd34533b50807c65aa9be62fa3eec3a227690a4226de5a7f8dde763,2016-01,Norfolk Constabulary,Norfolk Constabulary,1.355648,52.453536,On or near Norwich Road,E01026894,South Norfolk 012C,Violence and sexual offences,Court result unavailable,
,2016-01,Norfolk Constabulary,Norfolk Constabulary,1.295867,52.504792,On or near Roberts Close,E01026903,South Norfolk 012D,Anti-social behaviour,,
,2016-01,Norfolk Constabulary,Norfolk Constabulary,1.283394,52.493465,On or near The Street,E01026903,South Norfolk 012D,Anti-social behaviour,,
af7399df7c7856875f868f73cd19a2acb4e28ad18bd23ec808d5005f62d66616,2016-01,Norfolk Constabulary,Norfolk Constabulary,1.270998,52.487262,On or near School Road,E01026903,South Norfolk 012D,Violence and sexual offences,Status update unavailable,
33fd97196deefc2827939d953d0ee559a109d499502b983e40094f21ea6fe1c1,2016-01,Norfolk Constabulary,Norfolk Constabulary,1.379010,52.503659,On or near Norwich Road,E01026904,South Norfolk 012E,Violence and sexual offences,Status update unavailable,
701a531a5b5307e096834ec4b9bc43d32aa1b26954a3a33a807b1207815c7c4f,2016-01,Norfolk Constabulary,Norfolk Constabulary,1.243346,52.415210,On or near Station Road,E01026872,South Norfolk 013A,Burglary,Investigation complete; no suspect identified,
71c2dedabb06b301c9629d43576dc90a9b733c53dbfcf530a3dde99984784a3b,2016-01,Norfolk Constabulary,Norfolk Constabulary,1.244847,52.420431,On or near Mill Lane,E01026872,South Norfolk 013A,Burglary,Investigation complete; no suspect identified,
7bdb7274a93c6fd78e37865c763935952b5927c449198d67247abeac4267ae6a,2016-01,Norfolk Constabulary,Norfolk Constabulary,1.251758,52.446952,On or near North Green Road,E01026872,South Norfolk 013A,Other theft,Investigation complete; no suspect identified,
69645be32e72cb5d2a0562976254685acbf2df43de5116be8def220b7275e325,2016-01,Norfolk Constabulary,Norfolk Constabulary,1.250610,52.420983,On or near Church Close,E01026872,South Norfolk 013A,Vehicle crime,Investigation complete; no suspect identified,
,2016-01,Norfolk Constabulary,Norfolk Constabulary,1.292327,52.402011,On or near Terence Airey Court,E01026900,South Norfolk 013B,Anti-social behaviour,,
,2016-01,Norfolk Constabulary,Norfolk Constabulary,1.298220,52.400974,On or near Supermarket,E01026900,South Norfolk 013B,Anti-social behaviour,,
,2016-01,Norfolk Constabulary,Norfolk Constabulary,1.292606,52.396876,On or near Gothic Close,E01026900,South Norfolk 013B,Anti-social behaviour,,
,2016-01,Norfolk Constabulary,Norfolk Constabulary,1.294328,52.400651,On or near Wilderness Lane,E01026900,South Norfolk 013B,Anti-social behaviour,,
3d1e01afffe9eded8097711640530c33bb40f0983b015e8f1d2757fa3f8f00b1,2016-01,Norfolk Constabulary,Norfolk Constabulary,1.294299,52.398277,On or near Wilderness Close,E01026900,South Norfolk 013B,Criminal damage and arson,Investigation complete; no suspect identified,
e7c4339c40427e7a34da8c7f50a7eb3e7e87c9d6c15c150ad75e5ea340062102,2016-01,Norfolk Constabulary,Norfolk Constabulary,1.295926,52.399392,On or near Petrol Station,E01026900,South Norfolk 013B,Vehicle crime,Investigation complete; no suspect identified,
0359ac26be0930f54709f616ec60f08638ada6542fdbd8716aabd9b7b69102da,2016-01,Norfolk Constabulary,Norfolk Constabulary,1.292433,52.401063,On or near Kerridge Way,E01026900,South Norfolk 013B,Violence and sexual offences,Formal action is not in the public interest,
64e16ff8551ee6d632290eea77006efe188046e504dee5cb6e078c17afad0056,2016-01,Norfolk Constabulary,Norfolk Constabulary,1.292686,52.401299,On or near Titlow Road,E01026900,South Norfolk 013B,Violence and sexual offences,Status update unavailable,
d6f59ee7fa08c69b0d6f162dea298888ff4ed7152b2c3ad0da68db0b10adf031,2016-01,Norfolk Constabulary,Norfolk Constabulary,1.300437,52.407423,On or near Gawdy Close,E01026901,South Norfolk 013C,Criminal damage and arson,Offender fined,
,2016-01,Norfolk Constabulary,Norfolk Constabulary,1.299853,52.401971,On or near Church Street,E01026902,South Norfolk 013D,Anti-social behaviour,,
,2016-01,Norfolk Constabulary,Norfolk Constabulary,1.303960,52.401641,On or near Briar Road,E01026902,South Norfolk 013D,Anti-social behaviour,,
,2016-01,Norfolk Constabulary,Norfolk Constabulary,1.299942,52.402383,On or near Union Street,E01026902,South Norfolk 013D,Anti-social behaviour,,
,2016-01,Norfolk Constabulary,Norfolk Constabulary,1.295631,52.403330,On or near Allthorpe Road,E01026902,South Norfolk 013D,Anti-social behaviour,,
,2016-01,Norfolk Constabulary,Norfolk Constabulary,1.297386,52.403785,On or near Paddock Road,E01026902,South Norfolk 013D,Anti-social behaviour,,
,2016-01,Norfolk Constabulary,Norfolk Constabulary,1.300392,52.403081,On or near The Thoroughfare,E01026902,South Norfolk 013D,Anti-social behaviour,,
,2016-01,Norfolk Constabulary,Norfolk Constabulary,1.299942,52.402383,On or near Union Street,E01026902,South Norfolk 013D,Anti-social behaviour,,
,2016-01,Norfolk Constabulary,Norfolk Constabulary,1.301983,52.403909,On or near Constable Court,E01026902,South Norfolk 013D,Anti-social behaviour,,
,2016-01,Norfolk Constabulary,Norfolk Constabulary,1.303960,52.401641,On or near Briar Road,E01026902,South Norfolk 013D,Anti-social behaviour,,
,2016-01,Norfolk Constabulary,Norfolk Constabulary,1.303630,52.396829,On or near Fuller Road,E01026902,South Norfolk 013D,Anti-social behaviour,,
,2016-01,Norfolk Constabulary,Norfolk Constabulary,1.303960,52.401641,On or near Briar Road,E01026902,South Norfolk 013D,Anti-social behaviour,,
68ab7fe3cf62c2370eb2ac67feb88edc6f1ee436dfcfe74d2338d7b6ffe57e26,2016-01,Norfolk Constabulary,Norfolk Constabulary,1.303960,52.401641,On or near Briar Road,E01026902,South Norfolk 013D,Criminal damage and arson,Investigation complete; no suspect identified,
b24722d59f067e54358d3005cb90025d7bfc24b92c3a8fec42f6c5103b2d6e29,2016-01,Norfolk Constabulary,Norfolk Constabulary,1.301983,52.403909,On or near Constable Court,E01026902,South Norfolk 013D,Other theft,Investigation complete; no suspect identified,
96a7e0c69b683f0543ace3c27c77fa99a4a3cfe1f62e36ef56262d36b10b7834,2016-01,Norfolk Constabulary,Norfolk Constabulary,1.299378,52.401517,On or near Exchange Street,E01026902,South Norfolk 013D,Vehicle crime,Investigation complete; no suspect identified,
821b22cf0f8b906cef0079c7dad836a0c66aeaae7097e5e78f6c75a0ac365108,2016-01,Norfolk Constabulary,Norfolk Constabulary,1.304553,52.399735,On or near Badger Close,E01026902,South Norfolk 013D,Violence and sexual offences,Formal action is not in the public interest,
7024591dbc7f25a00c70924bb5c77b7939f120b9b4e8ba8f45b66be22c208e3a,2016-01,Norfolk Constabulary,Norfolk Constabulary,1.299853,52.403150,On or near Bullock Fair Close,E01026902,South Norfolk 013D,Violence and sexual offences,Local resolution,
b1581434568f5c24f569f64601860f9e335ef5460bd78be3e57351c3b23a4a55,2016-01,Norfolk Constabulary,Norfolk Constabulary,1.306986,52.401988,On or near Martin Road,E01026902,South Norfolk 013D,Violence and sexual offences,Status update unavailable,
31491737f95dbbee760ac316451beebfd6edd9e682732453a41e84f2a78156a9,2016-01,Norfolk Constabulary,Norfolk Constabulary,1.302862,52.405242,On or near Station Road,E01026902,South Norfolk 013D,Violence and sexual offences,Status update unavailable,
,2016-01,Norfolk Constabulary,Norfolk Constabulary,1.107422,52.409079,On or near Heywood Road,E01026873,South Norfolk 014A,Anti-social behaviour,,
09018c62b6a56c2749b04da8f33c4c33f86d6f68281235cdfa7852bb071e9cf1,2016-01,Norfolk Constabulary,Norfolk Constabulary,1.096575,52.410632,On or near Church Road,E01026873,South Norfolk 014A,Burglary,Investigation complete; no suspect identified,
8cf532bd9f1e4f464d77145da7b05d5587c809957f00e6dbc0184853ce58c1ef,2016-01,Norfolk Constabulary,Norfolk Constabulary,1.096575,52.410632,On or near Church Road,E01026873,South Norfolk 014A,Burglary,Investigation complete; no suspect identified,
af59db40f9938661e7a00ce636ba08e1786fad2d99ac78963dae7a2509395811,2016-01,Norfolk Constabulary,Norfolk Constabulary,1.096575,52.410632,On or near Church Road,E01026873,South Norfolk 014A,Other theft,Investigation complete; no suspect identified,
545b45ba2e18c5fd532a3adba4fcb8f00a4c74e5b9cb82d7bd9dca100f35b84b,2016-01,Norfolk Constabulary,Norfolk Constabulary,1.068659,52.389839,On or near Common Road,E01026873,South Norfolk 014A,Other theft,Court result unavailable,
,2016-01,Norfolk Constabulary,Norfolk Constabulary,1.142930,52.404228,On or near Audley Close,E01026874,South Norfolk 014B,Anti-social behaviour,,
,2016-01,Norfolk Constabulary,Norfolk Constabulary,1.143838,52.430213,On or near Wash Lane,E01026874,South Norfolk 014B,Anti-social behaviour,,
8d7e0e75f771b223a7f09b4f9e4c800c59d3f2fcb8fff924d7c78774bc3bad32,2016-01,Norfolk Constabulary,Norfolk Constabulary,1.107967,52.446711,On or near Goose Green,E01026874,South Norfolk 014B,Burglary,Investigation complete; no suspect identified,
162bddaa15f2ecbdc09256d43f0bfb2e88e3dc834a8a87676ed8b8b37f5786ea,2016-01,Norfolk Constabulary,Norfolk Constabulary,1.142930,52.404228,On or near Audley Close,E01026874,South Norfolk 014B,Violence and sexual offences,Status update unavailable,
510eed707827c785c408e9fe4ff13f52a70a5bd55bb69fca49e4db8c56091aa1,2016-01,Norfolk Constabulary,Norfolk Constabulary,1.153863,52.405771,On or near Station Road,E01026874,South Norfolk 014B,Violence and sexual offences,Formal action is not in the public interest,
1f0dbb003be9222e620670162e42ed7de094535b251c66238f20980573f2a544,2016-01,Norfolk Constabulary,Norfolk Constabulary,1.142930,52.404228,On or near Audley Close,E01026874,South Norfolk 014B,Violence and sexual offences,Status update unavailable,
1fc0b7e37f5fc886a8aadc3a6874e828dd1aea8f734d384c3d391118e98a324f,2016-01,Norfolk Constabulary,Norfolk Constabulary,1.142930,52.404228,On or near Audley Close,E01026874,South Norfolk 014B,Violence and sexual offences,Status update unavailable,
d3ec0eee98c6fe1e4b951cba0fc520cc629b3714fb7f8cc8d8f5ef6468c87c74,2016-01,Norfolk Constabulary,Norfolk Constabulary,1.187269,52.470725,On or near Carr Lane,E01026886,South Norfolk 014C,Other theft,Investigation complete; no suspect identified,
a4dc23c2c8c8615566e603ed1673b080b32ca8f56c5b3ab59818c2249e88101e,2016-01,Norfolk Constabulary,Norfolk Constabulary,1.195081,52.443372,On or near Station Road,E01026886,South Norfolk 014C,Public order,Status update unavailable,
bb0930a5668aac0919150ea30c2a69e840e80c02680be63fe91f5b7dddcc4bb1,2016-01,Norfolk Constabulary,Norfolk Constabulary,1.192452,52.395840,On or near Catchpole Walk,E01026887,South Norfolk 014D,Criminal damage and arson,Offender given a caution,
143574afa902966dabaf150d0aa300d87fb0b6e22ccd0ffc448d585193a04bc2,2016-01,Norfolk Constabulary,Norfolk Constabulary,1.188255,52.394730,On or near Harvey Lane,E01026887,South Norfolk 014D,Drugs,Status update unavailable,
34eb70969491bbb7dba0916a33e973753f14741528d9c2c070625b6bdb1fc1c9,2016-01,Norfolk Constabulary,Norfolk Constabulary,1.185090,52.396497,On or near The Street,E01026887,South Norfolk 014D,Possession of weapons,Status update unavailable,
ec67f0f7e7ba6baa86e537fd841912d9ff9f0083690187e3692e3920a2dcfbd4,2016-01,Norfolk Constabulary,Norfolk Constabulary,1.187428,52.396299,On or near Millers Drive,E01026887,South Norfolk 014D,Violence and sexual offences,Formal action is not in the public interest,
7599f2ae1efe44c76b105f9795ce150de3868a279cfd0b37ee9bc7453106e56d,2016-01,Norfolk Constabulary,Norfolk Constabulary,1.193728,52.396003,On or near Beech Way,E01026887,South Norfolk 014D,Violence and sexual offences,Status update unavailable,
60822f7ef34121ec41d936fc7dc84315194363a702308d15839c9ed0822ac2a7,2016-01,Norfolk Constabulary,Norfolk Constabulary,1.192452,52.395840,On or near Catchpole Walk,E01026887,South Norfolk 014D,Violence and sexual offences,Unable to prosecute suspect,
a0e634bd1beb1a516c22f15f09a1e7cb5e59057c386bdf500a55d47ab68dcb71,2016-01,Norfolk Constabulary,Norfolk Constabulary,1.185090,52.396497,On or near The Street,E01026887,South Norfolk 014D,Other crime,Status update unavailable,
,2016-01,Norfolk Constabulary,Norfolk Constabulary,1.161657,52.368167,On or near Ransome Avenue,E01026934,South Norfolk 014E,Anti-social behaviour,,
d78b24750f0bae613c0600edc6ed9ef7cad37ab375d09d9f3c0ad803404d9dbb,2016-01,Norfolk Constabulary,Norfolk Constabulary,1.161657,52.368167,On or near Ransome Avenue,E01026934,South Norfolk 014E,Public order,Court result unavailable,
b45e6f145fd3c6a6c25bd106da440957d754d2e5634823e618091d815fb14c9f,2016-01,Norfolk Constabulary,Norfolk Constabulary,1.160169,52.367083,On or near Comber Close,E01026934,South Norfolk 014E,Violence and sexual offences,Formal action is not in the public interest,
,2016-01,Norfolk Constabulary,Norfolk Constabulary,1.114365,52.377176,On or near Redhill Close,E01026888,South Norfolk 015A,Anti-social behaviour,,
,2016-01,Norfolk Constabulary,Norfolk Constabulary,1.115170,52.377137,On or near Frenze Road,E01026888,South Norfolk 015A,Anti-social behaviour,,
,2016-01,Norfolk Constabulary,Norfolk Constabulary,1.116009,52.375910,On or near St Mary'S Drive,E01026888,South Norfolk 015A,Anti-social behaviour,,
,2016-01,Norfolk Constabulary,Norfolk Constabulary,1.113095,52.377309,On or near Blomefield Road,E01026888,South Norfolk 015A,Anti-social behaviour,,
,2016-01,Norfolk Constabulary,Norfolk Constabulary,1.119217,52.382642,On or near Walcot Road,E01026888,South Norfolk 015A,Anti-social behaviour,,
,2016-01,Norfolk Constabulary,Norfolk Constabulary,1.115170,52.377137,On or near Frenze Road,E01026888,South Norfolk 015A,Anti-social behaviour,,
,2016-01,Norfolk Constabulary,Norfolk Constabulary,1.119881,52.376635,On or near Field House Gardens,E01026888,South Norfolk 015A,Anti-social behaviour,,
,2016-01,Norfolk Constabulary,Norfolk Constabulary,1.114365,52.377176,On or near Redhill Close,E01026888,South Norfolk 015A,Anti-social behaviour,,
9276ae84ef3fda6b6d08bd2763b951454f9533ab642ab581fc2afed4128c79b0,2016-01,Norfolk Constabulary,Norfolk Constabulary,1.119881,52.376635,On or near Field House Gardens,E01026888,South Norfolk 015A,Burglary,Investigation complete; no suspect identified,
ba458bd2c7c85fb1779b23898d01464ce883dd6f1f33377a05d22a50d2190ec3,2016-01,Norfolk Constabulary,Norfolk Constabulary,1.116330,52.378581,On or near Willbye Avenue,E01026888,South Norfolk 015A,Criminal damage and arson,Investigation complete; no suspect identified,
deb5d3bc60ade7f1b633db4f9db71d97f605ebc5918bd3711c4da6e916ca8dc3,2016-01,Norfolk Constabulary,Norfolk Constabulary,1.130031,52.385288,On or near Park/Open Space,E01026888,South Norfolk 015A,Possession of weapons,Court result unavailable,
f054ec0e4877e25243487dd01c9e739c90ed9a69d7126434e3c59a5842b33b03,2016-01,Norfolk Constabulary,Norfolk Constabulary,1.116330,52.378581,On or near Willbye Avenue,E01026888,South Norfolk 015A,Violence and sexual offences,Court result unavailable,
,2016-01,Norfolk Constabulary,Norfolk Constabulary,1.109710,52.381616,On or near Jennings Way,E01026889,South Norfolk 015B,Anti-social behaviour,,
,2016-01,Norfolk Constabulary,Norfolk Constabulary,1.104802,52.380585,On or near Scholars Walk,E01026889,South Norfolk 015B,Anti-social behaviour,,
4adbca124b7d31bc98cd4cee9c346e17e61bb3fe09ff2ec1260e71c95ec26f20,2016-01,Norfolk Constabulary,Norfolk Constabulary,1.107369,52.378215,On or near Manor Gardens,E01026889,South Norfolk 015B,Burglary,Investigation complete; no suspect identified,
2787077985ad08a7abbdeeadfd4db52a869187478747fe5673f7a804ded6f664,2016-01,Norfolk Constabulary,Norfolk Constabulary,1.102414,52.380063,On or near Orchard Grove,E01026889,South Norfolk 015B,Burglary,Investigation complete; no suspect identified,
99772ea2cb8b4f14aa2197e9b4ab980dc81d2386eacd8c48a1819fa13b95b6b7,2016-01,Norfolk Constabulary,Norfolk Constabulary,1.107125,52.381639,On or near Mount Pleasant,E01026889,South Norfolk 015B,Criminal damage and arson,Unable to prosecute suspect,
,2016-01,Norfolk Constabulary,Norfolk Constabulary,1.100888,52.374221,On or near Police Station,E01026891,South Norfolk 015D,Anti-social behaviour,,
,2016-01,Norfolk Constabulary,Norfolk Constabulary,1.109522,52.372681,On or near Supermarket,E01026891,South Norfolk 015D,Anti-social behaviour,,
,2016-01,Norfolk Constabulary,Norfolk Constabulary,1.109558,52.375909,On or near Chapel Street,E01026891,South Norfolk 015D,Anti-social behaviour,,
,2016-01,Norfolk Constabulary,Norfolk Constabulary,1.107533,52.377410,On or near St Nicholas Street,E01026891,South Norfolk 015D,Anti-social behaviour,,
,2016-01,Norfolk Constabulary,Norfolk Constabulary,1.100888,52.374221,On or near Police Station,E01026891,South Norfolk 015D,Anti-social behaviour,,
6a0eaa6fdb0efdcf788faf446abf5f9f4d7edc5bb556f0610de8f28745c9231b,2016-01,Norfolk Constabulary,Norfolk Constabulary,1.113817,52.374196,On or near Rectory Meadow,E01026891,South Norfolk 015D,Burglary,Investigation complete; no suspect identified,
4e18df00229906e1ade055068f13cad60b8e8a351b96f8989dddce5b2d32f013,2016-01,Norfolk Constabulary,Norfolk Constabulary,1.108925,52.374837,On or near Mere Street,E01026891,South Norfolk 015D,Burglary,Investigation complete; no suspect identified,
e4556fd9b0c3805186104cc270f9c2395e81e8f33aaa1cb8f2db7cb7db3d5bae,2016-01,Norfolk Constabulary,Norfolk Constabulary,1.109522,52.372681,On or near Supermarket,E01026891,South Norfolk 015D,Criminal damage and arson,Investigation complete; no suspect identified,
cfb81eea2c144e14e60a5221d88cb0e3bbf3b3be55e7237591400107080979a7,2016-01,Norfolk Constabulary,Norfolk Constabulary,1.109558,52.375909,On or near Chapel Street,E01026891,South Norfolk 015D,Drugs,Offender given a caution,
228edbc04cd9477862eefc269a69abc57b53c2a4b29adc1d3fe0960e7718bec3,2016-01,Norfolk Constabulary,Norfolk Constabulary,1.108041,52.377118,On or near Market Hill,E01026891,South Norfolk 015D,Other theft,Investigation complete; no suspect identified,
419d38bee4023676dd8a197a820bb47c987a99c44f064988393258631b6c1b83,2016-01,Norfolk Constabulary,Norfolk Constabulary,1.109502,52.373437,On or near A1066,E01026891,South Norfolk 015D,Other theft,Investigation complete; no suspect identified,
8cdcbf7557c92d6a5aff002f6e97874ecb667b465f7298d22cd349e90d64aae4,2016-01,Norfolk Constabulary,Norfolk Constabulary,1.113817,52.374196,On or near Rectory Meadow,E01026891,South Norfolk 015D,Other theft,Status update unavailable,
389398cf08468b32cc93cca21e1f87c18e8eca23109a44d618c124fbe89d155b,2016-01,Norfolk Constabulary,Norfolk Constabulary,1.109522,52.372681,On or near Supermarket,E01026891,South Norfolk 015D,Public order,Formal action is not in the public interest,
d4aa1513ccf2322ea32cdc3f226c1e2d99a5f2a73529140c59f8f816c0d6738e,2016-01,Norfolk Constabulary,Norfolk Constabulary,1.101094,52.373389,On or near Baldry'S Yard,E01026891,South Norfolk 015D,Public order,Investigation complete; no suspect identified,
153e52ade1bcee6523e873c1a339a2f20f200f25c19ba7e4167186f680e62204,2016-01,Norfolk Constabulary,Norfolk Constabulary,1.109558,52.375909,On or near Chapel Street,E01026891,South Norfolk 015D,Public order,Court result unavailable,
75b7d3e3453243f863aa51afa5287b56829290ccf6200f4fc36d4d8ef2adcfef,2016-01,Norfolk Constabulary,Norfolk Constabulary,1.109522,52.372681,On or near Supermarket,E01026891,South Norfolk 015D,Shoplifting,Offender given penalty notice,
c7ef2af3f00e701bcf5f4f0c1f95c917066e989503df1e32fba83c8c3ea73e99,2016-01,Norfolk Constabulary,Norfolk Constabulary,1.109558,52.375909,On or near Chapel Street,E01026891,South Norfolk 015D,Shoplifting,Investigation complete; no suspect identified,
3f475bfa14f736a4504bcf2ad580d0a911faf69abc5e9f93e2114abb9bfc6247,2016-01,Norfolk Constabulary,Norfolk Constabulary,1.109522,52.372681,On or near Supermarket,E01026891,South Norfolk 015D,Shoplifting,Court result unavailable,
e8095741db39e757f8077a3e122186f5174cbd7954cf32768a676641987e8e1b,2016-01,Norfolk Constabulary,Norfolk Constabulary,1.105373,52.376999,On or near Beehive Yard,E01026891,South Norfolk 015D,Vehicle crime,Investigation complete; no suspect identified,
4494b435a106aa9ecf308799ccb7ff29901c094c8faf231e3fad104f4362b53c,2016-01,Norfolk Constabulary,Norfolk Constabulary,1.099834,52.375760,On or near Ladbrooke Close,E01026891,South Norfolk 015D,Violence and sexual offences,Status update unavailable,
98939cbb49b9098055665c72536345ca97b0d3a56efb502a10138d06db0bac40,2016-01,Norfolk Constabulary,Norfolk Constabulary,1.087190,52.376505,On or near Roydon Fen,E01026931,South Norfolk 015E,Burglary,Investigation complete; no suspect identified,
20ad8237cfc3ac99d8010cee5a9f80067a3020aa7fd94288fa6e9e8731510341,2016-01,Norfolk Constabulary,Norfolk Constabulary,1.087190,52.376505,On or near Roydon Fen,E01026931,South Norfolk 015E,Burglary,Investigation complete; no suspect identified,
7405e9bbe435580f5c79d0336ef77ccf91ad9439cc6830f227b42f6d86de554a,2016-01,Norfolk Constabulary,Norfolk Constabulary,1.082044,52.381730,On or near Waterloo Avenue,E01026931,South Norfolk 015E,Other theft,Investigation complete; no suspect identified,
e263d924170940508749b81c004df0490c36eb568a71a6120a22dad91e32cb62,2016-01,Norfolk Constabulary,Norfolk Constabulary,1.105149,52.382599,On or near Store Street,E01026932,South Norfolk 015F,Criminal damage and arson,Investigation complete; no suspect identified,
f0c03d8ce21bc7e8c02ac28592db7a11cb4d8a45a4c52a3c1d6a67958a9a914d,2016-01,Norfolk Constabulary,Norfolk Constabulary,1.101736,52.381709,On or near Aldrich Way,E01026932,South Norfolk 015F,Possession of weapons,Offender given suspended prison sentence,
4eccc165b997eda049dec8dd5a54435017ddc63226026a49be5de28540adf73e,2016-01,Norfolk Constabulary,Norfolk Constabulary,1.101736,52.381709,On or near Aldrich Way,E01026932,South Norfolk 015F,Public order,Offender otherwise dealt with,
910e0207e3b0dbb389a424601cb310593b43af198b9dc4fb06be8738510aae99,2016-01,Norfolk Constabulary,Norfolk Constabulary,1.089137,52.380600,On or near Queensway,E01026932,South Norfolk 015F,Vehicle crime,Investigation complete; no suspect identified,
a83dc7e44e362115c03fc36f3fda186985d45029ce1e22c8452a6b4340fee695,2016-01,Norfolk Constabulary,Norfolk Constabulary,1.101736,52.381709,On or near Aldrich Way,E01026932,South Norfolk 015F,Violence and sexual offences,Offender otherwise dealt with,
,2016-01,Norfolk Constabulary,Norfolk Constabulary,1.121958,52.373999,On or near Gilray Road,E01033539,South Norfolk 015G,Anti-social behaviour,,
,2016-01,Norfolk Constabulary,Norfolk Constabulary,1.125746,52.371659,On or near Ensign Way,E01033539,South Norfolk 015G,Anti-social behaviour,,
,2016-01,Norfolk Constabulary,Norfolk Constabulary,1.125722,52.369241,On or near Clement Gardens,E01033539,South Norfolk 015G,Anti-social behaviour,,
,2016-01,Norfolk Constabulary,Norfolk Constabulary,1.125300,52.372840,On or near Nelson Road,E01033539,South Norfolk 015G,Anti-social behaviour,,
6d2274d52afd35bbb00d9bc94004eb7b5e6c39145a0b7951fba849de287cd12c,2016-01,Norfolk Constabulary,Norfolk Constabulary,1.121236,52.378965,On or near Walcot Rise,E01033539,South Norfolk 015G,Other theft,Unable to prosecute suspect,
bd7e098c21b0bfb39566944f20d96d1fb7890c0ac1c89945ac7a6238c26c15bf,2016-01,Norfolk Constabulary,Norfolk Constabulary,1.124895,52.372509,On or near Viscount Close,E01033539,South Norfolk 015G,Violence and sexual offences,Status update unavailable,
095d21e8c356bf26082d543cefbb2d57db1908d5ee7286c905e8bcea9436674b,2016-01,Norfolk Constabulary,Norfolk Constabulary,1.124895,52.372509,On or near Viscount Close,E01033539,South Norfolk 015G,Violence and sexual offences,Formal action is not in the public interest,
4c64cd1bb2bb3baa81de999db1eed4a071de2ffe888898526001d8ad4dfd308d,2016-01,Norfolk Constabulary,Norfolk Constabulary,1.122577,52.368398,On or near Riverside Maltings,E01033541,South Norfolk 015H,Violence and sexual offences,Offender given a caution,
d2b33a744826c89353dbaa822b2f91c8ff125e92b7c225ffc19a7dc125515606,2016-01,Norfolk Constabulary,Norfolk Constabulary,0.871190,52.389588,On or near Park/Open Space,E01030097,St Edmundsbury 001C,Shoplifting,Offender given penalty notice,
940492bd414054478cf784ac57e4c057f7117e69ec7eacf8ca251d86036afb42,2016-01,Norfolk Constabulary,Norfolk Constabulary,0.871190,52.389588,On or near Park/Open Space,E01030097,St Edmundsbury 001C,Shoplifting,Status update unavailable,
,2016-01,Norfolk Constabulary,Norfolk Constabulary,0.814313,52.339796,On or near Bloomfield Close,E01030094,St Edmundsbury 002A,Anti-social behaviour,,
1aaed5339293719a1ef90669a764e6bbc1548ddd8cec7c448111d9cbc1444627,2016-01,Norfolk Constabulary,Norfolk Constabulary,-3.945135,51.668842,On or near Mapletree Close,W01000822,Swansea 009F,Other crime,Status update unavailable,
104c55ae03dd79168595362cca29e03c2d2f8c36988d4262dc705f9c1fe67b27,2016-01,Norfolk Constabulary,Norfolk Constabulary,1.731807,52.497346,On or near Blyford Road,E01030281,Waveney 002E,Vehicle crime,Investigation complete; no suspect identified,
6277e597315dea6e2d8add726384ccc31992320fbcad6935fe0e667376d5d37e,2016-01,Norfolk Constabulary,Norfolk Constabulary,1.753865,52.485539,On or near Park Road,E01030248,Waveney 004B,Violence and sexual offences,Offender sent to prison,
6a9f3d5a63eb4371ab929c8d418066bfbb6e04ea4b67808f96ff4cd39ad1ad8e,2016-01,Norfolk Constabulary,Norfolk Constabulary,,,No Location,,,Bicycle theft,Investigation complete; no suspect identified,
d664ac7cb34b09ac04975a9087c745ce7d0b0dd750171838e3401162017e8869,2016-01,Norfolk Constabulary,Norfolk Constabulary,,,No Location,,,Bicycle theft,Investigation complete; no suspect identified,
374c8007b56c4ca06534e8aa98ffb843dedae599504d38571e4342256ce08600,2016-01,Norfolk Constabulary,Norfolk Constabulary,,,No Location,,,Bicycle theft,Investigation complete; no suspect identified,
37e611659ea3b140e5674d2cfa556adba67c63ba0e835edf13723be1d6ad8ecc,2016-01,Norfolk Constabulary,Norfolk Constabulary,,,No Location,,,Burglary,Investigation complete; no suspect identified,
0d1733cfebcda35a53aa2f05c07d6e8df9d9730f8182d1385315688f9346e6a0,2016-01,Norfolk Constabulary,Norfolk Constabulary,,,No Location,,,Burglary,Investigation complete; no suspect identified,
93346b90e689a13c88014fec7f2a497621b15014b23a8c1794bc7a7f6327ff0c,2016-01,Norfolk Constabulary,Norfolk Constabulary,,,No Location,,,Burglary,Investigation complete; no suspect identified,
69870cd4af3525a26720f779d32fb4fd26cc44a99af397071fb1a1246c6ab750,2016-01,Norfolk Constabulary,Norfolk Constabulary,,,No Location,,,Burglary,Investigation complete; no suspect identified,
df7e8cc68ce233600edadfbe67e15388dae021b467a2c5bbb988b722fb7e67d8,2016-01,Norfolk Constabulary,Norfolk Constabulary,,,No Location,,,Burglary,Investigation complete; no suspect identified,
7e2a4b86c79f7de676f81e2c92606dd5027a94b9235d4b5fcb6b4101f667e3e7,2016-01,Norfolk Constabulary,Norfolk Constabulary,,,No Location,,,Burglary,Formal action is not in the public interest,
6dc23e397773a064d586af532f7d46be1f3b870ddb53e0078f6ee50b2b4394a4,2016-01,Norfolk Constabulary,Norfolk Constabulary,,,No Location,,,Burglary,Investigation complete; no suspect identified,
5ab335ed9b82965215e651ca76e1e520448607f0415b6a2db662186a49337e10,2016-01,Norfolk Constabulary,Norfolk Constabulary,,,No Location,,,Burglary,Status update unavailable,
6c705c5a71377e960a6fd845b69a3cae9b23938c85b59f337feb8acec6975310,2016-01,Norfolk Constabulary,Norfolk Constabulary,,,No Location,,,Burglary,Status update unavailable,
2c25cc7c4c429c640847d247b373aa4026da733a432b34b9a6f1d86aa55220e2,2016-01,Norfolk Constabulary,Norfolk Constabulary,,,No Location,,,Burglary,Investigation complete; no suspect identified,
0340c136f5bb3c5e263e621cdca3aba36ea0b72871bd7fd5837ce872cc05be56,2016-01,Norfolk Constabulary,Norfolk Constabulary,,,No Location,,,Burglary,Status update unavailable,
44cde9f51cf65898cc4da525c6077abc00b573e4587b856a28c7c58508c45bd2,2016-01,Norfolk Constabulary,Norfolk Constabulary,,,No Location,,,Burglary,Investigation complete; no suspect identified,
beb258b7d433a32ac6a63044eb680c344c76bebf642f7913246659c5bc4a385e,2016-01,Norfolk Constabulary,Norfolk Constabulary,,,No Location,,,Burglary,Investigation complete; no suspect identified,
e244ef80f95a700c158a53751789f77b2f7aaf1852af96741adcf7d8c6a18837,2016-01,Norfolk Constabulary,Norfolk Constabulary,,,No Location,,,Burglary,Investigation complete; no suspect identified,
4d935b66d61aba926530793bca9d5f017507914fcdcb983cf18fb9e209dd9f8e,2016-01,Norfolk Constabulary,Norfolk Constabulary,,,No Location,,,Criminal damage and arson,Investigation complete; no suspect identified,
098944bf6ec203e7924cc5add0089b5c207747e861596fd22da2cc4fe6acf820,2016-01,Norfolk Constabulary,Norfolk Constabulary,,,No Location,,,Criminal damage and arson,Investigation complete; no suspect identified,
b3675681d0c02f25c3744e0befb0a2fbc1fe42d9f0cc854ce9cecdf6790408de,2016-01,Norfolk Constabulary,Norfolk Constabulary,,,No Location,,,Criminal damage and arson,Offender ordered to pay compensation,
2c337e152d7f2f5dd3682bf9e3f31a3676308d6bad4c1d164d5ebad7a981387a,2016-01,Norfolk Constabulary,Norfolk Constabulary,,,No Location,,,Criminal damage and arson,Investigation complete; no suspect identified,
50b9113b3ca9a08494a01af2c59186698b41beda70bd0f28367098b2663e0a04,2016-01,Norfolk Constabulary,Norfolk Constabulary,,,No Location,,,Criminal damage and arson,Investigation complete; no suspect identified,
cc20d064aae3754981a1e6e7dc042f0ee363fecf5dcfa5eb81e52aef5fc60552,2016-01,Norfolk Constabulary,Norfolk Constabulary,,,No Location,,,Criminal damage and arson,Investigation complete; no suspect identified,
ef9906de2734b010c283d1fab70ae5013a128d917f7d79f3aa794290f3551d62,2016-01,Norfolk Constabulary,Norfolk Constabulary,,,No Location,,,Criminal damage and arson,Investigation complete; no suspect identified,
96c3f1ed72be1fb7868fbd0b85385f36159c576e3f9218a419920524d306f911,2016-01,Norfolk Constabulary,Norfolk Constabulary,,,No Location,,,Criminal damage and arson,Investigation complete; no suspect identified,
6ca63a1a28f3210b2835ca4c23eb91668fd80603d77cd1d293cb3468b61e2e3f,2016-01,Norfolk Constabulary,Norfolk Constabulary,,,No Location,,,Criminal damage and arson,Offender given a caution,
cda55e181e9db1c6c8bf467d5d1b19f5c60432f14eeea1c2d94063d03000b511,2016-01,Norfolk Constabulary,Norfolk Constabulary,,,No Location,,,Criminal damage and arson,Status update unavailable,
ee8ad59692c809166ada2ddc985f1f8dbc2a67a4784d94623c255e5e7cb865fd,2016-01,Norfolk Constabulary,Norfolk Constabulary,,,No Location,,,Criminal damage and arson,Investigation complete; no suspect identified,
87fdecdcf8202c98bd42ab6c61e86c2040f1efa59897f18d24fe4d3234288b30,2016-01,Norfolk Constabulary,Norfolk Constabulary,,,No Location,,,Criminal damage and arson,Investigation complete; no suspect identified,
6555dae4ed1b3cbb14824da8fe4c55ac29a2a4ea795da561ed0116cc38e0131f,2016-01,Norfolk Constabulary,Norfolk Constabulary,,,No Location,,,Criminal damage and arson,Investigation complete; no suspect identified,
95b39f33202080856b68a9443020b3bf93bfbfa1656fe99b1ed69dc1eae0935e,2016-01,Norfolk Constabulary,Norfolk Constabulary,,,No Location,,,Criminal damage and arson,Investigation complete; no suspect identified,
be1cff870f5455a0cdbecbae0ad7a4d790a77483d66debd4c4c77c232ddf8f61,2016-01,Norfolk Constabulary,Norfolk Constabulary,,,No Location,,,Criminal damage and arson,Defendant found not guilty,
33ea338b76d8a17815463a4e7241d564e269ad3ce07cef349782f3dc2c73f621,2016-01,Norfolk Constabulary,Norfolk Constabulary,,,No Location,,,Drugs,Court result unavailable,
bc8693709d72e455fa0ea500cde8515ad0e80135d3700bcd2178d63af2dbf472,2016-01,Norfolk Constabulary,Norfolk Constabulary,,,No Location,,,Drugs,Court result unavailable,
c89693cfb094e25cea984b6b85d3b62753216e9df567e52bcb5d9ceac14cf9b7,2016-01,Norfolk Constabulary,Norfolk Constabulary,,,No Location,,,Drugs,Offender given a drugs possession warning,
36529f481c682b531702b82c3bf84914eb1497c6301165194cdf48574ed8d80b,2016-01,Norfolk Constabulary,Norfolk Constabulary,,,No Location,,,Drugs,Offender given a drugs possession warning,
20daeeb78ea041519c68062c550faa0d383595ae7e489673b5274c195e9b4511,2016-01,Norfolk Constabulary,Norfolk Constabulary,,,No Location,,,Drugs,Offender given a drugs possession warning,
3f08446c3454f28962b811bbdfe6215f7617137773ea45ba30ef36f680f82d27,2016-01,Norfolk Constabulary,Norfolk Constabulary,,,No Location,,,Drugs,Offender given a drugs possession warning,
a57e1b13f67a38eb37f0417074ab9e4596cc75c80a1a0b790350fad3d8a4dde7,2016-01,Norfolk Constabulary,Norfolk Constabulary,,,No Location,,,Drugs,Offender sent to prison,
b0d2baee780cb8ed882c174b9bfa515f0ffb5a31eeeb313fa8ee6b90bbeab91c,2016-01,Norfolk Constabulary,Norfolk Constabulary,,,No Location,,,Other theft,Offender sent to prison,
805c47bf18a3fa0ca30c8c5fc4f49c1ec32fed4c9c2540fbf24f8fcb07c93338,2016-01,Norfolk Constabulary,Norfolk Constabulary,,,No Location,,,Other theft,Investigation complete; no suspect identified,
aea90a50e46f75926d7a88a332ac1ff565fd98ee41838faf70849bc5f20a7ef2,2016-01,Norfolk Constabulary,Norfolk Constabulary,,,No Location,,,Other theft,Investigation complete; no suspect identified,
d1ee90ef83383703c2dc41aeda1dad8fe57cc8c64e1a58366eeb1d9539071f8a,2016-01,Norfolk Constabulary,Norfolk Constabulary,,,No Location,,,Other theft,Status update unavailable,
2e9e36c2d28adbc0a0fba2ac94207a9892d582e7178fff885937067174178e4d,2016-01,Norfolk Constabulary,Norfolk Constabulary,,,No Location,,,Other theft,Status update unavailable,
7e3b9180566ad1834ae63541e37a61e8d4a4b9adaacb156539d37ba370e0d1a3,2016-01,Norfolk Constabulary,Norfolk Constabulary,,,No Location,,,Other theft,Investigation complete; no suspect identified,
ca98a3cf838a057b7c73e889ed808d6cde9961f41c7c2afab622444ec8d3c9ee,2016-01,Norfolk Constabulary,Norfolk Constabulary,,,No Location,,,Other theft,Investigation complete; no suspect identified,
6843b2cc809074916e5696c2e2fc482e68d73e365926d4beef5d5025fd58922e,2016-01,Norfolk Constabulary,Norfolk Constabulary,,,No Location,,,Other theft,Investigation complete; no suspect identified,
71736f8c4510c081d12722409acd93c0b970e2fd63a56874af48bfb72f9f8b9c,2016-01,Norfolk Constabulary,Norfolk Constabulary,,,No Location,,,Other theft,Investigation complete; no suspect identified,
dab9a52fc2dbe6536ace8d8421ff72968e8b64612b404c5594a7af6d4eb3de1b,2016-01,Norfolk Constabulary,Norfolk Constabulary,,,No Location,,,Other theft,Investigation complete; no suspect identified,
174cd6149c6ef6d7c65dfb11a050c9802560d759ebf4d16b8fb8472a89a5cb57,2016-01,Norfolk Constabulary,Norfolk Constabulary,,,No Location,,,Other theft,Investigation complete; no suspect identified,
4ae2a982595bb88e3c128f02ef78eecb125bd8b45ef867c54a524462e88ffcb5,2016-01,Norfolk Constabulary,Norfolk Constabulary,,,No Location,,,Other theft,Investigation complete; no suspect identified,
ec6505214fd3dce6dcfc29211961db333c73f941a2a80597281b5e07b6d3dcec,2016-01,Norfolk Constabulary,Norfolk Constabulary,,,No Location,,,Other theft,Unable to prosecute suspect,
85723d6fc5ac9bd0c0240bdd264ddf05b4d7340cc314764025261e221bd1ca04,2016-01,Norfolk Constabulary,Norfolk Constabulary,,,No Location,,,Other theft,Investigation complete; no suspect identified,
76453ac80d09712f4377f8d7f5935d63223ecbcd2c72dd0000e67c8924c8aae9,2016-01,Norfolk Constabulary,Norfolk Constabulary,,,No Location,,,Other theft,Investigation complete; no suspect identified,
416b0653ddf2ff94d45e250831f19ecace6dbeaf4b44454863e0be1200845d00,2016-01,Norfolk Constabulary,Norfolk Constabulary,,,No Location,,,Other theft,Status update unavailable,
48ba097122ca342666f745db8f8cb3d093cd39742dd613583b3a4c9291213108,2016-01,Norfolk Constabulary,Norfolk Constabulary,,,No Location,,,Other theft,Investigation complete; no suspect identified,
ed3830ae21b079f534b82ca83c90d5dcb0f66f04e57bc3709ec98233aa1afe0e,2016-01,Norfolk Constabulary,Norfolk Constabulary,,,No Location,,,Other theft,Investigation complete; no suspect identified,
8aed7d004f30f0e6ba0b3747842eef5ca3e63eab9771bcbcad3008d145112507,2016-01,Norfolk Constabulary,Norfolk Constabulary,,,No Location,,,Other theft,Investigation complete; no suspect identified,
f048dbcea483c911451fa237eb647db34ad5ceaedd7a002604358832d4a6affd,2016-01,Norfolk Constabulary,Norfolk Constabulary,,,No Location,,,Other theft,Status update unavailable,
13cd6c94c265b6ab6621f0ceb0e46098cc15d99b236524d83c531cb2746a91f0,2016-01,Norfolk Constabulary,Norfolk Constabulary,,,No Location,,,Other theft,Investigation complete; no suspect identified,
c8f51eb95e880d8304853455268fb81b955399c11e0450f932fd8c1563f4289e,2016-01,Norfolk Constabulary,Norfolk Constabulary,,,No Location,,,Other theft,Formal action is not in the public interest,
ecf7f6878bb0416bcdb32805cab44c30dec2211d54b0ccc3d80660109a4fb9c5,2016-01,Norfolk Constabulary,Norfolk Constabulary,,,No Location,,,Public order,Status update unavailable,
d07854dd303573d6edd24f9418bd95a2ba130d64ca17525e46c651ac865b7cce,2016-01,Norfolk Constabulary,Norfolk Constabulary,,,No Location,,,Public order,Status update unavailable,
f679dbc2075187acab978bd8f7fb939c322987c44f1388e5eb369545270a9929,2016-01,Norfolk Constabulary,Norfolk Constabulary,,,No Location,,,Public order,Court result unavailable,
2f159427cb64d3bc657821b28d0f8b3d50e4f761b34288533de6dc14d8de6103,2016-01,Norfolk Constabulary,Norfolk Constabulary,,,No Location,,,Public order,Unable to prosecute suspect,
e8510916a78063a6652ebb202725771eeba61e95923448fe949928655da5afcb,2016-01,Norfolk Constabulary,Norfolk Constabulary,,,No Location,,,Public order,Court result unavailable,
2934bbabbc3295ac8e6d54a9cb3914737724364e3f380568222830dccdddf5f4,2016-01,Norfolk Constabulary,Norfolk Constabulary,,,No Location,,,Public order,Status update unavailable,
51ef258f3038b35f6589be2311861e1ed4d362faa964f582cdaf96564c89f58f,2016-01,Norfolk Constabulary,Norfolk Constabulary,,,No Location,,,Public order,Offender given a caution,
04d9df2d8e4d46bb8ecae557b586f940815592ae41b224914e43ed83d382d72e,2016-01,Norfolk Constabulary,Norfolk Constabulary,,,No Location,,,Robbery,Investigation complete; no suspect identified,
4b7a4109c9a3bbd3319604d9ddd5d0c2b6c492892cd4f2e96cf4e2a91bc99a67,2016-01,Norfolk Constabulary,Norfolk Constabulary,,,No Location,,,Robbery,Status update unavailable,
b26f11a62f702ef624aafeea4e1e2b1c9b0bb0d8ab9cd9e6abab9909e443fa8d,2016-01,Norfolk Constabulary,Norfolk Constabulary,,,No Location,,,Shoplifting,Offender given suspended prison sentence,
69a060351f57c2461c647590d5d6cc779a976c68222f393c8dfa8b24fdd2466a,2016-01,Norfolk Constabulary,Norfolk Constabulary,,,No Location,,,Shoplifting,Court result unavailable,
e8b4911b65c11fbeb05d5d907bf89ba522aa84abff77e1690e7020011f4f8217,2016-01,Norfolk Constabulary,Norfolk Constabulary,,,No Location,,,Shoplifting,Court result unavailable,
5a64d4d469793409fd7f0db358e153fe9abb63e8aad62c157191aff651327b49,2016-01,Norfolk Constabulary,Norfolk Constabulary,,,No Location,,,Shoplifting,Local resolution,
4e388c8ade21ff6c06636ce420aac8f62a2adf8ac87c47065985500d2a53f41e,2016-01,Norfolk Constabulary,Norfolk Constabulary,,,No Location,,,Shoplifting,Offender fined,
4173dd944594150ea2ab4af0023800179fcc0bbcd81c124936073028ad153c7b,2016-01,Norfolk Constabulary,Norfolk Constabulary,,,No Location,,,Shoplifting,Local resolution,
280565f4e75566d5489a6288e4c6e9a8cf1883e923ed8a4437dc2faffa23a557,2016-01,Norfolk Constabulary,Norfolk Constabulary,,,No Location,,,Shoplifting,Court result unavailable,
0ddfc74d5e4bcdecbcb8938d58faa6b2ca20facfbb2ab046c4554784a08dff73,2016-01,Norfolk Constabulary,Norfolk Constabulary,,,No Location,,,Shoplifting,Investigation complete; no suspect identified,
354ecda5a806e3659f41201e33c63b30aa2a9292da75c9ab3d946e8f8c42995c,2016-01,Norfolk Constabulary,Norfolk Constabulary,,,No Location,,,Shoplifting,Offender given community sentence,
38d9f634dd04bba9ed519defe585b3642059598cf01b833f9506ee06a263bedb,2016-01,Norfolk Constabulary,Norfolk Constabulary,,,No Location,,,Shoplifting,Local resolution,
bf4703db66f6778b2954258afe6ca0894296dc857f3a655e4ca5b054a8edc5e0,2016-01,Norfolk Constabulary,Norfolk Constabulary,,,No Location,,,Shoplifting,Investigation complete; no suspect identified,
fb6587abd9b70b906c1a9f24018fa03e7ccace098bbeb1e8b335d53731d35a15,2016-01,Norfolk Constabulary,Norfolk Constabulary,,,No Location,,,Shoplifting,Offender sent to prison,
55876e76d7f80369802a59a22976671b6b4061d5eea2d0811805890a42811974,2016-01,Norfolk Constabulary,Norfolk Constabulary,,,No Location,,,Shoplifting,Suspect charged as part of another case,
4753c9f77c9ebc1aa8178d21ad4572166664ee4a3fa4567950b96ea6acbbd3ba,2016-01,Norfolk Constabulary,Norfolk Constabulary,,,No Location,,,Shoplifting,Offender given suspended prison sentence,
1656bfa110b5d2496776bbd7a08f443e594d7a6f93582040390d3408ae2a9195,2016-01,Norfolk Constabulary,Norfolk Constabulary,,,No Location,,,Shoplifting,Local resolution,
b0bb86ad3bf4ae26642f43048777eb80978faa47b1256d1c6b721c5fe145a5a6,2016-01,Norfolk Constabulary,Norfolk Constabulary,,,No Location,,,Shoplifting,Status update unavailable,
a903b9efd4ed83774b20513a19cbcba4ff112fa7f9a0c26b3b8614ab7490c632,2016-01,Norfolk Constabulary,Norfolk Constabulary,,,No Location,,,Theft from the person,Formal action is not in the public interest,
c68d925768a03f283066feb0ba67dd2e73fa86a5dd6901fbf86ef2606504fe27,2016-01,Norfolk Constabulary,Norfolk Constabulary,,,No Location,,,Theft from the person,Unable to prosecute suspect,
dc987836707cbec88a6fd53999c2fbe7bcfa579fe32d6be4594c34e2199c1ea7,2016-01,Norfolk Constabulary,Norfolk Constabulary,,,No Location,,,Theft from the person,Unable to prosecute suspect,
c428398d5a21789ff095226ab9aa2ecee8e48a839deb5bc60ba2c7448b054f5e,2016-01,Norfolk Constabulary,Norfolk Constabulary,,,No Location,,,Vehicle crime,Investigation complete; no suspect identified,
05432eef4eb76327cdfb0667cf73a9e693b7608188d58bf892b80135d8ea24d0,2016-01,Norfolk Constabulary,Norfolk Constabulary,,,No Location,,,Vehicle crime,Court result unavailable,
a8e8b1d3ffde36888408efaa91296396b535bba9741d5a900c39e0d1bdacf753,2016-01,Norfolk Constabulary,Norfolk Constabulary,,,No Location,,,Vehicle crime,Formal action is not in the public interest,
0076298d34d7c7d22dac51595c3f817bd115a25db5b3d1d3852f5e33f62143f7,2016-01,Norfolk Constabulary,Norfolk Constabulary,,,No Location,,,Vehicle crime,Status update unavailable,
588b014e3c2767ee5eff4b97af3603902511d10e440f7c6618cc7de643da910a,2016-01,Norfolk Constabulary,Norfolk Constabulary,,,No Location,,,Vehicle crime,Investigation complete; no suspect identified,
945ab1484d91b1752c4873753595a836c3e97342e26d833f557fd2ed4d1bd5e3,2016-01,Norfolk Constabulary,Norfolk Constabulary,,,No Location,,,Vehicle crime,Formal action is not in the public interest,
f1335a7dbf91a50330afe263517c30356e4a15ea2e3f1838cd88bd4143e8ba0a,2016-01,Norfolk Constabulary,Norfolk Constabulary,,,No Location,,,Vehicle crime,Investigation complete; no suspect identified,
cf23cd87370ec8fcdd43f0850a49b29493e7047f72b926fcb0d14fb0d1b1d9ff,2016-01,Norfolk Constabulary,Norfolk Constabulary,,,No Location,,,Vehicle crime,Investigation complete; no suspect identified,
eaaebcfe68fd6d32a4de106d37da47c77dd8b8abb6e39f2725344810f312db50,2016-01,Norfolk Constabulary,Norfolk Constabulary,,,No Location,,,Vehicle crime,Investigation complete; no suspect identified,
3df7c214bdbc3e9dc3b66a61aaf2ec2eeb82bb13dc07580d3b3da6d78cc3770d,2016-01,Norfolk Constabulary,Norfolk Constabulary,,,No Location,,,Vehicle crime,Investigation complete; no suspect identified,
5805c2690b123d65518e30500f6bb0776dee0556f61325f3344c8bc96fa31674,2016-01,Norfolk Constabulary,Norfolk Constabulary,,,No Location,,,Vehicle crime,Investigation complete; no suspect identified,
efa3b84ca7eb1303e18fe34827d95ee8cc8e5cae724828e5b6759d70254d4700,2016-01,Norfolk Constabulary,Norfolk Constabulary,,,No Location,,,Vehicle crime,Investigation complete; no suspect identified,
b88bf2c1e07c03293ce4c6a711f231e60ec4aebb3e67f30e75ee2aff429c0886,2016-01,Norfolk Constabulary,Norfolk Constabulary,,,No Location,,,Violence and sexual offences,Unable to prosecute suspect,
25aa7244e0bcb609c83a0e1060078df0e8557774d24cbb555c016430c8f69334,2016-01,Norfolk Constabulary,Norfolk Constabulary,,,No Location,,,Violence and sexual offences,Status update unavailable,
6770a94ee13c38301f1f62ea0ffdc452ee65c42c4d0f018fdf87af7fe5eb67e8,2016-01,Norfolk Constabulary,Norfolk Constabulary,,,No Location,,,Violence and sexual offences,Formal action is not in the public interest,
570290d77bcb6ae88a62f268169a99140b53f76034548f5f2d4854fe243fad79,2016-01,Norfolk Constabulary,Norfolk Constabulary,,,No Location,,,Violence and sexual offences,Formal action is not in the public interest,
a8d4d19b33b8cbb2b1796732ed8d3401f63c5203ddee7d111cf5bdae505bc073,2016-01,Norfolk Constabulary,Norfolk Constabulary,,,No Location,,,Violence and sexual offences,Defendant found not guilty,
bb3ea2d873f1e62d1e771ce1c350ab0cc964bf0200718528492c6c8b3d0eb587,2016-01,Norfolk Constabulary,Norfolk Constabulary,,,No Location,,,Violence and sexual offences,Status update unavailable,
60368e620ac0e2cba357a4709235504f3d2b393f7ffefd3502abe3254ceba07f,2016-01,Norfolk Constabulary,Norfolk Constabulary,,,No Location,,,Violence and sexual offences,Unable to prosecute suspect,
da1351d21dd72090fe972df7a0e0a30b6e8c68fd8d891ecd580d2b7e95f58238,2016-01,Norfolk Constabulary,Norfolk Constabulary,,,No Location,,,Violence and sexual offences,Offender given conditional discharge,
ae2d2319585c5586fdbb77feaf1200f4ba602c467be66e7b5d40565e521e5de3,2016-01,Norfolk Constabulary,Norfolk Constabulary,,,No Location,,,Violence and sexual offences,Status update unavailable,
098bc35cf1b7dfd143604461121fbc534937458ce230b21ce73b7a92a71e96f6,2016-01,Norfolk Constabulary,Norfolk Constabulary,,,No Location,,,Violence and sexual offences,Formal action is not in the public interest,
9824392d70a6bdb69e44874823a148d2d87e3bf8fc6450c211da229d0448c4ab,2016-01,Norfolk Constabulary,Norfolk Constabulary,,,No Location,,,Violence and sexual offences,Status update unavailable,
30509216425e4a12525a30b77bef41755b733c51beb6bf24f509802fc2228ed9,2016-01,Norfolk Constabulary,Norfolk Constabulary,,,No Location,,,Violence and sexual offences,Status update unavailable,
c3d611eba8357dfeecacc5c3004ff502d097ccab56c72a144faf90750e23ebd2,2016-01,Norfolk Constabulary,Norfolk Constabulary,,,No Location,,,Violence and sexual offences,Local resolution,
9954a0ba19d668db0b46fb7a4210665a1c8be0fd54cf4025edae71df2b5a7dac,2016-01,Norfolk Constabulary,Norfolk Constabulary,,,No Location,,,Violence and sexual offences,Offender given a caution,
c1f2d063b967f4d7d0854b63404906cbfc02231a82ee600b5f81c9b9d52a506a,2016-01,Norfolk Constabulary,Norfolk Constabulary,,,No Location,,,Violence and sexual offences,Offender given suspended prison sentence,
2fbe28a1a07b218e855fafe89a05441942b7fa2f8765ee2a7c822dd3edfb9857,2016-01,Norfolk Constabulary,Norfolk Constabulary,,,No Location,,,Violence and sexual offences,Investigation complete; no suspect identified,
8b9395d200aea061af504121673c73cafa54d6c5ec22585a28f38ea32bb3927e,2016-01,Norfolk Constabulary,Norfolk Constabulary,,,No Location,,,Violence and sexual offences,Unable to prosecute suspect,
cf85448c0238e7f09785247f00c3da1ba11d2eef0a876274152cd438b4f48117,2016-01,Norfolk Constabulary,Norfolk Constabulary,,,No Location,,,Violence and sexual offences,Unable to prosecute suspect,
bce34b251230a14fbc22cfa1eb44fecfbece32506b635faccfd08e69501b6373,2016-01,Norfolk Constabulary,Norfolk Constabulary,,,No Location,,,Violence and sexual offences,Offender sent to prison,
281b53e0698416be0a55b61e3320a7dc8f0e06983d671c4a2060f2e43fbe3980,2016-01,Norfolk Constabulary,Norfolk Constabulary,,,No Location,,,Violence and sexual offences,Formal action is not in the public interest,
56c6d9dbfa87a448a6cce36c4b9215e00980bad9e3ca8ab70a8c021ee0fedaa6,2016-01,Norfolk Constabulary,Norfolk Constabulary,,,No Location,,,Violence and sexual offences,Status update unavailable,
2390b18532ca12195cd1b53f6468117afa53ca6c1a42b4bfa54918a4df56e800,2016-01,Norfolk Constabulary,Norfolk Constabulary,,,No Location,,,Violence and sexual offences,Local resolution,
6e6fa860bc9dfc6f418a5c94b3a0c89ec59969f215bd67fca64d991c42afe103,2016-01,Norfolk Constabulary,Norfolk Constabulary,,,No Location,,,Violence and sexual offences,Status update unavailable,
dac8c3b3c56bf5428eb2a8d05da8d8fc615e2fb9857befa55d4e08e841971bda,2016-01,Norfolk Constabulary,Norfolk Constabulary,,,No Location,,,Violence and sexual offences,Status update unavailable,
0b52d15f1d2b1cc69298d7fe323c76f79a0ea1a821c94aaa589660ed55206db6,2016-01,Norfolk Constabulary,Norfolk Constabulary,,,No Location,,,Violence and sexual offences,Status update unavailable,
db5616922340275a220892e199503b96766d7cc496ffd37d057887bd196d01e1,2016-01,Norfolk Constabulary,Norfolk Constabulary,,,No Location,,,Violence and sexual offences,Investigation complete; no suspect identified,
3212b0b511ec4b3a049934e46a03d15a666313f5e6db58cbf8a3c774f09b1af2,2016-01,Norfolk Constabulary,Norfolk Constabulary,,,No Location,,,Violence and sexual offences,Status update unavailable,
f5849670100003dec6df4c5be3bc1cd549904d20180df01397e8d339e2a31fe2,2016-01,Norfolk Constabulary,Norfolk Constabulary,,,No Location,,,Violence and sexual offences,Offender fined,
ba934da7927323e9a0f493d0dee4bbcf6f1b8bea4d70cfda97ad4ab21c76447e,2016-01,Norfolk Constabulary,Norfolk Constabulary,,,No Location,,,Violence and sexual offences,Status update unavailable,
b6a0a2db4a6fc4516939bee431a1272d43ca4d8e0dbd724542918bc30e6564e4,2016-01,Norfolk Constabulary,Norfolk Constabulary,,,No Location,,,Violence and sexual offences,Status update unavailable,
8c1d43101b655789b3657b32dbdf5c3d4499f3275cc0b5a6e4dcf9552481a8ec,2016-01,Norfolk Constabulary,Norfolk Constabulary,,,No Location,,,Violence and sexual offences,Status update unavailable,
57801eef59058f6d23a235da87f32c4de181c356fd13cbbbf507079a99686086,2016-01,Norfolk Constabulary,Norfolk Constabulary,,,No Location,,,Violence and sexual offences,Status update unavailable,
28fee5c2b6ac866c44b2059d6426bb7034d574352c4395e2536de831f307551b,2016-01,Norfolk Constabulary,Norfolk Constabulary,,,No Location,,,Violence and sexual offences,Formal action is not in the public interest,
953e454c265e92949b7720591253e5911979dc82e2de5aa2d2ce85a27e838950,2016-01,Norfolk Constabulary,Norfolk Constabulary,,,No Location,,,Violence and sexual offences,Status update unavailable,
b20b2a722653a6dfae4d40950a2bef176ba94eebd1cbcac774035f5bdc10b7ff,2016-01,Norfolk Constabulary,Norfolk Constabulary,,,No Location,,,Violence and sexual offences,Formal action is not in the public interest,
9a66c00e5d6b0fbf6416d1e934b3ddb0fe2e15038ffbb204562b66716f368717,2016-01,Norfolk Constabulary,Norfolk Constabulary,,,No Location,,,Violence and sexual offences,Status update unavailable,
3a24d045ea10fce26993d96293f743c35f64885fd6ae3f9611208fc755916d70,2016-01,Norfolk Constabulary,Norfolk Constabulary,,,No Location,,,Violence and sexual offences,Local resolution,
7a976aa07f934e32d01f168ddae4f79e6756dd74408733ee17a4b54983471d26,2016-01,Norfolk Constabulary,Norfolk Constabulary,,,No Location,,,Violence and sexual offences,Unable to prosecute suspect,
a602cdcf4153bddbeaddeb3f698b31482ca432b897c28e2c7fda3753c303c188,2016-01,Norfolk Constabulary,Norfolk Constabulary,,,No Location,,,Violence and sexual offences,Status update unavailable,
09c91de359e752f5cae439e6df515d394a3f5f1d69ec9f50f1b38e176916689b,2016-01,Norfolk Constabulary,Norfolk Constabulary,,,No Location,,,Violence and sexual offences,Formal action is not in the public interest,
a124c1fdb1bf77f0528d7f3b365491a7d1087eb7354f846c26700632ac6f57c7,2016-01,Norfolk Constabulary,Norfolk Constabulary,,,No Location,,,Violence and sexual offences,Status update unavailable,
ec2fb8e29e40509a150844848be955c115a443e1d5b761a45d9db9eb9eb66a66,2016-01,Norfolk Constabulary,Norfolk Constabulary,,,No Location,,,Violence and sexual offences,Investigation complete; no suspect identified,
6337a8fea443c72cae9487143aa5da6f086726242b92632392795170589acfde,2016-01,Norfolk Constabulary,Norfolk Constabulary,,,No Location,,,Violence and sexual offences,Status update unavailable,
1423ab4460d55e4c8067cb2bc4b9e5df73a44cefd45bb1a102116282881e155a,2016-01,Norfolk Constabulary,Norfolk Constabulary,,,No Location,,,Violence and sexual offences,Status update unavailable,
17bb93732c736ab61471e82bdc97164109ccd1b2f399afdeb44c47f25325faf0,2016-01,Norfolk Constabulary,Norfolk Constabulary,,,No Location,,,Violence and sexual offences,Status update unavailable,
0e37ba71af556555bfc00f71a4a2e41f39b220fe71edd045fcfb88d5b16e82a3,2016-01,Norfolk Constabulary,Norfolk Constabulary,,,No Location,,,Violence and sexual offences,Investigation complete; no suspect identified,
0c0aa8ecf1d1d9070306829c6a02100755f9565b107a7c946826ff26ac9a923d,2016-01,Norfolk Constabulary,Norfolk Constabulary,,,No Location,,,Violence and sexual offences,Formal action is not in the public interest,
a5cec4bdc54430c00a3c605e37dc0faa97f9fd59b6cbcc94f5377423fdea69f8,2016-01,Norfolk Constabulary,Norfolk Constabulary,,,No Location,,,Violence and sexual offences,Status update unavailable,
506cd164e40eabf4cfb1f16517a5c3e8433f5e5a226ae313c0ec9979ff61585e,2016-01,Norfolk Constabulary,Norfolk Constabulary,,,No Location,,,Violence and sexual offences,Status update unavailable,
8474d1d944f481c7fd2e0e1a186dc5a70af792146f6f8db245b11d3a3e866174,2016-01,Norfolk Constabulary,Norfolk Constabulary,,,No Location,,,Violence and sexual offences,Offender given penalty notice,
e4ea00e39f0119b6fc894d49e99c7e643d2af951ceb475b6387270a9677ada4c,2016-01,Norfolk Constabulary,Norfolk Constabulary,,,No Location,,,Violence and sexual offences,Status update unavailable,
8e3bfa44956d09e8e7baf524eebe57b72a9f32d98eb27c3fa2db28ce77f0c75e,2016-01,Norfolk Constabulary,Norfolk Constabulary,,,No Location,,,Violence and sexual offences,Formal action is not in the public interest,
7ca1a7fafb4fcf2824704a3ef2b5ac85ac794eef8934163c347690697adb8e6e,2016-01,Norfolk Constabulary,Norfolk Constabulary,,,No Location,,,Other crime,Court result unavailable,
91a5d768019dea690230c9c35757f51053945fdd625aa863c48c361054fe16e6,2016-01,Norfolk Constabulary,Norfolk Constabulary,,,No Location,,,Other crime,Investigation complete; no suspect identified,
f43e00949055151638a7c12e56de6c8b27397227b96488f3e776df1405bcc5bc,2016-01,Norfolk Constabulary,Norfolk Constabulary,,,No Location,,,Other crime,Defendant found not guilty,
745c8435140edb76983c5ce8b42a9dab495203fa03ec3c3885845b987574efa9,2016-01,Norfolk Constabulary,Norfolk Constabulary,,,No Location,,,Other crime,Status update unavailable,
