Crime ID,Month,Reported by,Falls within,Longitude,Latitude,Location,LSOA code,LSOA name,Outcome type
a3fdd975639e80143adc4dbc9808ea0ff9cff57aeb13725f3254be379ce91627,2015-08,Essex Police,Essex Police,1.154883,51.790382,On or near HIGH STREET,E01022025,Tendring 016B,Offender sent to prison
a6d3e780b3890f07c5daeab73926bb95af613e4709f595bb180f274656f975a9,2015-08,Essex Police,Essex Police,0.417763,51.628072,On or near TANFIELD DRIVE,E01021253,Basildon 004B,Offender given conditional discharge
f9cb2546a8fb05cdba9cb6a58384e6c28fce8ac290deed6590b7b831aa1a89ec,2015-08,Essex Police,Essex Police,0.092612,51.768596,On or near Theatre/Concert Hall,E01021872,Harlow 007E,Offender sent to prison
dbf282b49f9e9b28233e4db7267a15f450d7eee95ac8edbe5bf2aec7108e3fa8,2015-08,Essex Police,Essex Police,0.709743,51.544690,On or near Police Station,E01015895,Southend-on-Sea 010A,Offender sent to prison
5d77d2857bb0825098f28526ca60015b134afb7c2fe915e1de72ff314957b19d,2015-08,Essex Police,Essex Police,0.092766,51.779753,On or near FIFTH AVENUE ALLENDE AVENUE,E01021853,Harlow 003E,Court case unable to proceed
a09b8b99285863e9228927f5d7d8f59fb914e9cf21e1882f293b70930f0a282e,2015-08,Essex Police,Essex Police,1.155426,51.805424,On or near Supermarket,E01022044,Tendring 013E,Offender sent to prison
cde28ed96f8552aef9f78256be53a15a306f6b308f2b71cc3ef524a652833039,2015-08,Essex Police,Essex Police,0.360567,51.462765,On or near LANSDOWN ROAD,E01016010,Thurrock 018H,Offender fined
0621451b0815cfe1cdfd66d366ec9cdc2e8f83bd3d54234645a0ee23b5216133,2015-08,Essex Police,Essex Police,0.280536,51.482444,On or near Parking Area,E01016011,Thurrock 015B,Offender sent to prison
de99b641973cbb810e4fa426c4c7f0756440a9f441dbdb1fa4634cdbfcec321c,2015-08,Essex Police,Essex Police,0.897877,51.888090,On or near Shopping Area,E01021649,Colchester 007D,Offender sent to prison
ba11b9b2a3ce394def7f6a4c58eb098c558a4d71a4861d7131f88e185ab3f524,2015-08,Essex Police,Essex Police,0.780740,51.539296,On or near Supermarket,E01015882,Southend-on-Sea 013G,Offender fined
6fea32d000eb2a505cdb2ff13d80b83c068ed69b4b5ca361d014f9eed1902477,2015-08,Essex Police,Essex Police,0.708147,51.546967,On or near TUNBRIDGE ROAD,E01015899,Southend-on-Sea 010E,Offender sent to prison
61df8dc21fde0eefe24595cf32ed40084dd36ffe04855e901d72837c969549e1,2015-08,Essex Police,Essex Police,0.684702,51.545167,On or near LONDON ROAD,E01015832,Southend-on-Sea 012F,Offender sent to prison
5664350a8713c0aebaf34a56b5f948144022377fc365bf9afb320835ceef1c16,2015-08,Essex Police,Essex Police,1.152226,51.789923,On or near ROSEMARY ROAD,E01022025,Tendring 016B,Offender sent to prison
7a6a3cd8772e10ede87fdd1f5e2680b29746b8fddf063b2bc92166389860e549,2015-08,Essex Police,Essex Police,0.453841,51.570981,On or near WESTGATE,E01021318,Basildon 015C,Offender given suspended prison sentence
9969d7d6c685d36294025345517859d76134377e9ea8a136d68f6d92a592a9a9,2015-08,Essex Police,Essex Police,0.712497,51.540310,On or near Bus/Coach Station,E01015895,Southend-on-Sea 010A,Offender given suspended prison sentence
ce6684ca8559ff1e7f5eb7eecd879a57c9868e2932f2c097439e23e241cfe442,2015-08,Essex Police,Essex Police,0.500879,51.590268,On or near Cricketers Retail Park,E01021307,Basildon 011C,Offender given suspended prison sentence
80face36a129cc8a99d12ac267d6ddc142efce22a2352020a28d887538b78ac7,2015-08,Essex Police,Essex Police,0.960008,51.859732,On or near Supermarket,E01021739,Colchester 017D,Offender sent to prison
0f012703990abe3ad099f44ef742bf1d99d5c621acc72cfd873159ee6c429bcf,2015-08,Essex Police,Essex Police,0.709743,51.544690,On or near Police Station,E01015895,Southend-on-Sea 010A,Offender sent to prison
7ac13da8bd6f0b6830e782060a80cfa0c5f945045e3e2319a75d9e9d9b29636c,2015-08,Essex Police,Essex Police,1.070574,51.841148,On or near THE PADDOCKS,E01021993,Tendring 009C,Offender otherwise dealt with
ad7a69449d8725b15cfbc2ef9cb3b29a7fb21e7004347e29881ab53c74c31265,2015-08,Essex Police,Essex Police,0.282488,51.487496,On or near Shopping Area,E01016011,Thurrock 015B,Offender sent to prison
e331eecb947735fa9af5b824a5f2296fdb90abb19206f0dc02e01c079720a89b,2015-08,Essex Police,Essex Police,0.481372,51.557641,On or near MARSH VIEW COURT,E01021300,Basildon 022A,Offender otherwise dealt with
b284f9f242309563451fe776aff00d4af6caa571c2214176fe5f6195dd1ff8cb,2015-08,Essex Police,Essex Police,0.094133,51.767643,On or near Shopping Area,E01021872,Harlow 007E,Offender given community sentence
2876d827c095639a407055dd6de5fb34d67bf21f177d998ef2b8067b6befd737,2015-08,Essex Police,Essex Police,0.303360,51.620247,On or near Supermarket,E01021436,Brentwood 007B,Offender fined
af8775ee89ad969d8b649e5aedd290fdbb63dee0ac6ae48a1182616e2d813f19,2015-08,Essex Police,Essex Police,1.266125,51.939239,On or near YORKTOWN CLOSE,E01022007,Tendring 002D,Offender sent to prison
5e08b0c2715d6067a9dbf6ddd1b118af481b48830ef80e870c046f9cb08b7aae,2015-08,Essex Police,Essex Police,0.728770,51.534131,On or near PROSPECT CLOSE,E01015842,Southend-on-Sea 014D,Offender given conditional discharge
a532dcd82c4cc58af1bf666b51955661a5452a368b7d5d9cd2e7d8a17c450d8b,2015-08,Essex Police,Essex Police,0.532754,51.606285,On or near PLESHEY CLOSE,E01021346,Basildon 008E,Offender sent to prison
328774dd598d3f7d2ac6bd349a7dc12ddfaa5f6c36d54293f95f077b209259ed,2015-08,Essex Police,Essex Police,0.492792,51.725616,On or near Pedestrian Subway,E01021563,Chelmsford 014B,Offender given community sentence
c0462a23272c22ac95bbe48efb36988a4c61fd6c5c1a1f9354f8093085378889,2015-08,Essex Police,Essex Police,0.095357,51.767783,On or near Shopping Area,E01021872,Harlow 007E,Offender given community sentence
525ae5a72b7b85996bad16be0cbe229538aa20625da4579ed02720e8045f8984,2015-08,Essex Police,Essex Police,1.146196,51.789968,On or near Supermarket,E01022038,Tendring 017E,Offender given conditional discharge
f167546d5824a315bff33b1411351904d195aa1fa21f3e64a9216bc5d029800c,2015-08,Essex Police,Essex Police,0.656214,51.602071,On or near Supermarket,E01021937,Rochford 003E,Offender sent to prison
19cc112d409a5b40b2c6e5604e08590b0417b08d76a0810da45668dab7357d0e,2015-08,Essex Police,Essex Police,0.086195,51.776857,On or near THE HORNBEAMS,E01021839,Harlow 004A,Offender given community sentence
e615589bcd1441eb5524bcc3346fc9e841044f74ab25fd911b26738e7de02d25,2015-08,Essex Police,Essex Police,0.806652,51.881660,On or near BELLINGHAM DRIVE,E01021654,Colchester 010A,Offender fined
27b187fc0b5e6e0aa9317db09bc4adb83df4b6fd7a9956f04112bfd3563999da,2015-08,Essex Police,Essex Police,0.334081,51.637276,On or near Sports/Recreation Area,E01021467,Brentwood 005F,Offender given community sentence
5a748462391312482625ba9b12286860157286dc2d7dfa6e1e0b1bbb453a7ea6,2015-08,Essex Police,Essex Police,0.927262,51.907490,On or near GLENDALE GROVE,E01021710,Colchester 022C,Offender sent to prison
2093a1b2f9c44a6d889f8d11e78c9bd5e285fa1d7f1bf7c9551e3fcb38e92f4d,2015-08,Essex Police,Essex Police,0.095928,51.771666,On or near Pedestrian Subway,E01021872,Harlow 007E,Offender sent to prison
9f034cbce5b9a6821ed437634c52e9f0a50b4a1276f7f71856ba42f39a5a3182,2015-08,Essex Police,Essex Police,0.463490,51.569268,On or near Supermarket,E01021318,Basildon 015C,Offender given community sentence
adfe5276c874a140de94bbc9b22c1e4a2502ecde4a7b29188eac380d39c65f9f,2015-08,Essex Police,Essex Police,0.655381,51.566268,On or near MANSEL CLOSE,E01015835,Southend-on-Sea 001C,Offender sent to prison
ba284df4c154c3946d3fa146147a893ce808c68c2b9e92a3682bf9a3d2eac624,2015-08,Essex Police,Essex Police,0.830150,51.888121,On or near ESSEX YEOMANRY WAY,E01021718,Colchester 012A,Offender fined
96a0865ec4873ba825f90a8f7b77761666b491980bee5432d7da47dca60d38d0,2015-08,Essex Police,Essex Police,0.351155,51.465077,On or near MELBOURNE ROAD,E01016003,Thurrock 018A,Defendant found not guilty
9d2804117177ee8bb80483af09ac8e77765795d3f2420247568cecc1f4289f75,2015-08,Essex Police,Essex Police,0.460775,51.569775,On or near Parking Area,E01021318,Basildon 015C,Offender sent to prison
6062c2d1e96f5c9e988a7fefaffba71db7f974556c08777733a3fd315d9ec050,2015-08,Essex Police,Essex Police,1.126245,51.795708,On or near FARMERS WAY,E01022031,Tendring 015D,Offender fined
d8bab76db20eeacde91693e6f1ae318d4eb094924f93b30d8546bb91bf19d568,2015-08,Essex Police,Essex Police,0.284143,51.486609,On or near Shopping Area,E01016011,Thurrock 015B,Offender sent to prison
55ca05acd9d6d407a0856f4beaf27c6d1c258d0eece200f8a9116ea103315e55,2015-08,Essex Police,Essex Police,0.895335,51.889691,On or near BALKERNE GARDENS,E01021646,Colchester 007A,Offender sent to prison
c227e51329cb04775f6bfbcca2d596c7eab4a9f21b7defa5b8da44d728d69029,2015-08,Essex Police,Essex Police,0.795466,51.528954,On or near JOHN STREET,E01015877,Southend-on-Sea 013B,Offender given community sentence
c4870aff3717df8d8b14932ef4b77078202bcfbf3c52da918862ee1925ea9891,2015-08,Essex Police,Essex Police,0.342356,51.482187,On or near MEDINA ROAD,E01015967,Thurrock 014B,Offender fined
699fea4e64d66c0fe71595cec49711e9f963a56e97c596728a14e68754f19521,2015-08,Essex Police,Essex Police,0.132995,51.791727,On or near CAMBRIDGE ROAD,E01021854,Harlow 001A,Offender given community sentence
f7586d31194f9c42226436df3afd9a8ce3dc09d97cd830fdffa966a0c0f7e79b,2015-08,Essex Police,Essex Police,0.790894,51.880155,On or near LONDON ROAD,E01021678,Colchester 010E,Offender given suspended prison sentence
bf15cea36b863d8ca29985710b2428161d6b0500aca0c3284657a465b33b7a14,2015-08,Essex Police,Essex Police,0.112455,51.757441,On or near Supermarket,E01021823,Harlow 006D,Offender sent to prison
d8042d1aa197a1cdd3dd013f363d94df5cab78d2e77c0c382f8f51eff7771a54,2015-08,Essex Police,Essex Police,0.507143,51.566095,On or near CHURCH PARK ROAD,E01021316,Basildon 018D,Offender sent to prison
2c1f23d932756c2217be6b32a1c7db2d261c9b87950359bf66994ec99dfbb442,2015-08,Essex Police,Essex Police,0.715320,51.534677,On or near Shopping Area,E01015852,Southend-on-Sea 015B,Offender sent to prison
63821efa85aee43693b17d67457b32b5ceb35e49e95ef584be299741e65529f4,2015-08,Essex Police,Essex Police,0.896245,51.888706,On or near HEAD STREET,E01021649,Colchester 007D,Offender given conditional discharge
a89e1c333020b6b565522d3d638b7ff3d2aae90d051e2cf8e037eab35a005ca3,2015-08,Essex Police,Essex Police,0.912301,51.887734,On or near BROOKLANDS,E01021648,Colchester 007C,Defendant found not guilty
b53bfe0501b602c4262f46b7e5b0654713582438d6dbbd988ebde589e4a598bb,2015-08,Essex Police,Essex Police,0.285272,51.488728,On or near Parking Area,E01016011,Thurrock 015B,Offender sent to prison
c8790f0ef9519b492c86efee2ec21baa014db135e9d9f9f8447efa2ca373094f,2015-08,Essex Police,Essex Police,0.091838,51.768151,On or near PLAYHOUSE SQUARE,E01021872,Harlow 007E,Offender otherwise dealt with
d7eaa11d7e9403e5a6fc81636ee41e5494829808e2df216876acd794ec788e2a,2015-08,Essex Police,Essex Police,1.148750,51.787489,On or near BEATRICE ROAD,E01022037,Tendring 017D,Defendant found not guilty
c799bfdb7049a438db424c6c706fe62e93b430db8c13494868d26123fdb6e1ae,2015-08,Essex Police,Essex Police,0.906006,51.886361,On or near Parking Area,E01021686,Colchester 011D,Court case unable to proceed
34d08f12769bc0a2a84ac533281a445f173b2f302d2941a72cdef9f5d1fd1bf7,2015-08,Essex Police,Essex Police,0.695131,51.540296,On or near Shopping Area,E01015855,Southend-on-Sea 015E,Court case unable to proceed
1137695c66781f21c68d8b590abd3e9760d2e52ea5c05142cb1168d63ffecb91,2015-08,Essex Police,Essex Police,0.921934,51.783006,On or near CARRINGTON COURT,E01021732,Colchester 021B,Offender given community sentence
63821efa85aee43693b17d67457b32b5ceb35e49e95ef584be299741e65529f4,2015-08,Essex Police,Essex Police,0.896245,51.888706,On or near HEAD STREET,E01021649,Colchester 007D,Offender given conditional discharge
b4a157500eeeb14d9f8811b0bcedd1390ec8d31c5e79459666d47d6372d7e306,2015-08,Essex Police,Essex Police,0.455059,51.744136,On or near FOX CRESCENT,E01021576,Chelmsford 006A,Offender given community sentence
c2766a4e8991c7dc031bc28e3a3362546824cac9a7280070c93aef022eb3872d,2015-08,Essex Police,Essex Police,0.279933,51.478444,On or near HILLTOP ROAD,E01016012,Thurrock 015C,Offender given community sentence
43f39665dabfe91fbf508be89bbf06e28d937ad495847868a339367d654646f9,2015-08,Essex Police,Essex Police,0.575013,51.528903,On or near CHAMPLAIN AVENUE,E01021505,Castle Point 008D,Defendant found not guilty
a066b2c26ab50b96f071e6b35fb917c74e86e52ed114af8b0695f123925e4807,2015-08,Essex Police,Essex Police,0.456959,51.570727,On or near Shopping Area,E01021318,Basildon 015C,Offender given suspended prison sentence
f1d14581db1da4217a766435a2badecd63e2cafc6dae2f5e1059a76c81ea6c5c,2015-08,Essex Police,Essex Police,0.712497,51.540310,On or near Bus/Coach Station,E01015895,Southend-on-Sea 010A,Offender sent to prison
f28373bc741825a7f4351b4625c1faa6d120f76040bdab4d7e83ce80af572196,2015-08,Essex Police,Essex Police,0.334553,51.475481,On or near ALFRED STREET,E01015962,Thurrock 016E,Offender given suspended prison sentence
96c2c4e291987b5c31f0a456131fefb997dc0dfeda7b912b8a95fdf89792ee75,2015-08,Essex Police,Essex Police,0.486217,51.559454,On or near LONDON ROAD,E01021311,Basildon 022C,Court case unable to proceed
9b4011db59f4957233246b0e689621243846ae7230b6866bf96fb7faf845f9a5,2015-08,Essex Police,Essex Police,0.455364,51.569789,On or near Shopping Area,E01021318,Basildon 015C,Offender sent to prison
67173662930be0d89578d61efcd43bf7d6f15916d5d1f1f473f8020a4dfac891,2015-08,Essex Police,Essex Police,1.080553,51.773584,On or near CLUB PARADE,E01022045,Tendring 018D,Offender fined
1ecc68267f7641490c467db4d4afb835684576a49a40325738bd20e80e460c19,2015-08,Essex Police,Essex Police,0.718808,51.537070,On or near TOLEDO ROAD,E01015841,Southend-on-Sea 014C,Offender given conditional discharge
dd87f5f30ab523b5629e8dfe3aa84c2b3a1fbe1aec541a96e44141d2fd0839b3,2015-08,Essex Police,Essex Police,0.109014,51.688548,On or near BRIDGE HILL,E01021759,Epping Forest 006D,Offender given suspended prison sentence
3ebbec03aed07793c9d2c562ffb51397d8b0b4a0c47f36d689d823ec177cded5,2015-08,Essex Police,Essex Police,1.148149,51.793234,On or near OLD ROAD,E01022026,Tendring 016C,Offender given conditional discharge
a78c04886da93d7d2d3294f34ceb6d2f94a2c43c68235a06dc5d2624e849be56,2015-08,Essex Police,Essex Police,0.092759,51.771138,On or near Nightclub,E01021872,Harlow 007E,Offender given community sentence
aa93cca961525c71eb790da2ccf9dcfa17c14a907dc29879502b82feb29db462,2015-08,Essex Police,Essex Police,0.274369,51.511620,On or near HAMBLE LANE,E01015972,Thurrock 006C,Offender given community sentence
bf0b4e0c7d87b2cc88331f9eba3184d655af0db7ae9af986cf8315e6de86ab4d,2015-08,Essex Police,Essex Police,0.458653,51.747083,On or near NORTH AVENUE,E01021576,Chelmsford 006A,Offender given suspended prison sentence
aaca34bc8504c27e6f1ad24a59ee7906e895aded511ac3d44d844b1a9d93ff7b,2015-08,Essex Police,Essex Police,0.472536,51.736818,On or near COTTAGE PLACE,E01033141,Chelmsford 010G,Offender sent to prison
76964f1877506629e98731321b5cd9d91417eea3c1e388b6853c2e21a0037e99,2015-08,Essex Police,Essex Police,0.709743,51.544690,On or near Police Station,E01015895,Southend-on-Sea 010A,Offender sent to prison
92211f86fec0205a08e9a07cefd8045ab7c1b7d4a97a25175b5e062db9c9a222,2015-08,Essex Police,Essex Police,0.706187,51.583436,On or near ROCHE CLOSE,E01021955,Rochford 004D,Offender given suspended prison sentence
d53c1268f72e70b02ec24acec2e92fc45bab6dd9dbcbdbe03b2a2420fa53ceea,2015-08,Essex Police,Essex Police,0.087971,51.753140,On or near Petrol Station,E01021859,Harlow 010C,Offender given community sentence
2580a792a57b57de7a1ff3d54460a3a6ace1f11045a593f3c58029ecb5e111fa,2015-08,Essex Police,Essex Police,0.902854,51.945418,On or near ELLIS ROAD,E01021659,Colchester 001C,Offender otherwise dealt with
c2766a4e8991c7dc031bc28e3a3362546824cac9a7280070c93aef022eb3872d,2015-08,Essex Police,Essex Police,0.279933,51.478444,On or near HILLTOP ROAD,E01016012,Thurrock 015C,Offender otherwise dealt with
20257488767afc318443392b31840681448c93fbedafc068af48a31bd2de400e,2015-08,Essex Police,Essex Police,0.900615,51.887717,On or near VINEYARD GATE,E01021649,Colchester 007D,Offender given absolute discharge
545f80b329b0f958d3aab7dda7f6b92314ae8de957bf1f1f6835480922711528,2015-08,Essex Police,Essex Police,0.512536,51.581988,On or near TENTERFIELDS,E01021309,Basildon 011E,Offender sent to prison
dbb13e84dc8b43d9cfa3271af2e4cafdc1d0d3a70f9c2ef3d93306a36462842a,2015-08,Essex Police,Essex Police,0.724776,51.550296,On or near SELBOURNE ROAD,E01015871,Southend-on-Sea 006C,Defendant found not guilty
ef930a2be5f830b5894a13aa67fb82a8baae16eb2352116176e68034e2d64015,2015-08,Essex Police,Essex Police,0.658225,51.547974,On or near Supermarket,E01015821,Southend-on-Sea 005B,Offender given suspended prison sentence
1f4b1d0115833a8614d1de1dbefc28dce0213a7f2547e1052c733813cb4428a4,2015-08,Essex Police,Essex Police,0.679909,51.545583,On or near LONDON ROAD,E01015832,Southend-on-Sea 012F,Offender given community sentence
a2f6d55e2edccfc3cc039245bb82321e1ce154dc5e7a37843e9721ec25e8e6b3,2015-08,Essex Police,Essex Police,0.901710,51.891404,On or near MAIDENBURGH STREET,E01021649,Colchester 007D,Offender given community sentence
3ea6e71040f52b349ab33c45a5c2633bdfce46f1d199faa1e2e3f3b57e40a8de,2015-08,Essex Police,Essex Police,0.425613,51.584528,On or near CYPRESS CLOSE,E01021263,Basildon 010C,Offender sent to prison
46b128ac1bf24e859ef1621cb7e7b756619275efe530af345526014a20305756,2015-08,Essex Police,Essex Police,1.151333,51.789380,On or near Supermarket,E01022025,Tendring 016B,Offender given suspended prison sentence
8c4daee4129b2d723767c013be5e70408c653eec2ef8fd7772568dc98bfa2e96,2015-08,Essex Police,Essex Police,0.718716,51.575439,On or near MAGNOLIA WAY,E01021956,Rochford 007E,Offender fined
abc9e3b457d04db56423290d3820e1c45e27d7776376f7a4075d77afb2bbd7b4,2015-08,Essex Police,Essex Police,0.558840,51.877744,On or near RAILWAY STREET,E01033458,Braintree 009E,Offender sent to prison
84e733017e2a7f6c344d124b4486177e6629f348ab0b788991d9cd2f363b7174,2015-08,Essex Police,Essex Police,1.182383,51.803357,On or near Supermarket,E01022034,Tendring 012C,Offender sent to prison
5f1ce0910f01a979ed64206ad07a9760d13adf0c01e71f0c622d6117636ca3bf,2015-08,Essex Police,Essex Police,0.684702,51.545167,On or near LONDON ROAD,E01015832,Southend-on-Sea 012F,Offender sent to prison
470e617c8382a401de0f61fc6caabca6bb598b293038133565c5b386ecb69ff0,2015-08,Essex Police,Essex Police,0.456959,51.570727,On or near Shopping Area,E01021318,Basildon 015C,Offender fined
99e91521e621210936d5020bcfb8696c5735d91ab4b78d0d75ca92c72353a8bf,2015-08,Essex Police,Essex Police,0.472257,51.733569,On or near Shopping Area,E01033141,Chelmsford 010G,Offender given suspended prison sentence
c632d101c740cd541081482d66bdd2f1cc1d5d5d82890104d20ff4be14ec8cc9,2015-08,Essex Police,Essex Police,0.474085,51.733089,On or near High Street Chelmsford,E01033140,Chelmsford 010F,Offender given conditional discharge
0068648cf7e093a63842539e5d166e2c2b549d4072e03c4e71df091c345cd59e,2015-08,Essex Police,Essex Police,1.152226,51.789923,On or near ROSEMARY ROAD,E01022025,Tendring 016B,Offender given conditional discharge
5f1ce0910f01a979ed64206ad07a9760d13adf0c01e71f0c622d6117636ca3bf,2015-08,Essex Police,Essex Police,0.684702,51.545167,On or near LONDON ROAD,E01015832,Southend-on-Sea 012F,Offender sent to prison
4b9a6d029531f2f9b153b3d4f69a49a489ece02e02a74908df17b9d380edcb3d,2015-08,Essex Police,Essex Police,0.680163,51.559958,On or near BADGERS CLOSE,E01015858,Southend-on-Sea 004B,Offender fined
202d7a532239099e864dec7ed02dc55ab68c373465cfddb5a528769fb8fd9955,2015-08,Essex Police,Essex Police,1.060285,51.945575,On or near STATION ROAD,E01022020,Tendring 003F,Offender sent to prison
9403fa2ef1acbdab6870a53a947c2bc234c85a9cb3bf230864760e548e5f6899,2015-08,Essex Police,Essex Police,0.282026,51.488629,On or near Parking Area,E01016011,Thurrock 015B,Offender sent to prison
dc2d2ded8172959b8694e50b690ae0892e859661094d26b138dc77a57db84894,2015-08,Essex Police,Essex Police,1.149490,51.790419,On or near ROSEMARY ROAD WEST,E01022026,Tendring 016C,Offender sent to prison
3fc8a92db0fb4c7e2f28e3b8b932cb9e100dd07c01e928a7155dee3d2d5bdf19,2015-08,Essex Police,Essex Police,0.894589,51.886462,On or near Police Station,E01021651,Colchester 013A,Offender given community sentence
6dff497140398d5774bcb7681d64da255b8c1f1ddc49176e987ca919707d6073,2015-08,Essex Police,Essex Police,0.720244,51.538413,On or near Pedestrian Subway,E01015841,Southend-on-Sea 014C,Offender fined
0a5fe7c740c8f60ae5b7f6c732508b2f57423134f8384115d2a98acdf73f4106,2015-08,Essex Police,Essex Police,0.485939,51.567041,On or near LINDSELL GREEN,E01021327,Basildon 019E,Offender given conditional discharge
e23c2c7e13d538f0227003c258be88ff145ab59c6bf919622bfa73a970366052,2015-08,Essex Police,Essex Police,0.461228,51.569334,On or near Pedestrian Subway,E01021318,Basildon 015C,Offender fined
98d91e5e2f1c6109c77abb1469b6be77529b544d37a47d4435ed175d30fed408,2015-08,Essex Police,Essex Police,0.295639,51.522744,On or near CANTERBURY PARADE,E01015971,Thurrock 006B,Offender sent to prison
116a602fbae2e78f5c7b0cd73e80605800e737cf19fa26c50d7ef85f732f73fd,2015-08,Essex Police,Essex Police,0.108431,51.784581,On or near Shopping Area,E01021845,Harlow 002B,Offender sent to prison
58af83f5cb57080b7f137855987215b592a3057f7dd36b0c3dd5cdfb9ffb7a85,2015-08,Essex Police,Essex Police,0.284490,51.487772,On or near Shopping Area,E01016011,Thurrock 015B,Offender given conditional discharge
59712c17d7939bac845e56d4b405c772afb6f8bd7bd373b1c3d28989aa91f458,2015-08,Essex Police,Essex Police,0.505943,51.579710,On or near BARTLOW SIDE,E01021302,Basildon 013B,Offender sent to prison
ba31680065769a320d1d5ca111c9ddabd583cae6ffb3c9016864bcfd7ff06a8f,2015-08,Essex Police,Essex Police,0.501967,51.711347,On or near SHROPSHIRE CLOSE,E01021562,Chelmsford 014A,Court case unable to proceed
4525e3d3203c45fb19239d1df109c0394e1ba3e9bfa3eacb8babee66d186b278,2015-08,Essex Police,Essex Police,0.712855,51.537855,On or near Nightclub,E01015852,Southend-on-Sea 015B,Defendant found not guilty
899cbb97a9e55cdb8973778497bedf71c0cec308af55039e523543e4f12668b9,2015-08,Essex Police,Essex Police,1.263256,51.932600,On or near ELIZABETH ROAD,E01022006,Tendring 002C,Court case unable to proceed
7a91bb55c7e6c37344f73a5dfdce318641194a14c42a6dff367f817f34e96d1b,2015-08,Essex Police,Essex Police,0.293575,51.679144,On or near REEVES CLOSE,E01021470,Brentwood 001F,Court case unable to proceed
5e11301810620d5879dcca042bc003a3b8f50574d2ee2c195413f2b288f3c7e2,2015-08,Essex Police,Essex Police,0.331110,51.636552,On or near OLIVER ROAD,E01021467,Brentwood 005F,Defendant found not guilty
aead8309dcc243f9bea390897872eb5194998f8457f4abbeab0638c7beb51315,2015-08,Essex Police,Essex Police,0.900116,51.889231,On or near Shopping Area,E01021649,Colchester 007D,Offender sent to prison
7b862264dbec9c8226684a0a96ec5de1fa45eb14364ee76376753b8a6414bda0,2015-08,Essex Police,Essex Police,1.146196,51.789968,On or near Supermarket,E01022038,Tendring 017E,Offender sent to prison
1c6a110d8a22a89f5ce680ca4e3d5138d2e7328bed59bcf25653b5f05add6e6b,2015-08,Essex Police,Essex Police,1.154883,51.790382,On or near HIGH STREET,E01022025,Tendring 016B,Offender sent to prison
f6fb2134c35226e09d703debc6ec6f2890e6e70f4bbeea5aca9e854b31fe5c7b,2015-08,Essex Police,Essex Police,0.919311,51.878827,On or near BELMONT PLACE,E01021664,Colchester 016C,Offender otherwise dealt with
128d6c819867e679022c1cbdc6e7ec250f71989037359c8644ecdb96fb83098e,2015-08,Essex Police,Essex Police,1.157068,51.789064,On or near ROSEMARY CRESCENT,E01022027,Tendring 016D,Offender sent to prison
deda9c819c31435d6d13d1fda6968ed072189ae45d6e05bfb462d61dd4677ef4,2015-08,Essex Police,Essex Police,0.081422,51.765423,On or near COLLINS MEADOW,E01021841,Harlow 004C,Offender given community sentence
00f909bc6d03768f27c00f294c30cd8e69b806d81358efcae74d339e0b6a2392,2015-08,Essex Police,Essex Police,0.715963,51.544987,On or near GREYHOUND WAY,E01015898,Southend-on-Sea 010D,Offender sent to prison
cd9bd65da43f04fdfb8e6da5ccd5217afc8a70ce2906fb00db9ac8c6764deff8,2015-08,Essex Police,Essex Police,0.325996,51.633767,On or near ALWYNE AVENUE,E01021467,Brentwood 005F,Offender sent to prison
4303d07bf9e555c99c42f40731d632ad3e4755e91c6c850dd701b07fde17b2a4,2015-08,Essex Police,Essex Police,0.094835,51.767145,On or near Pedestrian Subway,E01021872,Harlow 007E,Offender given community sentence
0341fe440884724ef5a04c1ed89cdb9657e8c19873bc11b38ff627c45e17dee0,2015-08,Essex Police,Essex Police,0.322355,51.479168,On or near Grays Police Station,E01015956,Thurrock 016B,Offender fined
92de9b13973b0035c55975ad98bc8f01957686912999c908f47a98bf92245e3b,2015-08,Essex Police,Essex Police,0.328663,51.630809,On or near Supermarket,E01021465,Brentwood 005D,Offender given community sentence
4e30fddac0d81b9973f6203ac24e4d2f2591280bb3c2326833cc414167fb35de,2015-08,Essex Police,Essex Police,0.475214,51.731744,On or near Shopping Area,E01033140,Chelmsford 010F,Offender sent to prison
9e0a200b1a87ab2d00947f2542ab286a9c4d3129a23180dc93ac9700be6480e7,2015-08,Essex Police,Essex Police,0.708533,51.543990,On or near VICTORIA AVENUE,E01015895,Southend-on-Sea 010A,Offender fined
89832a5b03a846801f16f1c1020a81dbe8ed1bfff78bffc15dc0b9b477031d04,2015-08,Essex Police,Essex Police,0.452426,51.568286,On or near Petrol Station,E01021318,Basildon 015C,Offender given suspended prison sentence
b52519b3a0509686ed0af3c747d81a8bda00bdf7fb985e7e641b412e8e1ca46a,2015-08,Essex Police,Essex Police,0.761816,51.536874,On or near Parking Area,E01015890,Southend-on-Sea 016B,Offender given conditional discharge
43b76bd0c57b180706ab42771335c8277de14ad4c5938eb064177b973b0aa136,2015-08,Essex Police,Essex Police,0.752605,51.540059,On or near PLESHEY CLOSE,E01015883,Southend-on-Sea 009A,Offender sent to prison
240e65ce84bed05091062e3f7b032327ef443f66debb667cf32285acaf5be528,2015-08,Essex Police,Essex Police,0.629849,51.583688,On or near HOLTON ROAD,E01021947,Rochford 009B,Defendant found not guilty
2281a3f739352d4f3034ed80a441cceaab6272e9bbbabd93b6d07baeb0b7a402,2015-08,Essex Police,Essex Police,0.250308,51.885392,On or near PINCEY ROAD,E01022090,Uttlesford 006B,Offender given community sentence
fef91f68691a6f3eb08951f36e9f3d1d1cfa06bab663f6e79987b05e7ac7d1bb,2015-08,Essex Police,Essex Police,0.082836,51.647128,On or near Supermarket,E01021776,Epping Forest 011C,Offender given community sentence
71c8a6ed94240cc6cda2ba13a2b518d17f18615f3d210286f7b95c2fc6fbd7b9,2015-08,Essex Police,Essex Police,0.256976,52.022695,On or near HORN BOOK,E01022081,Uttlesford 002F,Offender given suspended prison sentence
971db42e2abb7981fd0ba7c97d474c4b483bf75087e2d5017519e82e8a72778d,2015-08,Essex Police,Essex Police,0.456169,51.571868,On or near Pedestrian Subway,E01021318,Basildon 015C,Offender fined
86db35af5aa8aaad00699394efdd340f2155084d543c32c3e9a69f372a5e5e80,2015-08,Essex Police,Essex Police,1.087300,51.775566,On or near Seawick Holiday Park,E01022045,Tendring 018D,Offender given community sentence
ddb3bf400c88e0274553e8a2dfa726db9ed1531c12fdbfbcec0c3dafdbc5d9a1,2015-08,Essex Police,Essex Police,0.683458,51.568148,On or near AVIATION WAY,E01015863,Southend-on-Sea 002A,Offender fined
9145e44f9960d44411dda334b3892d22c94e2ac719e80d67fbaff6789256bfb4,2015-08,Essex Police,Essex Police,0.292158,51.513999,On or near MOSS ROAD,E01015932,Thurrock 006A,Offender fined
c9c63919dbae9a5108a49c16f4439d261a0ca0437853d1ecfe98b78a34ec8303,2015-08,Essex Police,Essex Police,0.474190,51.732359,On or near Shopping Area,E01033140,Chelmsford 010F,Offender sent to prison
8107c645d20e4c3442a45704232b2bf38f6b7719bc506237c931383534bfd6f5,2015-08,Essex Police,Essex Police,0.519420,51.600231,On or near Petrol Station,E01021344,Basildon 008D,Offender sent to prison
9a9994d43d5a144772aac3baf886de91e09a43126df268cd4f85d50e54bd4db4,2015-08,Essex Police,Essex Police,0.423245,51.573938,On or near Supermarket,E01021290,Basildon 016D,Defendant found not guilty
932c9820b6c5efd1b56bba64b63061600f4805e225bd17f954ad86bb5852dbc6,2015-08,Essex Police,Essex Police,0.460775,51.569775,On or near Parking Area,E01021318,Basildon 015C,Offender given community sentence
37bd61f9abfb914d1ca89648d5d737dabf0316e106acc075c24159543f1f73a1,2015-08,Essex Police,Essex Police,0.477127,51.723034,On or near Supermarket,E01021583,Chelmsford 015C,Offender given community sentence
5614a1ed3668e291764ca42dadcc219041cdf7a1cf61b3471e12d105c67ad634,2015-08,Essex Police,Essex Police,0.704419,51.560723,On or near THORNFORD GARDENS,E01015866,Southend-on-Sea 002D,Offender given conditional discharge
c8d872fdb29ca3df378c18d593f0f9448b716f180f9d6b3aef3206e1af47f379,2015-08,Essex Police,Essex Police,0.456169,51.571868,On or near Pedestrian Subway,E01021318,Basildon 015C,Offender sent to prison
4994bfcaf8de2d6efb9cf4c18f8e5d3a339f9541784696ce034c5c0908344b99,2015-08,Essex Police,Essex Police,0.456959,51.570727,On or near Shopping Area,E01021318,Basildon 015C,Offender given suspended prison sentence
ba3acdbc20a5af55885df72e20aa18e6c918346d8a798bcf45ff8f6a77ad87ec,2015-08,Essex Police,Essex Police,0.284490,51.487772,On or near Shopping Area,E01016011,Thurrock 015B,Offender given community sentence
c75f7c05814288e2198af2dfb533b044c38920b17e0069ad30c2cf7626a82c17,2015-08,Essex Police,Essex Police,0.627461,51.935936,On or near BOURNE CLOSE,E01021391,Braintree 004C,Defendant found not guilty
84ac4f6fea8d7f6cd26d64a373ff1ee0b845b82ef57795eb1038b0f52b152455,2015-08,Essex Police,Essex Police,1.145689,51.793723,On or near WATSON ROAD,E01021968,Tendring 017A,Offender fined
61df8dc21fde0eefe24595cf32ed40084dd36ffe04855e901d72837c969549e1,2015-08,Essex Police,Essex Police,0.684702,51.545167,On or near LONDON ROAD,E01015832,Southend-on-Sea 012F,Offender sent to prison
00d8fcdfd798a6e067ac88bac693ea75f8aca2f574fcdc76907d0219f0fe3faf,2015-08,Essex Police,Essex Police,0.919789,51.884409,On or near STANDARD ROAD,E01021685,Colchester 011C,Defendant found not guilty
413345f93aa6270454aca7aa1cf801d6c5deb65457e8efd06f7edf8228fa5bc9,2015-08,Essex Police,Essex Police,0.515984,51.578559,On or near HAVENGORE,E01021301,Basildon 011A,Offender given community sentence
fb5b8e53a61cc5f72d663d811e2d1858f24a6148ffd2e205e58ffa41ea448e8f,2015-08,Essex Police,Essex Police,0.095357,51.767783,On or near Shopping Area,E01021872,Harlow 007E,Offender given community sentence
f54d6cfda681bf5cf62c3b8ec8354173b19c95ab10e1a5e38ca3f48dc41ef315,2015-08,Essex Police,Essex Police,0.271332,51.491121,On or near Petrol Station,E01016012,Thurrock 015C,Offender sent to prison
ad80c4bfef6abd60cd566af94fff915bc7e8ec96235f1979930059d86e573475,2015-08,Essex Police,Essex Police,0.472257,51.733569,On or near Shopping Area,E01033141,Chelmsford 010G,Offender given community sentence
61b045fc0fc67b0c54f27054c2b06ec15bde0db5c40de81837c1c294fdc198e1,2015-08,Essex Police,Essex Police,0.684702,51.545167,On or near LONDON ROAD,E01015832,Southend-on-Sea 012F,Offender sent to prison
f23c3f3226074d74433397b9dd808e6fb9d50105189c59bb82c1a777bf1b52e2,2015-08,Essex Police,Essex Police,1.154883,51.790382,On or near HIGH STREET,E01022025,Tendring 016B,Offender fined
b62e4029b61f445850eca0cc8fd4659da66f4f167800ef7af2593184cf30f176,2015-08,Essex Police,Essex Police,0.496745,51.747673,On or near Supermarket,E01021625,Chelmsford 007D,Offender sent to prison
c8e11daf5bff233b636bb6bbbdca452ee0b9f844630b0125f4674e26d979077d,2015-08,Essex Police,Essex Police,0.712497,51.540310,On or near Bus/Coach Station,E01015895,Southend-on-Sea 010A,Offender given conditional discharge
1ffd37095fbc342ea5ec0302b90aea5663fa98257058445bc62959e33739b6e0,2015-08,Essex Police,Essex Police,0.677199,51.731325,On or near Supermarket,E01021890,Maldon 004B,Offender given community sentence
d0fa405a377f40ce16a8259e7fcc4d3726706a7b72fa5089aff01b77fa5f1048,2015-08,Essex Police,Essex Police,0.471839,51.572348,On or near THISTLEDOWN,E01021318,Basildon 015C,Offender fined
482cee276ee925f92b83505f77853a8d1dbc933fb386e671f87879d8fdb0e3c4,2015-08,Essex Police,Essex Police,1.148823,51.795195,On or near Supermarket,E01022026,Tendring 016C,Offender sent to prison
8c28c20d4ace624b84d1ef0072134b798fb6b8fa9b64c9b0c60510000662b1f3,2015-08,Essex Police,Essex Police,0.501861,51.716260,On or near Parking Area,E01021562,Chelmsford 014A,Offender fined
aec0b01981977cece70d19825ad28ecb0bbb5d8c50e23cf43aba8762da2fd528,2015-08,Essex Police,Essex Police,0.443114,51.583274,On or near Pipps Hill Retail Park,E01021268,Basildon 015B,Offender sent to prison
22999a8f53a89f4bc394c40f5ede88a77c663cf13ffbb1c844690cd7e43ab4de,2015-08,Essex Police,Essex Police,0.709094,51.540820,On or near Supermarket,E01015895,Southend-on-Sea 010A,Offender sent to prison
6d1f6a8c0aa5934c4422024ac1b1224262bbfd806bf26e6fdaf75bf6f6eb083c,2015-08,Essex Police,Essex Police,1.080553,51.773584,On or near CLUB PARADE,E01022045,Tendring 018D,Offender ordered to pay compensation
b3da50d171f11a56a70629f346ed8a67f08417f148f415fc4b10273d314bce18,2015-08,Essex Police,Essex Police,0.667456,51.543286,On or near Supermarket,E01015829,Southend-on-Sea 012C,Offender given suspended prison sentence
7e48949c3cf91ee5b73b8d22ab40321e1dd08a6732943638a4d2c090e443eeb6,2015-08,Essex Police,Essex Police,0.907072,51.891380,On or near ROMAN ROAD,E01021647,Colchester 007B,Offender sent to prison
c34755c8e6c0cfa6a72374d5838d27c0770a5653c27d5b43e4a36c8443a08130,2015-08,Essex Police,Essex Police,0.688170,51.743881,On or near EVEREST WAY,E01021888,Maldon 003E,Offender given community sentence
658f9b27d81c9ad06fc02137780f15cd50bd363ee8394a981af6aee70e7d81ab,2015-08,Essex Police,Essex Police,1.152226,51.789923,On or near ROSEMARY ROAD,E01022025,Tendring 016B,Offender given community sentence
9e1e2c9c8632d9cbe6d9cfd22c5bf2b60d49336a37e5f9e4cc0b7a24ebbc7e53,2015-08,Essex Police,Essex Police,1.152215,51.788718,On or near Shopping Area,E01022025,Tendring 016B,Offender given community sentence
dba402386cff6e211c8f1c22fef5c41af2109062533155ce1430d3d2bd7be09c,2015-08,Essex Police,Essex Police,0.696459,51.596152,On or near Supermarket,E01021932,Rochford 007B,Offender given suspended prison sentence
c774c66c1d516e363b9ef9811cf2a8cd59f746c8b1d79f7f28333f8af5196d51,2015-08,Essex Police,Essex Police,0.372825,51.691734,On or near INGATESTONE ROAD,E01021457,Brentwood 002A,Offender given community sentence
66a996ced45b9b81e797d3539013b8c4c60b96219e29b54580b2dc0cc8fb02d6,2015-08,Essex Police,Essex Police,0.483487,51.566284,On or near Parking Area,E01021327,Basildon 019E,Offender given community sentence
83fc7a59efc7445fe15a0cb60d5c41b82d1de15b00589d5fc794c26fa3c222ae,2015-08,Essex Police,Essex Police,1.154883,51.790382,On or near HIGH STREET,E01022025,Tendring 016B,Offender sent to prison
d5b613d91bf6de1b064083ff73ab530a42b62fe5eac07e8c5a05d3c1f6ff203e,2015-08,Essex Police,Essex Police,0.326501,51.632057,On or near CROSSWAYS,E01021467,Brentwood 005F,Offender given community sentence
1bfbf0d4ad6147a384d9e7dc5b954de7e2f95962a38a26f9dba190a0fb7848ea,2015-08,Essex Police,Essex Police,0.134047,51.751646,On or near LONDON ROAD,E01021768,Epping Forest 001A,Offender given community sentence
9218a5d94c1d994fcc3bbd1779456cd55399306d4582866e4581795160c9cb1a,2015-08,Essex Police,Essex Police,0.707609,51.549075,On or near EAST STREET,E01015861,Southend-on-Sea 004E,Offender sent to prison
283cfdcd047daa8b279a725e866a400686477ec93a1dc5614284f4ae8a7c7750,2015-08,Essex Police,Essex Police,0.498377,51.572299,On or near BEAMBRIDGE,E01021306,Basildon 013E,Offender given conditional discharge
d7056c1f036a940b239dbbaedaafc31687f846a81249b578c914f86af19ffcc7,2015-08,Essex Police,Essex Police,0.845734,51.878068,On or near Petrol Station,E01021721,Colchester 012D,Court case unable to proceed
0f417f21089e7b76f2920f308e7c986127cbd0669371a9dc6b098f240aa9359e,2015-08,Essex Police,Essex Police,0.440307,51.520911,On or near PRIORY ROAD,E01015985,Thurrock 003B,Court case unable to proceed
bf9efc43fcc2fe8d60e73ddbb209bdbb31e33497b9cebb11cccb791e6e1faac0,2015-08,Essex Police,Essex Police,0.474561,51.566922,On or near CHURCH ROAD,E01021295,Basildon 020B,Offender otherwise dealt with
24ce839989e546b9f423ef412b71239f111ca226f7d94031a334a7ce2151efbb,2015-08,Essex Police,Essex Police,0.092766,51.779753,On or near FIFTH AVENUE ALLENDE AVENUE,E01021853,Harlow 003E,Offender fined
2d47195f1bef43f6a72536536d3fcef764da8ecb554d168a9ff57b6695c8d79b,2015-08,Essex Police,Essex Police,0.324934,51.477776,On or near CLARENCE ROAD,E01015956,Thurrock 016B,Offender given suspended prison sentence
f5de19a328155aa6f927df0fcf5737ae4b5d1395c58283cb868fdbf040f1a4b2,2015-08,Essex Police,Essex Police,0.713316,51.537359,On or near High Street Southend,E01015852,Southend-on-Sea 015B,Offender sent to prison
1e4ce44f08d15ad96c1d1bbe857aacbaacbcb99475063d1f9ad6f4224d3bf2f6,2015-08,Essex Police,Essex Police,0.078096,51.775679,On or near ASH TREE FIELD,E01021840,Harlow 004B,Offender sent to prison
d330284e394cdacfc062723f1c52ce8f32e496227ded03b251a64d95f6f6f225,2015-08,Essex Police,Essex Police,0.416509,51.623512,On or near Supermarket,E01021244,Basildon 004A,Offender sent to prison
dab66df4631967aa2de0243447c9168ee7c67ac065f5edec5480491ae405f141,2015-08,Essex Police,Essex Police,0.122239,51.762445,On or near NICHOLLS FIELD,E01021821,Harlow 008A,Offender given conditional discharge
88bef01c779f48c32f02bdd43542b6b245e6b5e61dd78b7d22b7128085ce8402,2015-08,Essex Police,Essex Police,1.146196,51.789968,On or near Supermarket,E01022038,Tendring 017E,Offender given suspended prison sentence
2769413e2a38d6da12112551b83df0678dc78ae5564a5c84f04668125d78220a,2015-08,Essex Police,Essex Police,0.498036,51.560803,On or near THE GLEN,E01021310,Basildon 022B,Offender given conditional discharge
76f5e348a50a4aca7c23122ae4cb08da405ca662572070164d973a4e80426cfc,2015-08,Essex Police,Essex Police,0.900344,51.861849,On or near JAMES PARNELL DRIVE,E01021639,Colchester 018C,Court case unable to proceed
d7c6b1da14a1fafd28cd33a2a1afd557aadd4a27453581732a3a6259e53bf936,2015-08,Essex Police,Essex Police,0.465760,51.730737,On or near THE MEADS,E01021582,Chelmsford 010D,Offender given conditional discharge
2e9a75b9a95eba6c34e0430bff268efbf576da294f5bb1e97ad593c76a562871,2015-08,Essex Police,Essex Police,0.456959,51.570727,On or near Shopping Area,E01021318,Basildon 015C,Offender given suspended prison sentence
c02ca5b46d23d6b7c2e86c8dfa7b24395f480e59eb3a78a458e061882685f324,2015-08,Essex Police,Essex Police,0.652878,51.549543,On or near ST CLEMENT'S AVENUE,E01015815,Southend-on-Sea 003B,Offender given suspended prison sentence
fc8b2fa57d0b3126a1f4c11b20c901cfafea05ec887a82b2335a8cb335cc902d,2015-08,Essex Police,Essex Police,0.427463,51.567789,On or near BEESTON COURT,E01021286,Basildon 016A,Offender fined
801c6a9142f2fca5fda2e10129c665c99887be3c254c99008ef09bdec8f69d85,2015-08,Essex Police,Essex Police,1.248772,51.844290,On or near Supermarket,E01021994,Tendring 008B,Offender sent to prison
947667309a11e69733e468c107e09fe6f05e378ad6239f1cc63551a4d8d98f26,2015-08,Essex Police,Essex Police,0.655916,51.541281,On or near Supermarket,E01015849,Southend-on-Sea 011E,Offender sent to prison
6d58e84fb15c750e5da1b3484a74a65b1cfeef8ef8262561914497a36e567108,2015-08,Essex Police,Essex Police,0.655916,51.541281,On or near Supermarket,E01015849,Southend-on-Sea 011E,Offender sent to prison
d3faf56a89a8b98d5ac5a7688578ad999d376d2ea8a1f10d34d8603a8d88ef02,2015-08,Essex Police,Essex Police,0.463490,51.569268,On or near Supermarket,E01021318,Basildon 015C,Offender given suspended prison sentence
69d3483668332a19cc5224084c1572468bb564ed5a1a0349fc8907c2d8d98240,2015-08,Essex Police,Essex Police,0.077480,51.771427,On or near FOLD CROFT,E01021840,Harlow 004B,Offender given community sentence
9feda0dae97d5c73effc8a4789db784f9a3d00c5fea78408d56625eef78054d1,2015-08,Essex Police,Essex Police,0.714394,51.550618,On or near SUTTON ROAD,E01015897,Southend-on-Sea 010C,Defendant found not guilty
45803327ff8a23a806012a77e30de2a2bd3c8cb25dd6ffa064b56893826802b8,2015-08,Essex Police,Essex Police,0.486217,51.559454,On or near LONDON ROAD,E01021311,Basildon 022C,Offender sent to prison
cdd58de16ec61f9b313696116cd0a2ca2a2dd74daad8033e7ed51c1a0617d6d8,2015-08,Essex Police,Essex Police,0.054196,51.647669,On or near CLIFTON ROAD,E01021791,Epping Forest 012F,Offender given community sentence
269ab6e68765a9ca46197f6e16d49003b9cf6461f5d36c68e607b5cbadfa9aec,2015-08,Essex Police,Essex Police,0.324764,51.485181,On or near HATHAWAY ROAD,E01015958,Thurrock 009B,Offender otherwise dealt with
37eddee35f547d613d9df9637cca77f59d8ed34e3b064bed061de314903fbba9,2015-08,Essex Police,Essex Police,0.708533,51.543990,On or near VICTORIA AVENUE,E01015895,Southend-on-Sea 010A,Defendant found not guilty
7791b97b3723fcfccb70448b8c34564f14b8b878c108889fe0c579017e31ad49,2015-08,Essex Police,Essex Police,0.365425,51.467613,On or near SULLIVAN ROAD,E01016007,Thurrock 018E,Offender sent to prison
95b88a97ed85b2ad52a2a4629459cfa9b510110f9f8d6994f1ce2910a73aa489,2015-08,Essex Police,Essex Police,0.095357,51.767783,On or near Shopping Area,E01021872,Harlow 007E,Offender given community sentence
03a34e5f7df388e32747e2154388317a3efd7fac1421c8a13d50151a60935fe8,2015-08,Essex Police,Essex Police,0.466356,51.744889,On or near COOPER'S ROW,E01021591,Chelmsford 002E,Offender given community sentence
2b7d15cc53159f219d5904408314eb32ee5d78d4eae3aa09b0f82f54db3ed083,2015-08,Essex Police,Essex Police,0.132995,51.791727,On or near CAMBRIDGE ROAD,E01021854,Harlow 001A,Offender sent to prison
0db2620a4e814fad808fab912ec8167cbec830a91356c3b6107f36051d8e2034,2015-08,Essex Police,Essex Police,0.453841,51.570981,On or near WESTGATE,E01021318,Basildon 015C,Offender given suspended prison sentence
c24dcdc0535cfc0b473d725eecb13020963bbe40c8a70577aa81ed96223f3f48,2015-08,Essex Police,Essex Police,0.684702,51.545167,On or near LONDON ROAD,E01015832,Southend-on-Sea 012F,Offender sent to prison
2261b7169594d32443382dc19f650667980f310f3706e1c11a4be9e0f9efcaf2,2015-08,Essex Police,Essex Police,0.696459,51.596152,On or near Supermarket,E01021932,Rochford 007B,Offender fined
8b8ba3c59cf4ab4ebb6affba44c9d061370fcf9de616b2c2d613e9191f13934b,2015-08,Essex Police,Essex Police,0.887444,51.865233,On or near SELBY CLOSE,E01033723,Colchester 015G,Offender given community sentence
a3fdd975639e80143adc4dbc9808ea0ff9cff57aeb13725f3254be379ce91627,2015-08,Essex Police,Essex Police,1.154883,51.790382,On or near HIGH STREET,E01022025,Tendring 016B,Offender sent to prison
b8a9e95057b145715ac6f6d96b0667adc072029d36c3ecd414e9f70c2177200a,2015-08,Essex Police,Essex Police,0.460775,51.569775,On or near Parking Area,E01021318,Basildon 015C,Offender given suspended prison sentence
096fde8b7b9111dc4e28b8ba3f1927a935477659c1b02e70459970d60e016db5,2015-08,Essex Police,Essex Police,0.285272,51.488728,On or near Parking Area,E01016011,Thurrock 015B,Offender sent to prison
c04392d8cce1f5c9aefa0e058e7c78870cb5601fbd219eacaca8a48f14603f29,2015-08,Essex Police,Essex Police,0.462186,51.721478,On or near Petrol Station,E01021556,Chelmsford 012A,Offender sent to prison
e5d64a91b65e6181c90bb27c8139482c8fbbbe32ba11245710bba8305cade4b9,2015-08,Essex Police,Essex Police,0.684702,51.545167,On or near LONDON ROAD,E01015832,Southend-on-Sea 012F,Offender sent to prison
993bc2fbdcba1c960d086cca973c14ae5a07401251a26dfc51a7cf495207abdf,2015-08,Essex Police,Essex Police,0.484654,51.736715,On or near Prison,E01021627,Chelmsford 010E,Offender given suspended prison sentence
97cb93a776267a9fafd48873f60f85a8045b6dc4873bd3ed731e0c29798395e3,2015-08,Essex Police,Essex Police,0.502267,51.562719,On or near Supermarket,E01021310,Basildon 022B,Offender given suspended prison sentence
ba3acdbc20a5af55885df72e20aa18e6c918346d8a798bcf45ff8f6a77ad87ec,2015-08,Essex Police,Essex Police,0.284490,51.487772,On or near Shopping Area,E01016011,Thurrock 015B,Offender otherwise dealt with
1f4eb8939e9e7ddd5f997f0bf52fd3dff3d5858813af4a92ca4bf86420da2e9a,2015-08,Essex Police,Essex Police,0.327292,51.501454,On or near KINGSMAN DRIVE,E01015996,Thurrock 009F,Offender given community sentence
11eafd89b93569047f1bc55a081c467b207522ce6c94c9a80683f10ee30ad48f,2015-08,Essex Police,Essex Police,0.917724,51.874307,On or near AVIGNON CLOSE,E01021666,Colchester 016E,Offender sent to prison
32e94682e24d7714807b20e080a0d60c680cdf8533785f4ca4a859cb7d3834c5,2015-08,Essex Police,Essex Police,0.834301,51.660941,On or near TATTERSALLS CHASE,E01021906,Maldon 006D,Offender given community sentence
b4bf61cc5a1f7d12b50ebcf6f17dccc1273750860516d964749b039faef41473,2015-08,Essex Police,Essex Police,1.150049,51.812161,On or near Supermarket,E01022039,Tendring 010B,Offender given community sentence
da9ffbe03429618ea6d4b2f6fac8935d4b901f1d21488889efb9f5fe8e106c31,2015-08,Essex Police,Essex Police,0.757686,51.878439,On or near MOTT'S LANE,E01021677,Colchester 010D,Offender given community sentence
d9c733b6c74c3f1ee5473e30fcb8ba47e2a8ef8057ed2b7f11e7949d958db728,2015-08,Essex Police,Essex Police,0.322153,51.476033,On or near STATION APPROACH,E01015954,Thurrock 017D,Offender sent to prison
0efd26f56802b330275bad022de271a76cacc750b2251382371ce987d3b9ff29,2015-08,Essex Police,Essex Police,0.473830,51.736629,On or near Chelmsford Police Station,E01033141,Chelmsford 010G,Offender sent to prison
98f8f12f22adecbc585aa7353db2ab7a33b619cb5708cd9f5b0debf8b5e97d59,2015-08,Essex Police,Essex Police,0.705140,51.545642,On or near HARCOURT AVENUE,E01015899,Southend-on-Sea 010E,Offender given community sentence
a80b2917e9f4e646c4e45940be987c11055be299761d501fc43be75cbfaf6b23,2015-08,Essex Police,Essex Police,0.924681,51.894621,On or near CROWN BAYS ROAD,E01021704,Colchester 022F,Defendant found not guilty
60f5695f94c1bc11059649d153d369e129efcb4b949517066fdf0a15639be521,2015-08,Essex Police,Essex Police,0.703897,51.582554,On or near UNION LANE,E01021954,Rochford 007D,Offender sent to prison
838af14b0ebdc58577e553f12c1a7e3a05faeeea861761f3ef993877ee460e34,2015-08,Essex Police,Essex Police,0.702103,51.547700,On or near Petrol Station,E01015861,Southend-on-Sea 004E,Offender sent to prison
bd0e8f331fffd8ac10956a125f7ddbc2ebecd979c3e6815f0a8506aef4983b9c,2015-08,Essex Police,Essex Police,0.695119,51.541061,On or near Supermarket,E01015855,Southend-on-Sea 015E,Offender sent to prison
1efc0056f3078818c9986ae56fdfdb3e2c5285ef290cacfa9e08bfbb9228e9cc,2015-08,Essex Police,Essex Police,0.475214,51.731744,On or near Shopping Area,E01033140,Chelmsford 010F,Offender given community sentence
b9c000657a24cf4a1a21d9cbc0da67ad0cca80753d0601bf79a5be4397741187,2015-08,Essex Police,Essex Police,0.365425,51.467613,On or near SULLIVAN ROAD,E01016007,Thurrock 018E,Offender sent to prison
c090fc1aa57e65e739d7e9c750d94a3b6a9749ab29d32f518ae2b3c8941ea0e0,2015-08,Essex Police,Essex Police,0.900116,51.889231,On or near Shopping Area,E01021649,Colchester 007D,Offender sent to prison
6c4cd9eefdaa50baaed990d007144818aeb6526cf57b63aa04e31bcc210d8239,2015-08,Essex Police,Essex Police,0.620376,51.518635,On or near BECK FARM CLOSE,E01021491,Castle Point 012C,Offender given conditional discharge
c632d101c740cd541081482d66bdd2f1cc1d5d5d82890104d20ff4be14ec8cc9,2015-08,Essex Police,Essex Police,0.474085,51.733089,On or near High Street Chelmsford,E01033140,Chelmsford 010F,Offender given conditional discharge
a78c04886da93d7d2d3294f34ceb6d2f94a2c43c68235a06dc5d2624e849be56,2015-08,Essex Police,Essex Police,0.092759,51.771138,On or near Nightclub,E01021872,Harlow 007E,Offender given community sentence
fcba442eede35fb990bc8494c0f0957afca6b49be7611db2dc13cd2acedffb6b,2015-08,Essex Police,Essex Police,0.331110,51.636552,On or near OLIVER ROAD,E01021467,Brentwood 005F,Court case unable to proceed
a61dad5606e990efcb052160a333193aaf5c319bf5c0bacda304b8873554d2a6,2015-08,Essex Police,Essex Police,0.473830,51.736629,On or near Chelmsford Police Station,E01033141,Chelmsford 010G,Offender given community sentence
bd5e6618e71a53071bb9c423a468ebf77c8d4d9ca216d3f1ae56b07379263266,2015-08,Essex Police,Essex Police,0.461228,51.569334,On or near Pedestrian Subway,E01021318,Basildon 015C,Offender given suspended prison sentence
4e554839631fe4199656ee8b6717c42f99410c873699509cfc36ed9b683a8ac3,2015-08,Essex Police,Essex Police,0.604450,51.584849,On or near Police Station,E01021966,Rochford 008F,Offender sent to prison
2644213308bfb146f633c1750e3b4169cec0e615273cfe6c0da29050f010a356,2015-08,Essex Police,Essex Police,0.724546,51.555868,On or near Supermarket,E01015871,Southend-on-Sea 006C,Offender sent to prison
c2766a4e8991c7dc031bc28e3a3362546824cac9a7280070c93aef022eb3872d,2015-08,Essex Police,Essex Police,0.279933,51.478444,On or near HILLTOP ROAD,E01016012,Thurrock 015C,Offender given community sentence
42fb89489643ab951e37fbabd46392b22e9b16bb24c4c5247d1b5919ec8526e4,2015-08,Essex Police,Essex Police,0.456169,51.571868,On or near Pedestrian Subway,E01021318,Basildon 015C,Offender ordered to pay compensation
1375ed9e82150b137ba2b8abb55b4dfe645828f46cfe6bdcedefedc83f8319e4,2015-08,Essex Police,Essex Police,0.942969,51.875728,On or near VALLEY ROAD,E01021736,Colchester 017A,Defendant found not guilty
77d7f813133bd6429722b9df5e6a30eb695135d0493c8dc1a4976de8ee7fbee9,2015-08,Essex Police,Essex Police,0.427412,51.517779,On or near SOUTHEND ROAD,E01015989,Thurrock 005A,Defendant found not guilty
71348cb7d77844fbf61967339e38000ca769d5a58fbb86fc008f19cbd3cb2171,2015-08,Essex Police,Essex Police,0.630686,51.815167,On or near LONGFIELD,E01021418,Braintree 015C,Offender sent to prison
f1a883f271c35c1e811fad5d09829c4f2e6aae8c106688d6c6e82e5c096d6628,2015-08,Essex Police,Essex Police,0.505403,51.563326,On or near A132,E01021310,Basildon 022B,Offender given community sentence
32ad8352b1c5630bb5b56741817ec5d185095c67ba9bbafafb45549e759165c8,2015-08,Essex Police,Essex Police,1.148149,51.793234,On or near OLD ROAD,E01022026,Tendring 016C,Offender fined
a7872b9f35dfb93ac5012328452585bb8cdbaa66b1574f293a4d93a87f0e3fea,2015-08,Essex Police,Essex Police,0.926486,51.887049,On or near DAVEY CLOSE,E01021706,Colchester 022H,Defendant found not guilty
7103a6ee895889710a18f52f22c57455d4abc34ba99e0f97afb57844177c6cc0,2015-08,Essex Police,Essex Police,0.610694,51.580699,On or near HARDWICK CLOSE,E01021966,Rochford 008F,Defendant found not guilty
ea6c3cf98f4165d974b4bacedb255e593cf74fc93bf317139a38781484e6cc82,2015-08,Essex Police,Essex Police,0.456512,51.570458,On or near Shopping Area,E01021318,Basildon 015C,Offender sent to prison
29ac780b99392c8a360898da96212e22218f1d9249eee5d10780ff33e4e58837,2015-08,Essex Police,Essex Police,0.363030,51.462221,On or near Parking Area,E01016010,Thurrock 018H,Offender sent to prison
47bb32434e4710f8cf4087b2855c5e4dfc00c353b9893caa9fcbf3643a237a7c,2015-08,Essex Police,Essex Police,0.734848,51.547462,On or near DURHAM ROAD,E01015872,Southend-on-Sea 006D,Offender given suspended prison sentence
82c46a5dcf78cdf5c31c5058f4f03d0f241d8c3e2e72d4234e39031bab70bfca,2015-08,Essex Police,Essex Police,0.474190,51.732359,On or near Shopping Area,E01033140,Chelmsford 010F,Offender fined
bd99a9c8bd532544e91de044815772fb4b5185364eeef8aca80ea332510e4efe,2015-08,Essex Police,Essex Police,0.695119,51.541061,On or near Supermarket,E01015855,Southend-on-Sea 015E,Offender sent to prison
0c90aa47b4d04c16aae5a9d2e7fa90596987da8a06525306386407c7d500e39d,2015-08,Essex Police,Essex Police,0.428020,51.638311,On or near Supermarket,E01021250,Basildon 001D,Offender given suspended prison sentence
63179d94aec166596f74b154b52aaa268d2099e6db1b6a3c3981ce8f7a47b3cd,2015-08,Essex Police,Essex Police,0.915602,51.872264,On or near Supermarket,E01021667,Colchester 016F,Court case unable to proceed
07ab9b6fd10266e201624de6e0af3b0b11eb9cde8a246e7e7fa3509b2b4aab7d,2015-08,Essex Police,Essex Police,0.722102,51.537902,On or near KILWORTH AVENUE,E01015840,Southend-on-Sea 014B,Offender given conditional discharge
74b9debbc81de716de241fd0e7ad84332182ce3937076b60ec58432d5640c99f,2015-08,Essex Police,Essex Police,0.082760,51.757665,On or near JEROUNDS,E01021833,Harlow 009D,Offender given conditional discharge
0691b47c945d095ccfabcee5e400a5d09de2d995dcf30d0c9d32a93238035574,2015-08,Essex Police,Essex Police,0.709743,51.544690,On or near Police Station,E01015895,Southend-on-Sea 010A,Offender sent to prison
19913290e09402bc19023dde6b0c01ada5cd223d4690e409c3b9c8d94d2e5560,2015-08,Essex Police,Essex Police,0.489170,51.721628,On or near Petrol Station,E01021564,Chelmsford 013D,Offender given community sentence
967ba24b654ddd4c85c019a3b925a4ae6b97bdcfb65530110e52c8a44967d0ff,2015-08,Essex Police,Essex Police,0.458240,51.569324,On or near Supermarket,E01021318,Basildon 015C,Offender given suspended prison sentence
8e4cc9a5d0d02a5681cf00d41d798ba1ffb0675ea53596dad0ce4c2ab838cd5a,2015-08,Essex Police,Essex Police,0.053305,51.643628,On or near OLD STATION ROAD,E01021781,Epping Forest 014B,Offender given suspended prison sentence
e02826d87a92158c433e186622520b44ce6313f3db881be216d6061111e7e7f2,2015-08,Essex Police,Essex Police,1.147433,51.789620,On or near Supermarket,E01022038,Tendring 017E,Offender fined
749907f0d777fcc0263bb8a7d2385cf751257b354c58fa12f5e9803dd130ed60,2015-08,Essex Police,Essex Police,0.285272,51.488728,On or near Parking Area,E01016011,Thurrock 015B,Offender sent to prison
61df8dc21fde0eefe24595cf32ed40084dd36ffe04855e901d72837c969549e1,2015-08,Essex Police,Essex Police,0.684702,51.545167,On or near LONDON ROAD,E01015832,Southend-on-Sea 012F,Offender sent to prison
96af7489b21c283f1425f1a632bae5d3f7e3c47c9dba7b45c4c9196a4ff9e18d,2015-08,Essex Police,Essex Police,0.709743,51.544690,On or near Police Station,E01015895,Southend-on-Sea 010A,Offender fined
0621451b0815cfe1cdfd66d366ec9cdc2e8f83bd3d54234645a0ee23b5216133,2015-08,Essex Police,Essex Police,0.280536,51.482444,On or near Parking Area,E01016011,Thurrock 015B,Offender sent to prison
19af8458697b63f660c1c9458774385c935d98b73086cd325039555acd4b1b5e,2015-08,Essex Police,Essex Police,1.021756,51.809459,On or near Supermarket,E01021982,Tendring 011D,Offender given suspended prison sentence
98f6979502fb77cd09429f40a12a2632d8154e18b2fecc0562271811191a47ca,2015-08,Essex Police,Essex Police,0.640773,51.807270,On or near Parking Area,E01021416,Braintree 017B,Court case unable to proceed
37255aee83951cf564beb49cb65905c4235f477ea012ef7c5923e7c775281274,2015-08,Essex Police,Essex Police,0.929648,51.885162,On or near Supermarket,E01033722,Colchester 008H,Offender fined
da3a847ca57fc398a92fab51414f2775e7fdca3cfae47e6f6f32c9f43802fe11,2015-08,Essex Police,Essex Police,1.144810,51.795275,On or near DUDLEY ROAD,E01021968,Tendring 017A,Court case unable to proceed
b335519cfc78c0f3faae0184363c9731c0cf14b535b5ca1a7f2e71476d1b758c,2015-08,Essex Police,Essex Police,0.653144,51.557586,On or near DANESCROFT CLOSE,E01015819,Southend-on-Sea 003F,Offender given community sentence
24d37455cadeb72be78b560677f6315121a3f21efb7ec72c7f5f07cb17b1fa08,2015-08,Essex Police,Essex Police,0.695113,51.543400,On or near CLAREMONT ROAD,E01015900,Southend-on-Sea 010F,Offender sent to prison
d14372f91d1a0846ba83de242fe529365b209ee3ee15878b899a63f9266d6e22,2015-08,Essex Police,Essex Police,0.458325,51.733052,On or near Parking Area,E01033138,Chelmsford 009F,Offender sent to prison
b8c6e7ac61a572d3ac3bc9ad88979bcabc2d2bddfe0305a50c72cb2103b7a60b,2015-08,Essex Police,Essex Police,0.900116,51.889231,On or near Shopping Area,E01021649,Colchester 007D,Offender sent to prison
1bdb6745551a419360921512b6e63d66cc50ed89686b5811c1d46cfc81961ca9,2015-08,Essex Police,Essex Police,1.153778,51.789099,On or near Supermarket,E01022025,Tendring 016B,Offender sent to prison
c31f58b28254273b37b6d1bdfca2a7230e66ab4afd60406ba63fb73cc242414e,2015-08,Essex Police,Essex Police,1.126245,51.795708,On or near FARMERS WAY,E01022031,Tendring 015D,Offender fined
e0b623e682dab25b01822d8d7cc58d245e28d7ad20d14c07b3d1e3aff6ec7953,2015-08,Essex Police,Essex Police,0.580370,51.887319,On or near SHEENE GROVE,E01021351,Braintree 007B,Offender given community sentence
ff7f28c51656dc865c99267843721c5b78b7da9c05a41fa8292421eee2a961bc,2015-08,Essex Police,Essex Police,1.148149,51.793234,On or near OLD ROAD,E01022026,Tendring 016C,Offender given absolute discharge
de8a8851af2c1ff592f0e4d850be673f463225ec65a2eb5fb92f104f27472548,2015-08,Essex Police,Essex Police,0.456959,51.570727,On or near Shopping Area,E01021318,Basildon 015C,Offender given suspended prison sentence
fcba442eede35fb990bc8494c0f0957afca6b49be7611db2dc13cd2acedffb6b,2015-08,Essex Police,Essex Police,0.331110,51.636552,On or near OLIVER ROAD,E01021467,Brentwood 005F,Offender given community sentence
c10251c50db29b37e9e3079f36d3adc7df891151b5a787683755b9049d333ffe,2015-08,Essex Police,Essex Police,0.792587,51.538457,On or near Pedestrian Subway,E01015880,Southend-on-Sea 013E,Offender fined
003eee435740bdb6bb4d1f3aeec0614370b2c6af11ca0d01f9f5d325e0968afe,2015-08,Essex Police,Essex Police,0.429041,51.575724,On or near TEMPLE CLOSE,E01021289,Basildon 016C,Court case unable to proceed
b2fa64394af9773b38c1338dba905573bdf4fd6e03d7e48f28d80e50d2a9c7b3,2015-08,Essex Police,Essex Police,0.243154,52.030477,On or near LITTLE WALDEN ROAD,E01022078,Uttlesford 002C,Offender sent to prison
d6ec5d0b6e7865f6a706cd44191d855bff4f94cd0fecad672d1f9f61b3da99f9,2015-08,Essex Police,Essex Police,0.261741,51.889938,On or near Airport/Airfield,E01022090,Uttlesford 006B,Offender given suspended prison sentence
2c465b9b296b2f15accc81a5d074d846ce3f8c59f7c8a19a3be5136b95ad7c67,2015-08,Essex Police,Essex Police,0.472257,51.733569,On or near Shopping Area,E01033141,Chelmsford 010G,Offender given suspended prison sentence
235fea37f76c5509521abd0a4db2f4cf21a4d9403700a8467f50b3ed76816018,2015-08,Essex Police,Essex Police,0.289806,51.503604,On or near CALLAN GROVE,E01015930,Thurrock 007D,Offender given community sentence
5b4a48561dbc267083f2c31498715714938b01576eabe2eb29a370377e90df60,2015-08,Essex Police,Essex Police,0.374355,51.483468,On or near ST AUGUSTINE ROAD,E01015933,Thurrock 012A,Offender given community sentence
87cb30f65981173c61a86b165373fc7eed5ad0960e9847c7980f81dd54141f0a,2015-08,Essex Police,Essex Police,1.085171,51.776242,On or near SEAVIEW ROAD,E01022045,Tendring 018D,Court case unable to proceed
a643f06ca2775047bdcadcbb055d43ef100c87499af617b2f27c1ce48be688e4,2015-08,Essex Police,Essex Police,0.428235,51.626912,On or near KELVEDON ROAD,E01021240,Basildon 003B,Offender given conditional discharge
68736a40f05ed445ff092adb7a20319bd0f8978e02b7561d6d3a4d1eb987c322,2015-08,Essex Police,Essex Police,1.149934,51.795741,On or near CROSSFIELD ROAD,E01022026,Tendring 016C,Offender fined
8bee026589e35a398de1a6a2518f974c58cd319452055881f44abb507aefdcc2,2015-08,Essex Police,Essex Police,0.278958,51.474776,On or near SCHOOLFIELD ROAD,E01016012,Thurrock 015C,Offender sent to prison
88244473028fc29ae627cbfc022a781c9b94d8b79be2efdd1adc421863a88b17,2015-08,Essex Police,Essex Police,0.519982,51.611929,On or near Supermarket,E01021331,Basildon 008A,Offender given community sentence
b5d5d2a59bd25e4ff037fb74a8a44de5ebc13459cf8e59635493fec025c4a3b5,2015-08,Essex Police,Essex Police,0.472270,51.734594,On or near TINDAL STREET,E01033141,Chelmsford 010G,Offender sent to prison
0caf28f505b11b3d7e12eeb2380278f4a8791e10d3be3dec08cc61ac1cf3edb1,2015-08,Essex Police,Essex Police,0.328116,51.636504,On or near ST MARY'S AVENUE,E01021467,Brentwood 005F,Offender given community sentence
5cb6db3b577f26a78ea22d093e08627dd54b3cb5b52bd336e5f173fd20ef4cc9,2015-08,Essex Police,Essex Police,0.546007,51.885658,On or near LANCASTER WAY,E01021358,Braintree 008C,Offender fined
4e48dcac2d5771ec9ff3e9b2989821710f21fed68932ffe8221a39ad0241d1c2,2015-08,Essex Police,Essex Police,0.456169,51.571868,On or near Pedestrian Subway,E01021318,Basildon 015C,Offender sent to prison
fc11236be662c14247ed1d1a4aa8c9fa4ccf519eca8496ef73242561d89214a2,2015-08,Essex Police,Essex Police,0.735898,51.541889,On or near GLENMORE STREET,E01015873,Southend-on-Sea 006E,Offender given community sentence
7db2cdb282f4c8c5025474ec64100719045d832ef15d845b3021249ae046b9c7,2015-08,Essex Police,Essex Police,0.331110,51.636552,On or near OLIVER ROAD,E01021467,Brentwood 005F,Offender given community sentence
a39ad8b6acbfeb899219c1bdf62a2a4a3724ffa8871d50f26c981f82f0e31381,2015-08,Essex Police,Essex Police,0.552316,51.877733,On or near Supermarket,E01033459,Braintree 009F,Offender given community sentence
a4bb5747f6d7b64a880213b4ae9b011395a5143d6c3cba340f255f403f0fef2d,2015-08,Essex Police,Essex Police,0.707195,51.565183,On or near Sports/Recreation Area,E01015874,Southend-on-Sea 006F,Offender given suspended prison sentence
fc4de0b25c58d227d18dc57120bd488f78c1bd25be64680cfacb3ed734189d25,2015-08,Essex Police,Essex Police,0.845734,51.878068,On or near Petrol Station,E01021721,Colchester 012D,Court case unable to proceed
935e76a423e1ec2f36c1d910b05803d9e6631cdb761c738b1742d9289eb4302d,2015-08,Essex Police,Essex Police,0.713791,51.540730,On or near CHICHESTER ROAD,E01015895,Southend-on-Sea 010A,Court case unable to proceed
02515b8390869918aa7f14935bde37c29f83e3255194187dbfa4256e460de194,2015-08,Essex Police,Essex Police,1.177795,51.806404,On or near DERWENT GARDENS,E01022033,Tendring 012B,Offender given community sentence
502eaa4dfc3af4acabc3207f0ec2d6b3b4379f93bc78032a3a7faa3c6c4c4182,2015-08,Essex Police,Essex Police,0.521172,51.864115,On or near FELBRIGG CLOSE,E01021383,Braintree 010C,Court case unable to proceed
049f4b15ce8e7b49e098a22c8757fd0da8b7c8de3bc964546e88bef7f86beecc,2015-08,Essex Police,Essex Police,0.458530,51.741887,On or near RIDGEWELL AVENUE,E01021575,Chelmsford 009B,Offender fined
2d8e7c6d0448035ad4686bf5e0801c382e12aaa0a90e8cb2a02a64c9e7b06c55,2015-08,Essex Police,Essex Police,0.703790,51.546716,On or near COLCHESTER CLOSE,E01015899,Southend-on-Sea 010E,Offender sent to prison
f7586d31194f9c42226436df3afd9a8ce3dc09d97cd830fdffa966a0c0f7e79b,2015-08,Essex Police,Essex Police,0.790894,51.880155,On or near LONDON ROAD,E01021678,Colchester 010E,Offender given suspended prison sentence
966a3b92c100501e5496a0d860fbedc6f56601ab7f96501ce89dd9feb3e5e096,2015-08,Essex Police,Essex Police,0.356004,51.465303,On or near FAIRFAX ROAD,E01016006,Thurrock 018D,Offender given community sentence
595d7af885be4cf47c2d2bbf20903e3feea5ab867c23bc9b86c5d6cfac3777bd,2015-08,Essex Police,Essex Police,0.372335,51.462878,On or near BRENNAN ROAD,E01016005,Thurrock 018C,Defendant found not guilty
799a882792ab69c26f2692906924b7ce205d451f610676afc4b476bf6c9ef465,2015-08,Essex Police,Essex Police,0.706656,51.536910,On or near HAMLET ROAD,E01015854,Southend-on-Sea 015D,Offender given conditional discharge
a5b84f5653fd513a18a9fc2b3fb619dc41c6fda3cddb04a48ac7b7b123e6b6d1,2015-08,Essex Police,Essex Police,0.684702,51.545167,On or near LONDON ROAD,E01015832,Southend-on-Sea 012F,Offender sent to prison
8ffea4debdf98079b8197289bd3316a28099dfb91236c71ce57944da4ff66916,2015-08,Essex Police,Essex Police,0.461625,51.576151,On or near BUTNEYS,E01021319,Basildon 017E,Court case unable to proceed
85d669e3ff1f84d0e5aa36396f7529a478014488867d37fdaa6de3ffb1ba1399,2015-08,Essex Police,Essex Police,0.276133,51.613125,On or near THE GROVE,E01021468,Brentwood 006D,Defendant found not guilty
e258d50ff2e2fd0a067d276d48866aad1d2562e08b004cf2a4f694c085e747e1,2015-08,Essex Police,Essex Police,0.271332,51.491121,On or near Petrol Station,E01016012,Thurrock 015C,Offender sent to prison
d6ab3d06a4f08cfda901dcdba4e3ba4ff2d816ca936fee06d00819cbc9d3825c,2015-08,Essex Police,Essex Police,0.416509,51.623512,On or near Supermarket,E01021244,Basildon 004A,Offender given community sentence
2b02a517027d4f1eddcfd9f593ed4b08213c54b745b3ae95b21f9c87f3f8e656,2015-08,Essex Police,Essex Police,0.456512,51.570458,On or near Shopping Area,E01021318,Basildon 015C,Offender fined
18b62447ded284ba0c851b6e6741529f3558d47453723df4e25eab808c22172a,2015-08,Essex Police,Essex Police,0.905583,51.879797,On or near Supermarket,E01021684,Colchester 011B,Offender sent to prison
0f01bea12b5b5475279849268670d5e1580759cc49b8052b6bebd272004ac949,2015-08,Essex Police,Essex Police,0.683614,51.548250,On or near FLEETWOOD AVENUE,E01015901,Southend-on-Sea 007A,Offender sent to prison
7db2cdb282f4c8c5025474ec64100719045d832ef15d845b3021249ae046b9c7,2015-08,Essex Police,Essex Police,0.331110,51.636552,On or near OLIVER ROAD,E01021467,Brentwood 005F,Offender sent to prison
48f31928a018fca6f95d59e114477227b10be15bc3bc843ef876ca29ca68c5a9,2015-08,Essex Police,Essex Police,0.090927,51.768833,On or near Parking Area,E01021872,Harlow 007E,Offender sent to prison
43638dcef91acee6d09923756b70733f2e310c9cef572508e09a81ffcf85c264,2015-08,Essex Police,Essex Police,0.261741,51.889938,On or near Airport/Airfield,E01022090,Uttlesford 006B,Offender fined
15334338c7448b8eeb386ea2ba977099e9dd0a246ea0df9df39f08524d6e9241,2015-08,Essex Police,Essex Police,0.061180,51.637843,On or near MALVERN GARDENS,E01021783,Epping Forest 013D,Offender fined
4ff85aa4320d7490a405a1b6c9131eee7cec2c79f02d9c49cee4b988a7f428ee,2015-08,Essex Police,Essex Police,0.474190,51.732359,On or near Shopping Area,E01033140,Chelmsford 010F,Offender sent to prison
5c4e6fa6510aee7dc856308c890c7cc7b5bf603245dda7170ed05357a58c4fdc,2015-08,Essex Police,Essex Police,1.121650,51.796388,On or near STOKEASH CLOSE,E01022030,Tendring 015C,Defendant found not guilty
a8146e67a4b885395be433037979dd9958e5e5f7d7db1918f0ca3b9285750662,2015-08,Essex Police,Essex Police,0.284490,51.487772,On or near Shopping Area,E01016011,Thurrock 015B,Defendant found not guilty
2093a1b2f9c44a6d889f8d11e78c9bd5e285fa1d7f1bf7c9551e3fcb38e92f4d,2015-08,Essex Police,Essex Police,0.095928,51.771666,On or near Pedestrian Subway,E01021872,Harlow 007E,Offender sent to prison
a0d64dc80960aecc1cec280ebd124fa1fddcb98ef39cb4cd3e50fb2e0d32d777,2015-08,Essex Police,Essex Police,0.917521,51.924991,On or near SEVERALLS LANE,E01033720,Colchester 002F,Court case unable to proceed
11764a7b8fe77173de5d05cc4d7290da99ca3a05cc267f87ae02e4d1ab0c99a2,2015-08,Essex Police,Essex Police,0.324603,51.631672,On or near TUDOR CLOSE,E01021465,Brentwood 005D,Court case unable to proceed
f0590eb3d2db495abfeb7164e57cbd6d58652b23b6f467085447949e3d9e8ffc,2015-08,Essex Police,Essex Police,0.428020,51.638311,On or near Supermarket,E01021250,Basildon 001D,Offender given suspended prison sentence
ff858f9fb3cf9f4a3c8df40607592b14c29e37e061b7806f5c8b66965f4b54b5,2015-08,Essex Police,Essex Police,0.478233,51.564929,On or near BERDENS,E01021324,Basildon 019C,Court case unable to proceed
123504f8c80567f0331f2b60859217c885480dc144de2d87cd218bd51c4c9b52,2015-08,Essex Police,Essex Police,0.900116,51.889231,On or near Shopping Area,E01021649,Colchester 007D,Offender sent to prison
72c7380cbac904f5abd652f8da4b7344ff09ab16575665d23a4975464f20e6c5,2015-08,Essex Police,Essex Police,0.466128,51.736431,On or near FAIRFIELD ROAD,E01021574,Chelmsford 010A,Offender ordered to pay compensation
a43cecc06612ddbc80039ca55423a18f6a6b62c442a6630aab8d4ddd57cabf45,2015-08,Essex Police,Essex Police,0.881562,51.903186,On or near TUBINE ROAD,E01021681,Colchester 004C,Offender given conditional discharge
938f89f4ed5a19533ef97e0fa24ea42a927bab98a013cbbccef082fc24e69717,2015-08,Essex Police,Essex Police,0.500879,51.590268,On or near Cricketers Retail Park,E01021307,Basildon 011C,Offender given suspended prison sentence
d5c98ee54542857bbcc3d9546910672f25b6e4556978e03f58cf8f9a6febb449,2015-08,Essex Police,Essex Police,0.412843,51.638831,On or near MONTPELIER CLOSE,E01021248,Basildon 002C,Offender given community sentence
2058e927478652714e3225a4a16f499e89c2fbcffb1dcb82289416e1dbf08036,2015-08,Essex Police,Essex Police,0.279933,51.478444,On or near HILLTOP ROAD,E01016012,Thurrock 015C,Offender otherwise dealt with
bf3a69b46508ef4755dab2d88c8936280198eba025cb74b3be190d3baebfba73,2015-08,Essex Police,Essex Police,0.257770,51.493928,On or near SHIP LANE,E01015921,Thurrock 015A,Offender given conditional discharge
2980b9dbadf81fdd104440b7e3df47ebb3a8aa34e21aba992a0d3c4b7c02d5af,2015-08,Essex Police,Essex Police,0.108071,51.697207,On or near Supermarket,E01021762,Epping Forest 005C,Offender given suspended prison sentence
1e0998e7aa64677bb81aa7720458fdd82818b79815eeaeab57f656377fe99ba0,2015-08,Essex Police,Essex Police,0.504899,51.577250,On or near MALYONS MEWS,E01021302,Basildon 013B,Defendant found not guilty
258ae1f84d60fc77381d36fec01e0f92a7fbe8c1d48e39f92228d9c253ae7be4,2015-08,Essex Police,Essex Police,0.108071,51.697207,On or near Supermarket,E01021762,Epping Forest 005C,Offender sent to prison
1395c3cdfb730877d4918783daa3d28a19c0950e1b13d68fae2ba989c04636f6,2015-08,Essex Police,Essex Police,0.553495,51.574637,On or near MANDEVILLE WAY,E01021514,Castle Point 001B,Court case unable to proceed
2756003d53fba85c7af6788dc91d2ffff40ee03ca2a7c296a77db27560ba214e,2015-08,Essex Police,Essex Police,1.146196,51.789968,On or near Supermarket,E01022038,Tendring 017E,Offender sent to prison
2a420637c798da0d7289f4e93b8212a9a14a4cd392fcce18dc17bacdfea7d8f1,2015-08,Essex Police,Essex Police,0.789486,51.537496,On or near EAGLE WAY,E01015882,Southend-on-Sea 013G,Defendant found not guilty
c7d92c579a2cf6e75757f6ab289c84d74b52a465dabee3584f3c4dc660dafc44,2015-08,Essex Police,Essex Police,0.595813,51.563753,On or near KINGSMERE,E01021529,Castle Point 006D,Offender fined
b593aa4e7e7b20b245354194941a521eb9908aae28693ab414ff7759544925c6,2015-08,Essex Police,Essex Police,0.510671,51.566487,On or near HOWARD CRESCENT,E01021316,Basildon 018D,Offender given suspended prison sentence
6a6bd162ce3a6811547475be103497b448816c04121000342cb062ea507c917d,2015-08,Essex Police,Essex Police,0.331110,51.636552,On or near OLIVER ROAD,E01021467,Brentwood 005F,Defendant found not guilty
173349d721cc8deda9631af7f0613a6686516d13003c8029e94c53e500d6a5db,2015-08,Essex Police,Essex Police,1.263256,51.932600,On or near ELIZABETH ROAD,E01022006,Tendring 002C,Offender fined
25440bd6b827ff44b4659b7ac972f14537ad53eb1de107d6ef88db5be444781e,2015-08,Essex Police,Essex Police,0.534031,51.572937,On or near PAGE ROAD,E01021312,Basildon 011F,Offender given community sentence
0c9264d06c4a2d30f6c31efd32c9d6d88cc4e18f87fda5938c164ad5872bb15c,2015-08,Essex Police,Essex Police,0.472270,51.734594,On or near TINDAL STREET,E01033141,Chelmsford 010G,Offender otherwise dealt with
6d3c889c8668598d0c9510a3fafe2cdf803df5e2f1f4a39f3522c3f410859a2d,2015-08,Essex Police,Essex Police,0.470193,51.576052,On or near COPDOEK,E01021265,Basildon 012A,Offender fined
52c8a959547bf7b6620b35d75c3e024306a4d22bbf355540f4699a3ea0a5d2e0,2015-08,Essex Police,Essex Police,0.895335,51.889691,On or near BALKERNE GARDENS,E01021646,Colchester 007A,Offender given community sentence
7af96c4aee0333cbae925948d85519baf56ad3527d45347b5b55e1a417e6e908,2015-08,Essex Police,Essex Police,0.072192,51.643845,On or near BUSHFIELDS,E01021771,Epping Forest 013A,Court case unable to proceed
02a0cad0ebaa50a533c781b72dc4faccce7cca171f0de3d0bcfdfe4661980b6c,2015-08,Essex Police,Essex Police,0.907575,51.864054,On or near STANSTED ROAD,E01021638,Colchester 018B,Court case unable to proceed
185a9f7a7d5315af729b8920029e7e2cc00b494e7579c9751fc7a665435a1e8b,2015-08,Essex Police,Essex Police,0.724546,51.555868,On or near Supermarket,E01015871,Southend-on-Sea 006C,Offender given community sentence
1fa5793d360599d5b1e2c50e7889cb584bee2d834c8897fcd8924abf0c56db88,2015-08,Essex Police,Essex Police,1.075399,51.813734,On or near Oaklands Holiday Park,E01022047,Tendring 018E,Offender given community sentence
049eb1992c153d2d5929ae3a84ff5e91a69556ebe2460c8b7f2bb29bffd66e5d,2015-08,Essex Police,Essex Police,0.734075,51.550691,On or near EASTCOTE GROVE,E01015875,Southend-on-Sea 006G,Offender given suspended prison sentence
ce2488135ac143420634b075ba4371ffa8d6f897b886277919e91ecf36499765,2015-08,Essex Police,Essex Police,0.630927,51.548617,On or near Parking Area,E01015913,Southend-on-Sea 008F,Offender given suspended prison sentence
cc9f4a8306cbdb93ff5dcca60b5cf3c842d5423f19b42f7201e6f9ed6d64798a,2015-08,Essex Police,Essex Police,0.562265,51.875368,On or near THE YARD,E01033458,Braintree 009E,Offender given community sentence
4c031f093854c063d15fbd298c140543f84412052e39fb4f0f774400f346eaa0,2015-08,Essex Police,Essex Police,0.417873,51.629320,On or near Petrol Station,E01021247,Basildon 003E,Offender given suspended prison sentence
db4a303653d8b3ac861210f966099320db2457c516f5d9e8e6b3edc988d89b11,2015-08,Essex Police,Essex Police,0.547314,51.568116,On or near BARTLEY CLOSE,E01021516,Castle Point 003D,Offender given community sentence
35b8dd2ce29482bb6f6d91c3211b15607cafb524af9bf4e0889d1c9bcb5aa06e,2015-08,Essex Police,Essex Police,0.133364,51.783564,On or near Supermarket,E01021855,Harlow 001B,Offender sent to prison
214c1a5878fc938a5f0499a483fd12e58988a4dd1b54cd4247b508fdd0a3c688,2015-08,Essex Police,Essex Police,1.060285,51.945575,On or near STATION ROAD,E01022020,Tendring 003F,Offender sent to prison
46c036e1d45ed28e75d2f6dce1aceb9a583aa4d50525cc2c5a598180e854f7fc,2015-08,Essex Police,Essex Police,0.696459,51.596152,On or near Supermarket,E01021932,Rochford 007B,Offender sent to prison
2058e927478652714e3225a4a16f499e89c2fbcffb1dcb82289416e1dbf08036,2015-08,Essex Police,Essex Police,0.279933,51.478444,On or near HILLTOP ROAD,E01016012,Thurrock 015C,Offender given community sentence
5f549800f98085337494d414c429766d57064057a7e6d9852c25c3cbfa543361,2015-08,Essex Police,Essex Police,0.426911,51.514318,On or near THE GREEN,E01015992,Thurrock 005C,Offender deprived of property
1d129293aef96ca9f1a1c993c8b68326a611d5723f2fa4e5fa970a71755d1c4d,2015-08,Essex Police,Essex Police,0.456959,51.570727,On or near Shopping Area,E01021318,Basildon 015C,Offender given community sentence
faa2d285d0c81b1a09dd59d5ff653483f8bc1dcac8d0c68e76529ced2df91486,2015-08,Essex Police,Essex Police,0.902237,51.912877,On or near FIELDVIEW CLOSE,E01021682,Colchester 004D,Offender given community sentence
9fb22db307fb57e919cbbf8e5545c016d9b4500b62ff5892259db19879907325,2015-08,Essex Police,Essex Police,0.626273,51.941242,On or near ACORN AVENUE,E01021392,Braintree 004D,Defendant found not guilty
fea6d5db80a7853bf3d23473a01f7ce8c77bbf5cc714b985e645ca6a2d41f5a0,2015-08,Essex Police,Essex Police,0.695119,51.541061,On or near Supermarket,E01015855,Southend-on-Sea 015E,Offender sent to prison
5f4f842afbbfee3b44fc26d79377b6a12dd17af3050df257eacf6bceb24a4e2c,2015-08,Essex Police,Essex Police,0.899183,51.910173,On or near Hospital,E01021682,Colchester 004D,Offender given community sentence
ce67276416cd00fa7e220c9484afa2e442ddca9d2b546b8f4c2b391761cc5f46,2015-08,Essex Police,Essex Police,0.726765,51.546661,On or near FERNDALE ROAD,E01015870,Southend-on-Sea 006B,Offender sent to prison
a9f1537e4022bd082aec069682a1ffb23a50264f90171a4d8c3c8c449351775d,2015-08,Essex Police,Essex Police,0.703897,51.582554,On or near UNION LANE,E01021954,Rochford 007D,Offender given suspended prison sentence
e5f3252add0d05e61b9a85ca46a784ab689b40b71d9080da33c72c03af426f8e,2015-08,Essex Police,Essex Police,0.490430,51.723742,On or near Parking Area,E01021563,Chelmsford 014B,Offender given community sentence
9a99dbdd1e8458a0f66647ceeb723539107559bddcd4d0942f3d55cc2b3d244b,2015-08,Essex Police,Essex Police,0.696284,51.543697,On or near ALBION ROAD,E01015900,Southend-on-Sea 010F,Defendant found not guilty
48b05ffcf0d1320ee2019157337ad14c2b958957cb41f49ac8b6088d65da2c68,2015-08,Essex Police,Essex Police,1.075399,51.813734,On or near Oaklands Holiday Park,E01022047,Tendring 018E,Offender sent to prison
c8965f83821a49b27fa46262e165e09e42962318ff1db7e0711ddf67287854c6,2015-08,Essex Police,Essex Police,0.693247,51.544045,On or near WEST ROAD,E01015900,Southend-on-Sea 010F,Offender sent to prison
07a17bb9d41b8e5998e03df004ce9996e91ca290073c60913ab92ff0f09894f9,2015-08,Essex Police,Essex Police,0.960008,51.859732,On or near Supermarket,E01021739,Colchester 017D,Offender sent to prison
48e836435401fb4972d5d8f6f7ecd6cf24a1e24732f9af02b9030cea4c68a13c,2015-08,Essex Police,Essex Police,0.474190,51.732359,On or near Shopping Area,E01033140,Chelmsford 010F,Offender sent to prison
b80fe24f9aafc61d078768965894000abdf76b480fb84a08e735f359c7430f2f,2015-08,Essex Police,Essex Police,0.896245,51.888706,On or near HEAD STREET,E01021649,Colchester 007D,Offender sent to prison
bf5dea62988a31eb3d81e5feecd06c52b52e8e8aaee6d0029ebf30d3eaef453e,2015-08,Essex Police,Essex Police,1.248772,51.844290,On or near Supermarket,E01021994,Tendring 008B,Offender sent to prison
d037fd1e96fa8061377f5914902cee09e327bc78de4f86873e20dd22c94c545f,2015-08,Essex Police,Essex Police,0.474190,51.732359,On or near Shopping Area,E01033140,Chelmsford 010F,Offender sent to prison
1996ebfee9d50a506f321dd376fb6199abaceb375d52115f64e83f7c79da3f9c,2015-08,Essex Police,Essex Police,0.159675,51.807444,On or near MOORLANDS REACH,E01021795,Epping Forest 001B,Offender ordered to pay compensation
c424b6461fa47013d317b6fc017e2f75acd6e1ef39235a2f00a8bbdac5e696e3,2015-08,Essex Police,Essex Police,0.343882,51.469539,On or near THURROCK PARK WAY,E01016003,Thurrock 018A,Defendant found not guilty
744cbe85a3c6a3dfa63ee995955c74b72d40c4e787bb0e1f3f8c173fac7a6bb0,2015-08,Essex Police,Essex Police,0.414295,51.638414,On or near YORK ROAD,E01021248,Basildon 002C,Defendant found not guilty
649a73dbcbd9a829092b82da0618575d8ee0cb1b653b9eb3b389c4d1c6c7a4d3,2015-08,Essex Police,Essex Police,1.125924,51.798208,On or near MENDLESHAM CLOSE,E01022031,Tendring 015D,Offender given community sentence
c8eeaa0b501554a5b7e2c137b4c9190ba341d2c2ac07aa082f9bcafc4fec5f37,2015-08,Essex Police,Essex Police,0.466439,51.574162,On or near LONGACRE,E01021266,Basildon 015A,Offender fined
f1219372eab06abbad6bb73f65e58747e4f6d10cb65c2e0b10515ae98ea03593,2015-08,Essex Police,Essex Police,0.456169,51.571868,On or near Pedestrian Subway,E01021318,Basildon 015C,Offender given suspended prison sentence
fcba442eede35fb990bc8494c0f0957afca6b49be7611db2dc13cd2acedffb6b,2015-08,Essex Police,Essex Police,0.331110,51.636552,On or near OLIVER ROAD,E01021467,Brentwood 005F,Defendant found not guilty
9100a96504aaebb30d14ae938d38567de0c0accdfec28ce1c77bf96ded43ef75,2015-08,Essex Police,Essex Police,0.281698,51.489840,On or near Parking Area,E01016011,Thurrock 015B,Offender fined
d5b613d91bf6de1b064083ff73ab530a42b62fe5eac07e8c5a05d3c1f6ff203e,2015-08,Essex Police,Essex Police,0.326501,51.632057,On or near CROSSWAYS,E01021467,Brentwood 005F,Defendant found not guilty
209e3df77084ad5d18f142295350fa96641439c8cd5a3bdc5980ca29d6f8484f,2015-08,Essex Police,Essex Police,0.067275,51.658086,On or near LOWER ROAD,E01021787,Epping Forest 012B,Offender given community sentence
d3d565f2ef0682c580680dd1774fa57f6412a406d2f592ff24eaa73b7e39251d,2015-08,Essex Police,Essex Police,0.900116,51.889231,On or near Shopping Area,E01021649,Colchester 007D,Offender given conditional discharge
c232f8bfda0f8b49be6ff44967b57501347791ef7e1f2b8d93a46705a7bd7dc0,2015-08,Essex Police,Essex Police,0.787288,51.706387,On or near Park/Open Space,E01021901,Maldon 006A,Offender sent to prison
d7e6025f15eb57b84339ad0bf5a1d7d8e985f2ba082b9f7cf760d07c0c3e3809,2015-08,Essex Police,Essex Police,0.456169,51.571868,On or near Pedestrian Subway,E01021318,Basildon 015C,Offender given suspended prison sentence
8c80a00f70fdefd176320910d7634159f9d9e44de28fbd624230b38b271e2ece,2015-08,Essex Police,Essex Police,0.477127,51.723034,On or near Supermarket,E01021583,Chelmsford 015C,Offender given community sentence
9a6f13bbaa9b4ac63f38004e4a37895a5ffe69e47a7765d60ee2b9dfec23f88c,2015-08,Essex Police,Essex Police,0.455569,51.568490,On or near Further/Higher Educational Building,E01021318,Basildon 015C,Offender sent to prison
f3e5e873f0aa2f5b1ba704ebaa8d1a45aa85a7a6fcb9fe34d83f1e22991e948e,2015-08,Essex Police,Essex Police,0.262613,51.888213,On or near Parking Area,E01022090,Uttlesford 006B,Offender fined
fdf758b2b9a4718b7106884e8213df6d7fdda7c7dfb3c4ee35b66fd1793dd571,2015-08,Essex Police,Essex Police,0.279933,51.478444,On or near HILLTOP ROAD,E01016012,Thurrock 015C,Offender otherwise dealt with
44927ffd40229a8974f45c2c90bf7c808bd54f6a3922b35456e18e8555aafb35,2015-08,Essex Police,Essex Police,0.960458,51.858624,On or near REBOW ROAD,E01021738,Colchester 017C,Offender given conditional discharge
0b7b025f4d34bfec83a137e2c7e626eb2baa6cef3e619e667e16587aaa272dab,2015-08,Essex Police,Essex Police,0.451887,51.568459,On or near NETHER MAYNE,E01021318,Basildon 015C,Offender given community sentence
2a46eefb0b1a410a19644b3a39010e81334e873d0b55c575d37731c2bae3dd82,2015-08,Essex Police,Essex Police,1.154354,51.788616,On or near COLNE ROAD,E01022025,Tendring 016B,Court case unable to proceed
f6f707f27a293ff3d76e514c81878236afa0e18e77e5288d55288f5b9ce9e90e,2015-08,Essex Police,Essex Police,0.521172,51.864115,On or near FELBRIGG CLOSE,E01021383,Braintree 010C,Court case unable to proceed
80f2bf41d138fb30a5e30f7291076a0e84306be65879056216e517f1a2ed6d6b,2015-08,Essex Police,Essex Police,1.287117,51.947711,On or near CASTLEGATE STREET,E01021997,Tendring 001A,Offender ordered to pay compensation
e31d7a1b3d51e4e6b3c16870c1183080a080d1ef83902c9c4dacc8c37d769bc7,2015-08,Essex Police,Essex Police,0.362142,51.873127,On or near MARKET PLACE,E01022069,Uttlesford 008D,Offender given community sentence
a703eafe4b536972771be4922078e48fd9a5390298cc7ae35e3e6970cf9888ff,2015-08,Essex Police,Essex Police,0.291703,51.518720,On or near CELANDINE CLOSE,E01015975,Thurrock 006F,Defendant found not guilty
3ebbec03aed07793c9d2c562ffb51397d8b0b4a0c47f36d689d823ec177cded5,2015-08,Essex Police,Essex Police,1.148149,51.793234,On or near OLD ROAD,E01022026,Tendring 016C,Offender given community sentence
4823e3ab2cc142b596158f6eaeef2c8fd4bebcc3e9dba51a395ceb2c5e36c1c2,2015-08,Essex Police,Essex Police,0.938659,51.886961,On or near HUNWICKE ROAD,E01021700,Colchester 008E,Defendant found not guilty
3cc80df4eaa17f8ece3daea7b0196aa7fd088c96373bd385092d6ab698b5b87a,2015-08,Essex Police,Essex Police,0.456169,51.571868,On or near Pedestrian Subway,E01021318,Basildon 015C,Offender given suspended prison sentence
8f7b5e3a2e6639259212cf7c89ff01f7be6995899ca1c13c8c6833053fb2a77d,2015-08,Essex Police,Essex Police,1.248772,51.844290,On or near Supermarket,E01021994,Tendring 008B,Offender sent to prison
f21634ccecb6f8ac8cba7ca90a91d955888f7b618ffe4efbb602aa525e21f026,2015-08,Essex Police,Essex Police,1.121650,51.796388,On or near STOKEASH CLOSE,E01022030,Tendring 015C,Defendant found not guilty
a78c04886da93d7d2d3294f34ceb6d2f94a2c43c68235a06dc5d2624e849be56,2015-08,Essex Police,Essex Police,0.092759,51.771138,On or near Nightclub,E01021872,Harlow 007E,Offender given community sentence
59bebee41fcdab08f6d9faafc505d4e8344732b0ec968d6a4dba9f70998c24e7,2015-08,Essex Police,Essex Police,0.415707,51.485078,On or near ALEXANDRA WAY,E01015948,Thurrock 013B,Offender otherwise dealt with
2c1f23d932756c2217be6b32a1c7db2d261c9b87950359bf66994ec99dfbb442,2015-08,Essex Police,Essex Police,0.715320,51.534677,On or near Shopping Area,E01015852,Southend-on-Sea 015B,Offender sent to prison
c6e1e3f2fe384aa3692414c24a303b9e04e2ddf088c034c9714c709031064af4,2015-08,Essex Police,Essex Police,0.302207,51.620297,On or near HIGH STREET,E01021433,Brentwood 007A,Offender given suspended prison sentence
c6d08b63f70403949e81ff5716982bd13985b26828ade6c2a3ae08d474274a8e,2015-08,Essex Police,Essex Police,0.931393,51.888761,On or near SHERWOOD CLOSE,E01021699,Colchester 008D,Offender given community sentence
e16b2a5067189851af4b7aa05fdedc89946b5a6b9f91f03d9db2fa8177e5883b,2015-08,Essex Police,Essex Police,0.343044,51.494764,On or near LAIRD AVENUE,E01015966,Thurrock 010D,Defendant found not guilty
09e3b312fc9527f35745f10cf241c7a4ce0c56c2caf3335d7a357f0461e3651b,2015-08,Essex Police,Essex Police,0.726847,51.533789,On or near HAWTREE CLOSE,E01015842,Southend-on-Sea 014D,Offender fined
05999297eac592e350bbfe8be42010f63611c2a12d83eda752bba56784af32fe,2015-08,Essex Police,Essex Police,0.519982,51.611929,On or near Supermarket,E01021331,Basildon 008A,Offender given community sentence
37bf70c286030fb8569c02ef847ca42fe8dcf4a27c9b05150b0eaad7915440db,2015-08,Essex Police,Essex Police,0.697881,51.536078,On or near WINTON AVENUE,E01015853,Southend-on-Sea 015C,Defendant found not guilty
a09b8b99285863e9228927f5d7d8f59fb914e9cf21e1882f293b70930f0a282e,2015-08,Essex Police,Essex Police,1.155426,51.805424,On or near Supermarket,E01022044,Tendring 013E,Offender sent to prison
ba7a8be1232996deb10058200003c02c345fbd78246fda73d92b896315433250,2015-08,Essex Police,Essex Police,0.471763,51.729820,On or near Supermarket,E01033140,Chelmsford 010F,Offender sent to prison
be61384137e9b3b93233160cd9323ec2829a08281fd8d5e42c527cb02049cbbc,2015-08,Essex Police,Essex Police,0.714495,51.537781,On or near CHICHESTER ROAD,E01015852,Southend-on-Sea 015B,Court case unable to proceed
af968d56e3cac26dfc3102ab75121f4abbb26a64e368aa1c893e5ef7a860597c,2015-08,Essex Police,Essex Police,0.454375,51.566159,On or near CHERRYDOWN WEST,E01021297,Basildon 020D,Offender fined
63411da682595ea927bfdc3e84d97e7c17ee1f379235f355fd6edbe93cef5f17,2015-08,Essex Police,Essex Police,1.151428,51.819229,On or near Supermarket,E01022039,Tendring 010B,Offender given community sentence
4d31f78c73fbc4f988d31018930f89ad221ef14f5929a325909045d2293f7f59,2015-08,Essex Police,Essex Police,0.083217,51.768214,On or near UPPER STONYFIELD,E01021842,Harlow 004D,Offender fined
489814faebbeaa44c3b7aa9b4990490075c9fcc7188c4112b1389c4a68bfe228,2015-08,Essex Police,Essex Police,0.092811,51.774150,On or near Supermarket,E01021843,Harlow 004E,Offender fined
af4a669895e57193083141828094c026a6dc2dd083525490137f05c49a2bd23b,2015-08,Essex Police,Essex Police,0.363030,51.462221,On or near Parking Area,E01016010,Thurrock 018H,Defendant found not guilty
cd9bd65da43f04fdfb8e6da5ccd5217afc8a70ce2906fb00db9ac8c6764deff8,2015-08,Essex Police,Essex Police,0.325996,51.633767,On or near ALWYNE AVENUE,E01021467,Brentwood 005F,Offender given community sentence
bf927074800d5154bd15af4ae8f1a2bf47e32f93c3d66a9a6d6e4c2814c4cb8a,2015-08,Essex Police,Essex Police,1.153340,51.787393,On or near Nightclub,E01022025,Tendring 016B,Offender fined
659695f0b8024724f59d76dfa545836c2746b24008261c4f24f1bcd0ab07ebe8,2015-08,Essex Police,Essex Police,0.737940,51.541301,On or near Parking Area,E01015884,Southend-on-Sea 009B,Offender sent to prison
c2a44f2b474112e328f2222e0c7e4e5fd8b7d4e8aec70d0649afba9cd55912e4,2015-08,Essex Police,Essex Police,0.703790,51.546716,On or near COLCHESTER CLOSE,E01015899,Southend-on-Sea 010E,Offender sent to prison
0ed3cb0d943f79fe097f3283b356700d54f7d933b43d0e76d0f82acf67f03fd2,2015-08,Essex Police,Essex Police,0.428020,51.638311,On or near Supermarket,E01021250,Basildon 001D,Offender given suspended prison sentence
dea1a0c8356a9065737cd2449a4c33654c64654f7794d05bf901b84376d5e168,2015-08,Essex Police,Essex Police,0.474190,51.732359,On or near Shopping Area,E01033140,Chelmsford 010F,Offender sent to prison
fdf758b2b9a4718b7106884e8213df6d7fdda7c7dfb3c4ee35b66fd1793dd571,2015-08,Essex Police,Essex Police,0.279933,51.478444,On or near HILLTOP ROAD,E01016012,Thurrock 015C,Offender given community sentence
1fbff6343486194e3f270612617e79ddc98bf69b9aa8e8aec1cd23da99fd3c5e,2015-08,Essex Police,Essex Police,0.498815,51.561866,On or near WATERVILLE DRIVE,E01021310,Basildon 022B,Offender sent to prison
e959f26a462cedeff723489b3d164c2bcfdf727d3ecade7f117315acda400270,2015-08,Essex Police,Essex Police,1.087300,51.775566,On or near Seawick Holiday Park,E01022045,Tendring 018D,Offender given community sentence
561a26aa29f00fbbcc1aca73c462f54f0942c6629dc7b83229ece003eac1ef63,2015-08,Essex Police,Essex Police,0.488976,51.563478,On or near KENT VIEW ROAD,E01021323,Basildon 019B,Defendant found not guilty
215a9ba4ae2e60b3490ea384d15f42f688c6f36f13aa148ac02a210c341ea5dc,2015-08,Essex Police,Essex Police,1.075399,51.813734,On or near Oaklands Holiday Park,E01022047,Tendring 018E,Offender sent to prison
769ad401ba999ae55c7f3e9a374a371b47d7983e7a62e5b335f005aeda8106bd,2015-08,Essex Police,Essex Police,0.123993,51.781603,On or near STACKFIELD,E01021848,Harlow 002E,Offender given community sentence
c2d0e52b2a38361e180868a7f5d1044b05cc252fc310cd5141da880647589e5f,2015-08,Essex Police,Essex Police,0.425778,51.584380,On or near WALNUT CLOSE,E01021263,Basildon 010C,Offender sent to prison
25b22b01f1189537f60b748eddcdc3049dffafb382f9b7fe225906e926d6be5f,2015-08,Essex Police,Essex Police,0.350172,51.635983,On or near WILKES ROAD,E01021451,Brentwood 003D,Court case unable to proceed
3b3f856a5c84b78116c9373bf99f5825b31b77c2ab9c526b0e3ea39c567dc014,2015-08,Essex Police,Essex Police,0.466356,51.744889,On or near COOPER'S ROW,E01021591,Chelmsford 002E,Offender fined
2ca05f5bf19f5cdf18f674cb035ef68d9dfc2caa95db20cb7a7d6356d566c8ac,2015-08,Essex Police,Essex Police,0.474085,51.733089,On or near High Street Chelmsford,E01033140,Chelmsford 010F,Offender given community sentence
6125bb5bc2dbc49744f2b03ca5c6fbb7df205ee0097725a1e9c425cc0332e2c7,2015-08,Essex Police,Essex Police,0.427412,51.517779,On or near SOUTHEND ROAD,E01015989,Thurrock 005A,Offender given conditional discharge
3ebbec03aed07793c9d2c562ffb51397d8b0b4a0c47f36d689d823ec177cded5,2015-08,Essex Police,Essex Police,1.148149,51.793234,On or near OLD ROAD,E01022026,Tendring 016C,Offender given conditional discharge
41e756c489b48ddcb2653c76a02ed0ab0b3a35e4dcc9b26520b4d5f27f191785,2015-08,Essex Police,Essex Police,0.713962,51.534151,On or near Nightclub,E01015852,Southend-on-Sea 015B,Court case unable to proceed
d650033e4dfc6ab38a9f51e2bfa3873ebaf6dea86113afa4ea09efa78b0a96c5,2015-08,Essex Police,Essex Police,1.148149,51.793234,On or near OLD ROAD,E01022026,Tendring 016C,Offender sent to prison
007c0ac98018d9b8e65ac6cb39595212d170112901d24db0c90ef0c81606ee43,2015-08,Essex Police,Essex Police,1.152226,51.789923,On or near ROSEMARY ROAD,E01022025,Tendring 016B,Offender given conditional discharge
0e89007bfe54fe2313daee45cb27d4d7e359b2ffe9a35f2f21c56bc5da89b810,2015-08,Essex Police,Essex Police,0.809223,51.714157,On or near Park/Open Space,E01021901,Maldon 006A,Court case unable to proceed
ef360adb984ce4ce66e63e0dadd422fc41d85cedfac654cd65ea3bf17d8fae44,2015-08,Essex Police,Essex Police,0.500226,51.568374,On or near HARTFORD END,E01021317,Basildon 018E,Offender given community sentence
821a61426bc5bdda9116a6ffca15a1e8f273b49d3bc764c293ef76fa237d954f,2015-08,Essex Police,Essex Police,0.350172,51.635983,On or near WILKES ROAD,E01021451,Brentwood 003D,Offender sent to prison
c424b6461fa47013d317b6fc017e2f75acd6e1ef39235a2f00a8bbdac5e696e3,2015-08,Essex Police,Essex Police,0.343882,51.469539,On or near THURROCK PARK WAY,E01016003,Thurrock 018A,Defendant found not guilty
2058e927478652714e3225a4a16f499e89c2fbcffb1dcb82289416e1dbf08036,2015-08,Essex Police,Essex Police,0.279933,51.478444,On or near HILLTOP ROAD,E01016012,Thurrock 015C,Offender given community sentence
fca544f462bec4a18b1f1fac45dddf584ff40bd16c5cc5502a2f966c1284feb4,2015-08,Essex Police,Essex Police,0.627841,51.938950,On or near PRIOR CLOSE,E01021392,Braintree 004D,Offender given suspended prison sentence
89526cf817e1f6f4dbe122903ce01feae3628c17187e2d10288502ef433b9b9f,2015-08,Essex Police,Essex Police,0.091838,51.768151,On or near PLAYHOUSE SQUARE,E01021872,Harlow 007E,Offender given community sentence
5c2fa4d7c592ce48116efeba2e026a45ce894a7b4d151fe7c46ba49da5d9a83f,2015-08,Essex Police,Essex Police,0.894191,51.861272,On or near SPENCER ROAD,E01021638,Colchester 018B,Offender fined
39f413af1671a53078796331f28f56b841bf10e827e664e3cfe738a053b27d08,2015-08,Essex Police,Essex Police,0.684702,51.545167,On or near LONDON ROAD,E01015832,Southend-on-Sea 012F,Offender sent to prison
b168f19621b1d4c16228351b94821dc040671a9c2d638120387be4790cca25c9,2015-08,Essex Police,Essex Police,0.727306,51.549904,On or near NORWICH AVENUE,E01015875,Southend-on-Sea 006G,Offender sent to prison
189707dcb86c84192502556351aa176db0032052eca87f7a45406036faac14b1,2015-08,Essex Police,Essex Police,0.346980,51.494811,On or near SPRINGFIELD ROAD,E01015963,Thurrock 010A,Offender fined
4322cf83557d0e31eb80a4d5f777c334ff5d7f4ece2f61ff45cbe3ef22765e35,2015-08,Essex Police,Essex Police,0.472257,51.733569,On or near Shopping Area,E01033141,Chelmsford 010G,Offender given community sentence
b292fba17cae7f66efdf4d7ddcc180fc98da21034a72a81b09e6e09dad08fdf3,2015-08,Essex Police,Essex Police,0.610694,51.580699,On or near HARDWICK CLOSE,E01021966,Rochford 008F,Defendant found not guilty
ce0fedd1c052571d07f585313142259a0ab63a19d39e55ee50abf89c67ed9d81,2015-08,Essex Police,Essex Police,0.092373,51.766253,On or near LUTHER KING ROAD,E01021868,Harlow 007B,Offender fined
5303599b6f2bb494e445f063135d89d3b5110554d629e0672d8a9139925598c8,2015-08,Essex Police,Essex Police,0.460775,51.569775,On or near Parking Area,E01021318,Basildon 015C,Offender sent to prison
f155950e6bfa53c7b80f8cacaa5e3cf8639ebcc9e25b945f5fc92d6f1a6c83b1,2015-08,Essex Police,Essex Police,0.023898,51.682366,On or near MARGHERITA PLACE,E01021810,Epping Forest 008D,Offender sent to prison
9c4003dca9006c7770bebb2e571806618c1e12dad23f2ef05671780cdb8ba8ab,2015-08,Essex Police,Essex Police,0.520333,51.755246,On or near A130,E01021537,Chelmsford 005B,Offender deprived of property
ceb97540a8e0ab53283fc74f2b391b63574de92298fecedee9fc5aee20a01f6b,2015-08,Essex Police,Essex Police,0.896245,51.888706,On or near HEAD STREET,E01021649,Colchester 007D,Offender sent to prison
1fb393a1ec821919739cd2b4015345fdb34f4c632ea54b3a2cc462b480fd87dc,2015-08,Essex Police,Essex Police,0.656749,51.569682,On or near EASTWOOD PARK CLOSE,E01015833,Southend-on-Sea 001A,Offender given community sentence
2cd43ccb18629431312f0bfdf7749316846670b741ee4d3e80e987a7c9479de2,2015-08,Essex Police,Essex Police,0.655916,51.541281,On or near Supermarket,E01015849,Southend-on-Sea 011E,Offender sent to prison
0bfba2801515aaa6050c1ecb83d5a1325bf867bb13deb00dc34b08ee0ab3bfd9,2015-08,Essex Police,Essex Police,1.151360,51.814311,On or near Highfield Holiday Park,E01022039,Tendring 010B,Offender given community sentence
6065a4c19f31d6971a1eb0557355d15e2877721430574f6cc78600e28b707164,2015-08,Essex Police,Essex Police,0.305713,51.621352,On or near HIGH STREET,E01021433,Brentwood 007A,Court case unable to proceed
a0d64dc80960aecc1cec280ebd124fa1fddcb98ef39cb4cd3e50fb2e0d32d777,2015-08,Essex Police,Essex Police,0.917521,51.924991,On or near SEVERALLS LANE,E01033720,Colchester 002F,Court case unable to proceed
ff23176e083e252935797adba699fc046cfeb428ef391a8c0ec728c81f374ce6,2015-08,Essex Police,Essex Police,0.902854,51.945418,On or near ELLIS ROAD,E01021659,Colchester 001C,Offender otherwise dealt with
d78a6901366705e24092d04e6248314a713fc5a55a691b9860e382abc8b90efb,2015-08,Essex Police,Essex Police,0.703897,51.582554,On or near UNION LANE,E01021954,Rochford 007D,Offender sent to prison
a29e1a0f13fb035162cbedf55bcf12b79b9c5aafb391b7afcfd398cf3c63ec19,2015-08,Essex Police,Essex Police,0.091838,51.768151,On or near PLAYHOUSE SQUARE,E01021872,Harlow 007E,Offender given community sentence
df7cac6112af6e3c831ab12a7945db8878dc8f5b056f3bd27c6d3ad5d414fbd4,2015-08,Essex Police,Essex Police,0.960458,51.858624,On or near REBOW ROAD,E01021738,Colchester 017C,Offender given conditional discharge
9d8503517e7d7052c55edbc5391b9e9cba340179d975a4c670c87c748c9665ab,2015-08,Essex Police,Essex Police,1.154883,51.790382,On or near HIGH STREET,E01022025,Tendring 016B,Offender sent to prison
d29f6eb5a3e0b79320918189cb011988b8884f4ce529fde1d66777b2df1d027f,2015-08,Essex Police,Essex Police,0.086195,51.776857,On or near THE HORNBEAMS,E01021839,Harlow 004A,Offender given community sentence
0addb9057de593e08fd9c8469ebcac57598c23379473ffd5d10477e1046d7af1,2015-08,Essex Police,Essex Police,0.067027,51.758042,On or near SYLVESTERS,E01021832,Harlow 009C,Defendant found not guilty
bb59e54143a7d0fa16f8ebea3f34ab802b67c237df5aa52f876d1e9fbb3a8a99,2015-08,Essex Police,Essex Police,1.149490,51.790419,On or near ROSEMARY ROAD WEST,E01022026,Tendring 016C,Offender otherwise dealt with
c242c6dd5dc22580c8ab3172551f434fc77e17d08821a3e263e4027c84d1ceb4,2015-08,Essex Police,Essex Police,0.887601,51.885600,On or near CREFFIELD ROAD,E01021652,Colchester 013B,Defendant found not guilty
d412c72502b29260b035d2276953a3cd15d7de0d0ca42c054192f888eb622940,2015-08,Essex Police,Essex Police,0.895390,51.894168,On or near MARKET CLOSE,E01021650,Colchester 007E,Defendant found not guilty
daaedd7f659ae8ba3d706fc301711011fbb52398897ece39bba360132dda8bea,2015-08,Essex Police,Essex Police,0.709094,51.540820,On or near Supermarket,E01015895,Southend-on-Sea 010A,Offender fined
e8047d32c908d67df753563e8e073fdf2cd99eb15db613c9bb94555c2920121b,2015-08,Essex Police,Essex Police,0.289806,51.503604,On or near CALLAN GROVE,E01015930,Thurrock 007D,Defendant found not guilty
8f5fd769718be55ebb77417c0b234a4998b3ed5318d22ed522551b391b8f94d4,2015-08,Essex Police,Essex Police,0.787288,51.706387,On or near Park/Open Space,E01021901,Maldon 006A,Offender sent to prison
cc293f81adf9cb8b6c0d44b26025bfce4a79bcd0aa62b4e3bb0fb27f8b1db3c8,2015-08,Essex Police,Essex Police,0.915893,51.887537,On or near Pedestrian Subway,E01021648,Colchester 007C,Offender fined
6532fa5defd9c0f5ead6c133dfad4a4a636b3883c22e7c74d01f2af7ad8d6b27,2015-08,Essex Police,Essex Police,0.466356,51.744889,On or near COOPER'S ROW,E01021591,Chelmsford 002E,Offender fined
c4c3f43fe78e5d8f88953085204767721eb709df668a890572c413757eaaef1e,2015-08,Essex Police,Essex Police,0.809270,51.553842,On or near RODING CLOSE,E01021923,Rochford 010D,Defendant found not guilty
0caf28f505b11b3d7e12eeb2380278f4a8791e10d3be3dec08cc61ac1cf3edb1,2015-08,Essex Police,Essex Police,0.328116,51.636504,On or near ST MARY'S AVENUE,E01021467,Brentwood 005F,Offender sent to prison
5691687f9ed343f6d71cbf5eb577ebfc4a690c6f6b61979de98196cc78d075ad,2015-08,Essex Police,Essex Police,0.003355,51.689885,On or near MOREMEAD,E01021812,Epping Forest 009B,Offender given community sentence
490a8cab3c44ae35da824bea77c85aa234b336df59a8398cbddc54e8cca44f08,2015-08,Essex Police,Essex Police,0.688376,51.561721,On or near DENTON CLOSE,E01015868,Southend-on-Sea 002F,Defendant found not guilty
5e11301810620d5879dcca042bc003a3b8f50574d2ee2c195413f2b288f3c7e2,2015-08,Essex Police,Essex Police,0.331110,51.636552,On or near OLIVER ROAD,E01021467,Brentwood 005F,Offender given community sentence
274c3b8c58a5b48417a07c8e859835c207755e5ce586baa5c5a3d2d9362a69e3,2015-08,Essex Police,Essex Police,0.282270,51.475629,On or near FOX MANOR WAY,E01016012,Thurrock 015C,Offender sent to prison
4181331e67f5fa02ea1bc9d05f72bbf6f9f914473e154d7e87c58b4de0d7fa5b,2015-08,Essex Police,Essex Police,0.562265,51.875368,On or near THE YARD,E01033458,Braintree 009E,Offender given community sentence
2380b14429b7e1ee91fc236f0a56567e2b6b03bbd9a0493065a09d09c2b3a985,2015-08,Essex Police,Essex Police,0.093027,51.753436,On or near Supermarket,E01021859,Harlow 010C,Offender given suspended prison sentence
31cbbfffea6daf5d021f2807f07e050e12c2c21d021961b7820d1b9eb25a4cff,2015-08,Essex Police,Essex Police,0.935973,51.887442,On or near AFFLECK ROAD,E01021699,Colchester 008D,Defendant found not guilty
c6d08b63f70403949e81ff5716982bd13985b26828ade6c2a3ae08d474274a8e,2015-08,Essex Police,Essex Police,0.931393,51.888761,On or near SHERWOOD CLOSE,E01021699,Colchester 008D,Offender given community sentence
85a8e001f45adac588a8891ae92a52587bc09bc898e1ebf896cbd57003aa4972,2015-08,Essex Police,Essex Police,0.282026,51.488629,On or near Parking Area,E01016011,Thurrock 015B,Offender sent to prison
346840c170da73239cf7e044436bb3c840ea5be1d89f1f6e57f611204f2da18d,2015-08,Essex Police,Essex Police,0.376128,51.464384,On or near PORTSEA ROAD,E01016008,Thurrock 018F,Offender fined
4369c478b68beed4dab63776d618b411b3988f6a5dd3a74832b5ab4a44463b34,2015-08,Essex Police,Essex Police,0.042017,51.667422,On or near Parking Area,E01021806,Epping Forest 009A,Offender fined
d3517641dcbaa477978bae578f38116a9eb8c6fb0c24d7e36dff879f440050c4,2015-08,Essex Police,Essex Police,0.443114,51.583274,On or near Pipps Hill Retail Park,E01021268,Basildon 015B,Court case unable to proceed
02a0cad0ebaa50a533c781b72dc4faccce7cca171f0de3d0bcfdfe4661980b6c,2015-08,Essex Police,Essex Police,0.907575,51.864054,On or near STANSTED ROAD,E01021638,Colchester 018B,Court case unable to proceed
a1c62f622e51d7cd43f8fdded2bc1fa72e336f485da4231abd1106ee0b43dbfb,2015-08,Essex Police,Essex Police,0.474085,51.733089,On or near High Street Chelmsford,E01033140,Chelmsford 010F,Offender sent to prison
75a2248f792ad19de0d13f03f2a821428a84e36d04fdc193d4adcde9faa4ea2c,2015-08,Essex Police,Essex Police,0.357737,51.464000,On or near ADELAIDE ROAD,E01016006,Thurrock 018D,Offender given community sentence
3ac954e47603c0411796529be18a1f282f41a0a5fba735dfb5c2420913c3e128,2015-08,Essex Police,Essex Police,0.456959,51.570727,On or near Shopping Area,E01021318,Basildon 015C,Offender sent to prison
6a6bd162ce3a6811547475be103497b448816c04121000342cb062ea507c917d,2015-08,Essex Police,Essex Police,0.331110,51.636552,On or near OLIVER ROAD,E01021467,Brentwood 005F,Offender given community sentence
92ddd8954d69c79308dfa5257bda04badfe6d95235ba3e2aed6cf2d93ef2958e,2015-08,Essex Police,Essex Police,0.903381,51.907174,On or near WRYNECK CLOSE,E01021679,Colchester 004A,Offender given conditional discharge
d8042d1aa197a1cdd3dd013f363d94df5cab78d2e77c0c382f8f51eff7771a54,2015-08,Essex Police,Essex Police,0.507143,51.566095,On or near CHURCH PARK ROAD,E01021316,Basildon 018D,Court case unable to proceed
8cab0a31a8a2e84dd35b0a8fa21d105e2834565daf5ef63e639bc1bf2f03ec79,2015-08,Essex Police,Essex Police,0.456512,51.570458,On or near Shopping Area,E01021318,Basildon 015C,Offender sent to prison
5e11301810620d5879dcca042bc003a3b8f50574d2ee2c195413f2b288f3c7e2,2015-08,Essex Police,Essex Police,0.331110,51.636552,On or near OLIVER ROAD,E01021467,Brentwood 005F,Court case unable to proceed
e33a260d0c1e3893634fb0b63b5fbe5006bce197e25faeb40bb815624bc2a1bf,2015-08,Essex Police,Essex Police,0.655916,51.541281,On or near Supermarket,E01015849,Southend-on-Sea 011E,Court case unable to proceed
145fbad0edde281088f1ce2cd22fe4e19a90ff97b7c9714cdeae2f1e17c5bd29,2015-08,Essex Police,Essex Police,0.456604,51.567614,On or near Pedestrian Subway,E01021296,Basildon 020C,Offender sent to prison
89dd104fe8e7d6d1cfd1b653877db29350a0b0924e3a9a4bc635c1286265dfee,2015-08,Essex Police,Essex Police,0.083313,51.776270,On or near HERONS WOOD,E01021839,Harlow 004A,Offender fined
d9c8f96c589407e5c695974b21f017b5e873ad32981fb13be8cf6c61b60c1a9a,2015-08,Essex Police,Essex Police,0.502267,51.562719,On or near Supermarket,E01021310,Basildon 022B,Offender given conditional discharge
dba402386cff6e211c8f1c22fef5c41af2109062533155ce1430d3d2bd7be09c,2015-08,Essex Police,Essex Police,0.696459,51.596152,On or near Supermarket,E01021932,Rochford 007B,Offender given suspended prison sentence
df688f0a92c522633d87fa9da96e33ce4539f3a9acf5890e63db8faec1d5b922,2015-08,Essex Police,Essex Police,0.096056,51.768166,On or near SOUTH GATE,E01021868,Harlow 007B,Offender given community sentence
ba312cc643ff5877cd16098910efba1ebf5e046f6cecdfdcb43c54e55fbb3d4e,2015-08,Essex Police,Essex Police,0.695100,51.561477,On or near SIDMOUTH AVENUE,E01015868,Southend-on-Sea 002F,Offender given community sentence
6d75907a86229938d3e4f829771c16057ec9c4782fec19220ec6e5d024e39dc9,2015-08,Essex Police,Essex Police,0.694077,51.540276,On or near Supermarket,E01015855,Southend-on-Sea 015E,Defendant found not guilty
0fca1345630ddde472e57e3df1a83f891c42e9217b6f40a6face083945affa3c,2015-08,Essex Police,Essex Police,0.449369,51.730811,On or near FOREST DRIVE,E01021631,Chelmsford 009E,Offender given community sentence
34103b4db12cf93cd0d529fd9020c98c64c6a2884e15ead5391ae574d1555985,2015-08,Essex Police,Essex Police,0.109228,51.781779,On or near Shopping Area,E01021845,Harlow 002B,Court case unable to proceed
61df8dc21fde0eefe24595cf32ed40084dd36ffe04855e901d72837c969549e1,2015-08,Essex Police,Essex Police,0.684702,51.545167,On or near LONDON ROAD,E01015832,Southend-on-Sea 012F,Offender sent to prison
82258edc02995784608cc4fac7d84b2e86a61ca98166582c6c4be77f1e1cefb4,2015-08,Essex Police,Essex Police,0.488889,51.724692,On or near MEADGATE AVENUE,E01021563,Chelmsford 014B,Offender fined
fdf758b2b9a4718b7106884e8213df6d7fdda7c7dfb3c4ee35b66fd1793dd571,2015-08,Essex Police,Essex Police,0.279933,51.478444,On or near HILLTOP ROAD,E01016012,Thurrock 015C,Offender given community sentence
f2ca5e9617cf26d8abb71575588a9bb0bf988341f045fb3e151e5a08b0ffee07,2015-08,Essex Police,Essex Police,0.054540,51.636413,On or near DANBURY ROAD,E01021785,Epping Forest 014D,Offender otherwise dealt with
c3815cdff10f5ff465aee7ad0f8b52e636471688c119be720a65c8fec80d5abd,2015-08,Essex Police,Essex Police,0.474190,51.732359,On or near Shopping Area,E01033140,Chelmsford 010F,Offender sent to prison
436ededf4dd2607ba877a7c6c44aa107b2eaa423bcb3499a708d49e7bd09a789,2015-08,Essex Police,Essex Police,0.689093,51.553827,On or near Hospital,E01015858,Southend-on-Sea 004B,Offender fined
d164e5eb40b8458188cecb6e792e411f35820049565a0bb1167b0050797f40a3,2015-08,Essex Police,Essex Police,0.287136,51.510131,On or near DART GREEN,E01015976,Thurrock 007F,Offender sent to prison
2b72408271f02a62ecf01bca3e6a74a67e68c4545d4bb9c84fa37a714e48d2c7,2015-08,Essex Police,Essex Police,0.066970,51.754266,On or near RED WILLOW,E01021829,Harlow 009A,Offender given community sentence
c7d92c579a2cf6e75757f6ab289c84d74b52a465dabee3584f3c4dc660dafc44,2015-08,Essex Police,Essex Police,0.595813,51.563753,On or near KINGSMERE,E01021529,Castle Point 006D,Offender fined
3bbad2d2e077d8eaba21119785e151ff5e440652e23980d5f4049062fb41bf5b,2015-08,Essex Police,Essex Police,1.150049,51.812161,On or near Supermarket,E01022039,Tendring 010B,Offender fined
5719a31389d7f9b34a4f09a06b221447b8ee9119229b445fafbef26ee397e21c,2015-08,Essex Police,Essex Police,0.897877,51.888090,On or near Shopping Area,E01021649,Colchester 007D,Offender given community sentence
eac268200a1f892496c58d8086625b7bea0dee3591ce158fb18c0f731c4dbaae,2015-08,Essex Police,Essex Police,0.054922,51.637197,On or near DUNMOW CLOSE,E01021785,Epping Forest 014D,Offender given community sentence
795b38468a14047eb5b5dc063ced0a354ae955b03650ba66bb839517e9777d64,2015-08,Essex Police,Essex Police,1.150049,51.812161,On or near Supermarket,E01022039,Tendring 010B,Offender given community sentence
b0a00322eabb05abf920457f9f82a43407b6ebdd38787472d0165699e7d8431e,2015-08,Essex Police,Essex Police,0.326501,51.632057,On or near CROSSWAYS,E01021467,Brentwood 005F,Offender sent to prison
29b5d0826059a02d0b5dc98ac6b370dff896116f2b30c3c188832ee6e1980157,2015-08,Essex Police,Essex Police,0.558840,51.877744,On or near RAILWAY STREET,E01033458,Braintree 009E,Offender otherwise dealt with
876e8ebb59b9a3100f9e6790bcc95c8cbffb394ce57de78c73a97ca9e93b3e45,2015-08,Essex Police,Essex Police,0.474190,51.732359,On or near Shopping Area,E01033140,Chelmsford 010F,Offender given community sentence
ccf3c3516c463c2110f965eb8f4363ffa28a14a64a7c082e9a447efef57c5a8f,2015-08,Essex Police,Essex Police,0.552410,51.879134,On or near Tofts Walk,E01021365,Braintree 009D,Offender given suspended prison sentence
2876d827c095639a407055dd6de5fb34d67bf21f177d998ef2b8067b6befd737,2015-08,Essex Police,Essex Police,0.303360,51.620247,On or near Supermarket,E01021436,Brentwood 007B,Offender fined
0642e0d2ad4f3ef29123ca8394640647f37ce54c01b0842769929e1db1a066c5,2015-08,Essex Police,Essex Police,1.152226,51.789923,On or near ROSEMARY ROAD,E01022025,Tendring 016B,Offender sent to prison
9ae46099904c735479993652cbdc70191e3559ce36fe75f969b8352a955d1107,2015-08,Essex Police,Essex Police,0.325824,51.500916,On or near PRINCE PHILIP AVENUE,E01015996,Thurrock 009F,Offender sent to prison
52190abf442c5ed711dd3749da769598263a641dae92d0e249995c55bf50d3bd,2015-08,Essex Police,Essex Police,0.475214,51.731744,On or near Shopping Area,E01033140,Chelmsford 010F,Offender sent to prison
71122c0426b5cb74a942c302a990fdb64a783d8141d90f16f8c1dd973bf23eb8,2015-08,Essex Police,Essex Police,0.929648,51.885162,On or near Supermarket,E01033722,Colchester 008H,Offender sent to prison
b878fd5db36b51f421d6ad9ad20591bec149919de6f89de2eebd21b146814618,2015-08,Essex Police,Essex Police,1.276862,51.935216,On or near OAKLAND ROAD,E01022001,Tendring 001D,Defendant found not guilty
42bebc7382824b923e3287dc24bd44cb1db0c20622ba4bd4fbe0cde18b7e0c9d,2015-08,Essex Police,Essex Police,0.780740,51.539296,On or near Supermarket,E01015882,Southend-on-Sea 013G,Offender given community sentence
36a1a9fc69bf4c2d56f5b490cc7e31f0dc0332f1879a815c7f95d823c55999ba,2015-08,Essex Police,Essex Police,0.938659,51.886961,On or near HUNWICKE ROAD,E01021700,Colchester 008E,Defendant found not guilty
b16fbcab61b4264f83bb876beee2efca58f994dc72eec806431b8ac724583a8e,2015-08,Essex Police,Essex Police,0.502267,51.562719,On or near Supermarket,E01021310,Basildon 022B,Offender given suspended prison sentence
6a6bd162ce3a6811547475be103497b448816c04121000342cb062ea507c917d,2015-08,Essex Police,Essex Police,0.331110,51.636552,On or near OLIVER ROAD,E01021467,Brentwood 005F,Court case unable to proceed
d79934f9123bbf8d9103242002f3f87d0b94dc071493ac2e0d038daaf1c1dc48,2015-08,Essex Police,Essex Police,0.553495,51.574637,On or near MANDEVILLE WAY,E01021514,Castle Point 001B,Court case unable to proceed
0f87ed51e8e7a0d9f3e02d05298646aad1b3ff9e0a6cf54a421e2de59f8218c2,2015-08,Essex Police,Essex Police,0.655419,51.545375,On or near ELM ROAD,E01015849,Southend-on-Sea 011E,Offender given suspended prison sentence
267bab43d0260423f52a0afc77713f3820a4a88d8a063659f3fffda5446d3578,2015-08,Essex Police,Essex Police,0.482836,51.750837,On or near TAMAR RISE,E01021623,Chelmsford 004E,Offender given community sentence
ba31680065769a320d1d5ca111c9ddabd583cae6ffb3c9016864bcfd7ff06a8f,2015-08,Essex Police,Essex Police,0.501967,51.711347,On or near SHROPSHIRE CLOSE,E01021562,Chelmsford 014A,Court case unable to proceed
c03c22b6e5256c9f134a8ecd76831194b188ac8f55b7941ca2b3e34be449ede9,2015-08,Essex Police,Essex Police,0.256400,51.500897,On or near DACRE CRESCENT,E01015923,Thurrock 008B,Offender given community sentence
d86ad2d6a7963d0264d97f925da4df71b239897e6a885824f988c2616e51610d,2015-08,Essex Police,Essex Police,0.505403,51.563326,On or near A132,E01021310,Basildon 022B,Offender given community sentence
50ea4da0274c4a2f6f5d784033484ccf6abbc2e1b626e9c394a500e2b4f4a90e,2015-08,Essex Police,Essex Police,0.722102,51.537902,On or near KILWORTH AVENUE,E01015840,Southend-on-Sea 014B,Offender given conditional discharge
f3b8a79706179e08d5acc98444e52d16938030d192a90791cae511b5c3357a19,2015-08,Essex Police,Essex Police,0.094835,51.767145,On or near Pedestrian Subway,E01021872,Harlow 007E,Offender given community sentence
658f9b27d81c9ad06fc02137780f15cd50bd363ee8394a981af6aee70e7d81ab,2015-08,Essex Police,Essex Police,1.152226,51.789923,On or near ROSEMARY ROAD,E01022025,Tendring 016B,Offender given conditional discharge
7f7cfb047d6de6ecd9eff4b7b535578c57b5bf449da702dc9f9370d3141cfa18,2015-08,Essex Police,Essex Police,0.551167,51.567601,On or near Supermarket,E01021525,Castle Point 001D,Offender sent to prison
31c56aeb125cb3b99a16c5f4109faa2309932852dc50878811047dce79918efd,2015-08,Essex Police,Essex Police,0.282270,51.475629,On or near FOX MANOR WAY,E01016012,Thurrock 015C,Offender sent to prison
0754fce0182e654008a36cd9579a7c4f2d796690630de415b19af0693dfd89f3,2015-08,Essex Police,Essex Police,1.153340,51.787393,On or near Nightclub,E01022025,Tendring 016B,Offender given community sentence
83c2bd5259adb4521cf63278cb1de357cc305b1c526f4d1eb5c7e340791b4e20,2015-08,Essex Police,Essex Police,0.458240,51.569324,On or near Supermarket,E01021318,Basildon 015C,Offender given suspended prison sentence
0c9264d06c4a2d30f6c31efd32c9d6d88cc4e18f87fda5938c164ad5872bb15c,2015-08,Essex Police,Essex Police,0.472270,51.734594,On or near TINDAL STREET,E01033141,Chelmsford 010G,Offender fined
a5301e622c871532a1009e445fa39521b417fbd818fc13d06aa05ec6fbfb94cc,2015-08,Essex Police,Essex Police,0.924388,51.887874,On or near HUNTING GATE,E01021706,Colchester 022H,Defendant found not guilty
3a14a38c01de96094f5604203e3031d1c00237f72510d2520ef8ceeb30c4e6a8,2015-08,Essex Police,Essex Police,0.088741,51.661123,On or near Sports/Recreation Area,E01021774,Epping Forest 011A,Offender given conditional discharge
e1267ea85bcf5a3a45e5b895d60823d916140230ddfe7ea7647f4d5288cce393,2015-08,Essex Police,Essex Police,0.716176,51.536213,On or near YORK ROAD,E01015852,Southend-on-Sea 015B,Offender fined
e3b6b6eb06ae8c19618ea7fcca7d2a32a0f03b37686c7a439f6b5eee1f729f23,2015-08,Essex Police,Essex Police,0.711073,51.587191,On or near DOGGETTS CLOSE,E01021955,Rochford 004D,Defendant found not guilty
fa81114def44f36a8f0a34792afe29138fcd3327a1303bcacc714c62ab3854f9,2015-08,Essex Police,Essex Police,0.903936,51.888057,On or near Bus/Coach Station,E01021648,Colchester 007C,Court case unable to proceed
d30590209785976c864e738491b1f2d5f71cd6a933d403b78e5094cab587fc04,2015-08,Essex Police,Essex Police,0.089964,51.752367,On or near PERRY ROAD,E01021859,Harlow 010C,Offender fined
dd1f87be06a9620f420a8f242b3d89ac57df181fb3ee2ee333a1dbd32002a06d,2015-08,Essex Police,Essex Police,0.707672,51.538721,On or near ASHBURNHAM ROAD,E01015854,Southend-on-Sea 015D,Court case unable to proceed
91703150f02da04235e6fa2fa4c64c35cc36743e2b037b707fa823519f9d1f9f,2015-08,Essex Police,Essex Police,0.613375,51.648998,On or near BANDHILLS CLOSE,E01021612,Chelmsford 019B,Defendant found not guilty
212c8a077ead13cb4dbf40d54cde22bcb9577e13783a8fb14d4ce133c2f7b8ad,2015-08,Essex Police,Essex Police,0.086303,51.771334,On or near Hospital,E01021843,Harlow 004E,Offender otherwise dealt with
16d40c99880cb411239bf6d89dc5f3d8438b9b111bfb9238f343784beb10aeaa,2015-08,Essex Police,Essex Police,0.712013,51.538486,On or near Nightclub,E01015852,Southend-on-Sea 015B,Offender given community sentence
40d45b4d401b4fe013358221a3f1c34b3284b1f70c15a026c8d805f9cc6715ac,2015-08,Essex Police,Essex Police,0.111014,51.770974,On or near ARKWRIGHTS,E01021850,Harlow 003B,Offender given suspended prison sentence
e752ad5a7a9fd88c192ba55287bcf8bcfbb049c236f37d5c3b84031875aea2da,2015-08,Essex Police,Essex Police,0.530090,51.615254,On or near CAMOMILE DRIVE,E01021336,Basildon 005B,Offender given community sentence
362d54b7e8c5707e4c004983df6bfcfd94257d73171a7d83e14de01988d730a0,2015-08,Essex Police,Essex Police,0.656214,51.602071,On or near Supermarket,E01021937,Rochford 003E,Offender ordered to pay compensation
ba3acdbc20a5af55885df72e20aa18e6c918346d8a798bcf45ff8f6a77ad87ec,2015-08,Essex Police,Essex Police,0.284490,51.487772,On or near Shopping Area,E01016011,Thurrock 015B,Offender given community sentence
ed40afb39c4d376b873e50eed650d969449b41a532d437e8306e95c36505c2e0,2015-08,Essex Police,Essex Police,0.717558,51.548278,On or near CHESTNUT GROVE,E01015897,Southend-on-Sea 010C,Offender sent to prison
3b4ffb822b03b53c3790cc99d7a77fdccf914594d364cc256ba3a7b8e0ae1f08,2015-08,Essex Police,Essex Police,1.152215,51.788718,On or near Shopping Area,E01022025,Tendring 016B,Offender given conditional discharge
6c1300cfae1f33c41db9ffef9d18ef5cbc25b1c341a91559481b15d2ec3bc8fd,2015-08,Essex Police,Essex Police,1.148149,51.793234,On or near OLD ROAD,E01022026,Tendring 016C,Offender fined
154ca8f80036801c9a02e2d460e26d42aebb9476a913621810f3b5debb25f15a,2015-08,Essex Police,Essex Police,0.465760,51.730737,On or near THE MEADS,E01021582,Chelmsford 010D,Offender given conditional discharge
007c0ac98018d9b8e65ac6cb39595212d170112901d24db0c90ef0c81606ee43,2015-08,Essex Police,Essex Police,1.152226,51.789923,On or near ROSEMARY ROAD,E01022025,Tendring 016B,Offender given conditional discharge
69dc1db2c03a6ff79e20cb670ceec1b05e997b01e5fbe7127d6310617530c5c9,2015-08,Essex Police,Essex Police,-0.007321,51.677729,On or near CHRISTIE ROAD,E01021817,Epping Forest 008E,Offender given community sentence
b8c6e7ac61a572d3ac3bc9ad88979bcabc2d2bddfe0305a50c72cb2103b7a60b,2015-08,Essex Police,Essex Police,0.900116,51.889231,On or near Shopping Area,E01021649,Colchester 007D,Offender sent to prison
906835137ebb419bd319114b881e3248aac38f17a379d6ca40e40948d1a05232,2015-08,Essex Police,Essex Police,0.592568,51.518623,On or near WINDSOR CLOSE,E01021498,Castle Point 011B,Court case unable to proceed
6971010b5c7d2bbce4acc34527f34b3ba8e141aca5f88cbbe47109ed1560bc80,2015-08,Essex Police,Essex Police,0.423167,51.556187,On or near WESTLEY ROAD,E01021282,Basildon 021C,Offender fined
d499a7d3651ee8c702925c72445b6724d753454fe5ed7065ef3849e03ec6947d,2015-08,Essex Police,Essex Police,0.463349,51.564523,On or near Sports/Recreation Area,E01021296,Basildon 020C,Offender given community sentence
3a9aa6d61cd0d9f0bd6dc356263ebca51ca7764ee31cc542e8031dc099192106,2015-08,Essex Police,Essex Police,0.790894,51.880155,On or near LONDON ROAD,E01021678,Colchester 010E,Offender given suspended prison sentence
97ad00ad769294a6bd57f1efc52dd13ae03ff8dbfdc44af46d20f4e71046d9f9,2015-08,Essex Police,Essex Police,1.151428,51.819229,On or near Supermarket,E01022039,Tendring 010B,Offender sent to prison
7af96c4aee0333cbae925948d85519baf56ad3527d45347b5b55e1a417e6e908,2015-08,Essex Police,Essex Police,0.072192,51.643845,On or near BUSHFIELDS,E01021771,Epping Forest 013A,Court case unable to proceed
6be22c7390a2cefb52ddc68bc71e50154150f096c6f62f0f8246301bbab727ba,2015-08,Essex Police,Essex Police,0.494384,51.735601,On or near CAVENDISH GARDENS,E01021628,Chelmsford 008E,Defendant found not guilty
6c9c51aae261639d08308e1ee9631cb6e6a912faa02a0734b009faddc5364662,2015-08,Essex Police,Essex Police,0.456959,51.570727,On or near Shopping Area,E01021318,Basildon 015C,Offender sent to prison
b0a00322eabb05abf920457f9f82a43407b6ebdd38787472d0165699e7d8431e,2015-08,Essex Police,Essex Police,0.326501,51.632057,On or near CROSSWAYS,E01021467,Brentwood 005F,Offender given community sentence
0663a7749e72e7dce29467159767cb4d74e269e37edff1ae6d1f86ec591b5491,2015-08,Essex Police,Essex Police,0.900116,51.889231,On or near Shopping Area,E01021649,Colchester 007D,Offender sent to prison
66b0a194e018fa9a2131c06d3d350c825c0304ded85c71ec90a930a9473d21da,2015-08,Essex Police,Essex Police,0.477608,51.733690,On or near Supermarket,E01033141,Chelmsford 010G,Offender given community sentence
0db1dd7412af08a2861a2e41ed154c4b7ac6e35c597049bcb6fd433d1ff20f49,2015-08,Essex Police,Essex Police,0.516750,51.604695,On or near KERSHAWS CLOSE,E01021342,Basildon 008B,Offender given suspended prison sentence
e65d9dc305d917419cf28ae3c5a76be65e884f4c872dbd8e94d3443140043fcf,2015-08,Essex Police,Essex Police,0.112455,51.757441,On or near Supermarket,E01021823,Harlow 006D,Offender given community sentence
d8a9cfd53b485ed271a32c2d04dd6a5eb35568ace45485994cc165c97224b97b,2015-08,Essex Police,Essex Police,1.152215,51.788718,On or near Shopping Area,E01022025,Tendring 016B,Offender sent to prison
feb234313cc24b5a302fd2afa348805437f49504e8b9bc11075bea22e1127aa7,2015-08,Essex Police,Essex Police,0.462833,51.553373,On or near LEONARD ROAD,E01021299,Basildon 020E,Offender given suspended prison sentence
3b7517bfe4f2d710cb7c18c5a53baf785a4c9a539b09ffa2f56bd7d87e674b42,2015-08,Essex Police,Essex Police,0.516750,51.604695,On or near KERSHAWS CLOSE,E01021342,Basildon 008B,Offender given community sentence
8b8a49655f90302249a06a8aefb2c8f73c5fc995ab996437ac9e17b790921fb4,2015-08,Essex Police,Essex Police,0.656749,51.569682,On or near EASTWOOD PARK CLOSE,E01015833,Southend-on-Sea 001A,Offender given community sentence
3205a58c1e4ea8a321fce85467f57606fca4e8b2a92c4b34364f469969abb0df,2015-08,Essex Police,Essex Police,0.903944,51.886600,On or near BRITANNIA WAY,E01021683,Colchester 011A,Investigation complete; no suspect identified
ee8735a77c9b9a0292d2d1408ceba7bec6cfa2c9742ca189fa97510be9f9c1ec,2015-08,Essex Police,Essex Police,0.730798,51.540290,On or near Petrol Station,E01015844,Southend-on-Sea 014F,Investigation complete; no suspect identified
a0c1342b3ed9a13eb2545b52cc3cc0d97b9f9c12c7179770de6e86d37a075396,2015-08,Essex Police,Essex Police,0.616540,51.520618,On or near ORRMO ROAD,E01021492,Castle Point 009A,Investigation complete; no suspect identified
2ced40138ebeb02afa61f54c0f656d9c83c7c6d79624f4c033635b8cd6738c50,2015-08,Essex Police,Essex Police,0.580727,51.523363,On or near TILBURG ROAD,E01021488,Castle Point 010C,Investigation complete; no suspect identified
b7d84ff9ae56f025fdcf0b4e165fd77b7d311c95986870bac9b152e59d6dd670,2015-08,Essex Police,Essex Police,0.701414,51.543614,On or near ALBANY AVENUE,E01015896,Southend-on-Sea 010B,Investigation complete; no suspect identified
d5c2f6eace78bf8f97003db0649647fe4f589b0f5730051558e6e36a82b23b26,2015-08,Essex Police,Essex Police,0.888767,51.868204,On or near COTTONWOOD CLOSE,E01033723,Colchester 015G,Investigation complete; no suspect identified
6b2d91e9122f1755bdb5e3e636d82256d0068ca569499113271556fbf2310d2b,2015-08,Essex Police,Essex Police,0.490801,51.578647,On or near CANTERBURY CLOSE,E01021271,Basildon 013A,Investigation complete; no suspect identified
e0147d7ab98d6465532123143abe23e34cfd8c57770ccf317e2afc40f584b57a,2015-08,Essex Police,Essex Police,0.070487,51.649568,On or near DURNELL WAY,E01021790,Epping Forest 012E,Investigation complete; no suspect identified
5654a2633c8fe503bb30c7740cffe20cef54809b12dbb7e85ecb6aa50dda24c9,2015-08,Essex Police,Essex Police,1.150049,51.812161,On or near Supermarket,E01022039,Tendring 010B,Investigation complete; no suspect identified
f5738f215db5f87e1ddb7cbee276aba2522e2eb8ee6afd0c21d0070d5b799b41,2015-08,Essex Police,Essex Police,0.297846,51.600607,On or near BECKET CLOSE,E01021473,Brentwood 008D,Investigation complete; no suspect identified
0260225c27b05cabd2b8293a896ba52cc1bbb0c9c4618bd2e2edff8c2a96ed2f,2015-08,Essex Police,Essex Police,0.109996,51.757224,On or near OAK END,E01021822,Harlow 006C,Investigation complete; no suspect identified
6634e297419934143fb83e8cdc25e8e0b47c6af4fd8d1982f73f979df61fa0c5,2015-08,Essex Police,Essex Police,0.905667,51.859919,On or near WETHERSFIELD ROAD,E01021641,Colchester 018E,Investigation complete; no suspect identified
0370f5e2f4556ff13413fa8c783c7204281b19476f53f1ca930e40022dd5f673,2015-08,Essex Police,Essex Police,0.706187,51.583436,On or near ROCHE CLOSE,E01021955,Rochford 004D,Investigation complete; no suspect identified
38f02328f000f81298278fea45cd6f2b682660bbc92ccf2776697412edecbb74,2015-08,Essex Police,Essex Police,0.636609,51.786139,On or near Parking Area,E01021424,Braintree 018E,Investigation complete; no suspect identified
38ab170cb998ca51e014d9042d18d48edbbd7eef2155fff34ebe39e49881c8ec,2015-08,Essex Police,Essex Police,0.080638,51.742380,On or near MARKWELL WOOD,E01021867,Harlow 011E,Investigation complete; no suspect identified
a81df257ab7aebb30eb8475224c992a009f5a2802ff3a2ec7290de03c3632334,2015-08,Essex Police,Essex Police,1.151280,51.792583,On or near WELLESLEY ROAD,E01022026,Tendring 016C,Investigation complete; no suspect identified
5641950967e335664058ab68cc38b36bae007724801371db0f56b7ede548097a,2015-08,Essex Police,Essex Police,0.117296,51.785653,On or near Petrol Station,E01021848,Harlow 002E,Investigation complete; no suspect identified
6bfb8f17bf2ff1ca0a9016e5629a0dc7a9cacbb4b9b8d76a8436840c0a80a684,2015-08,Essex Police,Essex Police,0.687405,51.550646,On or near FAIRFAX DRIVE,E01015904,Southend-on-Sea 007D,Investigation complete; no suspect identified
c67b279a00fa799878bdab1320bf22e284bca40a2734723d60cc3e9472ec274c,2015-08,Essex Police,Essex Police,0.454159,51.729137,On or near BILTON ROAD,E01033138,Chelmsford 009F,Investigation complete; no suspect identified
b256e3b5668735115472dc33dff4932dfb5b26122341f9293390c615b43ce3ce,2015-08,Essex Police,Essex Police,0.677935,51.736902,On or near Parking Area,E01021890,Maldon 004B,Investigation complete; no suspect identified
91b0ff53902dac8e57cd60f76b1cc01a5861b1f706ed46340daa754986c7e9c7,2015-08,Essex Police,Essex Police,0.457893,51.569044,On or near MARKET SQUARE,E01021318,Basildon 015C,Investigation complete; no suspect identified
ce48444feaa1c73502e854df3aedf2a1d87b50c0e8cba24d7ebd29361dc24125,2015-08,Essex Police,Essex Police,0.724922,51.532953,On or near Sports/Recreation Area,E01015842,Southend-on-Sea 014D,Investigation complete; no suspect identified
75b2ead35651d1f1cfeeeec883ef2669421324fe4c23ace96cad991a44eb7f8b,2015-08,Essex Police,Essex Police,0.500223,51.589356,On or near HEADINGLEY CLOSE,E01021307,Basildon 011C,Investigation complete; no suspect identified
f8854995d87848881b99839b935785cabcc08b6c37a6d4ec119599c6602a978e,2015-08,Essex Police,Essex Police,0.550842,51.878655,On or near Shopping Area,E01021365,Braintree 009D,Investigation complete; no suspect identified
4bab2e9ef7cd1437ca76f9481adf4b839376172f9c8e2a6798608770cbf90fea,2015-08,Essex Police,Essex Police,0.078096,51.775679,On or near ASH TREE FIELD,E01021840,Harlow 004B,Investigation complete; no suspect identified
bfb12718889eca3a79e53494136516e0b2f4fa028232d6cc9c72e8c3dbf2f156,2015-08,Essex Police,Essex Police,1.150380,51.797348,On or near Petrol Station,E01021970,Tendring 016A,Investigation complete; no suspect identified
f0a9b6379bb7b95ec988b43167da596b3ee5e59071f41336e85bbdc582176731,2015-08,Essex Police,Essex Police,0.482306,51.741172,On or near HILL VIEW ROAD,E01021627,Chelmsford 010E,Investigation complete; no suspect identified
4af6c318e39ae96112f3b8481a36c64a4fde18174231e4671e39f901d587a119,2015-08,Essex Police,Essex Police,0.243639,51.486627,On or near A1306,E01015921,Thurrock 015A,Investigation complete; no suspect identified
6421f4d10caaaf972168d36b0e287965c82aa240126dd549f820fd76ad6d4f69,2015-08,Essex Police,Essex Police,1.155426,51.805424,On or near Supermarket,E01022044,Tendring 013E,Investigation complete; no suspect identified
96d041a8f773487acf0568d6d61aaba8357dc88e4e7a234ae3de106023c9ff85,2015-08,Essex Police,Essex Police,0.297974,51.524452,On or near Supermarket,E01015971,Thurrock 006B,Investigation complete; no suspect identified
3b472238ab28b9ed628c225f709bfedad8731586711ede16a1ef2814b3bd97c8,2015-08,Essex Police,Essex Police,0.058657,51.636062,On or near THE MEADWAY,E01021784,Epping Forest 013E,Investigation complete; no suspect identified
7fbff11972954d860abf293410b3bb96a277bf18be2514d1d5f8134bfc3f288c,2015-08,Essex Police,Essex Police,0.365241,51.461268,On or near CIVIC SQUARE,E01016004,Thurrock 018B,Investigation complete; no suspect identified
9f68c384bdff16a088b0f448065ace873bcad9560fc42d9d3d0e137b93000f61,2015-08,Essex Police,Essex Police,0.088630,51.650532,On or near AUSTEN CLOSE,E01021775,Epping Forest 011B,Investigation complete; no suspect identified
c5fdb93076dbf48f4276043a392f00b883e8845645d1ded061ef0e4bc13c973c,2015-08,Essex Police,Essex Police,0.535918,51.878619,On or near Petrol Station,E01021358,Braintree 008C,Investigation complete; no suspect identified
d271f67bc6e8b9cf5681cfbf30de725e55b94ad9568f45edc020eb54f35d3aa9,2015-08,Essex Police,Essex Police,0.513170,51.751784,On or near White Hart Lane,E01033144,Chelmsford 005F,Investigation complete; no suspect identified
ff07f51b6e921fed0bff7ee79f0a8269d13f7f3c9809f70b0559a3c0740448f4,2015-08,Essex Police,Essex Police,0.706187,51.583436,On or near ROCHE CLOSE,E01021955,Rochford 004D,Investigation complete; no suspect identified
aeb962472e37aa2548948d3b1d0b77bf35fb984840033dadfd46c5aaa281a07f,2015-08,Essex Police,Essex Police,0.462023,51.737390,On or near SOUTH PRIMROSE HILL,E01021575,Chelmsford 009B,Investigation complete; no suspect identified
af760a9d6f71c6bd64faa5bf0fc071208bdd01d7a38b6cc6938ba4b9bb0844e2,2015-08,Essex Police,Essex Police,0.675837,51.799183,On or near LEA LANE,E01021882,Maldon 002A,Investigation complete; no suspect identified
76ac77d3e7a21c4d5cc82aa7a9c7a0d4651fbdeda8a105804a9cf2be07a7c984,2015-08,Essex Police,Essex Police,0.365288,51.461915,On or near CIVIC SQUARE,E01016004,Thurrock 018B,Investigation complete; no suspect identified
a017d4d9c156de80912a4436c752b3e5bdbd3c568f2ae94823cf0bef3529d8cd,2015-08,Essex Police,Essex Police,0.409326,51.624019,On or near EVEREST RISE,E01021244,Basildon 004A,Investigation complete; no suspect identified
789167033764b6741fe71744f10daaea2e3086c25ded522525cc154bfafb8716,2015-08,Essex Police,Essex Police,0.303257,51.621059,On or near Shopping Area,E01021433,Brentwood 007A,Investigation complete; no suspect identified
5e8829254072972b7d21197eb0f7b3346092f3846f4f5e43d01a537ab29a2d2e,2015-08,Essex Police,Essex Police,0.324310,51.477114,On or near Shopping Area,E01015954,Thurrock 017D,Investigation complete; no suspect identified
827e2d10f3ea979d26bc3f2e711e5e5976987a39b28aef8f918cc47407ceecad,2015-08,Essex Police,Essex Police,0.774491,51.534713,On or near DELAWARE ROAD,E01015916,Southend-on-Sea 017C,Investigation complete; no suspect identified
f839555602baf75431b2192d1af1181f69778f9e6939c832abaeaed2dc5f7e55,2015-08,Essex Police,Essex Police,-0.008518,51.686706,On or near GROVE COURT,E01021817,Epping Forest 008E,Investigation complete; no suspect identified
13bd3cc9cbca654f296c94516e7d473f862dfe711d4262b04083053329da9d22,2015-08,Essex Police,Essex Police,0.713596,51.539394,On or near Nightclub,E01015852,Southend-on-Sea 015B,Investigation complete; no suspect identified
54f0f65d939facbc4ab70706d8eeb72509846be48c7c70c5f221ed5a70595569,2015-08,Essex Police,Essex Police,0.548841,51.892854,On or near CAMBERTON ROAD,E01021354,Braintree 008A,Investigation complete; no suspect identified
f94c623c7edebd24126bc8a6b44bb1ac33cb46b753a8bd9683934ae402d8ad8d,2015-08,Essex Police,Essex Police,0.421108,51.574737,On or near BYRON COURT,E01021273,Basildon 014A,Investigation complete; no suspect identified
c192b04c7c7ce1a9c6bb70d6544ad7339066388b311e4e161bfa1de07f9af31f,2015-08,Essex Police,Essex Police,0.733725,51.535959,On or near BRUNSWICK ROAD,E01015892,Southend-on-Sea 016D,Investigation complete; no suspect identified
39b50ee89d98b01a23f8ee8bf227bf04221d3fa0de3b249ab5a2fba319ebb321,2015-08,Essex Police,Essex Police,0.517309,51.603568,On or near STEVENSON WAY,E01021342,Basildon 008B,Investigation complete; no suspect identified
442579e958b396e7b51e7b8139be8c2641268e639bae2b8afe32f9653029162f,2015-08,Essex Police,Essex Police,0.703284,51.548401,On or near ROOTS HALL AVENUE,E01015861,Southend-on-Sea 004E,Investigation complete; no suspect identified
cc0abc79b138075536bc398887c5c9e5117974ef6249efcbe678e9aad144d8bd,2015-08,Essex Police,Essex Police,0.757167,51.746625,On or near ST PETERS CLOSE,E01021909,Maldon 001B,Investigation complete; no suspect identified
c1f7e5cc535af41c4c10b9429f300049a268ab87ced7ae1204db2af1c5c417c2,2015-08,Essex Police,Essex Police,1.082324,51.794017,On or near ST CLERES HALL LANE,E01022045,Tendring 018D,Investigation complete; no suspect identified
5aed0044f605b58f7ebe1830f436bc84be3f6922f49a42bda6ebab1333e47f76,2015-08,Essex Police,Essex Police,0.605828,51.585708,On or near Shopping Area,E01021962,Rochford 008C,Investigation complete; no suspect identified
7d016ce22afb4d347df504eb16bb650ee5138ea4e486b8fc5c1322b6085a2f5b,2015-08,Essex Police,Essex Police,0.718637,51.542191,On or near SUTTON ROAD,E01015895,Southend-on-Sea 010A,Investigation complete; no suspect identified
13567609d18706d1a13b0b7a9805d119ab093ec1bdec4fb1aa6a0a02ba57188b,2015-08,Essex Police,Essex Police,0.138642,51.761491,On or near BURLEY HILL,E01021825,Harlow 005B,Investigation complete; no suspect identified
3e381ad7680b2f5dbeab4dcc7997cc8cd1ec00a3e5024322889f8e8a11eebf7f,2015-08,Essex Police,Essex Police,0.897877,51.888090,On or near Shopping Area,E01021649,Colchester 007D,Investigation complete; no suspect identified
e1429e22ce1ab700d5225ac09e8c6da5b72dd18ba6a4afbfe55fc42a37288ca8,2015-08,Essex Police,Essex Police,0.512647,51.585574,On or near RIDLEY ROAD,E01021309,Basildon 011E,Investigation complete; no suspect identified
3bcaf0531474d70b0b0fa35b1b642a0b62a493cc1e81c3a8e4a9dea3de7e4a5d,2015-08,Essex Police,Essex Police,0.571300,51.523130,On or near CHERRY CLOSE,E01021485,Castle Point 010A,Investigation complete; no suspect identified
24d350fe301a360f3b4d694656dcd8d3312b01d0b0efdd5b6951b8eff8ce5575,2015-08,Essex Police,Essex Police,0.261741,51.889938,On or near Airport/Airfield,E01022090,Uttlesford 006B,Investigation complete; no suspect identified
f7d20842cb24c3c77c5eaee212ecfac09d6389d1f63d4e436a9fbaca794679b6,2015-08,Essex Police,Essex Police,0.938831,51.887577,On or near STANLEY WOOSTER WAY,E01021700,Colchester 008E,Investigation complete; no suspect identified
a1a4972937f31f9bb4cb475f1c36ec515c7dbe76305f6886a89b8917eabbe1da,2015-08,Essex Police,Essex Police,0.244573,52.030873,On or near FAIR LEAS,E01022077,Uttlesford 001C,Investigation complete; no suspect identified
29d43077c0cabc9346b26def9146d5900d95dae9ffbbbea2eff4ca7009b52564,2015-08,Essex Police,Essex Police,1.164413,51.792051,On or near AMBLESIDE COURT,E01022048,Tendring 014C,Investigation complete; no suspect identified
0f3b0fe9a10e4c061147556aefeac9cb9049cdb4ea21aac7952acfb10556538d,2015-08,Essex Police,Essex Police,0.605360,51.650921,On or near CORAL CLOSE,E01021614,Chelmsford 019D,Investigation complete; no suspect identified
ab3677ff7a717c798f2524d1146bd5720d2b7287265c8bf8d8235eac07d61fcb,2015-08,Essex Police,Essex Police,0.082968,51.661055,On or near CHESTER CLOSE,E01021774,Epping Forest 011A,Investigation complete; no suspect identified
be58a7557f0b477740987d1295cb803b1a5d84740b0d7df3d7c4acd7c1da0e26,2015-08,Essex Police,Essex Police,0.294127,51.491792,On or near Supermarket,E01015982,Thurrock 019A,Investigation complete; no suspect identified
c8e8a4c2cafd7697e801f329670466ce77c4e9db90751372254684fa0f5e783b,2015-08,Essex Police,Essex Police,1.154354,51.788616,On or near COLNE ROAD,E01022025,Tendring 016B,Investigation complete; no suspect identified
e540efe03590580fe9a76ada01f4433539936263de24fadb9889fd2a1cc5c3c6,2015-08,Essex Police,Essex Police,0.576071,51.530022,On or near CONCORD ROAD,E01021505,Castle Point 008D,Investigation complete; no suspect identified
ba50fb625cc7a48d4f542b120d21d61d713600e6fea6940098256390a6fa1e00,2015-08,Essex Police,Essex Police,0.324019,51.478460,On or near Theatre/Concert Hall,E01015956,Thurrock 016B,Investigation complete; no suspect identified
ac91685290d14ce3ef237e2755457cd4e9b8af2a72cb3faff68e3972baf9b0a2,2015-08,Essex Police,Essex Police,0.281531,51.509871,On or near DERRY AVENUE,E01015972,Thurrock 006C,Investigation complete; no suspect identified
9f7d1efb8ff3d7f8072bc6047f96444e113daa111154a151fa155a300d6457e3,2015-08,Essex Police,Essex Police,0.101355,51.670628,On or near THRIFTS MEAD,E01021803,Epping Forest 010B,Investigation complete; no suspect identified
8ce35886a1f9b2d1c770c74b22d455ac122c5c3a3baa8e482a6c762bb8876beb,2015-08,Essex Police,Essex Police,0.525944,51.621234,On or near WINDSOR GARDENS,E01021593,Chelmsford 021A,Investigation complete; no suspect identified
896fa729a894fef6ce887eee4c7269fec2e005c585a0ac35dadbe7f7cf1bceeb,2015-08,Essex Police,Essex Police,0.054524,51.632214,On or near PENTLOW WAY,E01021742,Epping Forest 015A,Investigation complete; no suspect identified
c7d62a4d3258ec33303d9ea1b35ea718b56f8df5e5d39c8a7ba1bc994466af17,2015-08,Essex Police,Essex Police,0.115839,51.763819,On or near GREAT BRAYS,E01021819,Harlow 006A,Investigation complete; no suspect identified
45e68996d3f9d4783c09b2d282839b0d40c144b19735156c33bbd6c2751f7fa1,2015-08,Essex Police,Essex Police,0.277434,51.486092,On or near Shopping Area,E01016012,Thurrock 015C,Investigation complete; no suspect identified
553f074bd0cc5a1769464261eff62d7fee545e660fe7292d238a794c4d80edb7,2015-08,Essex Police,Essex Police,0.121634,51.724804,On or near Sports/Recreation Area,E01021761,Epping Forest 005B,Investigation complete; no suspect identified
b196dfb1c18f3f22acb4b7f6098c25086d3a3cf2ea0e0f86c3dbe4e142627552,2015-08,Essex Police,Essex Police,1.140195,51.801910,On or near HAMPSTEAD AVENUE,E01022022,Tendring 013D,Investigation complete; no suspect identified
44595fe37f1ba88195a9996aa8da4f55c9fc82f25f6cea5bae0089da632c9631,2015-08,Essex Police,Essex Police,0.108071,51.697207,On or near Supermarket,E01021762,Epping Forest 005C,Investigation complete; no suspect identified
966d799220b6f6018a45b91e1de114c2ccea302b0ca694cc08f984a9a30cfcb7,2015-08,Essex Police,Essex Police,0.489560,51.575481,On or near AVON WAY,E01021270,Basildon 012D,Investigation complete; no suspect identified
d5f96773ae96e5448c10e240ef686e0666c5f03821cba23f430b7a52d33bccb9,2015-08,Essex Police,Essex Police,0.261741,51.889938,On or near Airport/Airfield,E01022090,Uttlesford 006B,Investigation complete; no suspect identified
2cd92e426d53c4facbb3ebf3ce75d93afedeb194a5a75afe12b40d3f8396b1d5,2015-08,Essex Police,Essex Police,0.629401,51.548921,On or near Petrol Station,E01015911,Southend-on-Sea 008D,Investigation complete; no suspect identified
bece1f8ea8bf640abdab0a6060d17a22183e75614c0e34bc54b10768aeec3de9,2015-08,Essex Police,Essex Police,0.807658,51.694048,On or near BRADWELL ROAD,E01021901,Maldon 006A,Investigation complete; no suspect identified
68c4dcb4c42d804c6a5255021061ebcb39fdb430a5e6008739137c046c9b3120,2015-08,Essex Police,Essex Police,1.268668,51.845717,On or near SOUTHCLIFF,E01022056,Tendring 006E,Investigation complete; no suspect identified
02ebd170768f64b94f7eea5bfb52423c4e4f87dad02dc056326936ba71517117,2015-08,Essex Police,Essex Police,0.564475,51.544836,On or near SCHOOL LANE,E01021480,Castle Point 007A,Investigation complete; no suspect identified
91a26f0839a654c14ecd0c203910348ee4b55c724679369facca921c8fb0c782,2015-08,Essex Police,Essex Police,0.501861,51.716260,On or near Parking Area,E01021562,Chelmsford 014A,Investigation complete; no suspect identified
2a038632d680fde1663da02a3ddafbe6f3433f10c2426e4257a656cdc6562bdd,2015-08,Essex Police,Essex Police,0.667432,51.564079,On or near KENT ELMS CLOSE,E01015864,Southend-on-Sea 002B,Investigation complete; no suspect identified
ae89ce07c1c80ea1af1a04325791710ae62c2100d8e471c706794ab2b799d35d,2015-08,Essex Police,Essex Police,0.277554,51.476647,On or near THIRD AVENUE,E01016012,Thurrock 015C,Investigation complete; no suspect identified
034cb8403ff8089f10060914e5e16bfe36d793d57a142422d7b19833eb1aab09,2015-08,Essex Police,Essex Police,0.786680,51.536187,On or near ANSON CHASE,E01015882,Southend-on-Sea 013G,Investigation complete; no suspect identified
b4d2f88b89099df5ef910f2b8e174649f805fd8ec5b6794ae2c8d7407dffbabf,2015-08,Essex Police,Essex Police,1.168518,51.815829,On or near GORSE LANE,E01021984,Tendring 010A,Investigation complete; no suspect identified
4484b552bee7eaf064203bb4d8db31e18626daad1d8ca7d1687706a20a62d1e8,2015-08,Essex Police,Essex Police,0.918776,51.893455,On or near Supermarket,E01021704,Colchester 022F,Investigation complete; no suspect identified
aa35561975589e5ac0fa70e6aa3b9c86f50f7d9936bdd6d480f92e53aca87467,2015-08,Essex Police,Essex Police,0.477914,51.563560,On or near SOUTH COLNE,E01021323,Basildon 019B,Investigation complete; no suspect identified
6f10c5a7def0129a64b94cd90affd40d6ccf82ccbb24200fcfb32ab6931558d0,2015-08,Essex Police,Essex Police,0.362496,51.459417,On or near WELLINGTON ROAD,E01016004,Thurrock 018B,Investigation complete; no suspect identified
1a68f54cc80f38a6d5570257cbf3c339cf1a74858e0be8da265a05b649b5d06b,2015-08,Essex Police,Essex Police,0.365925,51.488692,On or near HEATH ROAD,E01015937,Thurrock 012E,Investigation complete; no suspect identified
bda513955f6ce224036f64755e408accf760cafd5346234263334e8f39f1b658,2015-08,Essex Police,Essex Police,0.903575,51.888768,On or near Theme/Adventure Park,E01021648,Colchester 007C,Investigation complete; no suspect identified
d997d83a88ff10fa556dbe695ace858530f68b3b4e57d1fdd527c26bad0e25a0,2015-08,Essex Police,Essex Police,0.319731,51.477969,On or near Parking Area,E01015953,Thurrock 017C,Investigation complete; no suspect identified
c067f2caf33f5e5a4bd7dfca6898a794fd81c85afcbc9ca7db2a2f09b1da5f76,2015-08,Essex Police,Essex Police,1.103289,51.773417,On or near AUSTIN AVENUE,E01021988,Tendring 018A,Investigation complete; no suspect identified
f596199fd7ca6b40781b1697187e3c595e9b9b0d71e3e558e6de0e702b53828f,2015-08,Essex Police,Essex Police,0.777231,51.542527,On or near SHILLINGSTONE,E01015915,Southend-on-Sea 017B,Investigation complete; no suspect identified
92a053e33b07cdd9b25b606396ce13f568187394f6eeed043ac4729fce9b08ea,2015-08,Essex Police,Essex Police,0.917256,51.875371,On or near UNITY CLOSE,E01021665,Colchester 016D,Investigation complete; no suspect identified
a9ffe2fa78e7e7619ccfcc2db9b9e7f90cdd6e33a3d56b070a23152b2ecbf2b4,2015-08,Essex Police,Essex Police,0.082125,51.646763,On or near Petrol Station,E01021776,Epping Forest 011C,Investigation complete; no suspect identified
480088988b26bfee1893be529888991db64ca233a1107e36398b02d72bc40107,2015-08,Essex Police,Essex Police,0.903937,51.885827,On or near Pedestrian Subway,E01021683,Colchester 011A,Investigation complete; no suspect identified
316bb2c19bba792343c2d0864240708bac2c3d370f7124dd6aa720db1e4e59de,2015-08,Essex Police,Essex Police,0.699875,51.540772,On or near SUMMERCOURT ROAD,E01015896,Southend-on-Sea 010B,Investigation complete; no suspect identified
837a034fa4634533c9a1a385d8c8cd19af8a0eb0578c69ed2c6fde874535a2a2,2015-08,Essex Police,Essex Police,0.906862,51.865618,On or near QUEEN ELIZABETH WAY,E01021638,Colchester 018B,Formal action is not in the public interest
2451ca4d872daa33fcc41bc78de720ec7a879efa3ab4de8b37ed1f8b3baea9d3,2015-08,Essex Police,Essex Police,1.024470,51.813590,On or near SPRING ROAD,E01021980,Tendring 011B,Unable to prosecute suspect
07a17bb9d41b8e5998e03df004ce9996e91ca290073c60913ab92ff0f09894f9,2015-08,Essex Police,Essex Police,0.960008,51.859732,On or near Supermarket,E01021739,Colchester 017D,Suspect charged
e7f1c04c4de1429fd88076aa320f584dea1e4c00cc6d086f18ea332bbfc37a79,2015-08,Essex Police,Essex Police,0.785873,51.539264,On or near CHAFFINCH CLOSE,E01015882,Southend-on-Sea 013G,Unable to prosecute suspect
6f4f678094bd061405ce4060e7914dad9db662ca9dfd14fd9e6f766370e510e2,2015-08,Essex Police,Essex Police,0.722109,51.533908,On or near PLEASANT ROAD,E01015841,Southend-on-Sea 014C,Suspect charged
05e02255b1e3801d0eae00ad0787defa70bd1a077ca485bd7c84f59cff72ee5e,2015-08,Essex Police,Essex Police,0.471839,51.572348,On or near THISTLEDOWN,E01021318,Basildon 015C,Unable to prosecute suspect
0250a89202ab2d98c5bff9c42cf87d8612d33f24a040788bd34d6da517a68422,2015-08,Essex Police,Essex Police,0.498523,51.565218,On or near ELM GREEN,E01021317,Basildon 018E,Unable to prosecute suspect
01b93f20e2f6b60a24dbb3a21a1102fa9fa8fd8d2b06cc289cd99eb134a08adf,2015-08,Essex Police,Essex Police,1.025338,51.799258,On or near COLNE WAY,E01022046,Tendring 011E,Formal action is not in the public interest
7b862264dbec9c8226684a0a96ec5de1fa45eb14364ee76376753b8a6414bda0,2015-08,Essex Police,Essex Police,1.146196,51.789968,On or near Supermarket,E01022038,Tendring 017E,Suspect charged
1bba6bbf64cb31a1f7567f182f7da0c4a2082b6f168aee37891bf164a0735a82,2015-08,Essex Police,Essex Police,0.493847,51.582863,On or near PENDLE DRIVE,E01021269,Basildon 012C,Unable to prosecute suspect
c3976f2fd395bb6b28f80e439af60d5007ec3841e963f10d3cd09ec539a4674e,2015-08,Essex Police,Essex Police,0.286052,51.506051,On or near DANBURY CRESCENT,E01015931,Thurrock 007E,Unable to prosecute suspect
542e667bc95eab54729b6b9b726512feaa5c3aa7d08a08fae5e476b278db8fce,2015-08,Essex Police,Essex Police,1.029426,51.797264,On or near CRUCE WAY,E01022046,Tendring 011E,Offender given a caution
2a4faab612e38c7c90740176e0c946d9e12a99f0a19996f9e574a2bd17987cdd,2015-08,Essex Police,Essex Police,0.076183,51.728619,On or near MAGPIES,E01021741,Epping Forest 002A,Suspect charged
99bd5fc1a676e5fbffb3ed69f91ab918af11699fadd98e542fa39097ef7d44f2,2015-08,Essex Police,Essex Police,0.074118,51.643937,On or near CROSSFIELDS,E01021771,Epping Forest 013A,Offender given a drugs possession warning
08ec3f6144af318d9cbe04a2df1a1e76145d4f90257c9ec2339b3edc4b3b6c87,2015-08,Essex Police,Essex Police,1.153340,51.787393,On or near Nightclub,E01022025,Tendring 016B,Suspect charged
c70d20ae2692164a87ffd5cfd38a3324286686b44e3a49c2c4c0d4c1ccec2d7d,2015-08,Essex Police,Essex Police,0.606909,51.638107,On or near TIGHFIELD WALK,E01021607,Chelmsford 020C,Suspect charged
d5a19b62a2932abd7b45febf963e39f643f298f0fdeba507acc48bbc830a9d81,2015-08,Essex Police,Essex Police,1.187478,51.807311,On or near NANSEN ROAD,E01022033,Tendring 012B,Formal action is not in the public interest
7dbed437a001ba3b2d06470a0992912011d7628e171652ad0996c2d97171de2f,2015-08,Essex Police,Essex Police,0.714390,51.538674,On or near Parking Area,E01015852,Southend-on-Sea 015B,Formal action is not in the public interest
83b5a70d7181561ea1f9548bf16ca9ebb913965ec1eee65af0a4afb252969d69,2015-08,Essex Police,Essex Police,1.132407,51.797981,On or near TULIP WAY,E01022023,Tendring 015A,Formal action is not in the public interest
d057e2381770c9df9ac39cb90542d4b2a68eee901c1272b300fedd0c8977f75d,2015-08,Essex Police,Essex Police,0.505943,51.579710,On or near BARTLOW SIDE,E01021302,Basildon 013B,Local resolution
49b6f114eba95b79357e8f68fb05a89ec1682ca30e49e9427e33c34ad710e52c,2015-08,Essex Police,Essex Police,1.148679,51.788768,On or near WEST AVENUE,E01022025,Tendring 016B,Unable to prosecute suspect
4847f25b8945fdf46ebdb99f0c8e9c9293749f460b0935e5d66c7653f76026cc,2015-08,Essex Police,Essex Police,0.613244,51.623361,On or near FERRY ROAD,E01021943,Rochford 001B,Suspect charged
fd19dcba97c213745a26ab09fefe19b44eee1381b1f545d558e4f67420f4563f,2015-08,Essex Police,Essex Police,0.331898,51.475381,On or near Parking Area,E01015962,Thurrock 016E,Formal action is not in the public interest
564798eaed30eea316dd70f1ec42c02b591bb2b10903b449dff0af7c49ddae8a,2015-08,Essex Police,Essex Police,0.299706,51.619123,On or near Parking Area,E01021436,Brentwood 007B,Formal action is not in the public interest
84a97552c6fa28774f9810a94aa34ef4274ff6b2c9aa11fbb99e32413acd3cb6,2015-08,Essex Police,Essex Police,0.534258,51.608653,On or near RUSSELL GARDENS,E01021340,Basildon 007C,Local resolution
cfe17bc564462788edfce132aa67186e06a7b137daa0d42dadc42a937f51f746,2015-08,Essex Police,Essex Police,0.518117,51.620000,On or near Conference/Exhibition Centre,E01021338,Basildon 005C,Unable to prosecute suspect
5ec667b45ea5cee28454f0cef38bb11daeba8aa323f1673bebadd8c1157bea17,2015-08,Essex Police,Essex Police,0.137629,51.766437,On or near MALLARDS RISE,E01021827,Harlow 005D,Unable to prosecute suspect
758b7cfff8852cc392c7b9ff091e364b5a8177e3cfef09682d87182f3f08aef5,2015-08,Essex Police,Essex Police,1.271384,51.927535,On or near Park/Open Space,E01022005,Tendring 004E,Local resolution
f2381308eb2a30b6bacd241a667e5d3ef569ab0014e55c9a240eff2af8aab39c,2015-08,Essex Police,Essex Police,0.281531,51.509871,On or near DERRY AVENUE,E01015972,Thurrock 006C,Formal action is not in the public interest
c5fb00913a62e6c073961ebd3b106c63b1745a222dbba7ef5c5a4c5d69c61b74,2015-08,Essex Police,Essex Police,0.256976,52.022695,On or near HORN BOOK,E01022081,Uttlesford 002F,Local resolution
a5b84f5653fd513a18a9fc2b3fb619dc41c6fda3cddb04a48ac7b7b123e6b6d1,2015-08,Essex Police,Essex Police,0.684702,51.545167,On or near LONDON ROAD,E01015832,Southend-on-Sea 012F,Suspect charged
ff4301ede33d89de550137c78debc2250529563bd2c35d335b163975c33c8519,2015-08,Essex Police,Essex Police,0.474190,51.732359,On or near Shopping Area,E01033140,Chelmsford 010F,Local resolution
7e124749d3caf8ba3f1b3741f6b265d40436716007de9a5e9202417e4292015e,2015-08,Essex Police,Essex Police,0.412996,51.570642,On or near EASTON END,E01021276,Basildon 014C,Formal action is not in the public interest
8ee68c37d896c21d3c60d23542005a0289de95ff74d6bb97f6f969fa23430afe,2015-08,Essex Police,Essex Police,0.142067,51.783343,On or near MULBERRY GREEN,E01021857,Harlow 001D,Formal action is not in the public interest
adbaf6a42d61d44fd31170910decece0f0309612d14f9e951061fe0d696f4d2b,2015-08,Essex Police,Essex Police,1.125924,51.798208,On or near MENDLESHAM CLOSE,E01022031,Tendring 015D,Formal action is not in the public interest
e7d65e8ce7063d0579f8c1c3c45cc7cab86b646f1b886b20d6171ced72e06bbf,2015-08,Essex Police,Essex Police,0.552537,51.878313,On or near MARKET PLACE,E01033459,Braintree 009F,Formal action is not in the public interest
2876d827c095639a407055dd6de5fb34d67bf21f177d998ef2b8067b6befd737,2015-08,Essex Police,Essex Police,0.303360,51.620247,On or near Supermarket,E01021436,Brentwood 007B,Suspect charged
beefc6fd6d3ab61e2624743e4380e8029f141f4dfde63646219e356cf8706699,2015-08,Essex Police,Essex Police,1.024612,51.807263,On or near OPHIR ROAD,E01021982,Tendring 011D,Formal action is not in the public interest
74b0b55f7f037bf62940487bed4a02a177271b440fb0b9d561643106aa8eca51,2015-08,Essex Police,Essex Police,0.133688,51.783963,On or near Parking Area,E01021855,Harlow 001B,Suspect charged
d0df41418cbad7e32c265d9cc3e2f1c3b83616fb88e02ae1826a589eadfb3b3d,2015-08,Essex Police,Essex Police,0.568393,51.521431,On or near LINK ROAD,E01021485,Castle Point 010A,Formal action is not in the public interest
b2a10449890efec1788ac8b20e23bf76d71324a2134fbbd05bc73128b65b7275,2015-08,Essex Police,Essex Police,0.929648,51.885162,On or near Supermarket,E01033722,Colchester 008H,Offender given a caution
952a98eab88a43c6580671896f0f6c8686fdf9ae6a1c549f5c495d54690f2c6b,2015-08,Essex Police,Essex Police,0.520537,51.592230,On or near HOVEFIELDS AVENUE,E01021344,Basildon 008D,Formal action is not in the public interest
01603da98a57fcca9040f094936610360601042b291511b5817960f428b8807b,2015-08,Essex Police,Essex Police,0.372042,51.467219,On or near DICKENS AVENUE,E01016007,Thurrock 018E,Suspect charged
85ae4ec1c0f44d7e726692b4983f7df9a21ae6c05c676a8deecac38c781226c0,2015-08,Essex Police,Essex Police,0.784918,51.540159,On or near DOVECOTE,E01015882,Southend-on-Sea 013G,Local resolution
c29b1d5b19eddb6ffacfc780c6de944bebd8848142beae2e56825e7c790691e4,2015-08,Essex Police,Essex Police,0.784784,51.541269,On or near BLACKWATER CLOSE,E01015879,Southend-on-Sea 013D,Formal action is not in the public interest
ef5eccda3740d96f04d57fb70796b593958f1d2225e45c207546d20bfef51899,2015-08,Essex Police,Essex Police,0.632197,51.940786,On or near UPPER TRINITY ROAD,E01021392,Braintree 004D,Local resolution
d455c00e963fae36bdfed1f9a6883efe5c3543eb913e0865badebe8780c1b5f8,2015-08,Essex Police,Essex Police,0.432912,51.570113,On or near TURNER CLOSE,E01021292,Basildon 017B,Unable to prosecute suspect
b136803c4a7219c518188e27b59592a82dd8ed9e9c9628a300db64bb12f0951e,2015-08,Essex Police,Essex Police,0.114717,51.768956,On or near ROSELYN GARDENS,E01021852,Harlow 003D,Offender given a caution
621df8e3574d80c08b093f9c9cfd9c67093b1a13ef2755278b579542d6299ac7,2015-08,Essex Police,Essex Police,1.269737,51.934281,On or near BIRCH AVENUE,E01021999,Tendring 001C,Formal action is not in the public interest
6d52c5bd1c3564dee59543b49b3c0a3d63376cd852dca245f210ab7ef12a20f8,2015-08,Essex Police,Essex Police,0.724916,51.543475,On or near BRANKSOME ROAD,E01015843,Southend-on-Sea 014E,Unable to prosecute suspect
a98d0762a1736265c8bb5cd8aae8cb6419c708024eb15b5d9aec4e80a367838b,2015-08,Essex Police,Essex Police,0.725830,51.539461,On or near WINDERMERE ROAD,E01015839,Southend-on-Sea 014A,Unable to prosecute suspect
7ee0f35522c86261cd8f7fb11bed33748f92e130d5fe4ed73570624c143150c1,2015-08,Essex Police,Essex Police,0.637889,51.948266,On or near Hospital,E01021390,Braintree 006B,Formal action is not in the public interest
d07abebcedd2a482cab0635e785f32c577ff41e9d10599a142573009e4aa6dd1,2015-08,Essex Police,Essex Police,0.253167,51.499907,On or near CHICHESTER CLOSE,E01015926,Thurrock 008E,Formal action is not in the public interest
3c73f1e2157ea600d3e1b62e9de0d88bdf6dc7a11d671d4e7e1db0e34071d306,2015-08,Essex Police,Essex Police,0.689621,51.541026,On or near FINCHLEY ROAD,E01015831,Southend-on-Sea 012E,Formal action is not in the public interest
6d395389abab95feeac8a5c56643db02fa4aee54025f08173ba5a52b5159932b,2015-08,Essex Police,Essex Police,0.741996,51.549265,On or near SHERWOOD WAY,E01015886,Southend-on-Sea 009D,Suspect charged
63b1ab706e9644b53069281f71f3ce33cd98376d79ffba0b09cb19676b70db7e,2015-08,Essex Police,Essex Police,0.520989,51.612635,On or near Supermarket,E01021331,Basildon 008A,Suspect charged
c660bfb008deb62ac44b3694cabffec84fb6ba6755b5d14a302940f6ea7a0937,2015-08,Essex Police,Essex Police,0.138429,51.772007,On or near GREAT AUGUR STREET,E01021857,Harlow 001D,Suspect charged
194f07907d6ebc7a55dba73aa17df207584ccf7867b2e547433c2e027fb2e20b,2015-08,Essex Police,Essex Police,1.083978,51.799559,On or near ROCHFORD ROAD,E01022045,Tendring 018D,Unable to prosecute suspect
964d2a210a62e9947ed74dedd26359e2ad721b2af6113d6512acb1d71777718e,2015-08,Essex Police,Essex Police,0.897808,51.901249,On or near Supermarket,E01021679,Colchester 004A,Local resolution
16af26348e3ded4a549cdcb684f3ad2a461a157bb7cc322f1e5d6c48eb0c750f,2015-08,Essex Police,Essex Police,0.439162,51.572556,On or near JERMAYNS,E01021291,Basildon 016E,Formal action is not in the public interest
8f6a700e26f85b7009831923808bd1c5f37177baf04dbc4475345766e3a8f887,2015-08,Essex Police,Essex Police,0.446005,51.534686,On or near MILTON ROAD,E01015997,Thurrock 001D,Formal action is not in the public interest
9416374af4902107002f012a85aa394586001a9652af179d88d477a49f78db58,2015-08,Essex Police,Essex Police,0.612689,51.625001,On or near RYDAL CLOSE,E01021942,Rochford 001A,Unable to prosecute suspect
c3815cdff10f5ff465aee7ad0f8b52e636471688c119be720a65c8fec80d5abd,2015-08,Essex Police,Essex Police,0.474190,51.732359,On or near Shopping Area,E01033140,Chelmsford 010F,Suspect charged
4a4490f1023c7854e13b5857309ee8b4ea156e585df47aea57edcb015d4dace3,2015-08,Essex Police,Essex Police,0.577528,51.522624,On or near LITTLE GYPPS CLOSE,E01021488,Castle Point 010C,Formal action is not in the public interest
93faaf18294a3d34fc52249efc64157300eb19cfe902304100c1e6548f12dd84,2015-08,Essex Police,Essex Police,0.897077,51.860742,On or near TRAVERS ROAD,E01021639,Colchester 018C,Formal action is not in the public interest
f92bda543986cc765723f845fa3ce31fb1c7d85addc42db709b0fff749813dcf,2015-08,Essex Police,Essex Police,0.695119,51.541061,On or near Supermarket,E01015855,Southend-on-Sea 015E,Suspect charged
62a7576923d3f029adac8d1a946ad0328a36f8d0462d51a230f34d4017817b7e,2015-08,Essex Police,Essex Police,0.091222,51.607591,On or near TROTWOOD,E01021765,Epping Forest 017B,Suspect charged
0df083931355d725d69be7640e34e71831b6235e4aa8125e0da6c5fb6bf9a0e3,2015-08,Essex Police,Essex Police,0.239421,52.012950,On or near LAWS CLOSE,E01022074,Uttlesford 002A,Formal action is not in the public interest
67d7f47a98d031d3dd9ccfae4d2afc4a05e6a33e69f3fd3fbb3d1053b1c9646c,2015-08,Essex Police,Essex Police,1.233028,51.926023,On or near ALDON CLOSE,E01022002,Tendring 004C,Suspect charged
10303e800904c9ca3f31b6496f1c5adfbd8a536ea1dfcc34183c2f55cd853cd4,2015-08,Essex Police,Essex Police,0.697031,51.547304,On or near WENHAM DRIVE,E01015907,Southend-on-Sea 007G,Unable to prosecute suspect
26e8ecd4e39ef15780d62de1400856814ceb3c658eb37fca89723d71178ea08d,2015-08,Essex Police,Essex Police,0.453841,51.570981,On or near WESTGATE,E01021318,Basildon 015C,Suspect charged
f9fd9633597f3a57a1ab5316ec86229afb853950d44b7586c154cc37a96eda24,2015-08,Essex Police,Essex Police,0.903688,51.886463,On or near ST BOTOLPH'S STREET,E01021649,Colchester 007D,Suspect charged
18eecd0837310eab1cc561ffadb15cd9c58d9bc8ce4f57a1accb968b19325e29,2015-08,Essex Police,Essex Police,0.486976,51.582083,On or near Parking Area,E01021267,Basildon 012B,Suspect charged
a6dd8a4f7980d5335d66469580599f9bca3696bd31ae277c99245eb9882a40fa,2015-08,Essex Police,Essex Police,0.291959,51.505153,On or near COLNE CLOSE,E01015930,Thurrock 007D,Formal action is not in the public interest
fb9501ab048b39bfb71ed49b7e5dcaabdba094caef6fb565e3048a72da323d42,2015-08,Essex Police,Essex Police,0.502267,51.562719,On or near Supermarket,E01021310,Basildon 022B,Offender given a caution
7b2fa81802e6295927a25fd17995eb51ee8b13bfa0a8e6a8bbbd44604dd7cfa7,2015-08,Essex Police,Essex Police,0.614241,51.628627,On or near Parking Area,E01021942,Rochford 001A,Formal action is not in the public interest
3fad9a52ffef50c194f5ffabd4dd995dc95a6745b5dc5c7398ad687714d14111,2015-08,Essex Police,Essex Police,0.622101,51.807499,On or near SAMPHIRE CLOSE,E01021425,Braintree 016B,Unable to prosecute suspect
1bbfa6748ee407f509f0e23293251d5255a134f96c1ce7882300d5ba8cde0535,2015-08,Essex Police,Essex Police,0.929648,51.885162,On or near Supermarket,E01033722,Colchester 008H,Offender given penalty notice
16c7001be4eb61a58a8549a1551ce75e65b257501421d289864002abc472d86f,2015-08,Essex Police,Essex Police,1.177795,51.806404,On or near DERWENT GARDENS,E01022033,Tendring 012B,Formal action is not in the public interest
f984886f2ac6859423ea3cba44bf21711a73a8751f4c912e63037bc17a6b6adc,2015-08,Essex Police,Essex Police,1.124561,51.796535,On or near BAWDSEY CLOSE,E01022030,Tendring 015C,Unable to prosecute suspect
ef55bf8f066da0861612b0584c75577b619d18d57a2c01bd1dcd17697e37eb4e,2015-08,Essex Police,Essex Police,0.697102,51.742309,On or near SANDPIPER CLOSE,E01021884,Maldon 003A,Formal action is not in the public interest
bd2cc3eb31ccc522ea9f1cba94596e392926a317286556ca319aefb04ddbcaa2,2015-08,Essex Police,Essex Police,0.790067,51.535693,On or near Pedestrian Subway,E01015877,Southend-on-Sea 013B,Local resolution
7491d2eda78c1a696797a3661a4e409e875a98d496178b33f2e8dad4f52ef150,2015-08,Essex Police,Essex Police,0.556413,51.879785,On or near CROFT CLOSE,E01033459,Braintree 009F,Unable to prosecute suspect
914338856a51afd762bb501cda07a4a6d2f8148c04896c1d6ecc7363d2a367ad,2015-08,Essex Police,Essex Police,0.620339,51.808896,On or near SPEEDWELL CLOSE,E01021425,Braintree 016B,Local resolution
6a10487b4d0a030baa123b6b9c4ee10ffa347470766d54e431689bc39a79f7b0,2015-08,Essex Police,Essex Police,1.030364,51.810811,On or near MARGARET CLOSE,E01021981,Tendring 011C,Suspect charged
2f963ceebbf79625154401a56158237e70a5d280cc81b2c1d642c579872d9bc1,2015-08,Essex Police,Essex Police,0.878844,51.881156,On or near AUDLEY ROAD,E01021653,Colchester 013C,Suspect charged
6b3d3547f75feab89647925f1beceace25a3265fa8fd9d9d133e80a570a77b13,2015-08,Essex Police,Essex Police,0.324019,51.478460,On or near Theatre/Concert Hall,E01015956,Thurrock 016B,Formal action is not in the public interest
6d4a46596673a129feecbff19cabeb442d9f123fbd688cedb10c786ecf1fcb90,2015-08,Essex Police,Essex Police,0.558566,51.864207,On or near MARLOWE CLOSE,E01021374,Braintree 011E,Unable to prosecute suspect
6235a5961737eda445218a74be4f35cb3743e48ae128b01f712c28b7f81fdbbb,2015-08,Essex Police,Essex Police,0.108071,51.697207,On or near Supermarket,E01021762,Epping Forest 005C,Suspect charged
aa9ea79e22a57f2c0e05318691c1014b13f53fb455a73ffa0b88008a33bc6c71,2015-08,Essex Police,Essex Police,0.454957,51.720604,On or near WIDFORD CHASE,E01021556,Chelmsford 012A,Suspect charged
79123b24f242f000153e22bfaf451a0441a4e7d97b8e1f12da58b4e3408ed74e,2015-08,Essex Police,Essex Police,0.576800,51.528621,On or near DELVIEW,E01021508,Castle Point 010F,Unable to prosecute suspect
53f07a9f0d149e38b132b837c0ec00a242dd1ba0cc8158d15c1bbfcbe8f0bd59,2015-08,Essex Police,Essex Police,1.253436,51.943665,On or near TYLER STREET,E01033051,Tendring 002F,Formal action is not in the public interest
cc3cd085afb984e19c0796bc9bfee48923f3ba31e1ab6d858dadc3386707f80b,2015-08,Essex Police,Essex Police,0.557946,51.520751,On or near CHARFLEETS CLOSE,E01021503,Castle Point 010D,Formal action is not in the public interest
6efb33776e3b94311b5dccec0f2920e1d74f84674f12846d2aefc3875408e6ae,2015-08,Essex Police,Essex Police,0.654021,51.558781,On or near BIRCHE CLOSE,E01015819,Southend-on-Sea 003F,Local resolution
7a6a3cd8772e10ede87fdd1f5e2680b29746b8fddf063b2bc92166389860e549,2015-08,Essex Police,Essex Police,0.453841,51.570981,On or near WESTGATE,E01021318,Basildon 015C,Suspect charged
999e58f83f782be8e74abf044980e7f45c8fc7411762d013d1f0b7e7ccf9999f,2015-08,Essex Police,Essex Police,0.776275,51.799480,On or near STOCKHOUSE CLOSE,E01021911,Maldon 001D,Local resolution
92e67f1aec8a89ee36dd6173a96012536ad20411db970dcad31aa7dfa89189c4,2015-08,Essex Police,Essex Police,0.959709,51.846546,On or near FRERE WAY,E01021694,Colchester 019D,Unable to prosecute suspect
a7a1e2587678dfa268cca64f0c2adfa70ac80acf3db5e3f28ba40e8fbade8fd9,2015-08,Essex Police,Essex Police,0.113929,51.775651,On or near THE STOW,E01021845,Harlow 002B,Unable to prosecute suspect
46154942dd7cb2177a0a397d65bf13d6289d42fd23b033b5cb2cb65aacd88cff,2015-08,Essex Police,Essex Police,0.915843,51.884300,On or near CANNON ROAD,E01021687,Colchester 011E,Formal action is not in the public interest
e78082806d22c2d7200421d72d0e2820fa00bac58344a50e905c321220c818cb,2015-08,Essex Police,Essex Police,0.503664,51.572905,On or near WIMBISH END,E01021306,Basildon 013E,Unable to prosecute suspect
68a7b60d9f1472598652b1a4eaa4bb1e646a301b821f672d23365170a980c1c4,2015-08,Essex Police,Essex Police,1.148025,51.787913,On or near Police Station,E01022037,Tendring 017D,Unable to prosecute suspect
9d685274bd54837aed7d691e0a49f491c69b0dbb1f6a2e077e1be8dff006d308,2015-08,Essex Police,Essex Police,0.459996,51.740885,On or near GOODIER ROAD,E01021575,Chelmsford 009B,Formal action is not in the public interest
5e8bf5699cfafca80a304db684e4b2db9d7faeacf33bacdb3c7588b938c30d07,2015-08,Essex Police,Essex Police,0.459996,51.740885,On or near GOODIER ROAD,E01021575,Chelmsford 009B,Formal action is not in the public interest
17b25b838ebe24c10eef5e8798a9d8ba8119776e831cbebc53e16e2e54f33262,2015-08,Essex Police,Essex Police,0.451568,51.563609,On or near EASTLEY,E01021297,Basildon 020D,Investigation complete; no suspect identified
77536b595d154771dbe54362cd2df6711d407623c86e12e3024288d35e982ee1,2015-08,Essex Police,Essex Police,0.108443,51.768997,On or near PARSONAGE LEYS,E01021852,Harlow 003D,Suspect charged
ab915c4ba3ff961597f96a11da4241ba9c43961b69ff0e8edb106eb60e6ec10c,2015-08,Essex Police,Essex Police,0.784784,51.541269,On or near BLACKWATER CLOSE,E01015879,Southend-on-Sea 013D,Formal action is not in the public interest
81bb51d5b5b7a8beddb26728b06ed5676f8845da96bfaf6f794d029d79df71aa,2015-08,Essex Police,Essex Police,0.605084,51.582047,On or near MOAT RISE,E01021966,Rochford 008F,Unable to prosecute suspect
0ada2f78bbb8c650ff7d7c668da545f9da69c5b405f16db671462a514911b60c,2015-08,Essex Police,Essex Police,0.583458,51.562928,On or near Further/Higher Educational Building,E01021512,Castle Point 004D,Investigation complete; no suspect identified
9c1e6656eb36411734e7c04278d7c78f1d1e8c186d2f9eff32e703b40d515b1e,2015-08,Essex Police,Essex Police,0.639574,51.800651,On or near Parking Area,E01021416,Braintree 017B,Suspect charged
78e66de5429ba21c96f44fbde3b46a91f3d3226e565fc6e84a8784675b652bbc,2015-08,Essex Police,Essex Police,0.294403,51.625693,On or near BROWNE CLOSE,E01021434,Brentwood 004C,Formal action is not in the public interest
af0449b56b373c664b79ad688513e60611139c3240bc141d66464b25daccc339,2015-08,Essex Police,Essex Police,1.152845,51.797551,On or near WELLESLEY ROAD,E01022043,Tendring 014B,Unable to prosecute suspect
057390c1ededff2e40f0e8b2390835f94cc4293ac70082a24852c9304f3ae0e4,2015-08,Essex Police,Essex Police,1.162243,51.792127,On or near ST PAUL'S ROAD,E01022049,Tendring 014D,Formal action is not in the public interest
ac3d96d079df85f79b8b15da010289c4e3628943a32a81f2b5203b005f079834,2015-08,Essex Police,Essex Police,0.243209,51.877938,On or near TAYLORS END ROAD,E01022090,Uttlesford 006B,Unable to prosecute suspect
843eaf69c5ba0314c9f24cd4eb9ca23e8d61a2f94242601bccb354f91783501a,2015-08,Essex Police,Essex Police,0.708006,51.550666,On or near ST BENET'S ROAD,E01015861,Southend-on-Sea 004E,Investigation complete; no suspect identified
6e35465d8b0d0d8574946a2605150839bf7f47f9fcf4dbc1eb0a335ae69977a5,2015-08,Essex Police,Essex Police,1.161669,51.848149,On or near Parking Area,E01021974,Tendring 007B,Investigation complete; no suspect identified
e168c4299e9d74860f45f18169bebc1e09e857072942e9545e9a86978e376973,2015-08,Essex Police,Essex Police,0.462457,51.585127,On or near Nightclub,E01021268,Basildon 015B,Investigation complete; no suspect identified
b0f559175ebc2dd9d75a73b54c067acabb3b36971704e2addf07b3c25ccfc7cb,2015-08,Essex Police,Essex Police,0.256580,51.501622,On or near MARTIN ROAD,E01015923,Thurrock 008B,Local resolution
0e576dd0bd76a0128bfeee7697ae4d6815d1877cfea983ace844dd3fd6011cfd,2015-08,Essex Police,Essex Police,1.177795,51.806404,On or near DERWENT GARDENS,E01022033,Tendring 012B,Formal action is not in the public interest
d468a613990967ff1802a1a5b66fcb1a1ee9a50f422e1056ddb837131866855c,2015-08,Essex Police,Essex Police,0.066882,51.765338,On or near Bus/Coach Station,E01021840,Harlow 004B,Unable to prosecute suspect
c6b9baba85007d15b508c34bdb1a32444b3ad4f092425f81a8637cebb3828b9a,2015-08,Essex Police,Essex Police,1.159404,51.813754,On or near SHALFLEET COURT,E01022040,Tendring 010C,Investigation complete; no suspect identified
2735117767a023a8b583ace70cf3116d775bbaaabfb506c2f0de5200d3693de5,2015-08,Essex Police,Essex Police,0.321375,51.474906,On or near VICARAGE SQUARE,E01015953,Thurrock 017C,Unable to prosecute suspect
7bf497d961771ea86cc589418e368ac782752e6bb48bdc2533b9cd489000fa13,2015-08,Essex Police,Essex Police,1.121422,51.775455,On or near BADMINTON ROAD,E01021988,Tendring 018A,Investigation complete; no suspect identified
c0c31cdf08fe6cfe3e0981150659e0c71f2ff8975a01b6bff44b6c8a90531393,2015-08,Essex Police,Essex Police,0.270445,51.486039,On or near Parking Area,E01016012,Thurrock 015C,Investigation complete; no suspect identified
c25b009c2bf307140ca80488ab66c5c6205800f1d8d4f3dfd5d55fa42002831a,2015-08,Essex Police,Essex Police,0.875770,51.866455,On or near LITTLEFIELD ROAD,E01021714,Colchester 015D,Investigation complete; no suspect identified
be026a177daf1b2894743b711f08c4294062ffbb1093fa9ea6fbd82e25b3a5d5,2015-08,Essex Police,Essex Police,0.264850,51.609036,On or near Petrol Station,E01021468,Brentwood 006D,Investigation complete; no suspect identified
010cda4766a68b020a9b623db16a3b01ffd5c83fdd28e54b98da377e1e8f95d4,2015-08,Essex Police,Essex Police,0.270445,51.486039,On or near Parking Area,E01016012,Thurrock 015C,Investigation complete; no suspect identified
f3805f277feeaee1a26f9140c6aea8a93df25220adf6e1d06af8f4e5ec4753e2,2015-08,Essex Police,Essex Police,0.053376,51.644553,On or near Parking Area,E01021781,Epping Forest 014B,Investigation complete; no suspect identified
952860a44da5fc74f4a05af0bebdde02c25349d3e750ea24e1d1f9c1b0f623b4,2015-08,Essex Police,Essex Police,1.101711,51.773234,On or near RILEY AVENUE,E01021988,Tendring 018A,Investigation complete; no suspect identified
c9a2f020a2a878551d0e886951730835f64199a59403ce412f9e6cafedab85fd,2015-08,Essex Police,Essex Police,0.108071,51.697207,On or near Supermarket,E01021762,Epping Forest 005C,Suspect charged
9c1f4d94eb24ea5a21196fbbf76367e97d7467b70af8100a63e1cdf470a1979c,2015-08,Essex Police,Essex Police,0.819305,51.664198,On or near CROWN WAY,E01021904,Maldon 006B,Formal action is not in the public interest
fcb597c72bf1739f160b98e1a3f6c2aebe3544582b39cc24d4113324998d7b0d,2015-08,Essex Police,Essex Police,0.589048,51.856246,On or near Petrol Station,E01021380,Braintree 012E,Investigation complete; no suspect identified
3d4cabb523c129fdfeafad90a6bc359a70c27726a81530f17a720807efa20b4e,2015-08,Essex Police,Essex Police,0.713791,51.540730,On or near CHICHESTER ROAD,E01015895,Southend-on-Sea 010A,Investigation complete; no suspect identified
11a5748dd4205a1839c65cf113ffbd2ace779b3b54041f6ad69087da329bd49f,2015-08,Essex Police,Essex Police,0.054540,51.636413,On or near DANBURY ROAD,E01021785,Epping Forest 014D,Investigation complete; no suspect identified
dfc317ed8c31a8832333b4aa08f2de783967933caa3bdd7c6448ec87dea56b1d,2015-08,Essex Police,Essex Police,1.066463,51.797967,On or near Parking Area,E01022047,Tendring 018E,Formal action is not in the public interest
21a3db979491b2e38747dae9be8257e01aaa1b2f012a72878a8588aa444b596d,2015-08,Essex Police,Essex Police,0.630444,51.937686,On or near Sports/Recreation Area,E01021393,Braintree 004E,Formal action is not in the public interest
3eeef6a8d253620ce3bce4019914218739dec49d6a0b5fda8fb425cf37bcc8cc,2015-08,Essex Police,Essex Police,0.906006,51.886361,On or near Parking Area,E01021686,Colchester 011D,Unable to prosecute suspect
d9ae3684b20950445b0478455e8123398bbea529fb1a9d4ba67421b0f475688d,2015-08,Essex Police,Essex Police,0.070517,51.643893,On or near PARKMEAD,E01021773,Epping Forest 013C,Investigation complete; no suspect identified
31da6aa087beefb84f97fb945dd05fa4d3eff3c73c230c3e148b45331da37fad,2015-08,Essex Police,Essex Police,0.839130,51.702996,On or near ST LAWRENCE HILL,E01021901,Maldon 006A,Investigation complete; no suspect identified
08c31c2e332afe00ee68e8d1ec8c67f20ebc1fa6757f8d0137f8c85452ffbc53,2015-08,Essex Police,Essex Police,0.718637,51.542191,On or near SUTTON ROAD,E01015895,Southend-on-Sea 010A,Investigation complete; no suspect identified
3dba025126c5b9da7b2d5cff010212d62057b35cde60b7d491e32f0fdd8c239b,2015-08,Essex Police,Essex Police,0.448188,51.524586,On or near Supermarket,E01015983,Thurrock 002B,Offender given penalty notice
3442da6eb71f803561c01011f94da0a22baa5cf5e84ded43dd82b5fcf32ac38d,2015-08,Essex Police,Essex Police,0.638737,52.014229,On or near CHURCH STREET,E01021398,Braintree 002A,Investigation complete; no suspect identified
b52f70dba6d6dc8b02abf46c0bf458edbdf16c22e6bb6e331a81f80869c2928f,2015-08,Essex Police,Essex Police,1.064349,51.945415,On or near HIGH STREET,E01022020,Tendring 003F,Suspect charged
b877e8ee6c319310162e5af2789692255e72cd20d6334046f03eb34ae26a460a,2015-08,Essex Police,Essex Police,0.036568,51.775435,On or near B181,E01021801,Epping Forest 002E,Formal action is not in the public interest
a937c8c6df23a6a8dccc59d99facee09de71bf9203a4641f57e15e4944cd4e18,2015-08,Essex Police,Essex Police,0.466253,51.737400,On or near Parking Area,E01021574,Chelmsford 010A,Unable to prosecute suspect
85f22c371697936b21593587c01236d8c00b36e0184b227e989e2fb9a289e6d0,2015-08,Essex Police,Essex Police,0.090817,51.759231,On or near KINGSLAND,E01021868,Harlow 007B,Investigation complete; no suspect identified
268fcefa67de0c77eabcc4dbae357732298863d0dce11630f01b47a7ec5cc8e2,2015-08,Essex Police,Essex Police,0.462457,51.585127,On or near Nightclub,E01021268,Basildon 015B,Investigation complete; no suspect identified
912ffcb0a146f1abf2758b0107cd3ccdc1d26c3438f725f535613a61ab170df0,2015-08,Essex Police,Essex Police,0.496752,51.573188,On or near CHALK END,E01021306,Basildon 013E,Unable to prosecute suspect
89baebc999242e591e299d952ca3cb71b3b17c0c843b23f980f0284563fb2bff,2015-08,Essex Police,Essex Police,0.280536,51.482444,On or near Parking Area,E01016011,Thurrock 015B,Investigation complete; no suspect identified
2cc1a4af5fdc348eacd16c81aeb93badd6c8c6c719550f67bdeb41741e501a98,2015-08,Essex Police,Essex Police,0.592426,51.712029,On or near PEDLARS CLOSE,E01021572,Chelmsford 016E,Investigation complete; no suspect identified
19de7e971d79a35e826625db9a4db4b1daee9f111a6ed82987b69095fe8619b5,2015-08,Essex Police,Essex Police,0.550351,51.889997,On or near QUEENS ROAD,E01021359,Braintree 008D,Formal action is not in the public interest
75a9b0739ee2dc81d863548eface80ac5b21d44f38673f4bf9f8d9c5473a622b,2015-08,Essex Police,Essex Police,0.482111,51.580756,On or near DANBURY DOWN,E01021267,Basildon 012B,Investigation complete; no suspect identified
f193fa012eac71cb34c1ccc56778e85d37965476c1b999f576306df6b0e28f91,2015-08,Essex Police,Essex Police,0.907575,51.864054,On or near STANSTED ROAD,E01021638,Colchester 018B,Investigation complete; no suspect identified
123504f8c80567f0331f2b60859217c885480dc144de2d87cd218bd51c4c9b52,2015-08,Essex Police,Essex Police,0.900116,51.889231,On or near Shopping Area,E01021649,Colchester 007D,Suspect charged
b733bc5a6f87d62cbc8dc74b6c8ab12e6059c7c96bfa2115d510c0fb002b351a,2015-08,Essex Police,Essex Police,0.469663,51.575056,On or near GIPPESWYCK,E01021266,Basildon 015A,Suspect charged
16cfb06f0ef7a8e3434b3965bd36d7062d97d1526a489ca1bdaa56736244dbed,2015-08,Essex Police,Essex Police,0.766666,51.539098,On or near LADRAM WAY,E01015885,Southend-on-Sea 009C,Suspect charged
f270bf8b2f9a28bfb37251bb66687188aed8316cfa0b74782f58e30afc6da131,2015-08,Essex Police,Essex Police,0.484564,51.584445,On or near Pedestrian Subway,E01021267,Basildon 012B,Suspect charged
ef1849bc51c3f6a46bc49ceea1d1c43336ce38302a02039545325faaf9d1c482,2015-08,Essex Police,Essex Police,0.463364,51.728764,On or near BRADFORD STREET,E01021582,Chelmsford 010D,Suspect charged
077f004fc8e7265ed830b0eed961590f53eb7c335afb1027cbb1760183f3e083,2015-08,Essex Police,Essex Police,0.442273,51.710130,On or near Parking Area,E01021634,Chelmsford 011D,Suspect charged
fbe1416ae726bc3e5942b4db7e2c05ea4a09b9ae6b719223a6d19e19d11886dd,2015-08,Essex Police,Essex Police,0.893600,51.887800,On or near Pedestrian Subway,E01021649,Colchester 007D,Suspect charged
d493570722251ccf33b6635393d75180078b8181d100c980481907a3b4ce1943,2015-08,Essex Police,Essex Police,0.455364,51.569789,On or near Shopping Area,E01021318,Basildon 015C,Investigation complete; no suspect identified
b0abc05c22e2cb3fc42009d33fbc164afef9dcdcb0c33a4f245d6c7f8fa555da,2015-08,Essex Police,Essex Police,0.937412,51.898135,On or near PARSON'S HEATH,E01021707,Colchester 022I,Investigation complete; no suspect identified
3663127bf2ce4e85d298e87389cb7d3842a1bad39226dbef35ec729aea5759c4,2015-08,Essex Police,Essex Police,0.709632,51.549622,On or near EAST STREET,E01015899,Southend-on-Sea 010E,Unable to prosecute suspect
33860836f9ec34509730d7305037c5d13b38ffa459af2db5561a65f99b1ebfb0,2015-08,Essex Police,Essex Police,0.454862,51.747720,On or near ANDERSON AVENUE,E01021596,Chelmsford 006E,Investigation complete; no suspect identified
c93d844fef3158249c98a67eb5a7b65be5f3edb9e3a4b91028e0177ec47da05f,2015-08,Essex Police,Essex Police,0.134047,51.751646,On or near LONDON ROAD,E01021768,Epping Forest 001A,Investigation complete; no suspect identified
ddb4f38ab3ef6c92f5fdc4b8df40058b010a3592b10baf7454709abe64b1e8f2,2015-08,Essex Police,Essex Police,0.716797,51.541802,On or near COLEMAN STREET,E01015895,Southend-on-Sea 010A,Unable to prosecute suspect
a6839e38e3887c09647826f383e24eaf46a35042fc3bbf4a69a35ff9f87d119b,2015-08,Essex Police,Essex Police,0.784784,51.541269,On or near BLACKWATER CLOSE,E01015879,Southend-on-Sea 013D,Formal action is not in the public interest
27d9984e4b979a5fbc121156ee4b268cac3248c2c007d033e2c3b2bd9c1cddfa,2015-08,Essex Police,Essex Police,0.861649,51.873086,On or near SHRUB END ROAD,E01021692,Colchester 014D,Investigation complete; no suspect identified
9cebb64aacdc8bb7d8483707a936afb15d672a33c7b9de890e67e8492f43d73e,2015-08,Essex Police,Essex Police,0.712101,51.551111,On or near STATION AVENUE,E01015874,Southend-on-Sea 006F,Unable to prosecute suspect
2f5cde355e184659aad5b141d0928d407d741cfbd05e0a9cd143fdc8b7efd4dc,2015-08,Essex Police,Essex Police,0.054540,51.636413,On or near DANBURY ROAD,E01021785,Epping Forest 014D,Formal action is not in the public interest
a2fc5fbb9aa0eea7494a44c6da2d9afe272d2ae17859bb18229d6a95897a2654,2015-08,Essex Police,Essex Police,0.871980,51.871494,On or near Supermarket,E01021711,Colchester 015A,Investigation complete; no suspect identified
b63871c5fbffb8756639d137c8835b63ffc41174cc1410415a61819ef66280c2,2015-08,Essex Police,Essex Police,0.897532,51.892209,On or near SHORT CUT ROAD,E01021649,Colchester 007D,Suspect charged
cad283f9db1807c1599380b0e884a57fc54ff1b2216dacf913b40d7407435b67,2015-08,Essex Police,Essex Police,0.697031,51.547304,On or near WENHAM DRIVE,E01015907,Southend-on-Sea 007G,Unable to prosecute suspect
92583952a6a1f850965e7753c0e73254d850bc10d0d6c4347f48aa1e03c7e4e7,2015-08,Essex Police,Essex Police,0.749922,51.767120,On or near BECKINGHAM STREET,E01021909,Maldon 001B,Offender given a caution
625c8c76a354341f84d85b51f3ee70d88b563236ee6e55fb2ed427718a6ae14e,2015-08,Essex Police,Essex Police,0.639987,51.574539,On or near EASTWOOD RISE,E01015836,Southend-on-Sea 001D,Unable to prosecute suspect
56b6648321f8a93c0335a295b113da5a0f0a64775ad9b93667eca419a546906d,2015-08,Essex Police,Essex Police,0.279750,51.638325,On or near GEORGES DRIVE,E01021463,Brentwood 006C,Local resolution
badf69a0116d33d978624d058fe27a382a745e30b599b7259cc4c2cba765e632,2015-08,Essex Police,Essex Police,0.107814,51.763567,On or near NETTESWELLBURY FARM,E01021820,Harlow 006B,Suspect charged
57411c7d7b09cb31d1015b8ba026fa324180ceef473a92653e42a8adf0876b95,2015-08,Essex Police,Essex Police,0.937412,51.898135,On or near PARSON'S HEATH,E01021707,Colchester 022I,Unable to prosecute suspect
f1750abec32c6b93db6e6e44989a9a96732c09bf75b252e97192b2f6e87ddc7e,2015-08,Essex Police,Essex Police,0.328361,51.474075,On or near EXMOUTH ROAD,E01015954,Thurrock 017D,Formal action is not in the public interest
46b9ada990d4600bcbb168ba584a3e26c4bf73db7e0826a7a14d0593accbaec7,2015-08,Essex Police,Essex Police,0.910820,51.926191,On or near Petrol Station,E01021682,Colchester 004D,Investigation complete; no suspect identified
28a49e53eff0d7a33ceb3192f3738dbec8a35603a1b7f2576bec5c153d2ae1fb,2015-08,Essex Police,Essex Police,0.712497,51.540310,On or near Bus/Coach Station,E01015895,Southend-on-Sea 010A,Investigation complete; no suspect identified
65cd8cd47f58ea8cec0c1dfd3514dc58ac2a780c87f58aa69814c279ba909892,2015-08,Essex Police,Essex Police,0.713572,51.873628,On or near COLCHESTER ROAD,E01021379,Braintree 014C,Investigation complete; no suspect identified
0c2184388ccd14bba6b5d4da74db95e4ad0eb0809645ee920fa6f97ecbb675e6,2015-08,Essex Police,Essex Police,0.474190,51.732359,On or near Shopping Area,E01033140,Chelmsford 010F,Offender given penalty notice
4c92da6456a1fd21c4afa5b224a2bbb9eb574852aa5dab78f4b21b6dd5fca00d,2015-08,Essex Police,Essex Police,1.149490,51.790419,On or near ROSEMARY ROAD WEST,E01022026,Tendring 016C,Offender given a caution
5649edc3c2221ca066fd0061433e7458fe80fd02aee63d96f777487c1bf7a9cf,2015-08,Essex Police,Essex Police,0.442102,51.749119,On or near HOMEFIELD CLOSE,E01021597,Chelmsford 003B,Investigation complete; no suspect identified
5db486122c88ed970d09774af47a8b5b90d57a5193b24ad29a66cb5557a462ba,2015-08,Essex Police,Essex Police,0.911199,51.883048,On or near NEW TOWN ROAD,E01021687,Colchester 011E,Investigation complete; no suspect identified
7ddf4b5c543d1c4f07621317d62acf2d201263930c9b3319bdb24b06a8ad83a4,2015-08,Essex Police,Essex Police,0.609897,51.568557,On or near THORINGTON AVENUE,E01021531,Castle Point 002E,Investigation complete; no suspect identified
a3616a95baec09f1ce5f545a662666356cce24557b4f8fab145da83b1239d733,2015-08,Essex Police,Essex Police,0.714146,51.537250,On or near PITMANS CLOSE,E01015852,Southend-on-Sea 015B,Investigation complete; no suspect identified
92270ee1569302a2f7c7a9fe420f896993c87302e6b0681b2467288118bdb8ee,2015-08,Essex Police,Essex Police,0.730798,51.540290,On or near Petrol Station,E01015844,Southend-on-Sea 014F,Investigation complete; no suspect identified
194f07907d6ebc7a55dba73aa17df207584ccf7867b2e547433c2e027fb2e20b,2015-08,Essex Police,Essex Police,1.083978,51.799559,On or near ROCHFORD ROAD,E01022045,Tendring 018D,Unable to prosecute suspect
eadf64cde91c704aaaaf42ace04f86204eeae447c5605ee63b4ce42faebe4346,2015-08,Essex Police,Essex Police,0.907575,51.864054,On or near STANSTED ROAD,E01021638,Colchester 018B,Investigation complete; no suspect identified
0e7b6518c5a336d7669ed428f71268c9fb551c74d4d3bb3cbb1619bacb6dfe2d,2015-08,Essex Police,Essex Police,0.899183,51.910173,On or near Hospital,E01021682,Colchester 004D,Local resolution
03a6d9d7444c8860df0a6339efdd4082e258a69d1f6238e0f5c917d87c584a99,2015-08,Essex Police,Essex Police,0.517023,51.622415,On or near HASLEMERE ROAD,E01021338,Basildon 005C,Investigation complete; no suspect identified
5cf46fcdd7b439af17e27c7b7c23d5116f284b18c5276a36562072ced786b3e2,2015-08,Essex Police,Essex Police,0.698574,51.549247,On or near GAINSBOROUGH DRIVE,E01015862,Southend-on-Sea 004F,Investigation complete; no suspect identified
418897e3fbccfefb6cb3d3fd125cad39bc7c8471353c989eb44ff68365e64800,2015-08,Essex Police,Essex Police,,,No location,,,Unable to prosecute suspect
4dd3c38a33d1a8f77a31f31cee35a68529bd3084a4fbe5f6f1943e2cfe103bc5,2015-08,Essex Police,Essex Police,0.155661,51.713537,On or near HURRICANE WAY,E01021799,Epping Forest 001E,Investigation complete; no suspect identified
673d67ebea6039f8a95190181e1078ce37be0f223b90add7b09ac3b158e33fd6,2015-08,Essex Police,Essex Police,0.736455,51.548522,On or near CROSSFIELD ROAD,E01015886,Southend-on-Sea 009D,Local resolution
e6a0a2aa49cfce6af4264a26f2b1fde8167bda2b3751f4b9b61927470e0021d4,2015-08,Essex Police,Essex Police,0.674389,51.642974,On or near CHURCH ROAD,E01021902,Maldon 007F,Investigation complete; no suspect identified
b12378e6bc44dd9ede36788d01b445b7f44b2c617d0fb4f30edca0539867780e,2015-08,Essex Police,Essex Police,0.501215,51.592707,On or near SOUTHEND ARTERIAL ROAD,E01021330,Basildon 006C,Investigation complete; no suspect identified
b986102771a86ca878273459819513781cd68854ebb8cf84fc2be811f0f7141e,2015-08,Essex Police,Essex Police,1.121422,51.775455,On or near BADMINTON ROAD,E01021988,Tendring 018A,Formal action is not in the public interest
508b03c49402f48e9bceb956f40927d24a47d7058351f2807cba22b8ed1e373e,2015-08,Essex Police,Essex Police,0.455806,51.746693,On or near WEST AVENUE,E01021576,Chelmsford 006A,Unable to prosecute suspect
bbf7f9ad23c2001d006bb7be478252c31f90ce5f3b5465d5039911f971f59ab9,2015-08,Essex Police,Essex Police,0.448305,52.040276,On or near EDITH CAVELL WAY,E01021376,Braintree 001B,Investigation complete; no suspect identified
43546961246ac3908f79968bd4013e6635fd8482a11fb4f04653e361c22b5372,2015-08,Essex Police,Essex Police,0.333084,51.476607,On or near EAST THURROCK ROAD,E01015962,Thurrock 016E,Formal action is not in the public interest
4f6f196a48640d97c5001a53a2ee7e958a0eb947e27cfb333e5818649e418197,2015-08,Essex Police,Essex Police,0.540114,51.883987,On or near LAMBERTS ORCHARD,E01021358,Braintree 008C,Investigation complete; no suspect identified
eac15a897b3c3291a07ef99daaf1e5487da84348039e24e1a104ddef337c2367,2015-08,Essex Police,Essex Police,0.662280,51.562335,On or near Petrol Station,E01015818,Southend-on-Sea 003E,Investigation complete; no suspect identified
3237ac4627e8cda617599b94b047c02a5d8fb7ee877a36ed57e6a8e1489655a5,2015-08,Essex Police,Essex Police,0.243915,51.698737,On or near COOPERS HILL,E01021754,Epping Forest 004B,Investigation complete; no suspect identified
4ae4cc28d26737fc2c06c218e427969c359d160154d619dde954026847e80714,2015-08,Essex Police,Essex Police,0.683177,51.725882,On or near HORTON CLOSE,E01021889,Maldon 004A,Investigation complete; no suspect identified
4764ac188f692a92c7a666cbd10d4ba65767e7bef4c003b9c573d99c5ef9d4b6,2015-08,Essex Police,Essex Police,0.583730,51.517334,On or near BERKELEY LANE,E01021499,Castle Point 011C,Investigation complete; no suspect identified
ba5ec19ca74dc8fcdaf2820db0bd50400a230572a9dd0b91179e2146a9d4c555,2015-08,Essex Police,Essex Police,0.717040,51.532569,On or near Theme/Adventure Park,E01015851,Southend-on-Sea 015A,Formal action is not in the public interest
f93f9626b67880357f44e39fbffc93107be4e4d51ba9e085141eafad71264861,2015-08,Essex Police,Essex Police,0.485678,51.567550,On or near LINDSELL LANE,E01021327,Basildon 019E,Investigation complete; no suspect identified
4246e7c3a9215e876900e6a6316b5ceea7876ba80d87a767543bfb43cc2e2483,2015-08,Essex Police,Essex Police,0.302768,51.491164,On or near DONNELLA CLOSE,E01015941,Thurrock 020B,Local resolution
de5b0ab93224f89d70823529e3e8bb72fb54a1c5f3ec644ccc3373d56668b02b,2015-08,Essex Police,Essex Police,0.014834,51.742780,On or near PECK'S HILL,E01021792,Epping Forest 002B,Investigation complete; no suspect identified
fe76d871d50e9567cb7a17306022f6263b21027d82b90b39f4d6abd963530f7d,2015-08,Essex Police,Essex Police,0.910099,51.874118,On or near HORROCKS CLOSE,E01021665,Colchester 016D,Formal action is not in the public interest
1209d47cbd2c6c45f484854738e4d35395abd98d6f128ac13ddcbcfe02adff41,2015-08,Essex Police,Essex Police,0.484654,51.736715,On or near Prison,E01021627,Chelmsford 010E,Formal action is not in the public interest
edaf7271501cead5c0a69ce090fba5f25ce66ac53ee829dc7d70c82bc3e02089,2015-08,Essex Police,Essex Police,1.153985,51.796630,On or near HARROW ROAD,E01022043,Tendring 014B,Unable to prosecute suspect
9b61ea087d3eca3e4f0fcb8e18a88101f449cc635a9d001176ed1bf994742775,2015-08,Essex Police,Essex Police,0.537660,51.815621,On or near BRAINTREE ROAD,E01021348,Braintree 018A,Investigation complete; no suspect identified
0a41a03fa1dd463c68717604b5653e188197c6e5acce53f80e6183bb7eb71bf4,2015-08,Essex Police,Essex Police,0.534414,51.617661,On or near Parking Area,E01021339,Basildon 005D,Offender given a caution
ed4702000a07539e7be0c813f65872f090425e3b6d2c0b3c5dfa8d988e66b9d2,2015-08,Essex Police,Essex Police,0.447208,51.525119,On or near ST JOHN'S WAY,E01015983,Thurrock 002B,Suspect charged
2644213308bfb146f633c1750e3b4169cec0e615273cfe6c0da29050f010a356,2015-08,Essex Police,Essex Police,0.724546,51.555868,On or near Supermarket,E01015871,Southend-on-Sea 006C,Suspect charged
2f3a38ce782502d891220e6c3de92d57020e2ef55c23d873a211a7f3dabd9181,2015-08,Essex Police,Essex Police,0.325924,51.613705,On or near KNIGHT'S WAY,E01021437,Brentwood 008B,Unable to prosecute suspect
af2c257e6ed62143735efbc795308d3ac9dbdf5d8894a4791379e1055dbdead9,2015-08,Essex Police,Essex Police,0.467958,51.739450,On or near VICTORIA CRESCENT,E01021574,Chelmsford 010A,Investigation complete; no suspect identified
214c1a5878fc938a5f0499a483fd12e58988a4dd1b54cd4247b508fdd0a3c688,2015-08,Essex Police,Essex Police,1.060285,51.945575,On or near STATION ROAD,E01022020,Tendring 003F,Suspect charged
f79d47a77a9d323bed82b3bc49f287f92c794f5f5bc1d8c300835749a1ddd99a,2015-08,Essex Police,Essex Police,0.546007,51.885658,On or near LANCASTER WAY,E01021358,Braintree 008C,Formal action is not in the public interest
4be791e3ef2a3d7975ffc0330c0f13653f4f7bb85c29accde9a4e0b3e5ca8fc6,2015-08,Essex Police,Essex Police,0.995433,51.955797,On or near SOUTHFIELDS,E01021656,Colchester 001B,Unable to prosecute suspect
77964641dc40f4e689c1f91533f3db3dbc6b3c209693faaa4cd43aa2d499f67a,2015-08,Essex Police,Essex Police,0.316734,51.476815,On or near Supermarket,E01015953,Thurrock 017C,Investigation complete; no suspect identified
85a06573c12eb0c50a2b50462b76a1376a9af813bfe12202fd89753aaa6a0405,2015-08,Essex Police,Essex Police,0.639510,51.799555,On or near COACH HOUSE WAY,E01021415,Braintree 017A,Investigation complete; no suspect identified
1896f9d85a2951ac12333ec3469ee603c3e5a950347ea18aaec3b637c8f1ff0e,2015-08,Essex Police,Essex Police,0.895335,51.889691,On or near BALKERNE GARDENS,E01021646,Colchester 007A,Unable to prosecute suspect
f9130217fc269116e6f8fc44eb48492ed68b0a0827891b9442b7c5a001ef78a8,2015-08,Essex Police,Essex Police,0.461621,51.777417,On or near WOODLANDS WAY,E01021542,Chelmsford 002A,Local resolution
269ab6e68765a9ca46197f6e16d49003b9cf6461f5d36c68e607b5cbadfa9aec,2015-08,Essex Police,Essex Police,0.324764,51.485181,On or near HATHAWAY ROAD,E01015958,Thurrock 009B,Suspect charged
66f8b005a747acf41844376780e1c4177478c47c39022226534d5bd42d731ea6,2015-08,Essex Police,Essex Police,0.365572,51.478807,On or near THAMES VIEW,E01015935,Thurrock 012C,Unable to prosecute suspect
9cf9af350ff3f2e159902b3b6e61a263d8de36d580aeca7062d0d224e83737a2,2015-08,Essex Police,Essex Police,0.552316,51.877733,On or near Supermarket,E01033459,Braintree 009F,Investigation complete; no suspect identified
8a00511a8f6d256cb47ac785e0ff398cf51bdb4de08fc9990051174d000c1c94,2015-08,Essex Police,Essex Police,0.296350,51.523989,On or near PEARTREE CLOSE,E01015971,Thurrock 006B,Investigation complete; no suspect identified
e6f9a125ed943467575c236e3ca8d4a561103fe91fc24db4f8b8f4ad0af0672c,2015-08,Essex Police,Essex Police,0.297974,51.524452,On or near Supermarket,E01015971,Thurrock 006B,Investigation complete; no suspect identified
04f0388948ca3b1811be52dcf82e0686ef7d8748c377a2ff31572c35cffaf5d5,2015-08,Essex Police,Essex Police,0.483151,51.577047,On or near RUNDELLS WALK,E01021270,Basildon 012D,Investigation complete; no suspect identified
e127fdbcd7ad0690545418e520e843bee0f670b2efaa80ffdf9dd517b90452e3,2015-08,Essex Police,Essex Police,0.731899,51.547117,On or near GROVELANDS,E01015870,Southend-on-Sea 006B,Local resolution
666e9a2cd010410cc10695f20bb9a1ffa0ab00007b5cc2d5cc91864629b9375c,2015-08,Essex Police,Essex Police,0.376034,51.475034,On or near BIGGIN LANE,E01015950,Thurrock 013D,Formal action is not in the public interest
2f3d07cb869f0975cde7c4f648607a6f1a7d0a16ab097d2fab5ab9b13694fc15,2015-08,Essex Police,Essex Police,0.797526,51.539742,On or near RAPHAEL DRIVE,E01015881,Southend-on-Sea 013F,Investigation complete; no suspect identified
8df0d2fbdf627072aa7485dece52940a593b96625ecbdc4407b84f52cb60a395,2015-08,Essex Police,Essex Police,0.134047,51.751646,On or near LONDON ROAD,E01021768,Epping Forest 001A,Investigation complete; no suspect identified
959444500a6b52349a41e87c71d57c9d6433653ceb877bb0f970fb0714a923f2,2015-08,Essex Police,Essex Police,0.549741,51.878194,On or near Shopping Area,E01021365,Braintree 009D,Investigation complete; no suspect identified
d05ccb64ff161f696053cbf5800b13f59d721c064f226f0c5baad07bf4fe7cb3,2015-08,Essex Police,Essex Police,0.450839,51.723720,On or near WESTWAY,E01033138,Chelmsford 009F,Investigation complete; no suspect identified
271fba38064fa795909b7980c7d2a8406e69f8580ca4e9b5f3ec7c0e7fa313cb,2015-08,Essex Police,Essex Police,0.535130,51.760989,On or near VILLIERS PLACE,E01021536,Chelmsford 005A,Suspect charged
a4ca8f80b67e5e7585016e97065540141e80ebf8829cd9cbf98f9f22b4178753,2015-08,Essex Police,Essex Police,0.916006,51.914416,On or near GRASSMERE,E01021668,Colchester 002A,Investigation complete; no suspect identified
356f32553b7b984aeddb33ad67fd74c70bd293cc166fe58e0571ac7d3692ca3f,2015-08,Essex Police,Essex Police,0.447208,51.525119,On or near ST JOHN'S WAY,E01015983,Thurrock 002B,Investigation complete; no suspect identified
0cfca0bc730b94f1e0dc7cf7938d696986aac0020c7e72b5e8e0abcb0ac01729,2015-08,Essex Police,Essex Police,0.323432,51.476835,On or near Shopping Area,E01015954,Thurrock 017D,Investigation complete; no suspect identified
cc7cdd07ba5ed33a50b9bd8cbefdcbcb946d32617b5f0fd10d9551deef05ab3c,2015-08,Essex Police,Essex Police,0.108431,51.784581,On or near Shopping Area,E01021845,Harlow 002B,Offender given a drugs possession warning
39030d552d8ece142bfeb8e658264e778e4cf56627044cfc82f1210d3f4db9d3,2015-08,Essex Police,Essex Police,0.554389,51.901987,On or near Supermarket,E01021355,Braintree 007D,Formal action is not in the public interest
952a98eab88a43c6580671896f0f6c8686fdf9ae6a1c549f5c495d54690f2c6b,2015-08,Essex Police,Essex Police,0.520537,51.592230,On or near HOVEFIELDS AVENUE,E01021344,Basildon 008D,Formal action is not in the public interest
2c35cbdeecb581b50e384eb9bce4eda1083d4262dee31f1a247575e40cdeb3d5,2015-08,Essex Police,Essex Police,0.928585,51.895190,On or near HARWICH ROAD,E01021704,Colchester 022F,Suspect charged
fc1ea9f2edabcdeb49d41265d3114830f3bf20dc6bfc4364cb3877e2d59caca4,2015-08,Essex Police,Essex Police,0.331354,51.475176,On or near Parking Area,E01015962,Thurrock 016E,Investigation complete; no suspect identified
c2ca00593b1347c4e0c7377531e447ebf00c39b7cd86fef9bf7bf871e0922f10,2015-08,Essex Police,Essex Police,0.453369,51.567043,On or near BESSEMER CLOSE,E01021297,Basildon 020D,Formal action is not in the public interest
dba4596d831470737e3376bc34f1595fbe5fff3a59a1a4b581bd4c44b423d459,2015-08,Essex Police,Essex Police,0.890860,51.888820,On or near PAPILLON ROAD,E01021646,Colchester 007A,Local resolution
626ca746195da302a68dde03f24b9eba7a790891e17331cd36be289cfac52829,2015-08,Essex Police,Essex Police,0.112325,51.620100,On or near MAYPOLE DRIVE,E01021749,Epping Forest 016A,Investigation complete; no suspect identified
52758c809f6399e02a11f86ff0fc2109e46d54230610777d69d7feba4c173f6e,2015-08,Essex Police,Essex Police,1.115348,51.773791,On or near FIR WAY,E01021988,Tendring 018A,Formal action is not in the public interest
89eff90bb64b8dcaf80e43ccc56461ff0e6559bf42b51f5284b80e45b4b304cc,2015-08,Essex Police,Essex Police,0.137036,51.739758,On or near M11,E01021768,Epping Forest 001A,Formal action is not in the public interest
0da7ac699cbe12271a4af26b3de8a42f9f7858c2855f6e3d02d85ce838107d9a,2015-08,Essex Police,Essex Police,0.476706,51.589656,On or near Sports/Recreation Area,E01021267,Basildon 012B,Investigation complete; no suspect identified
a87d45b45f1804632cf4033c187900170b7afdd3f4ebac867fc9769a1cc780ad,2015-08,Essex Police,Essex Police,0.053305,51.643628,On or near OLD STATION ROAD,E01021781,Epping Forest 014B,Local resolution
d8042d1aa197a1cdd3dd013f363d94df5cab78d2e77c0c382f8f51eff7771a54,2015-08,Essex Police,Essex Police,0.507143,51.566095,On or near CHURCH PARK ROAD,E01021316,Basildon 018D,Suspect charged
da4e7f808c6467f325eec8d2cb03a2c03078d38065cc0a39e5dc211cd3ba1e87,2015-08,Essex Police,Essex Police,0.791541,51.535505,On or near ELM ROAD,E01015877,Southend-on-Sea 013B,Investigation complete; no suspect identified
339c03bbcdb7f1b41438aa3d8e42435b3f5f237ecb6d24733363f0ebba2e61ed,2015-08,Essex Police,Essex Police,0.355201,51.654093,On or near ROMAN CLOSE,E01021460,Brentwood 002D,Investigation complete; no suspect identified
e716049091f6839378aac80a9e095bfb655dfa63569e938703115f4de7fbc4fd,2015-08,Essex Police,Essex Police,0.519982,51.611929,On or near Supermarket,E01021331,Basildon 008A,Investigation complete; no suspect identified
674c66cedafc39df87727e571c88ff14f38a99a6ee2804b8cee0abd5b6bda916,2015-08,Essex Police,Essex Police,0.471085,51.762515,On or near Sports/Recreation Area,E01021543,Chelmsford 002B,Investigation complete; no suspect identified
23e5faf950b62fca875d75a7959cdafb8eab4404504b6beb295a3fd5c4567600,2015-08,Essex Police,Essex Police,0.505403,51.563326,On or near A132,E01021310,Basildon 022B,Investigation complete; no suspect identified
74fcd8ee5c8459ea81a88dee37fb00be4179223a13005d617ab808b031dcaa21,2015-08,Essex Police,Essex Police,0.363627,51.480735,On or near STOUR ROAD,E01015935,Thurrock 012C,Local resolution
2751a41520dfbae26cb628e80845b5b159b39d82a63158a067d9589f2891b860,2015-08,Essex Police,Essex Police,1.242990,51.830724,On or near FOURTH AVENUE,E01021987,Tendring 008A,Investigation complete; no suspect identified
a8c8a4fbfc353afbd75f9ff2a51093cde0d5078da1896a3dd2194ae516a69b37,2015-08,Essex Police,Essex Police,0.684702,51.545167,On or near LONDON ROAD,E01015832,Southend-on-Sea 012F,Unable to prosecute suspect
89fdb33e2a2dc63b185f2995fd8c7619ce0becba5977adcef635686a7b3c2ed6,2015-08,Essex Police,Essex Police,0.519982,51.611929,On or near Supermarket,E01021331,Basildon 008A,Investigation complete; no suspect identified
9ae432b93d896cd726e0af2e6d7af14cd05c6435580f2a27c9fb73fac29265a4,2015-08,Essex Police,Essex Police,0.498307,51.573379,On or near CHESHUNTS,E01021306,Basildon 013E,Investigation complete; no suspect identified
d295abc18a2d97023b1862229069f93d162f3078a3bd8ebdcd4ffc33523930b8,2015-08,Essex Police,Essex Police,0.292158,51.513999,On or near MOSS ROAD,E01015932,Thurrock 006A,Investigation complete; no suspect identified
423440edb6df6eea15e584cebe777efe4b7e267609b91b7aee53a56ad716c0c9,2015-08,Essex Police,Essex Police,0.111905,51.688487,On or near CROSSING ROAD,E01021759,Epping Forest 006D,Investigation complete; no suspect identified
3e35e628583ce22c6741c1097887073e26b89ceb1f02a9e36f63a499ea63a485,2015-08,Essex Police,Essex Police,0.705914,51.840224,On or near FEERING HILL,E01021402,Braintree 014E,Formal action is not in the public interest
fd28f0b08e3d2a28febf1782783a8f7a71782aba17987642223a97b0ebc07b79,2015-08,Essex Police,Essex Police,1.010652,51.936566,On or near FOXWOOD CLOSE,E01022013,Tendring 003B,Investigation complete; no suspect identified
1ec14070b8ec8371a5a67357a164752f95def1a4d275a85b1c38b60a3bdee7a3,2015-08,Essex Police,Essex Police,0.419134,51.579409,On or near BRIAR MEAD,E01021273,Basildon 014A,Investigation complete; no suspect identified
98bb735b0dd9459dba2a58611efdf810a33dc89b2794ba814c5f972c0bfcabc1,2015-08,Essex Police,Essex Police,0.488796,51.747240,On or near Supermarket,E01021624,Chelmsford 004F,Investigation complete; no suspect identified
bea4d71375c2b1a33f82d17dd955cf56d7e03d24824a55928f715aba271050c3,2015-08,Essex Police,Essex Police,0.267655,51.508468,On or near M25,E01015928,Thurrock 007B,Investigation complete; no suspect identified
878cee08532b5206bf6dc9004ced3b707746bc3450ad1f4d122184edb4454f77,2015-08,Essex Police,Essex Police,0.731899,51.547117,On or near GROVELANDS,E01015870,Southend-on-Sea 006B,Investigation complete; no suspect identified
45ff8c6ea5d06f3337451b411b9c84c85b8681da6bc7c1ea9d2d09994fa9fb12,2015-08,Essex Police,Essex Police,0.074942,51.764440,On or near Parking Area,E01021841,Harlow 004C,Investigation complete; no suspect identified
758b7cfff8852cc392c7b9ff091e364b5a8177e3cfef09682d87182f3f08aef5,2015-08,Essex Police,Essex Police,1.271384,51.927535,On or near Park/Open Space,E01022005,Tendring 004E,Local resolution
be29c43d72211018a0f2b5c0045c87436db66e3072050d4c99c0af18ce7bbabb,2015-08,Essex Police,Essex Police,0.905634,51.890498,On or near Parking Area,E01021648,Colchester 007C,Formal action is not in the public interest
157ed1aa8704d36c350211a2bc2092d27726cff47d046ed9907ea56bf72ae913,2015-08,Essex Police,Essex Police,0.341136,51.493516,On or near BROADVIEW AVENUE,E01015966,Thurrock 010D,Investigation complete; no suspect identified
f224d37d691ed6716afc253a1edc3b5983cc9cb5a6d4cc0d492773e6d1c3e972,2015-08,Essex Police,Essex Police,0.406742,51.490182,On or near SOMERSET ROAD,E01015950,Thurrock 013D,Local resolution
5e2ec87b4bb046ef051189b922f336cc5491aa4611abf43c0fcb2b5b08245c7a,2015-08,Essex Police,Essex Police,0.094481,51.770766,On or near EAST GATE,E01021872,Harlow 007E,Investigation complete; no suspect identified
9537e9a2411f23a2d81cb6a82dff27d6a11a78c209e0926beec2e476e42fb053,2015-08,Essex Police,Essex Police,1.153340,51.787393,On or near Nightclub,E01022025,Tendring 016B,Investigation complete; no suspect identified
86dd3d0c7cb4b272574539f671180e00341d237c394ae04bb7e31533b96a0ea4,2015-08,Essex Police,Essex Police,0.294127,51.491792,On or near Supermarket,E01015982,Thurrock 019A,Investigation complete; no suspect identified
7228d70fe6c63c28bada787386041ee9b8d523f64259508b33fc1273598d63f0,2015-08,Essex Police,Essex Police,0.714143,51.536234,On or near Shopping Area,E01015852,Southend-on-Sea 015B,Investigation complete; no suspect identified
d59acb85b1d32e3e73575599ca5712edd995d70e2f9d0bc41349ecacd1690f51,2015-08,Essex Police,Essex Police,0.563635,51.549127,On or near Police Station,E01021480,Castle Point 007A,Investigation complete; no suspect identified
00ded3a4664358abb4d38f94a4d1894246ef1435e462a3e301bba259faa157a0,2015-08,Essex Police,Essex Police,1.105138,51.772676,On or near BROOKLANDS,E01021988,Tendring 018A,Investigation complete; no suspect identified
758b7cfff8852cc392c7b9ff091e364b5a8177e3cfef09682d87182f3f08aef5,2015-08,Essex Police,Essex Police,1.271384,51.927535,On or near Park/Open Space,E01022005,Tendring 004E,Local resolution
758b7cfff8852cc392c7b9ff091e364b5a8177e3cfef09682d87182f3f08aef5,2015-08,Essex Police,Essex Police,1.271384,51.927535,On or near Park/Open Space,E01022005,Tendring 004E,Local resolution
d3d2f082a70d2c57edd204cd5e13b34f9e4b59bce54858b28b480de2aefc5e93,2015-08,Essex Police,Essex Police,0.261741,51.889938,On or near Airport/Airfield,E01022090,Uttlesford 006B,Local resolution
14bb50d1a2364842495bc73d374583ec10c5efb12345abda3c33e0a555bc2d0a,2015-08,Essex Police,Essex Police,0.463705,51.736095,On or near PARKWAY,E01021574,Chelmsford 010A,Formal action is not in the public interest
b2d585ee57afe415e095a39bc881e4f2236e6c386e52dad775e41fc9621f498d,2015-08,Essex Police,Essex Police,0.468192,52.069851,On or near DILLESTONE COURT,E01021376,Braintree 001B,Investigation complete; no suspect identified
769e1fbf4db19cb213fe78af015be260f6fffe0dc60266ed7674c1100a7d2a1b,2015-08,Essex Police,Essex Police,0.906722,51.884841,On or near Sports/Recreation Area,E01021686,Colchester 011D,Investigation complete; no suspect identified
44c34f3d5c357f9189bba686ea87020f78b9514c65b6471f6dd3ae406e28468e,2015-08,Essex Police,Essex Police,0.924668,51.910972,On or near CLEVELAND CLOSE,E01021670,Colchester 002C,Investigation complete; no suspect identified
6681e832bb51e0f24f218ab22cc1ca3613fac6c52f03e43d2986bb7fb0fb6ea7,2015-08,Essex Police,Essex Police,0.702103,51.547700,On or near Petrol Station,E01015861,Southend-on-Sea 004E,Formal action is not in the public interest
535eaebdd0c3c66aad566f87401b93b442252458d4d9a8669b78d06e08b74f62,2015-08,Essex Police,Essex Police,0.063427,51.675222,On or near B172,E01021806,Epping Forest 009A,Investigation complete; no suspect identified
ae81ffab798394315354a6a1c10d7098ea4ea2de6c2bd422b43311167c11fdcb,2015-08,Essex Police,Essex Police,0.639677,51.806386,On or near ALBERT ROAD,E01021416,Braintree 017B,Suspect charged
f3a29d68d683bad82c42613f20e087b355dbb1e7df8d77533cc008edfbe9a1c9,2015-08,Essex Police,Essex Police,0.476668,51.731317,On or near Shopping Area,E01033140,Chelmsford 010F,Local resolution
d8d1e3f8a5c2ac509496fb23a52045f3ab6ea2569cf706558c27b155736fe475,2015-08,Essex Police,Essex Police,0.138677,51.964322,On or near PELHAM ROAD,E01022061,Uttlesford 003A,Investigation complete; no suspect identified
5eee0c3d07b7168eb9c549ba173389d9a3a66f40eb88e59a955d63775378bc70,2015-08,Essex Police,Essex Police,0.642286,51.800653,On or near Further/Higher Educational Building,E01021416,Braintree 017B,Investigation complete; no suspect identified
18355e8280f862654919fc5492a7bf8e9ab77b048e9c23c66e202eed7515e31e,2015-08,Essex Police,Essex Police,0.924287,51.890575,On or near ST ANDREW'S AVENUE,E01021706,Colchester 022H,Unable to prosecute suspect
b654aca0ae803501859a02b10464959a1666fb1543f48ea6c9ce286e9d582803,2015-08,Essex Police,Essex Police,0.500879,51.590268,On or near Cricketers Retail Park,E01021307,Basildon 011C,Investigation complete; no suspect identified
ec8fe8cc47dd0242004a08775d6cdab7ccff31d76ccf01cbce681949b0cdff88,2015-08,Essex Police,Essex Police,0.013762,51.686713,On or near HONEY BROOK,E01021807,Epping Forest 008A,Investigation complete; no suspect identified
5724af07b7a82faaed80ac8dc3f9e39b30e3aa9b1d24835165610b1d86acd03d,2015-08,Essex Police,Essex Police,0.132924,51.782232,On or near Supermarket,E01021856,Harlow 001C,Investigation complete; no suspect identified
e8a94826581ea70576f4c02b81cbd179d75f3425edd7cb6eaaba326c80231bc1,2015-08,Essex Police,Essex Police,0.301164,51.620236,On or near BANK PLACE,E01021433,Brentwood 007A,Investigation complete; no suspect identified
b1c7297b24df544c12d921a222fd94b18e28f698ab74857b8c5a6b689ff901fa,2015-08,Essex Police,Essex Police,0.239236,52.010418,On or near WARDS CROFT,E01022074,Uttlesford 002A,Unable to prosecute suspect
6b79507ce49c06e41d5f6e8a755f08cce8f59c3c2879e6fb319460ad3b0863b5,2015-08,Essex Police,Essex Police,0.118950,51.783196,On or near SOUTH PLACE,E01021848,Harlow 002E,Investigation complete; no suspect identified
e41d57a6d5badaeae053785f14b2887573574d00eefe5f9bc988a43512b7ff3b,2015-08,Essex Police,Essex Police,0.000786,51.685766,On or near RUE DE ST LAWRENCE,E01021818,Epping Forest 009C,Unable to prosecute suspect
fa7ce4930ede7e0a577cfdf538b973750c6c15693137b846e7ab85db5f6f0c12,2015-08,Essex Police,Essex Police,0.111105,51.699284,On or near Nightclub,E01021762,Epping Forest 005C,Investigation complete; no suspect identified
2093a1b2f9c44a6d889f8d11e78c9bd5e285fa1d7f1bf7c9551e3fcb38e92f4d,2015-08,Essex Police,Essex Police,0.095928,51.771666,On or near Pedestrian Subway,E01021872,Harlow 007E,Suspect charged
dd8ba35266629d82ae83a75d7e5ec58b1fb3e94b32420ab5cb588425098e5517,2015-08,Essex Police,Essex Police,0.741143,51.530758,On or near Parking Area,E01015891,Southend-on-Sea 016C,Unable to prosecute suspect
4940f1e646755295744e5a55255ef3fa113644589a7e5f9ab1fb7bc1b5b09ecf,2015-08,Essex Police,Essex Police,0.114883,51.758548,On or near Petrol Station,E01021823,Harlow 006D,Investigation complete; no suspect identified
702011ef06c0a456d8bb58cc7f0cde7fd3403b15b2b8c62158e561ef25cba79a,2015-08,Essex Police,Essex Police,0.281989,51.512111,On or near ENBORNE GREEN,E01015976,Thurrock 007F,Formal action is not in the public interest
58b824831404fff84f902bf29c88aac86ac174947f9cae0f1e0858e74521e238,2015-08,Essex Police,Essex Police,0.712497,51.540310,On or near Bus/Coach Station,E01015895,Southend-on-Sea 010A,Investigation complete; no suspect identified
45c5fce59b4f12ddf8d95e971f191b14dc86c0e216749f43041cde66d9d75034,2015-08,Essex Police,Essex Police,0.093567,51.769182,On or near Shopping Area,E01021872,Harlow 007E,Investigation complete; no suspect identified
7afdfccd86cf66451d33c90294601f2d880563ce0dd1d30521f07b049e394d02,2015-08,Essex Police,Essex Police,0.684656,51.870416,On or near THE GRAVEL,E01021378,Braintree 014B,Investigation complete; no suspect identified
82923beabb55b01e3cf45400c61877d2b41632c16aeca436d9dbdc80505ac41f,2015-08,Essex Police,Essex Police,0.261741,51.889938,On or near Airport/Airfield,E01022090,Uttlesford 006B,Local resolution
fb485c269875eb6863dc8d6ccd39c04a9c84c073ec6bd498d94e5cd29ad1b502,2015-08,Essex Police,Essex Police,0.712497,51.540310,On or near Bus/Coach Station,E01015895,Southend-on-Sea 010A,Investigation complete; no suspect identified
4ad0ec7fbe55fa348023f72b684dd9d602142de482fa479837ffa6d590cc926d,2015-08,Essex Police,Essex Police,0.365747,51.553672,On or near BULPHAN BY-PASS,E01015978,Thurrock 004B,Investigation complete; no suspect identified
7c83f4a63ea84391adb34aeff98807ef10b6ea8739459f282f53d0ffe74e03e1,2015-08,Essex Police,Essex Police,0.852598,51.875851,On or near BALE CLOSE,E01021690,Colchester 014B,Formal action is not in the public interest
f453c59a683a33df481398a10256852f1db5604b52a6a7dcc9784e4bb3db41ce,2015-08,Essex Police,Essex Police,0.560839,51.522972,On or near ST MICHAELS ROAD,E01021503,Castle Point 010D,Formal action is not in the public interest
3afdef54aba3edd3232cdb272720a0304536d400bdac80076e92a401e6bc1a59,2015-08,Essex Police,Essex Police,0.508699,51.825568,On or near HELEN HOW,E01021538,Chelmsford 001A,Offender given a caution
196149a7cd338cad0b0667b7575a7491b410db7505a5c043ac00312335914209,2015-08,Essex Police,Essex Police,0.582160,51.874681,On or near BRICK KILN WAY,E01021367,Braintree 012C,Local resolution
d74d6b790e99093ef11104bbf4a9eccbd3e708d046ebd0a6b408e42135537414,2015-08,Essex Police,Essex Police,0.367203,51.468315,On or near RAPHAEL AVENUE,E01016010,Thurrock 018H,Suspect charged
a89fc1924ea75b264026b19197021e893bb509b82949a06f2f9b4ec1194146fb,2015-08,Essex Police,Essex Police,0.017217,51.687310,On or near NEWHALL COURT,E01021807,Epping Forest 008A,Formal action is not in the public interest
a17a7e6e55e0815ed42293fff18515ecdc3a38b0ef10dcfbb4c3df7572fd50a0,2015-08,Essex Police,Essex Police,0.850037,51.888648,On or near TRAFALGAR ROAD,E01021674,Colchester 009B,Local resolution
ba70c53f3ba261aa32db803127eb2a85ac5c06034491b481457b51dca3988256,2015-08,Essex Police,Essex Police,0.523808,51.599921,On or near SHAW CLOSE,E01021344,Basildon 008D,Investigation complete; no suspect identified
114ece1a2c73fbad7c25c229fca8eeefced5362fb096924a86e4e07b3c35942d,2015-08,Essex Police,Essex Police,0.440677,51.582515,On or near PRINCES CLOSE,E01021279,Basildon 010E,Unable to prosecute suspect
1045632c348c0e4a70671f2c91a20c20794f9aad679fc01c74b2ba171871f2c9,2015-08,Essex Police,Essex Police,0.674783,51.565891,On or near Sports/Recreation Area,E01015864,Southend-on-Sea 002B,Investigation complete; no suspect identified
3dcdf039bccaff3d03b5677fcc663311be74510b6d5319a9901c837a01aa4056,2015-08,Essex Police,Essex Police,1.164591,51.798315,On or near BOLEY DRIVE,E01022049,Tendring 014D,Investigation complete; no suspect identified
fb87e8ebdca79f66568879edd54c82d37200d874dd5b4a1d5b5319dad06d65b9,2015-08,Essex Police,Essex Police,0.251189,51.506258,On or near SHANNON WAY,E01015924,Thurrock 008C,Unable to prosecute suspect
d2ee50431181ea11de54bd2282285437c6e1aa9fd91c36b2fd1dc5566d11f8d1,2015-08,Essex Police,Essex Police,0.720074,51.535817,On or near ST LEONARD'S ROAD,E01015841,Southend-on-Sea 014C,Unable to prosecute suspect
1f9b42c2c18c00fd8aad3c5eb4248faf510c79eb2d740d290c7a495757c3cfe8,2015-08,Essex Police,Essex Police,0.553566,51.557890,On or near OAKFIELD CLOSE,E01021523,Castle Point 007D,Local resolution
3011661ea6b5681f08f57960a7094174456f581fbd5831d2ff090d1f5f15bba8,2015-08,Essex Police,Essex Police,0.512267,51.578162,On or near DALTONS FEN,E01021301,Basildon 011A,Unable to prosecute suspect
8f584c7c0210c81f82b8ac13f47400adf2fa6aa8bee9afcafe6c5eaa27ba0c7d,2015-08,Essex Police,Essex Police,0.766909,51.528363,On or near BURGES CLOSE,E01015893,Southend-on-Sea 016E,Investigation complete; no suspect identified
0a650b6827301375df5701249cbfa2e5c052080bae9b3a1d3840e1a366b52179,2015-08,Essex Police,Essex Police,0.362673,51.466194,On or near CENTRAL AVENUE,E01016007,Thurrock 018E,Formal action is not in the public interest
ccab96dc49a02606f13796fad1f508c30e06c2e9a4982bd04e06d60e483504b3,2015-08,Essex Police,Essex Police,0.096908,51.770291,On or near VELIZY AVENUE,E01021849,Harlow 003A,Unable to prosecute suspect
9988519f15a789be278f95abe9b27a54e2265466a54c60ffe48f01c18809e3a0,2015-08,Essex Police,Essex Police,0.138018,51.757797,On or near POTTERS FIELD,E01021834,Harlow 008B,Formal action is not in the public interest
962c22ab6aa7194fd4f74f7fd47905b36429d0b01be1a728c15bcd4f3d5b6066,2015-08,Essex Police,Essex Police,0.261741,51.889938,On or near Airport/Airfield,E01022090,Uttlesford 006B,Suspect charged
cb702bf932ef504f4622059dce5f9725b331fe76ea75cb6a5e5e16a7b32eb67f,2015-08,Essex Police,Essex Police,0.640863,51.789452,On or near SCARLETTS CLOSE,E01021424,Braintree 018E,Formal action is not in the public interest
0e4dbfe37d8040ef652573540332122ac0b94f723fb42687eeb382d49142bb19,2015-08,Essex Police,Essex Police,0.687343,51.536869,On or near PEMBURY ROAD,E01015828,Southend-on-Sea 012B,Investigation complete; no suspect identified
c8078b307d0e9036f2972c173e0dda217a4dbf17e6dca47a1933e0f4e7b9e79e,2015-08,Essex Police,Essex Police,0.701152,51.556239,On or near A127,E01015861,Southend-on-Sea 004E,Investigation complete; no suspect identified
ea98a87a475b8ab45abded63347e125e0a6ccf64276fdb211b0b289edacdb1cd,2015-08,Essex Police,Essex Police,0.133681,51.756464,On or near JACK STEVENS CLOSE,E01021835,Harlow 008C,Investigation complete; no suspect identified
2a7805d34e8f5ad9bd49a026d8c19b538f84a37f02d8a0ed337181e7c75fd400,2015-08,Essex Police,Essex Police,0.710096,51.557192,On or near STOCK CLOSE,E01015874,Southend-on-Sea 006F,Investigation complete; no suspect identified
d9eca037adf355f7ac46e43f35a4c77744b2266174213bbba726859792022388,2015-08,Essex Police,Essex Police,1.148102,51.802337,On or near LONDON ROAD,E01022042,Tendring 014A,Formal action is not in the public interest
c9a8a5e208425ca11c41cb5239949651a4e850ad0a31a98aff87d7ca1260bf0f,2015-08,Essex Police,Essex Police,0.906539,51.869161,On or near WINDSOR CLOSE,E01021637,Colchester 018A,Unable to prosecute suspect
3bd90f46e1f32bba9f6b279d9f39b86ccaff2873d885a8b9bb69368c5ad66ac2,2015-08,Essex Police,Essex Police,0.849654,51.890636,On or near HALSTEAD ROAD,E01021674,Colchester 009B,Investigation complete; no suspect identified
4f96ffde1ea47295208d8d78c2b4a704945fc68ec6af29caf2f878f1b51c2bf5,2015-08,Essex Police,Essex Police,0.092379,51.613605,On or near MANOR ROAD,E01021765,Epping Forest 017B,Investigation complete; no suspect identified
b8c6e7ac61a572d3ac3bc9ad88979bcabc2d2bddfe0305a50c72cb2103b7a60b,2015-08,Essex Police,Essex Police,0.900116,51.889231,On or near Shopping Area,E01021649,Colchester 007D,Suspect charged
35f80afac23ad998bb82d295726cb7ad146c031dbea01c71b7d62c790fc8e161,2015-08,Essex Police,Essex Police,0.245310,51.713485,On or near Petrol Station,E01021802,Epping Forest 004D,Investigation complete; no suspect identified
d0f02c3c71c8aa8da1719ae8d7f78a5cd4c80f8f1b1e1e74e0066a35b9681b8c,2015-08,Essex Police,Essex Police,0.285907,51.477510,On or near CHARLOTTE PLACE,E01016011,Thurrock 015B,Investigation complete; no suspect identified
4303e65684f6186aec18dade4f28b6e547fb96f7fab18d536b7f839cfebeb79b,2015-08,Essex Police,Essex Police,0.695119,51.541061,On or near Supermarket,E01015855,Southend-on-Sea 015E,Investigation complete; no suspect identified
56c570f04a1a4725bbf7efa85b5dbec6d3bba86ccfa5f9404329d710121787b6,2015-08,Essex Police,Essex Police,0.691416,51.562632,On or near FEECHES ROAD,E01015865,Southend-on-Sea 002C,Investigation complete; no suspect identified
c017ea020ba9a3576b698c69b67baa407344d5b0ba9a84618192b61669522cef,2015-08,Essex Police,Essex Police,0.556586,51.868495,On or near CHALLIS LANE,E01021372,Braintree 011C,Offender given a caution
ac226d63c04e22a5879ab4b17117fc734d9b4911cb413c3574901932b0910062,2015-08,Essex Police,Essex Police,0.828573,51.891945,On or near DARINA COURT,E01021718,Colchester 012A,Unable to prosecute suspect
53f0b12460bbb155cec4f0f4efd3da7076c206ae405d3ad219d0653c3483f3e6,2015-08,Essex Police,Essex Police,0.427412,51.517779,On or near SOUTHEND ROAD,E01015989,Thurrock 005A,Suspect charged
4254aa5d000e22e22682faaac189ede0f255666f12e89cb368f2110819807d20,2015-08,Essex Police,Essex Police,0.678142,51.736249,On or near Supermarket,E01021890,Maldon 004B,Investigation complete; no suspect identified
1427359ad055b85b10441eaa7eb1ded83711874e7c0c72e45ede935daa54095a,2015-08,Essex Police,Essex Police,0.261741,51.889938,On or near Airport/Airfield,E01022090,Uttlesford 006B,Offender given penalty notice
e86c5f9ce4896611e0e51c72d223a4f54e5e1a21ae163452101a1da5ba0709e0,2015-08,Essex Police,Essex Police,0.730798,51.540290,On or near Petrol Station,E01015844,Southend-on-Sea 014F,Investigation complete; no suspect identified
f6c5395a3bbc48d6554deaf8a578b92f6953304b00d4c2e9e12ff26972c31522,2015-08,Essex Police,Essex Police,0.582160,51.874681,On or near BRICK KILN WAY,E01021367,Braintree 012C,Local resolution
c05813c8c564bf3502a2e0b5a4d9114854b41bc942131f9cbc45fe36ee0670e5,2015-08,Essex Police,Essex Police,0.192378,51.881962,On or near BIRCHANGER LANE,E01022087,Uttlesford 005F,Investigation complete; no suspect identified
a3817c291542a06d44bf551280f766220d94171133ec3ac38cc0623ec30a6fcb,2015-08,Essex Police,Essex Police,0.443147,51.744322,On or near CLYDE CRESCENT,E01021598,Chelmsford 003C,Local resolution
6fc154587277bafcf6617a096c961e2020dfaf9a5da1fe78e6c9b45b853b3043,2015-08,Essex Police,Essex Police,0.953197,51.855766,On or near MEREDITHS CLOSE,E01021738,Colchester 017C,Formal action is not in the public interest
b082b57c8b02bfdbb85798d15aa35cb89946fe435c45bd753bed62f6086fe712,2015-08,Essex Police,Essex Police,0.364648,51.868572,On or near HASLERS LANE,E01022067,Uttlesford 007B,Investigation complete; no suspect identified
46216becd7ae495e1c8d87d230f6d593697094df140de4c145b5c4c667093221,2015-08,Essex Police,Essex Police,0.074961,51.646575,On or near LUCTON MEWS,E01021773,Epping Forest 013C,Investigation complete; no suspect identified
e48f5aa0a13adddbffe70c9c56f55a65fe64b7d319fd192a397c3b294e47b775,2015-08,Essex Police,Essex Police,0.241925,51.487226,On or near LONDON ROAD,E01015921,Thurrock 015A,Investigation complete; no suspect identified
a06a4d304879f4e7a81dc07764f74da7a218c1160e829f5d66ced8221bdb3403,2015-08,Essex Police,Essex Police,0.108431,51.784581,On or near Shopping Area,E01021845,Harlow 002B,Investigation complete; no suspect identified
b21c7be310c24f236c85de97c104177bd7fd7439fe5d780e9b938d77e5385a8c,2015-08,Essex Police,Essex Police,0.600653,51.521367,On or near OXFORD ROAD,E01021497,Castle Point 012D,Investigation complete; no suspect identified
8620a4e8894d206695022607078ef0885dd98625bfa0d74474cadd829f75f947,2015-08,Essex Police,Essex Police,1.151768,51.806017,On or near HIGH VIEW CLOSE,E01022042,Tendring 014A,Investigation complete; no suspect identified
43546961246ac3908f79968bd4013e6635fd8482a11fb4f04653e361c22b5372,2015-08,Essex Police,Essex Police,0.333084,51.476607,On or near EAST THURROCK ROAD,E01015962,Thurrock 016E,Formal action is not in the public interest
647785923092d54fbf2a3df384c6a1c2f03db06452cad07203d595c16f880d03,2015-08,Essex Police,Essex Police,0.675015,51.566893,On or near MAYFLOWER CLOSE,E01015863,Southend-on-Sea 002A,Investigation complete; no suspect identified
10e01a35f754ebad98af29e5ebbdc3510aebe6bc1eacf2aee193aa28f050b459,2015-08,Essex Police,Essex Police,0.583419,51.530427,On or near SUSSEX WAY,E01021506,Castle Point 008E,Unable to prosecute suspect
c6dcd278f0233475992305c6c9d4ab6be0fafee181e43bf76bbb43ce73c48c03,2015-08,Essex Police,Essex Police,0.298562,51.605350,On or near CHINDITS LANE,E01021472,Brentwood 008C,Investigation complete; no suspect identified
413266658ec593eda0842cba540c11895877d8cc2e77f6025bb07f9cc347e26b,2015-08,Essex Police,Essex Police,0.504894,51.548561,On or near Parking Area,E01021310,Basildon 022B,Formal action is not in the public interest
3c2b356bc150c91ecc49a1f38da895cb4731fd870e45206dc1f901a80ddb9d53,2015-08,Essex Police,Essex Police,0.906862,51.865618,On or near QUEEN ELIZABETH WAY,E01021638,Colchester 018B,Unable to prosecute suspect
24e231dce8b2747a3ac59d4372fb2a5493b85fa3422ae7276ac26a970d83089b,2015-08,Essex Police,Essex Police,0.096806,51.749008,On or near PETERSWOOD,E01021860,Harlow 010D,Unable to prosecute suspect
71deb097dce6ce3c6acc9d6f9c54a39305dfa674ba7f1b0cd55d3fea9cc6d6f9,2015-08,Essex Police,Essex Police,0.261741,51.889938,On or near Airport/Airfield,E01022090,Uttlesford 006B,Investigation complete; no suspect identified
977066b80cb531cc0b1084b2a3616c2bc784afbcc923603dc8a79eb0bdbdb7e4,2015-08,Essex Police,Essex Police,0.113165,51.754955,On or near LITTLE PYNCHONS,E01021823,Harlow 006D,Investigation complete; no suspect identified
1fa3ee1b17471f0c9827d4de51cabba61ff3e1fa1978d9dee50a3c15070dcc07,2015-08,Essex Police,Essex Police,0.376015,51.491861,On or near ALEXANDRA CLOSE,E01015938,Thurrock 012F,Investigation complete; no suspect identified
51638255cee162e67b676f9e399e08102e586e562541f658c747e5e93fecf19e,2015-08,Essex Police,Essex Police,0.679549,51.731622,On or near OLD MILL CLOSE,E01021890,Maldon 004B,Investigation complete; no suspect identified
a7bbc9eecdbac268dbcd4cdb7e83cae50d018b685e0a167f85686b180a030d7d,2015-08,Essex Police,Essex Police,1.155299,51.788653,On or near ORWELL ROAD,E01022025,Tendring 016B,Investigation complete; no suspect identified
5f99069a80e7767b386e0cd7361f9cba57aa39af4c40e4f138bdfa0c05b3e577,2015-08,Essex Police,Essex Police,0.245310,51.713485,On or near Petrol Station,E01021802,Epping Forest 004D,Investigation complete; no suspect identified
7e4939fbd4738886fa021a89d5af10dce6b3581c834cd5b6b8a97693f261586d,2015-08,Essex Police,Essex Police,0.665046,51.606898,On or near HAMPSTEAD GARDENS,E01021940,Rochford 003H,Investigation complete; no suspect identified
d0df41418cbad7e32c265d9cc3e2f1c3b83616fb88e02ae1826a589eadfb3b3d,2015-08,Essex Police,Essex Police,0.568393,51.521431,On or near LINK ROAD,E01021485,Castle Point 010A,Formal action is not in the public interest
73edb997ce542a82e3eae61130093cae91b67b73b75ac0e5ba8efd460d84ea8e,2015-08,Essex Police,Essex Police,0.300183,51.476745,On or near FOXTON ROAD,E01016015,Thurrock 015F,Formal action is not in the public interest
62f8d3c9a81e09dbf9853fc893b039097b0d462ead137d7b152afce99caae1aa,2015-08,Essex Police,Essex Police,0.465424,51.774576,On or near Hospital,E01021542,Chelmsford 002A,Investigation complete; no suspect identified
a11d07bfb532e5b5fc3eefe8feb5ce6c0661bde584750a64071c8a2776a7e1a6,2015-08,Essex Police,Essex Police,0.579366,51.515353,On or near AZALEA MEWS,E01021502,Castle Point 011E,Investigation complete; no suspect identified
06b57a388bcb46c2442e903e5ec38306cde54f56e7092eb8ae240ecea578dcb6,2015-08,Essex Police,Essex Police,0.702180,51.550693,On or near Hospital,E01015862,Southend-on-Sea 004F,Investigation complete; no suspect identified
b36e2f5dc7ab145d40e2784fb3decede46bd0ea02da1eb6a87799b68215be4c9,2015-08,Essex Police,Essex Police,0.695750,51.596852,On or near CRAVEN CLOSE,E01021931,Rochford 002E,Unable to prosecute suspect
8184c5250443b61a0b0a1f164225f8eac161b20c3545399cbb9e6c863656cb57,2015-08,Essex Police,Essex Police,0.491735,51.582530,On or near DENYS DRIVE,E01021269,Basildon 012C,Formal action is not in the public interest
2af6fbc8d45c8254f37e182c2700b516a904713d9022a95a66cbecb6b461e632,2015-08,Essex Police,Essex Police,0.638082,51.573044,On or near LANGLEY CLOSE,E01015837,Southend-on-Sea 001E,Investigation complete; no suspect identified
6d6d4be0c7dd4f2abf5ad405addec7fb70366cf67270b62fa23875558f581540,2015-08,Essex Police,Essex Police,0.618458,51.851512,On or near BROOMFIELD,E01021361,Braintree 012B,Formal action is not in the public interest
0a5fc98c77f8c3c1fbd5dea99010cc0151bc231efb9333b474090ac399684041,2015-08,Essex Police,Essex Police,1.279573,51.936076,On or near MILL LANE,E01022001,Tendring 001D,Offender given a caution
0445ac9b220cfd65f57934b6379916b6cc3f03a83cab17642bbe8ed41abcde0e,2015-08,Essex Police,Essex Police,0.461228,51.569334,On or near Pedestrian Subway,E01021318,Basildon 015C,Investigation complete; no suspect identified
41e60e3ca1630b534086a603a12450ba06e6a67a4140b6fdf77a4232c65b8a44,2015-08,Essex Police,Essex Police,0.585713,51.595803,On or near Petrol Station,E01021958,Rochford 006D,Investigation complete; no suspect identified
ff1123063409191a6c754cdb60dbe86d4ea361fb0af7133edfa0e31fb57adbca,2015-08,Essex Police,Essex Police,0.426676,51.580360,On or near BOULT ROAD,E01021274,Basildon 010D,Formal action is not in the public interest
13b5ce9c785ebae123b515b867d54184a8855f7f7c892ea67d1c62681d96d51d,2015-08,Essex Police,Essex Police,0.696089,51.558451,On or near ROCHFORD ROAD,E01015859,Southend-on-Sea 004C,Investigation complete; no suspect identified
77d44811b6ad9a002fab4a5f878f2f01478a13703d1dba38c8796dc3a6e760e2,2015-08,Essex Police,Essex Police,0.414943,51.608984,On or near Sports/Recreation Area,E01021254,Basildon 009A,Investigation complete; no suspect identified
f9ba4db2ad0251cf337fdaf91190fb621d3d47c467fe767eee7c5aa6d591870a,2015-08,Essex Police,Essex Police,0.600065,51.576825,On or near CLAYDONS LANE,E01021966,Rochford 008F,Investigation complete; no suspect identified
82e62348fc6b75568a9b367effae83ff9f40f50b14fe644e84f38e62976e321a,2015-08,Essex Police,Essex Police,0.432839,51.612769,On or near BRIAR CLOSE,E01021259,Basildon 009C,Investigation complete; no suspect identified
c2483d7eed4749a7c5b7e518451bee429302496bdc0533d47a0de195ca33054e,2015-08,Essex Police,Essex Police,1.142265,51.793095,On or near FORD ROAD,E01021968,Tendring 017A,Investigation complete; no suspect identified
559e552e6d752f329bc056ad1fe7654b9748a877eace2f60cded7fb1a3075eac,2015-08,Essex Police,Essex Police,1.131911,51.803787,On or near ORCHARD CLOSE,E01022024,Tendring 015B,Investigation complete; no suspect identified
b6a37bc707e86ab9def3686e7a5fbc63aa1b22971bcae2bb559fb86bd2fcbc12,2015-08,Essex Police,Essex Police,0.897177,51.898216,On or near POPLAR HALL CLOSE,E01021650,Colchester 007E,Investigation complete; no suspect identified
530f26acf89a4b78ff2d2eb58275e427e0b0d817d46fe3b61b03593b3b68cd65,2015-08,Essex Police,Essex Police,0.907575,51.864054,On or near STANSTED ROAD,E01021638,Colchester 018B,Investigation complete; no suspect identified
31f7df61af19da86fb5a5ebdd3f4dc1ca2c54e6a6b28491578e71add668b0085,2015-08,Essex Police,Essex Police,1.268269,51.937111,On or near SHAFTESBURY AVENUE,E01022000,Tendring 002A,Formal action is not in the public interest
2af723f5a8337cf5002d6d902ef6aa8fc0e43c4c4a31b6f2408cee73beee45cb,2015-08,Essex Police,Essex Police,0.344899,51.645253,On or near Petrol Station,E01021467,Brentwood 005F,Investigation complete; no suspect identified
75d0bd9056b78484300d70a89b637f3e93d53179dd7045cb787be4ef7d6dde40,2015-08,Essex Police,Essex Police,0.561190,51.522299,On or near ST JOHNS CRESCENT,E01021503,Castle Point 010D,Investigation complete; no suspect identified
7aca2a0d918a6b5122b407ad5d677f73a0c563e3b816c146e24aa00d08209c63,2015-08,Essex Police,Essex Police,0.283467,51.508808,On or near Police Station,E01015976,Thurrock 007F,Investigation complete; no suspect identified
98ddb43984d0e98883ccea4ea131a1bf9084a6382f5e28816b82761397d23da7,2015-08,Essex Police,Essex Police,0.684100,51.561163,On or near Supermarket,E01015868,Southend-on-Sea 002F,Investigation complete; no suspect identified
555840a1908487776f4e7ee697cd8e0a946c47478bd55ab6f495c51a38262dc0,2015-08,Essex Police,Essex Police,0.353983,51.637840,On or near CHANCERY GATE,E01021452,Brentwood 003E,Investigation complete; no suspect identified
de02b015bb5ac9d232b607c6643b96b7c72986390f1893304f60d05041d3a718,2015-08,Essex Police,Essex Police,1.153340,51.787393,On or near Nightclub,E01022025,Tendring 016B,Investigation complete; no suspect identified
ef81787eab7c820ef5690f1075624ea66cfd2a328865c93f0c3bc86cd573e95b,2015-08,Essex Police,Essex Police,1.035237,51.793291,On or near COLNE VIEW,E01022046,Tendring 011E,Investigation complete; no suspect identified
a6b7dbd8a4df53f3058cb17e06b25ed6790bbeaa4d4f701a0aa5a77d33ef955e,2015-08,Essex Police,Essex Police,0.715837,51.781484,On or near PLAINS ROAD,E01021882,Maldon 002A,Local resolution
ad520949214037f507aa5b4517f8849b191f6d52a5ea1e32c02e4709193a3826,2015-08,Essex Police,Essex Police,0.720983,51.547659,On or near SHELLEY SQUARE,E01015897,Southend-on-Sea 010C,Formal action is not in the public interest
7564219b2977d3b14350d115ade6fb01c39e22d55642456c21331f0f90565d66,2015-08,Essex Police,Essex Police,0.465356,51.583483,On or near CARNIVAL CLOSE,E01021268,Basildon 015B,Suspect charged
bdf522cd6a1c3c02c678e1d4455fd90af5a7e9b1c35957d2c61387bca176c187,2015-08,Essex Police,Essex Police,0.594395,51.522108,On or near Parking Area,E01021498,Castle Point 011B,Unable to prosecute suspect
f764e49f73d3f244bf2ca8a665afdffc4e55bd4a920b27ef08bf56d6fd101fd8,2015-08,Essex Police,Essex Police,0.401581,51.570903,On or near BLACKMORES,E01021277,Basildon 014D,Investigation complete; no suspect identified
75e90132db57d895ec464a05a23f2ad41a988b67541574daf0d86cf90aa0f9a0,2015-08,Essex Police,Essex Police,1.083978,51.799559,On or near ROCHFORD ROAD,E01022045,Tendring 018D,Unable to prosecute suspect
3e992cc9533d55931397ce3b423026c689d7ff79cc5ad8cd9a3aa68f61481fc7,2015-08,Essex Police,Essex Police,0.286052,51.506051,On or near DANBURY CRESCENT,E01015931,Thurrock 007E,Formal action is not in the public interest
6957ee6a43a8d32cf3849028d4465e15f6873c5f23555ccd44e9eabe26d628d5,2015-08,Essex Police,Essex Police,0.081345,51.610779,On or near Petrol Station,E01021767,Epping Forest 017D,Investigation complete; no suspect identified
1d295a89d23683cb286408577b18ad30a419eb8ac1579cae7a5bb246fefd091d,2015-08,Essex Police,Essex Police,1.060285,51.945575,On or near STATION ROAD,E01022020,Tendring 003F,Investigation complete; no suspect identified
c32085e86eb3f6a47083db31a7d08c80dfeafb12248f316a9b9534839a93454a,2015-08,Essex Police,Essex Police,0.519420,51.600231,On or near Petrol Station,E01021344,Basildon 008D,Investigation complete; no suspect identified
29b77766598be77fd9fbe2619044d48051a80f36f2c6b1e7e0d770ebfe1f0f1f,2015-08,Essex Police,Essex Police,0.960008,51.859732,On or near Supermarket,E01021739,Colchester 017D,Investigation complete; no suspect identified
7f4f14ffe55400bd938ee46d96e28afbe31bec070b83b9a7d3d2200062acc193,2015-08,Essex Police,Essex Police,0.735950,51.551879,On or near HAMSTEL ROAD,E01015875,Southend-on-Sea 006G,Unable to prosecute suspect
fe0d55eca2ba9d429c0aa220a24040b9343218db5061c050e26fd6a6f1102971,2015-08,Essex Police,Essex Police,0.586130,51.531959,On or near Supermarket,E01021504,Castle Point 008C,Investigation complete; no suspect identified
633de84ab4fa9abdb66e8fe3af1ab5a180488bb6a8d4c00c0ca07da0a3870f9c,2015-08,Essex Police,Essex Police,0.140503,51.783057,On or near THE COURTYARD,E01021857,Harlow 001D,Investigation complete; no suspect identified
d8042d1aa197a1cdd3dd013f363d94df5cab78d2e77c0c382f8f51eff7771a54,2015-08,Essex Police,Essex Police,0.507143,51.566095,On or near CHURCH PARK ROAD,E01021316,Basildon 018D,Suspect charged
930263a8e454fd5aba27576c2aea7636278e8fed73963c86da8416c22e6e2c26,2015-08,Essex Police,Essex Police,0.579261,51.882172,On or near ROCHESTER CLOSE,E01021351,Braintree 007B,Investigation complete; no suspect identified
7a4e2084e645c5c926d6cd7a4a66756bfc877f69cbcdfc7b5ba17900201be205,2015-08,Essex Police,Essex Police,0.063427,51.675222,On or near B172,E01021806,Epping Forest 009A,Investigation complete; no suspect identified
3a0c4007886f8789de783e48cae3a7bbad8c1f695f615cbabf6a311e39bbdd30,2015-08,Essex Police,Essex Police,0.845774,51.894327,On or near CHITTS HILL,E01021675,Colchester 009C,Investigation complete; no suspect identified
9d032002e19c7ed8d87dd42e1c03ee61a36b4ea86703db9652d4adb130e09988,2015-08,Essex Police,Essex Police,0.476706,51.589656,On or near Sports/Recreation Area,E01021267,Basildon 012B,Investigation complete; no suspect identified
903ec08a9957da69c1e1ab911c318181debdb011a88b6d6f0b1cfbe8e2bca69c,2015-08,Essex Police,Essex Police,1.136862,51.794444,On or near JAMESON ROAD,E01021969,Tendring 017B,Investigation complete; no suspect identified
cb4b27211badc6571c9708c36c9f06a6c5ca8cce3dcbd3f597c4d2874f479ef3,2015-08,Essex Police,Essex Police,1.150947,51.786764,On or near EDITH ROAD,E01022025,Tendring 016B,Unable to prosecute suspect
dacce486bfe5ced3f051a140a38d06a9162f094818a7b50eaaf8c8d7bab9f962,2015-08,Essex Police,Essex Police,0.468743,51.573268,On or near BROADMAYNE,E01021318,Basildon 015C,Investigation complete; no suspect identified
30707b547acff56dddef3537433352f41737e058480580815ae89ee08e63cbaa,2015-08,Essex Police,Essex Police,0.102611,51.752645,On or near AYLETS FIELD,E01021858,Harlow 010B,Investigation complete; no suspect identified
f8d6e259733b456bf1ae28010f6b532d072caa5ae13ef6600359f4eb9c6a12ed,2015-08,Essex Police,Essex Police,0.515180,51.582291,On or near ORLANDO DRIVE,E01021309,Basildon 011E,Investigation complete; no suspect identified
086d06e0a61766db8a79bd844120f2674ad5bf93e41b06525d9faaf340eff7c9,2015-08,Essex Police,Essex Police,0.295154,51.602494,On or near FLEMINGS,E01021473,Brentwood 008D,Formal action is not in the public interest
084e89d7674113e1c59621fc7a5cfa88ffcfff44a0425a0fde7d420cf8876009,2015-08,Essex Police,Essex Police,0.293498,51.636960,On or near IRIS CLOSE,E01021461,Brentwood 004D,Formal action is not in the public interest
1cbbe3958fd7ff04b4e5a9d8b1a3a58705c9a31b2b87dc4b686aef382f156a6c,2015-08,Essex Police,Essex Police,0.918776,51.893455,On or near Supermarket,E01021704,Colchester 022F,Investigation complete; no suspect identified
d44c79ca4a9320aa7ffa446aa6d91017c30e10bc5496b2811df5cfff6d3e5ec0,2015-08,Essex Police,Essex Police,0.368407,51.482653,On or near Petrol Station,E01015934,Thurrock 012B,Investigation complete; no suspect identified
ab1b2782e02e37e9df4323c18f5bd2723192d6d92bab8b776d7c1f0b5030189d,2015-08,Essex Police,Essex Police,0.562910,51.524168,On or near ST CHRISTOPHERS CLOSE,E01021503,Castle Point 010D,Unable to prosecute suspect
49ff495b9434b8234755801806874381ebb5e426f19826d68c2d6c453ee4fce8,2015-08,Essex Police,Essex Police,1.131911,51.803787,On or near ORCHARD CLOSE,E01022024,Tendring 015B,Investigation complete; no suspect identified
c04e8715c9f8ba53512e6f82287dca62edaf1add7b330bb5e8419b238b0c1ef6,2015-08,Essex Police,Essex Police,0.749762,51.808827,On or near HUTCHINSON CLOSE,E01021724,Colchester 020B,Offender given a drugs possession warning
afe3d5d0bd280c22c13e4c6dff651e7faff466298f415b9597b7be500b9e58f3,2015-08,Essex Police,Essex Police,0.717404,51.535043,On or near CHANCELLOR ROAD,E01015852,Southend-on-Sea 015B,Investigation complete; no suspect identified
da9f2c788c031f9152ee4a933232c48a95db9b663556026a9a33dec4d7d42577,2015-08,Essex Police,Essex Police,0.387333,51.672374,On or near WOODLAND CLOSE,E01021458,Brentwood 002B,Investigation complete; no suspect identified
43404708ed0c468e1bd898646fa04926feba74a7cf7233e9a4668e893587c54d,2015-08,Essex Police,Essex Police,0.899875,51.890226,On or near Nightclub,E01021649,Colchester 007D,Unable to prosecute suspect
b9e3ad7eeed22fde1f5d8113253f37c0f648b73164b48fb6334b1a340b209768,2015-08,Essex Police,Essex Police,0.605909,51.518750,On or near TORSI ROAD,E01021489,Castle Point 012A,Investigation complete; no suspect identified
f9efa79465c650e0279503923e965a8237dd9786702dd9ceb9aa959e14655334,2015-08,Essex Police,Essex Police,0.454994,51.574168,On or near ROODEGATE,E01021319,Basildon 017E,Investigation complete; no suspect identified
b7d020c98e8924181e45b03e8eab4893437dc51f632379583f3075b118cd1eb7,2015-08,Essex Police,Essex Police,0.117097,51.756629,On or near SOUTHERN WAY,E01021823,Harlow 006D,Local resolution
b6eec343e0b545f9bdd42d770c32dc332869596466ce372f5b73894daa27aa74,2015-08,Essex Police,Essex Police,0.741996,51.549265,On or near SHERWOOD WAY,E01015886,Southend-on-Sea 009D,Formal action is not in the public interest
693c9e2d0362e6a09f68535985175bc75dd92e6ad2c0e5f4e7bfa97d98a8af41,2015-08,Essex Police,Essex Police,0.648260,51.558695,On or near Supermarket,E01015819,Southend-on-Sea 003F,Suspect charged
ad39b05d933e271aece59c1e5136828469b7cf33934eb1196e6332678dc6babb,2015-08,Essex Police,Essex Police,0.923410,51.883330,On or near VENTURA DRIVE,E01021685,Colchester 011C,Unable to prosecute suspect
914338856a51afd762bb501cda07a4a6d2f8148c04896c1d6ecc7363d2a367ad,2015-08,Essex Police,Essex Police,0.620339,51.808896,On or near SPEEDWELL CLOSE,E01021425,Braintree 016B,Local resolution
ffb56cbeb294857e870395b5f9ea942c1756b664c80bdf8cb6d6a4ca08dcfb2a,2015-08,Essex Police,Essex Police,0.112455,51.757441,On or near Supermarket,E01021823,Harlow 006D,Investigation complete; no suspect identified
3be6f1ccf1eced383c2946c317d05fae5d4da26d414a3387ae1f0451027d15ee,2015-08,Essex Police,Essex Police,1.046282,51.939741,On or near HUNTER DRIVE,E01022013,Tendring 003B,Formal action is not in the public interest
69f71c2b49f139dcfb28e2de8a88b968fb58b39daa0c32a64b63acb30cc78744,2015-08,Essex Police,Essex Police,0.443114,51.583274,On or near Pipps Hill Retail Park,E01021268,Basildon 015B,Investigation complete; no suspect identified
ec4e28a5cb4bf1234c872e632f64b27ffccde599a5bf1030751cb58e215ebc86,2015-08,Essex Police,Essex Police,1.153340,51.787393,On or near Nightclub,E01022025,Tendring 016B,Suspect charged
51e1069adb446fab970366180ba1a0c2b91b18cbbbb95451d3ac9817d5946e36,2015-08,Essex Police,Essex Police,0.286534,51.488604,On or near Parking Area,E01016011,Thurrock 015B,Investigation complete; no suspect identified
e244a067147ddfc8ea440f6b4b3cd27fb7c7e0df36e76a8e245bf0043d757938,2015-08,Essex Police,Essex Police,0.092612,51.768596,On or near Theatre/Concert Hall,E01021872,Harlow 007E,Local resolution
4da05d990a77611fca2b729138d0b5b87ac6a48d8401001b7916b6e80845b47b,2015-08,Essex Police,Essex Police,0.846294,51.877721,On or near PEARTREE ROAD,E01021721,Colchester 012D,Suspect charged
7640a5edc5ed158f7bd9a47287fa3de3d101fc42155539e093d9e91e9e062d66,2015-08,Essex Police,Essex Police,0.912338,51.926046,On or near Petrol Station,E01021682,Colchester 004D,Investigation complete; no suspect identified
77514fc742e3fb64f74ec7fc09b8a1a7436857282354a4d05c2b27c981478534,2015-08,Essex Police,Essex Police,0.709094,51.540820,On or near Supermarket,E01015895,Southend-on-Sea 010A,Investigation complete; no suspect identified
b50c6085af10e2afd73f4a55fefcbee8f565bbba6cc2c6aca4bc4e4a0dade5b5,2015-08,Essex Police,Essex Police,0.067536,51.652075,On or near HILL TOP CLOSE,E01021786,Epping Forest 012A,Suspect charged
d475aec2ddb73af4317195ddf3472c125593d0b556d4a0fcc4611c139172e157,2015-08,Essex Police,Essex Police,0.080233,51.759419,On or near Sports/Recreation Area,E01021833,Harlow 009D,Unable to prosecute suspect
f5308b1625d2ce72c2ee833f9f798d8b5e5819deac7b6cc60f31fb90420d1d35,2015-08,Essex Police,Essex Police,0.634669,51.567194,On or near WROXHAM CLOSE,E01015816,Southend-on-Sea 003C,Local resolution
5948147b4bbc6539ecbe1ef25d502e91f51c39b4300c2e3bfe8e5036a079fd45,2015-08,Essex Police,Essex Police,0.078086,51.655800,On or near SWANSHOPE,E01021779,Epping Forest 011F,Formal action is not in the public interest
7ea9715d37a9a4504e1c80a613255351a373e34a7c9f364818cc6288e5eaaec6,2015-08,Essex Police,Essex Police,0.278766,51.472649,On or near GARDNER'S WAY,E01016012,Thurrock 015C,Offender given a caution
26ee9fa50d4b3e42510a7fd93030f774ba3857c68d6aa1909283be71f1115139,2015-08,Essex Police,Essex Police,0.471125,51.745463,On or near FELL CHRISTY,E01021592,Chelmsford 006D,Formal action is not in the public interest
47bf27f9db36b910b478e915f6850d9ed0fce7feb23030f6f8333d4001553866,2015-08,Essex Police,Essex Police,0.029272,51.688352,On or near WORMLEY COURT,E01021815,Epping Forest 007D,Investigation complete; no suspect identified
55ac12dd9d04ecd89bdfb64c1f6f2cacd53e07188258532e87fd498ea0a72f0a,2015-08,Essex Police,Essex Police,0.684707,51.740461,On or near THE CAUSEWAY,E01021886,Maldon 003C,Investigation complete; no suspect identified
eb2c888678852645ba963a49da73a9fe5b7c58d7d7b5f95b6e3575ee77273842,2015-08,Essex Police,Essex Police,0.801000,51.693326,On or near GARDEN FIELDS,E01021901,Maldon 006A,Formal action is not in the public interest
100b167d0d27bfe3dfc4a7c588372cfd8972650a7e7e44f034a1a6543b59cc46,2015-08,Essex Police,Essex Police,1.253913,51.935782,On or near BRIARDALE AVENUE,E01022007,Tendring 002D,Formal action is not in the public interest
b5b0393373f773d3bec7c7a9d4a182383ba75963aee7a926897210f048b6d0b1,2015-08,Essex Police,Essex Police,0.551052,51.888004,On or near WENTWORTH CRESCENT,E01021357,Braintree 008B,Suspect charged
384b53b6bfd2d8298cd93ea161c505c68a8a73be0b84770a33f38b6e5567a313,2015-08,Essex Police,Essex Police,0.443516,51.521069,On or near THE GLEN,E01015985,Thurrock 003B,Formal action is not in the public interest
47a5662a0172e187981d9e5608e3dbc54c75a36f4a83f2b1b20354b9f6d700e1,2015-08,Essex Police,Essex Police,0.475075,51.716216,On or near Supermarket,E01021586,Chelmsford 015E,Investigation complete; no suspect identified
821a61426bc5bdda9116a6ffca15a1e8f273b49d3bc764c293ef76fa237d954f,2015-08,Essex Police,Essex Police,0.350172,51.635983,On or near WILKES ROAD,E01021451,Brentwood 003D,Suspect charged
cfe7bae8f41ca370ee678b176f1b50d2c6c5e9ca7e6375602b56957f8ab89e39,2015-08,Essex Police,Essex Police,0.461380,51.746090,On or near MILTON PLACE,E01021592,Chelmsford 006D,Unable to prosecute suspect
2612c0820061720a155e77dd8f9eddad9e7c4735bab646784c985585eea37ca8,2015-08,Essex Police,Essex Police,0.715322,51.555785,On or near BENTALLS CLOSE,E01015874,Southend-on-Sea 006F,Formal action is not in the public interest
4fbb731d1e49a2a18832fa9fe583c90c04c5efab0422859c395feba8f1cd7fff,2015-08,Essex Police,Essex Police,0.100397,51.780804,On or near EDINBURGH WAY,E01021853,Harlow 003E,Investigation complete; no suspect identified
6aaf8210a27eaa96f5dfde08df1f29aa2c6e9c7033e731ad26328705a73de380,2015-08,Essex Police,Essex Police,0.694982,51.538267,On or near CANEWDON ROAD,E01015855,Southend-on-Sea 015E,Investigation complete; no suspect identified
06d4117f02cd19ccb14f0f680143fa93a1f5e937203e3ba0281bfc967a10bb06,2015-08,Essex Police,Essex Police,0.916470,51.896444,On or near ROMFORD CLOSE,E01021702,Colchester 022D,Investigation complete; no suspect identified
5acfa06075b510bc8ec494018801e1cd5e8e74a45caad4f7d119c14f4ba10393,2015-08,Essex Police,Essex Police,0.900995,51.892951,On or near MIDDLE MILL,E01021647,Colchester 007B,Offender given a caution
8d84d9f11a9868532a91c477a38ff6a9ffd784a43295f9221013c3f26b4e8199,2015-08,Essex Police,Essex Police,0.251352,51.499636,On or near Petrol Station,E01015926,Thurrock 008E,Investigation complete; no suspect identified
7d22d01cbf844f40322fca1fdaa41b5b38b93b7fffe72d17bbba7608907582cf,2015-08,Essex Police,Essex Police,1.066906,51.945771,On or near THE WALLS,E01022020,Tendring 003F,Investigation complete; no suspect identified
f5ca82adfde35809a3ebe4208d8662e733fbd22bb2f46b0593c3ae88da2a1b34,2015-08,Essex Police,Essex Police,0.353555,51.480659,On or near DOCK APPROACH ROAD,E01015967,Thurrock 014B,Investigation complete; no suspect identified
e5b0d059a7a8631c28de630817186648b2b34f9779a5e61c8de04b86dd7c8f5e,2015-08,Essex Police,Essex Police,0.556767,51.875514,On or near STATION APPROACH,E01033458,Braintree 009E,Investigation complete; no suspect identified
6bb6a54b4fc0d1c51175008bc340e8b53b3b84df8c295dabac4e75d2b19dcb88,2015-08,Essex Police,Essex Police,1.161669,51.848149,On or near Parking Area,E01021974,Tendring 007B,Investigation complete; no suspect identified
751e8bc6e689f0d17eb1f90467a813836b0bb62cb30ea39317f79dbf3b6a4c95,2015-08,Essex Police,Essex Police,0.092373,51.766253,On or near LUTHER KING ROAD,E01021868,Harlow 007B,Investigation complete; no suspect identified
151a3182711753fa27ec284d01ad2381410156f9599e4fb164332b1d7b32c167,2015-08,Essex Police,Essex Police,0.735580,51.540907,On or near Petrol Station,E01015884,Southend-on-Sea 009B,Investigation complete; no suspect identified
71ee54176743490643fc6d49ad006ee0b7ed4f52aaf81d97227e783eb5fee6ba,2015-08,Essex Police,Essex Police,0.700915,51.926413,On or near SWALLOW FIELD,E01021410,Braintree 006E,Unable to prosecute suspect
c32597f677b0ea0a6c115340039c519b3d2648fa88a8379b4a556b8136661c8e,2015-08,Essex Police,Essex Police,0.569097,51.520633,On or near MAPLE WAY,E01021485,Castle Point 010A,Investigation complete; no suspect identified
b07bb26accf53a86ee80d3f73c41fd4d9e3fe2069943229808a2e457944bb770,2015-08,Essex Police,Essex Police,0.886400,51.880008,On or near BUTT ROAD,E01021653,Colchester 013C,Investigation complete; no suspect identified
04fc2103d977cb73c1e52e68796e23114f051df87877ef761516c48b2a8d4792,2015-08,Essex Police,Essex Police,0.462621,51.571346,On or near Parking Area,E01021318,Basildon 015C,Investigation complete; no suspect identified
8071c4e3523f0cb027e2bdb246eedd97cceaaa1b213957859880ba30223a63a5,2015-08,Essex Police,Essex Police,0.329122,51.812150,On or near Park/Open Space,E01022096,Uttlesford 009D,Investigation complete; no suspect identified
2b80bf53c7369d507893ab507c748217b53560f1cb26d3d10f963c0530e42cdf,2015-08,Essex Police,Essex Police,0.132255,51.638759,On or near Park/Open Space,E01021770,Epping Forest 010A,Investigation complete; no suspect identified
090294bdb455c432172af9e001b12ebe591dd7e21469b43a91c4bb67d21993e9,2015-08,Essex Police,Essex Police,1.142386,51.808382,On or near MIDDLETON CLOSE,E01021976,Tendring 013B,Investigation complete; no suspect identified
9617d98a8b13930aa32ca29a601f525b507a2ad7d7b6497d8c26380028f4c9d1,2015-08,Essex Police,Essex Police,1.263256,51.932600,On or near ELIZABETH ROAD,E01022006,Tendring 002C,Investigation complete; no suspect identified
3feedffb8cbbd8fa28da238700c3be111a5cb8866bc658402fe74d95c12fbb2b,2015-08,Essex Police,Essex Police,0.354029,51.463292,On or near Parking Area,E01016003,Thurrock 018A,Investigation complete; no suspect identified
fd57bdb4a62c254c83454ba0ba6232d8bab3330db7b19fb6a4b5819994122dd4,2015-08,Essex Police,Essex Police,0.324269,51.489337,On or near THURLOE WALK,E01015957,Thurrock 009A,Investigation complete; no suspect identified
6785a980a199601aae961c26022ef5aed1a0beb02213bd8febfed73d4123fb2f,2015-08,Essex Police,Essex Police,0.261741,51.889938,On or near Airport/Airfield,E01022090,Uttlesford 006B,Local resolution
ba75838be6f1aa751d7626401712f5d9b488fa41817cb1344d1701e0ea7b93bc,2015-08,Essex Police,Essex Police,0.716257,51.540241,On or near SOUTHCHURCH ROAD,E01015852,Southend-on-Sea 015B,Suspect charged
5703d180cac668570bd68fcb99219bf12df37de41b0eb250f95385a05830394f,2015-08,Essex Police,Essex Police,0.535948,51.601917,On or near Supermarket,E01021345,Basildon 007E,Offender given a caution
c4d9e969435c7a4143657883544ea2936d17a5ab56baf476540a5fe8a64989b3,2015-08,Essex Police,Essex Police,0.504768,51.564104,On or near BROADWAY LINK,E01021316,Basildon 018D,Investigation complete; no suspect identified
8bc4f2b7330d9be35aa76719dbcd3630094db3df32b039ac87550a243373c5de,2015-08,Essex Police,Essex Police,0.552316,51.877733,On or near Supermarket,E01033459,Braintree 009F,Investigation complete; no suspect identified
ce268ec5bc5823b9fd1d0a0e5ac19fbfe50acc4b06eab503716509229c389ce4,2015-08,Essex Police,Essex Police,0.118183,51.758777,On or near STILE CROFT,E01021819,Harlow 006A,Suspect charged
03fd3d6332907e913986db7e47a64d1c7a28e3212d808d4d773d8d7a634aa3c3,2015-08,Essex Police,Essex Police,0.468593,51.736218,On or near DUKE STREET,E01033141,Chelmsford 010G,Investigation complete; no suspect identified
7e74a18bffed83e5d9be3c0a7e2bbefe76761fc2b3e3ab3dcd2ac90b7ba09786,2015-08,Essex Police,Essex Police,0.684702,51.545167,On or near LONDON ROAD,E01015832,Southend-on-Sea 012F,Suspect charged
a82bdca31453da98c0fcbbbe4ba9f9be9a20204c85eefe20178cd02a625e4c11,2015-08,Essex Police,Essex Police,0.473026,51.741008,On or near Further/Higher Educational Building,E01021574,Chelmsford 010A,Investigation complete; no suspect identified
0bbdea7195dde9c5037fd72125962fb143f7f120c6994f99e454249ded58de87,2015-08,Essex Police,Essex Police,0.501202,51.580108,On or near LOXFORD,E01021302,Basildon 013B,Investigation complete; no suspect identified
4d6207085b25615904653f64973b238db01a5faba9687d2c662b3953e86cef3c,2015-08,Essex Police,Essex Police,1.147433,51.789620,On or near Supermarket,E01022038,Tendring 017E,Suspect charged
4b1970e0ce9929cede1ff7bf6588bc054ea73f2a41b310be70a1c63dcfd678a9,2015-08,Essex Police,Essex Police,0.510857,51.915955,On or near WATER LANE,E01021404,Braintree 005A,Investigation complete; no suspect identified
c649fceefdff8f1241951255df8bf5f52483b97c099a4bc7f217bad64fa7a679,2015-08,Essex Police,Essex Police,0.462023,51.737390,On or near SOUTH PRIMROSE HILL,E01021575,Chelmsford 009B,Investigation complete; no suspect identified
f925fab0b15b929d71afad33f61aa83ff34ec5ffbae801df9e7ae061d394ed84,2015-08,Essex Police,Essex Police,0.493343,51.754311,On or near CLEMATIS TYE,E01021620,Chelmsford 004D,Investigation complete; no suspect identified
34b1f9832e76e3094d4aa9b3fb5a1689efca97203b7cae44690ce0c618f2fd6b,2015-08,Essex Police,Essex Police,0.371105,51.488300,On or near DEFOE PARADE,E01015936,Thurrock 012D,Investigation complete; no suspect identified
ed271d10328d429fbc0b57d21dd9cb1efac8d1139d5fec616e9a36b2108bf19b,2015-08,Essex Police,Essex Police,0.609368,51.552255,On or near ENDWAY,E01021518,Castle Point 006B,Investigation complete; no suspect identified
98e80a2f40a7a831a50d3a3df2ef2df2c7d2835acfb38738636d40533a309448,2015-08,Essex Police,Essex Police,0.445997,51.568960,On or near WICKHAY,E01021287,Basildon 017A,Unable to prosecute suspect
bf149a72f205b762ae8e34a6666908ac33a38dcfc3e507488f9db9a6836b0183,2015-08,Essex Police,Essex Police,0.552410,51.879134,On or near Tofts Walk,E01021365,Braintree 009D,Investigation complete; no suspect identified
8c7f1c6ca7c57ad73a5ae6c0d1612fdb97d1ad64cf3acb2cc82a41571bb7d99c,2015-08,Essex Police,Essex Police,0.921912,51.874571,On or near LITTLEBURY GARDENS,E01021664,Colchester 016C,Formal action is not in the public interest
19962422d92104ef5d47fcc715ff15248b1206af9d2cffaeafb87b159e2d4bd1,2015-08,Essex Police,Essex Police,0.715320,51.534677,On or near Shopping Area,E01015852,Southend-on-Sea 015B,Investigation complete; no suspect identified
cbf120a7277443bf2fea5d9173182f46cd149f1f629e9e19ece770739b4173d1,2015-08,Essex Police,Essex Police,0.261741,51.889938,On or near Airport/Airfield,E01022090,Uttlesford 006B,Offender given a caution
2222b3b5a66a668204675d811e9c7b3f3d8127d976699a86a2c4e36797eb30da,2015-08,Essex Police,Essex Police,0.716192,51.535521,On or near HEYGATE AVENUE,E01015852,Southend-on-Sea 015B,Offender given a drugs possession warning
1ab09372fa77d83faf8714ea04803998d2d6578388602d116af4f8d0101a8aed,2015-08,Essex Police,Essex Police,0.696790,51.588572,On or near LESNEY GARDENS,E01021930,Rochford 007A,Unable to prosecute suspect
39fac7373997d4d55c9d3bd0ae2fd58d8034db789d40b11089886884a63ac7bc,2015-08,Essex Police,Essex Police,0.084680,51.767568,On or near HARE STREET,E01021842,Harlow 004D,Unable to prosecute suspect
b6d45aeaf137e8276e10b995133f1f5da312e4593a815973dbb02b1333fd0175,2015-08,Essex Police,Essex Police,0.094846,51.771452,On or near ADAMS HOUSE,E01021872,Harlow 007E,Investigation complete; no suspect identified
b7da20017b6206d4862d62b448ba8524fa69a48486c0f8b58c8120aaad7180fb,2015-08,Essex Police,Essex Police,0.456959,51.570727,On or near Shopping Area,E01021318,Basildon 015C,Suspect charged
8ef1f5682d3d83e754fe3ef29d8d48579e71dc7f87ccd90894c90bfad5cfa8ad,2015-08,Essex Police,Essex Police,0.548163,51.896025,On or near BLADON CLOSE,E01021354,Braintree 008A,Investigation complete; no suspect identified
37b5552a9d8753c9540fe24d2fb8e1c82a6f1d74e5e8176db00c43b24e4a588a,2015-08,Essex Police,Essex Police,0.014910,51.734704,On or near HYDE MEAD,E01021794,Epping Forest 002D,Investigation complete; no suspect identified
9217b2060dc680cb9b151dc63efae9775f4d2d815e2bd807bb40490b2fad6e7b,2015-08,Essex Police,Essex Police,0.638404,51.798249,On or near Shopping Area,E01021416,Braintree 017B,Investigation complete; no suspect identified
e914542fd950a664c56e93a046cd8fc5f9cf408f900d832c812acec16f266c11,2015-08,Essex Police,Essex Police,0.222229,51.514364,On or near Park/Open Space,E01002344,Havering 029B,Investigation complete; no suspect identified
25641792b5d247bbb6b7f9d29813f6517922f66ccfbcbb9424390528a655bc9a,2015-08,Essex Police,Essex Police,0.099619,51.664050,On or near THEYDON PARK ROAD,E01021803,Epping Forest 010B,Investigation complete; no suspect identified
c4523ca53bff19d403b13ea43eea8a694428899fd014faec46a7c6368dd89066,2015-08,Essex Police,Essex Police,0.473041,51.529866,On or near THE AVENUE,E01015946,Thurrock 001C,Investigation complete; no suspect identified
b1090f713d15fa50cc2deeb6333b2ace3d16f2e5c78bb1f7bb8f2cb1b37fa327,2015-08,Essex Police,Essex Police,0.455364,51.569789,On or near Shopping Area,E01021318,Basildon 015C,Formal action is not in the public interest
502f0f21203c6992e78ac72fb2bc57cb7cab5012c1be6bf7ae9f58964734fcff,2015-08,Essex Police,Essex Police,0.111098,51.698807,On or near HIGH STREET,E01021762,Epping Forest 005C,Investigation complete; no suspect identified
15788d64e232e0834ba15318a286c58c0e916f74a338bf5997527b6ec71213f8,2015-08,Essex Police,Essex Police,0.277973,51.867782,On or near HUBBERD ROAD,E01022091,Uttlesford 006C,Investigation complete; no suspect identified
69059b88f8f6dd491103fe9b12950562117ece0252b89c42d07b395e9c7652a4,2015-08,Essex Police,Essex Police,0.282488,51.487496,On or near Shopping Area,E01016011,Thurrock 015B,Investigation complete; no suspect identified
af1ed03d0f2a5183442bed55ac73ee8b1c1aa0ee6c7fc321cb0cbf031d2e2cfe,2015-08,Essex Police,Essex Police,0.290904,51.605842,On or near GREENSLEEVES DRIVE,E01033063,Brentwood 007F,Investigation complete; no suspect identified
34b5d4e46a26d0bc5d025fd17eb14966b0db2ddcd826cdc58c94e2f109ac9c21,2015-08,Essex Police,Essex Police,0.618471,51.554516,On or near DOUGLAS ROAD,E01021519,Castle Point 005B,Investigation complete; no suspect identified
4103176c52ad2228c09041df274d6029f3ce14792c1f645657d42f05e5ab22ca,2015-08,Essex Police,Essex Police,0.055669,51.636141,On or near NEVILL WAY,E01021784,Epping Forest 013E,Local resolution
6608bc5e6a3c4a827db3175dac89bd7c71b516fe4a44e193220f858442617a1c,2015-08,Essex Police,Essex Police,0.294127,51.491792,On or near Supermarket,E01015982,Thurrock 019A,Investigation complete; no suspect identified
67be8a36f48f4d4c3122c787540ad59603f5c5b77a54d77ab6b042273a304204,2015-08,Essex Police,Essex Police,0.919154,51.871933,On or near POPPY GARDENS,E01021666,Colchester 016E,Investigation complete; no suspect identified
4420d520298ceaa7968f08e7d7579efc831ff9d3b02c3f7ecdee4a663c2ea114,2015-08,Essex Police,Essex Police,0.132511,51.766089,On or near Supermarket,E01021827,Harlow 005D,Investigation complete; no suspect identified
6e9280eceee61c9619bc66b09aa3be405d619f714d2a3424cef8e78e58615cc9,2015-08,Essex Police,Essex Police,0.270445,51.486039,On or near Parking Area,E01016012,Thurrock 015C,Unable to prosecute suspect
fd8215bbbc700d570c388ed8b155fd9ad484d822567b050237a534ddc1c43ee3,2015-08,Essex Police,Essex Police,0.928585,51.895190,On or near HARWICH ROAD,E01021704,Colchester 022F,Suspect charged
da9a447d2dcb4dec2abc57fbf338d169b884f202659462dae3eb2136ea9fbc3e,2015-08,Essex Police,Essex Police,0.720655,51.802498,On or near PRIORY ROAD,E01021725,Colchester 020C,Investigation complete; no suspect identified
9192ab47a4bde9fe3b93786942ff24cad78ba129fa0bd0773e9869e3554d85ff,2015-08,Essex Police,Essex Police,0.775746,51.534971,On or near LONGSANDS,E01015917,Southend-on-Sea 017D,Unable to prosecute suspect
a87b0c11d8009c1e214617462547ee9af3ebae3a4bc70c1a262a3d0c6cd0434c,2015-08,Essex Police,Essex Police,0.882529,51.904431,On or near CELANDINE COURT,E01021681,Colchester 004C,Unable to prosecute suspect
a34d1dd740f45ad330f24acd0c83513e5a821d08e9fe6412edc10042b6e33ab5,2015-08,Essex Police,Essex Police,0.896354,51.904181,On or near BRADFORD DRIVE,E01021679,Colchester 004A,Investigation complete; no suspect identified
c5667744d4db5e6522dc08a1fdf1d1fbbd09c4aa5ea8e7cef8ec2e0dbb9d6332,2015-08,Essex Police,Essex Police,0.465849,51.756590,On or near SOMERSET PLACE,E01021588,Chelmsford 006B,Investigation complete; no suspect identified
2d2545a3eea29decda2a3290d1e18f9e44412c9138fa053b855ba3a8562b2c1d,2015-08,Essex Police,Essex Police,1.153340,51.787393,On or near Nightclub,E01022025,Tendring 016B,Suspect charged
83a2ebf78de70d5ee45a813593f7c45e9bda7d9048e7703f070a64a6301cf28a,2015-08,Essex Police,Essex Police,0.674172,51.549590,On or near SHANKLIN DRIVE,E01015823,Southend-on-Sea 005D,Unable to prosecute suspect
f8438021c472c76b19dc78c437dab80a6b8885c71df85785832d6517685ab070,2015-08,Essex Police,Essex Police,0.686468,51.538175,On or near STATION ROAD,E01015828,Southend-on-Sea 012B,Suspect charged
f7077e66d1178af7627b0518a8e71227e047fe0886b19523c2c5775a1db72a89,2015-08,Essex Police,Essex Police,0.996859,51.953377,On or near PARSON'S FIELD,E01021656,Colchester 001B,Unable to prosecute suspect
d6ce2d7589d99764e966aee183b82fab85a010833c8324538afe05cd5efe4d11,2015-08,Essex Police,Essex Police,0.717040,51.532569,On or near Theme/Adventure Park,E01015851,Southend-on-Sea 015A,Investigation complete; no suspect identified
bf5c923fb23d06fa5f0f05ab5a5f6dae16478a62449c6207cf1127a0e94b5436,2015-08,Essex Police,Essex Police,0.426911,51.514318,On or near THE GREEN,E01015992,Thurrock 005C,Investigation complete; no suspect identified
3cf1cf9701a69f5124a1a9ed9fd644b27f0a43a00b9206f71ee70a528ab8243c,2015-08,Essex Police,Essex Police,0.083474,51.651271,On or near ROCHFORD AVENUE,E01021775,Epping Forest 011B,Investigation complete; no suspect identified
b7f6bc77c945218e9cae794edd303037ef5ae301aa96d1859f95e424f69b62ef,2015-08,Essex Police,Essex Police,0.906126,51.897672,On or near COWDRAY AVENUE,E01021647,Colchester 007B,Investigation complete; no suspect identified
1b27e0d6a7be175a922f9c22cb1216e9e6a8acdbac357e21e1eef232ecca77bb,2015-08,Essex Police,Essex Police,0.094895,51.770021,On or near Nightclub,E01021872,Harlow 007E,Investigation complete; no suspect identified
ab9f584f2068a3b948d6ebed80861e7a453cc4ea281e1b223c38bbbfa292d75c,2015-08,Essex Police,Essex Police,0.383048,51.629043,On or near NORTH DRIVE,E01021449,Brentwood 003B,Unable to prosecute suspect
62972f4a63c619d0834e6616ed200c9a2bf64aae64f41db7b0c34a866367d747,2015-08,Essex Police,Essex Police,0.367091,51.479496,On or near LEA ROAD,E01015935,Thurrock 012C,Investigation complete; no suspect identified
0078dd690fb29883268be5bbc70b580ac8b71f5690b56ddbb2a5d50b11ce1274,2015-08,Essex Police,Essex Police,0.910367,51.885911,On or near GEORGE WILLIAMS WAY,E01021686,Colchester 011D,Investigation complete; no suspect identified
5ebed41ecb3fb5074b47eaa82a2ec558f786c6188f0c022aab5acdaaa8d38558,2015-08,Essex Police,Essex Police,0.585713,51.595803,On or near Petrol Station,E01021958,Rochford 006D,Investigation complete; no suspect identified
5dedc193feb42a76f692d53b389fa88276cc4c51d6f273c7ef565adc3b5d05de,2015-08,Essex Police,Essex Police,0.453841,51.570981,On or near WESTGATE,E01021318,Basildon 015C,Suspect charged
8b2488cbed0c15984ef1842e6bf4e1702acae7f23c51b9fd87d5b2de441d091d,2015-08,Essex Police,Essex Police,1.243280,51.837588,On or near Parking Area,E01021985,Tendring 006A,Unable to prosecute suspect
fe29d275365e11f51d74a20974718affe58c51c2df2ba9f00bee023f4732d093,2015-08,Essex Police,Essex Police,0.270445,51.486039,On or near Parking Area,E01016012,Thurrock 015C,Investigation complete; no suspect identified
f37d04ec10be4513bbc291ac48ae870e0bddcbf66021623ca111883fb1e1a777,2015-08,Essex Police,Essex Police,0.565368,51.854076,On or near BEDELLS AVENUE,E01021347,Braintree 013A,Investigation complete; no suspect identified
a3835a82b008c4047ca080312ec530e1b90b662f4b47dc0f40a189c7d79e281f,2015-08,Essex Police,Essex Police,0.080313,51.766836,On or near HELIONS ROAD,E01021842,Harlow 004D,Investigation complete; no suspect identified
8260e9df4ed0d14ad21d957c4b541c18e985dd1153df6dec9e63cd7e1cd74a5c,2015-08,Essex Police,Essex Police,0.083956,51.774181,On or near PARK MEAD,E01021839,Harlow 004A,Local resolution
1794044afdd33c79af930cce0945d6e101f0027c06f4da9cabd120c4e7622c5a,2015-08,Essex Police,Essex Police,0.906130,51.862156,On or near TERLING CLOSE,E01021641,Colchester 018E,Investigation complete; no suspect identified
824be18c7b140135de29cc174e428988871cc3b92e50761e62d3b91325cde5d4,2015-08,Essex Police,Essex Police,0.761816,51.536874,On or near Parking Area,E01015890,Southend-on-Sea 016B,Investigation complete; no suspect identified
15d730bc029dbbe63a0a36f6c5c299ec5d9e1b1ac8bacea25a12f18a6d9662de,2015-08,Essex Police,Essex Police,0.830150,51.888121,On or near ESSEX YEOMANRY WAY,E01021718,Colchester 012A,Suspect charged
8b111217a12c5b0184ec929d65d87ba08950106f145b0daff8c245d4c6b76f24,2015-08,Essex Police,Essex Police,0.243970,52.011829,On or near HILL TOP LANE,E01022082,Uttlesford 002G,Local resolution
af51e3cc164dacb64644f5cc4e8aae25c6bc3f436cf466c939075b8636fb518a,2015-08,Essex Police,Essex Police,0.297529,51.477229,On or near LONDON ROAD,E01016011,Thurrock 015B,Unable to prosecute suspect
dead36fb2f2f3429eaa2fdfd3c6c1cc626e1d2bd9b0248b99d73702b13e6c7cb,2015-08,Essex Police,Essex Police,1.215309,51.928254,On or near THE STREET,E01022028,Tendring 004F,Suspect charged
17a3df77bd220ee5b91754768de09f9206b35e4a1f64ccd1bf5168c9b59b2ed0,2015-08,Essex Police,Essex Police,0.678142,51.736249,On or near Supermarket,E01021890,Maldon 004B,Investigation complete; no suspect identified
a406867f08f1a0a727e70070346c2ff406450d705ad6cc13e2f2107aa4583d43,2015-08,Essex Police,Essex Police,-0.001476,51.687297,On or near Parking Area,E01021818,Epping Forest 009C,Investigation complete; no suspect identified
4ad817f6d5adc15d3ed0df583762c165ad67e2c090514d741aa47c64a8d41f21,2015-08,Essex Police,Essex Police,0.277554,51.476647,On or near THIRD AVENUE,E01016012,Thurrock 015C,Investigation complete; no suspect identified
8318c87cb503d2451fb5369975c6cca3911f17c62f5749ee9aff43c1118c45d9,2015-08,Essex Police,Essex Police,0.720040,51.544677,On or near CENTRAL AVENUE,E01015898,Southend-on-Sea 010D,Investigation complete; no suspect identified
2e0444a639abd9cb10516e55cf3c7671996c0174870502274bddc9d8156aca0d,2015-08,Essex Police,Essex Police,0.595813,51.563753,On or near KINGSMERE,E01021529,Castle Point 006D,Investigation complete; no suspect identified
87700d97a996b1863f49e2bcc9d12e688a4498260e99a1a814ce47d0219a4aab,2015-08,Essex Police,Essex Police,1.233028,51.926023,On or near ALDON CLOSE,E01022002,Tendring 004C,Suspect charged
12e07774208de93f48adb51a86cb40cca0018fd5f034a59f537e8d8bcbdf0bfe,2015-08,Essex Police,Essex Police,0.717799,51.671251,On or near Petrol Station,E01021874,Maldon 007B,Investigation complete; no suspect identified
d0c85c62a715a113c03ed9d56779abb40a8272de7f552b91af7e61483c58b6c4,2015-08,Essex Police,Essex Police,0.771709,51.535921,On or near GOLDMER CLOSE,E01015916,Southend-on-Sea 017C,Investigation complete; no suspect identified
e014abc50810ad4153fcb788ee6d6b78b6c00ffabbeac2dbe602239c6b022ca1,2015-08,Essex Police,Essex Police,0.712497,51.540310,On or near Bus/Coach Station,E01015895,Southend-on-Sea 010A,Investigation complete; no suspect identified
1a906587505c1840f12b13f6e13e0ab73fb6820a60693b1361eec654f69448b6,2015-08,Essex Police,Essex Police,0.553085,51.885406,On or near RANA DRIVE,E01021357,Braintree 008B,Investigation complete; no suspect identified
552e426581b0e26f18a2c281882c2dffe2a4998f1e6aa9ea4ed3feb6cbae81d9,2015-08,Essex Police,Essex Police,0.095336,51.766695,On or near Parking Area,E01021868,Harlow 007B,Investigation complete; no suspect identified
0144ad475e1cae475f9186920d8afbd8448e37ca478196a5f659a6fd7e282951,2015-08,Essex Police,Essex Police,0.341342,51.568047,On or near Parking Area,E01021446,Brentwood 009B,Investigation complete; no suspect identified
46c036e1d45ed28e75d2f6dce1aceb9a583aa4d50525cc2c5a598180e854f7fc,2015-08,Essex Police,Essex Police,0.696459,51.596152,On or near Supermarket,E01021932,Rochford 007B,Suspect charged
0b15ce83d9590c1728817d9883f86847630c04f0fcd09f49269ac3e9804781f8,2015-08,Essex Police,Essex Police,0.341790,51.569468,On or near PETRESFIELD WAY,E01021446,Brentwood 009B,Investigation complete; no suspect identified
653cc8201458b18fb4db670dcf0bfe25e66eee0f594d876964930f5a189b4225,2015-08,Essex Police,Essex Police,0.357737,51.464000,On or near ADELAIDE ROAD,E01016006,Thurrock 018D,Formal action is not in the public interest
06ea7601e172701abf8515be7b370a8b0734137f74fe72de5017be219108f599,2015-08,Essex Police,Essex Police,0.276799,51.503407,On or near STIFFORD ROAD,E01015929,Thurrock 007C,Investigation complete; no suspect identified
ed7778c19f114f958392ef915a4f9b44bba9e6572a4652098ca54d7255d7e673,2015-08,Essex Police,Essex Police,0.129253,51.784008,On or near BROADWAY AVENUE,E01021856,Harlow 001C,Local resolution
14ede09b91a79b2b6b454695a1e548704e6e111e79c1a1b33a78064b782844c4,2015-08,Essex Police,Essex Police,0.077558,51.773126,On or near KERRIL CROFT,E01021840,Harlow 004B,Unable to prosecute suspect
99d52702a881c7d076c07c4dc87da0218c0c2dddf3d3131b65ff5e1b307bf586,2015-08,Essex Police,Essex Police,0.450803,51.522535,On or near THAMES CLOSE,E01015983,Thurrock 002B,Suspect charged
6c3cc4fb4c03a8bea320d96510f3facf2917828e4bffe0a9455e50478ac84b3f,2015-08,Essex Police,Essex Police,0.573768,51.881393,On or near WHEATLEY AVENUE,E01021369,Braintree 012D,Investigation complete; no suspect identified
70a5c19eef2cbcbbb973ff180940eddc66011800d8ba4f32f23c27a3d363e8d4,2015-08,Essex Police,Essex Police,0.292252,51.511847,On or near OAKLANDS DRIVE,E01015932,Thurrock 006A,Investigation complete; no suspect identified
df3324ea6ce1d0adc52944f7f2b914d26fb85ddd7da76a83ff55a12d69080dba,2015-08,Essex Police,Essex Police,0.905583,51.879797,On or near Supermarket,E01021684,Colchester 011B,Investigation complete; no suspect identified
615c1a28064c23f12a7ad9d36d355293bf0cd99ab8aa84d63564a20c0a7e9468,2015-08,Essex Police,Essex Police,0.907553,51.879253,On or near CLAUDIUS ROAD,E01021684,Colchester 011B,Suspect charged
b239c49da367740a2927c5f87ff192aae3a01bab7a12a624d20505da8a397824,2015-08,Essex Police,Essex Police,0.006020,51.680137,On or near LODGE LANE,E01021817,Epping Forest 008E,Unable to prosecute suspect
c5378cef4e32e92439d1d0e16627200b353ef51383c5ff32b1a9a99960da3b76,2015-08,Essex Police,Essex Police,1.093192,51.896326,On or near B1035,E01022019,Tendring 003E,Unable to prosecute suspect
1eb8cb6d1fb40320832337a541278c7652c1a11ef7442ecba2e60b82d67bbc08,2015-08,Essex Police,Essex Police,0.518621,51.604044,On or near THACKEREY ROW,E01021342,Basildon 008B,Investigation complete; no suspect identified
af52681592f8cb5499650280b0585e1708363d6bdf0544e0b80dc43b6b2554ac,2015-08,Essex Police,Essex Police,0.827316,51.890437,On or near A1124,E01021718,Colchester 012A,Offender given a drugs possession warning
620af4c61cf071167753096de4272244476f3b34edaab26ed689be31b2e5546f,2015-08,Essex Police,Essex Police,0.113251,51.699983,On or near STAR LANE,E01021757,Epping Forest 006B,Offender given a caution
2ec2b364cb006cc3898172cfa1792d887824c416e7367cc9db4751c95324b4d8,2015-08,Essex Police,Essex Police,0.620376,51.518635,On or near BECK FARM CLOSE,E01021491,Castle Point 012C,Investigation complete; no suspect identified
afd65476ceee85f4ed2155080e0a766e2515980a11f0e0c32086e93b1deac21a,2015-08,Essex Police,Essex Police,1.151293,51.796927,On or near CAMBRIDGE ROAD,E01021970,Tendring 016A,Investigation complete; no suspect identified
4abbc89a6a70ff86aac9026f1084328f0b12804eeace3be1c218ddcaefca6511,2015-08,Essex Police,Essex Police,0.631768,51.868814,On or near FIVEASH LANE,E01021361,Braintree 012B,Investigation complete; no suspect identified
69cec03dd5d9f6439df7ceaa0424aa5e8dec87af5a0d6bbd837a938d37b030e5,2015-08,Essex Police,Essex Police,0.694083,51.604796,On or near NEWTON HALL GARDENS,E01021914,Rochford 002A,Investigation complete; no suspect identified
e2d2efa04c409789fcc9738fad1ddc7c5184c2d26f52bf063d6278f8c2b60d71,2015-08,Essex Police,Essex Police,0.696459,51.596152,On or near Supermarket,E01021932,Rochford 007B,Investigation complete; no suspect identified
fac6a7c23af24ab722b61aa32eae61135b05a9d6b64245b2dcafc78df6f576cf,2015-08,Essex Police,Essex Police,0.480398,51.586665,On or near Sports/Recreation Area,E01021267,Basildon 012B,Suspect charged
06caedd0801b85626bfc0550ab062ca025f0ea549343346ecee035b534a0efea,2015-08,Essex Police,Essex Police,0.078769,51.774237,On or near SPRING HILLS,E01021840,Harlow 004B,Local resolution
59c3787fbe49a6952b4e8f3a947ced7246f037b4168a88de3709d4301088c229,2015-08,Essex Police,Essex Police,0.703500,51.537927,On or near PARK CRESCENT,E01015856,Southend-on-Sea 015F,Local resolution
a8c8a4fbfc353afbd75f9ff2a51093cde0d5078da1896a3dd2194ae516a69b37,2015-08,Essex Police,Essex Police,0.684702,51.545167,On or near LONDON ROAD,E01015832,Southend-on-Sea 012F,Suspect charged
04abd055fe62d58983a8ec2c54e0c458fed1d45ba91ee1c956398b5db1980c91,2015-08,Essex Police,Essex Police,0.462023,51.737390,On or near SOUTH PRIMROSE HILL,E01021575,Chelmsford 009B,Investigation complete; no suspect identified
619f08dda8f3e7c14b004792386b9453bdca64be1627eb95884a89fba86ff027,2015-08,Essex Police,Essex Police,0.434819,51.576900,On or near WEYMARKS,E01021289,Basildon 016C,Investigation complete; no suspect identified
9c77e5e5a3277b6ae66ecc5313091b36d3bd4f5661906c0b37985f695364c107,2015-08,Essex Police,Essex Police,0.155661,51.713537,On or near HURRICANE WAY,E01021799,Epping Forest 001E,Investigation complete; no suspect identified
a278ea800b5f5f3bef1c3e05c9c407fa50544b5c1124ec6331ed772b962fc4e4,2015-08,Essex Police,Essex Police,0.838751,51.879774,On or near HARVEY CRESCENT,E01021722,Colchester 012E,Formal action is not in the public interest
8b3287851ab1e3991338940cb8c259c410291339d75bb01f956b4794d72b1f34,2015-08,Essex Police,Essex Police,0.324934,51.477776,On or near CLARENCE ROAD,E01015956,Thurrock 016B,Investigation complete; no suspect identified
60203519a9581d7c110b20181167cd1e4879d01931707e95feb3bc058164dc54,2015-08,Essex Police,Essex Police,1.284785,51.943486,On or near COKE STREET,E01021997,Tendring 001A,Investigation complete; no suspect identified
69350b1306fdc2a3b3fcd53dcf94eaab607dd3a0ec7e6c4deae7b417c321ceff,2015-08,Essex Police,Essex Police,0.499978,51.583317,On or near EYNESHAM WAY,E01021307,Basildon 011C,Investigation complete; no suspect identified
0dd4e73cf7d3a834ea33271c2778ffc335e5d19970fba4d0bf1841af194275f7,2015-08,Essex Police,Essex Police,0.605828,51.585708,On or near Shopping Area,E01021962,Rochford 008C,Investigation complete; no suspect identified
56952e9f0e786e173100adcab9b39dbf3ca274d64039fc11c63094eae9339b1d,2015-08,Essex Police,Essex Police,0.717984,51.542359,On or near Supermarket,E01015895,Southend-on-Sea 010A,Investigation complete; no suspect identified
088b42657922a844fce818412adb42397cbd9e4e0bf970ad0b7baffb786647ae,2015-08,Essex Police,Essex Police,0.781177,51.531560,On or near CHELMER WAY,E01015917,Southend-on-Sea 017D,Unable to prosecute suspect
ce06d7c29bd9f243cf065b8be1e5d2484353ce3c35d6eb66a90939e3c9a58ac4,2015-08,Essex Police,Essex Police,0.717799,51.671251,On or near Petrol Station,E01021874,Maldon 007B,Investigation complete; no suspect identified
124b59c90b30f1b7ee2c77e96c0efef61432fd96f9bd2d49bdc04336427d236d,2015-08,Essex Police,Essex Police,0.361679,51.461709,On or near CALCUTTA ROAD,E01016009,Thurrock 018G,Investigation complete; no suspect identified
471b5468d73f231e021b06b3fa82e55370321c41db44a23133f73284125b39d3,2015-08,Essex Police,Essex Police,0.501215,51.592707,On or near SOUTHEND ARTERIAL ROAD,E01021330,Basildon 006C,Investigation complete; no suspect identified
e6b5f1ae060ed32b1f503ed6d96230b4c317abad31b4c3d61c7a71dc751ba50d,2015-08,Essex Police,Essex Police,0.261741,51.889938,On or near Airport/Airfield,E01022090,Uttlesford 006B,Suspect charged
8c79c04d5ed9ed8c4d37485a6403dc3b12d7aa8512da444a32c995bec8ab6e17,2015-08,Essex Police,Essex Police,0.008813,51.646493,On or near BURY ROAD,E01021806,Epping Forest 009A,Investigation complete; no suspect identified
504674602aa2e8b3e2d64ddeac246134a2a142d29acbd5391bafa26566b5b6ae,2015-08,Essex Police,Essex Police,0.917521,51.924991,On or near SEVERALLS LANE,E01033720,Colchester 002F,Investigation complete; no suspect identified
1dbedc9da992bb6e4f5f2c3d5e99fcd9f12b09a93309544b82245bddbe2150fc,2015-08,Essex Police,Essex Police,0.094133,51.767643,On or near Shopping Area,E01021872,Harlow 007E,Local resolution
b965fb99c3ddf5d3f2bd01e914b3c6d22ea1cc2526468ab37eaa6d79ca04d580,2015-08,Essex Police,Essex Police,0.555911,51.599172,On or near DOUBLEGATE LANE,E01021920,Rochford 006A,Investigation complete; no suspect identified
01ed15638c4bac74f4bb6d3241d65d0de08db45827f3cb5306ed9d16d3af0af1,2015-08,Essex Police,Essex Police,0.296350,51.523989,On or near PEARTREE CLOSE,E01015971,Thurrock 006B,Investigation complete; no suspect identified
2f8a282a08125d679bdbf59ac38e13e8cdb84569de9bd11f5b2a325bf4477ae4,2015-08,Essex Police,Essex Police,0.461461,51.573385,On or near BRAYBROOKE,E01021318,Basildon 015C,Suspect charged
5e1c4d617378d34bc7c8447b5144510c16e31003990d92bbeb0ea1572aaff2d5,2015-08,Essex Police,Essex Police,0.453480,51.570171,On or near Parking Area,E01021318,Basildon 015C,Investigation complete; no suspect identified
f12f50ef81cf541f950ecdbcb6b82f5135b0f4de1c8621b245775c1654c01532,2015-08,Essex Police,Essex Police,0.287943,51.483091,On or near GRENVILLE ROAD,E01033611,Thurrock 019C,Formal action is not in the public interest
853536ddeb3e9c458b36df0ba8d10808bd0b10a6411bc18169de6f3ea92b3a9b,2015-08,Essex Police,Essex Police,0.087539,51.611362,On or near MILLWELL CRESCENT,E01021765,Epping Forest 017B,Investigation complete; no suspect identified
ab53b38df08ce7dd79853f090b168b5f2cd67cc84a3aed6e11e0ddea2b99ac48,2015-08,Essex Police,Essex Police,0.669777,51.564943,On or near SNAKES LANE,E01015864,Southend-on-Sea 002B,Local resolution
6ba5763ac2dfa3f6c8611ce8be416f782251518cdd5812c0d01c29c096cddc9d,2015-08,Essex Police,Essex Police,1.157555,51.791462,On or near HIGH STREET,E01022027,Tendring 016D,Offender given a caution
3e10669a1ea49920a144cd0e505a179d6d5cda11180c8f9bbac37667900ce5d2,2015-08,Essex Police,Essex Police,0.426159,51.642711,On or near LISA CLOSE,E01021250,Basildon 001D,Formal action is not in the public interest
a2b37cdcfac0b2de64ae124cbe9abaa8a3ad68a7809c7494618a6960bd062422,2015-08,Essex Police,Essex Police,0.630580,51.544604,On or near THAMES CLOSE,E01015910,Southend-on-Sea 008C,Suspect charged
3434f1be8d4dbea228db945333db675b8086c44cd5cc02f020554fcd3a8b2992,2015-08,Essex Police,Essex Police,0.456604,51.567614,On or near Pedestrian Subway,E01021296,Basildon 020C,Investigation complete; no suspect identified
abf90a0d5f917f53fc884fa64f291a4d76d1d130201d33d3e55659c4ea4eae51,2015-08,Essex Police,Essex Police,0.589048,51.856246,On or near Petrol Station,E01021380,Braintree 012E,Investigation complete; no suspect identified
c9eb09ec2d3dd0400e107504bc9be671ed1c8460089ab960114bcf9b98fe3b56,2015-08,Essex Police,Essex Police,0.724162,51.553539,On or near WALTHAM CRESCENT,E01015871,Southend-on-Sea 006C,Local resolution
a25d06ebc680ccdfb591698d50d5950a764830442becd07ff1cc23aadf544949,2015-08,Essex Police,Essex Police,0.042017,51.667422,On or near Parking Area,E01021806,Epping Forest 009A,Formal action is not in the public interest
b9590dc02a2bfaff40d36bbacfd29f3e4ea6526cae477ddce7667a376c00956d,2015-08,Essex Police,Essex Police,1.167645,51.819108,On or near Shopping Area,E01021984,Tendring 010A,Investigation complete; no suspect identified
627f0613121381e9cd8ae1b8b32a3d4185e964c1099d3546856ee5d3696eb957,2015-08,Essex Police,Essex Police,0.116622,51.769713,On or near TUNNMEADE,E01021847,Harlow 002D,Offender given a caution
007c0ac98018d9b8e65ac6cb39595212d170112901d24db0c90ef0c81606ee43,2015-08,Essex Police,Essex Police,1.152226,51.789923,On or near ROSEMARY ROAD,E01022025,Tendring 016B,Suspect charged
d331e811964994f1e54230739961d179537f5b3831ce5fe9a5e22e3338016c79,2015-08,Essex Police,Essex Police,1.288552,51.944640,On or near WEST STREET,E01021998,Tendring 001B,Suspect charged
ab13067015da47264771498cae2d5d7c092f8750ec1f1a31f8fec0d91af7fe8e,2015-08,Essex Police,Essex Police,0.470335,51.571490,On or near PRIORS EAST,E01021321,Basildon 015E,Investigation complete; no suspect identified
08f495e85ff78a5622cc46dab141e1ea235c095cd2a47c92a6ca57164e80f3ae,2015-08,Essex Police,Essex Police,0.094408,51.671454,On or near AVENUE ROAD,E01021803,Epping Forest 010B,Investigation complete; no suspect identified
9a2a9bc0073539b354530943f93ca972efb98ee8c7a9b833fcfbcd94c92e3204,2015-08,Essex Police,Essex Police,1.258017,51.844825,On or near BRAMBLES,E01022012,Tendring 008H,Investigation complete; no suspect identified
390b10b4eae0d76f36769598d9e8109aac8a9cc5dfc026dee43afab8fb985ee8,2015-08,Essex Police,Essex Police,0.281531,51.509871,On or near DERRY AVENUE,E01015972,Thurrock 006C,Investigation complete; no suspect identified
f305430a355c4f2f5cf8e21db5380315fc8fbfc582eb0b8126889dcf3d2bdef2,2015-08,Essex Police,Essex Police,1.089337,51.939050,On or near RIGBY AVENUE,E01022021,Tendring 003G,Investigation complete; no suspect identified
b0b3f3ef38e960b347504b68950a85e4242aee261bde761633b2330f4dbebe14,2015-08,Essex Police,Essex Police,0.582850,51.698444,On or near BICKNACRE ROAD,E01021533,Chelmsford 016A,Local resolution
f710510bb2a920a28496d7604f6b7d5aa060bcd36cde154599624e2751fec906,2015-08,Essex Police,Essex Police,0.724776,51.550296,On or near SELBOURNE ROAD,E01015871,Southend-on-Sea 006C,Investigation complete; no suspect identified
4d506cb48a1cdf601d44479d7ecd61112ed51dd491056d724b4536db4e2f2400,2015-08,Essex Police,Essex Police,0.701205,51.537899,On or near AVENUE TERRACE,E01015856,Southend-on-Sea 015F,Investigation complete; no suspect identified
540f15702a06a638cefae75f10046eabda7d439dd2cc187a2d1b53cb4c07dbd2,2015-08,Essex Police,Essex Police,0.618594,51.785544,On or near Hatfield Road (Near Service Station),E01033460,Braintree 017F,Investigation complete; no suspect identified
7d991ce96b3568b13d3e0dd8d1c4379406e93149fc95b53f4a2b694c57e96d87,2015-08,Essex Police,Essex Police,1.284066,51.942013,On or near CANNING STREET,E01021998,Tendring 001B,Investigation complete; no suspect identified
aec5d9166084752ec5bcaeb8f1a1a4e98fe3e5687d575c7f7bea6296f096289c,2015-08,Essex Police,Essex Police,0.835371,51.886106,On or near TOLLGATE EAST,E01021719,Colchester 012B,Investigation complete; no suspect identified
b18b3f91d49d78dd0039585d49de9a649ace2bf495133f18623ac9398b35cd40,2015-08,Essex Police,Essex Police,0.063427,51.675222,On or near B172,E01021806,Epping Forest 009A,Investigation complete; no suspect identified
f38088a5445b7631b9404fbd52fc4ba02c175453d7e021b89f222b1f24eafb4a,2015-08,Essex Police,Essex Police,0.931256,51.879726,On or near QUAYSIDE DRIVE,E01033719,Colchester 008G,Investigation complete; no suspect identified
5dcf6b916edbae9fe77e787447c4bd356e5768c79b54435152eafcf6908bffb0,2015-08,Essex Police,Essex Police,1.154318,51.800363,On or near BERKELEY ROAD,E01022043,Tendring 014B,Unable to prosecute suspect
2526d61b64dc2d7ed4ce507afa9905a4a0cdc663c6b06bcb902018cc2eacf1c1,2015-08,Essex Police,Essex Police,0.303257,51.621059,On or near Shopping Area,E01021433,Brentwood 007A,Formal action is not in the public interest
cb36873113e6e6b1f3eb7dac8153ffb4c2bed2b1fefe531939d73fb6d6800676,2015-08,Essex Police,Essex Police,0.637934,51.660149,On or near WOODHAM ROAD,E01021902,Maldon 007F,Offender given a caution
a5fb5273f1becaa5984579af6ac69fb1ba8fb79faf73caeb5f92264627283b2c,2015-08,Essex Police,Essex Police,0.716176,51.536213,On or near YORK ROAD,E01015852,Southend-on-Sea 015B,Unable to prosecute suspect
0db1dd7412af08a2861a2e41ed154c4b7ac6e35c597049bcb6fd433d1ff20f49,2015-08,Essex Police,Essex Police,0.516750,51.604695,On or near KERSHAWS CLOSE,E01021342,Basildon 008B,Formal action is not in the public interest
8b1991db78bac201fad18b2e9be9b6cbe755950dae559732d8185f236d758a6f,2015-08,Essex Police,Essex Police,0.691150,51.544444,On or near Supermarket,E01015902,Southend-on-Sea 007B,Investigation complete; no suspect identified
cf48291be9ad5f92cc25fb0e1d2a483db80e2fc6c6e8bba0f16ae6fbbbf81c5f,2015-08,Essex Police,Essex Police,0.906862,51.865618,On or near QUEEN ELIZABETH WAY,E01021638,Colchester 018B,Investigation complete; no suspect identified
862a2a2a0cec8d20dcefe67bb23a16d81b61df8a66f9a0468cde34f4532cead0,2015-08,Essex Police,Essex Police,0.709439,51.547108,On or near CROWBOROUGH ROAD,E01015899,Southend-on-Sea 010E,Unable to prosecute suspect
94f6f2e218b4c50eabe5245c7fd5d3d99920a77323ccceec0d6c01834a43bfce,2015-08,Essex Police,Essex Police,0.215646,51.987745,On or near WATER LANE,E01022072,Uttlesford 003C,Investigation complete; no suspect identified
9445bb2a0a8f860ca000a1d9706ca46d7e38b50966b30902e3fd1c3b0475c398,2015-08,Essex Police,Essex Police,0.845734,51.878068,On or near Petrol Station,E01021721,Colchester 012D,Investigation complete; no suspect identified
a5538803296385d18fed5368f130d2e7b39d75b72797fed3d22bf83d0f537530,2015-08,Essex Police,Essex Police,0.612438,51.617119,On or near Supermarket,E01021944,Rochford 001C,Investigation complete; no suspect identified
af145df7f1e61a24f0704eecd29ac00ab071a4836a45e0f34c316aba3fadb569,2015-08,Essex Police,Essex Police,0.191617,51.903945,On or near CANNONS MEAD,E01022085,Uttlesford 005E,Investigation complete; no suspect identified
54c69110ff14a48f1c55f41d0cb782f968fcf0338c029cc2b4e22a4612b498ea,2015-08,Essex Police,Essex Police,0.349683,51.633781,On or near CLAUGHTON WAY,E01021451,Brentwood 003D,Investigation complete; no suspect identified
980367085438bf76bf60781b7fdfb97fe838b0fc1227b26f6d3cef52229bbddf,2015-08,Essex Police,Essex Police,0.088758,51.607410,On or near COPPERFIELD,E01021764,Epping Forest 017A,Investigation complete; no suspect identified
82959938957ae18e4ddb13c9e2b81f9184aaf688021710e33bd15c45b1a8d7ed,2015-08,Essex Police,Essex Police,0.335203,51.736661,On or near SILVER LANE,E01021769,Epping Forest 003A,Investigation complete; no suspect identified
6787d501846196e8d8dc0605782fa4197a2b2c75b5f851b2a6c8399559322c55,2015-08,Essex Police,Essex Police,0.841355,51.888111,On or near Petrol Station,E01021719,Colchester 012B,Investigation complete; no suspect identified
45f2ff77f72c2baccd38722c5cf6f6cb62ccf64e0dcd91ab1d487e812baf92d0,2015-08,Essex Police,Essex Police,0.324019,51.478460,On or near Theatre/Concert Hall,E01015956,Thurrock 016B,Formal action is not in the public interest
e5b9e091dc4a8178410949e2f5e52b9e1fbd8766bf23773745450b8960faa57b,2015-08,Essex Police,Essex Police,0.071462,51.656996,On or near HILLCROFT,E01021779,Epping Forest 011F,Suspect charged
56637abe846571b8958693faf53196f26cb8554347cc682f7abeb437e5be0e79,2015-08,Essex Police,Essex Police,0.423845,51.585751,On or near QUEENS ROAD,E01021263,Basildon 010C,Investigation complete; no suspect identified
e92c8be899b23eee43ce927366dcad7963cb37807ed6e72dbea76829c8aeb306,2015-08,Essex Police,Essex Police,0.695194,51.593321,On or near HOLT FARM WAY,E01021932,Rochford 007B,Investigation complete; no suspect identified
13501163154987c0285a0d1adec70317eb4540a296bf39705d4f1a69d525702b,2015-08,Essex Police,Essex Police,1.134644,51.792588,On or near Supermarket,E01022032,Tendring 015E,Investigation complete; no suspect identified
6d89c3059544f7a7a49fea1538816554fc15f1f69c27d474558ac146f87ca00b,2015-08,Essex Police,Essex Police,0.612844,51.552492,On or near OAK ROAD NORTH,E01021518,Castle Point 006B,Offender given a caution
363f298c4b6f9c95bee85d2c9754e7d6e14abbf2b0dac9a2635673b30a1c4ebc,2015-08,Essex Police,Essex Police,0.135588,51.706889,On or near GARNON MEAD,E01021756,Epping Forest 006A,Investigation complete; no suspect identified
1bb1eb7c779d63338369af95ea3330eddab9d6cb1eb608f2fde3ab1344f7ae85,2015-08,Essex Police,Essex Police,0.695119,51.541061,On or near Supermarket,E01015855,Southend-on-Sea 015E,Investigation complete; no suspect identified
d69fc2a1ab74bd4fc749c6bf0720ad8bb33830acfef47d549c736276887bc39a,2015-08,Essex Police,Essex Police,0.529219,51.578023,On or near WINDSOR ROAD,E01021312,Basildon 011F,Suspect charged
a3136c0db4e79e1203d2994772b8ed503813d861a8ebaf905a936f3c0f44827a,2015-08,Essex Police,Essex Police,0.446663,51.574630,On or near UPPER MAYNE,E01021319,Basildon 017E,Investigation complete; no suspect identified
8b217232f860094680db0b28d44a660971e9b6da23e74d4934ad755c787a06f3,2015-08,Essex Police,Essex Police,0.929766,51.866210,On or near FULLERS ROAD,E01021667,Colchester 016F,Investigation complete; no suspect identified
31984aa6aefe4f739adcff854e118305111d1e51a6746541d6b32f4c875293f9,2015-08,Essex Police,Essex Police,0.083740,51.660232,On or near HEREWARD GREEN,E01021774,Epping Forest 011A,Unable to prosecute suspect
0c38aae7a8a45099da8dbcad24ea0818edbbc9e4e589713404b75905237c70d0,2015-08,Essex Police,Essex Police,0.538347,51.583051,On or near NORTH BENFLEET HALL ROAD,E01021312,Basildon 011F,Unable to prosecute suspect
b641340f719eb897be0a7ad8c325b50b65bfc3d03ea7b7562845ef65399aef1e,2015-08,Essex Police,Essex Police,0.628769,51.630218,On or near KINGSMANS FARM ROAD,E01021942,Rochford 001A,Formal action is not in the public interest
90718ecdda5bb19b8f3bfcf0d0d7e39cecfa9114db121cfb84eae0a2a078de60,2015-08,Essex Police,Essex Police,0.466199,51.721519,On or near Pedestrian Subway,E01021580,Chelmsford 012D,Unable to prosecute suspect
5ab95435940e3155d9e7b2e65bdb03e983973f00ecd030d7b398753eaa802b12,2015-08,Essex Police,Essex Police,0.459707,51.571362,On or near NORTH GUNNELS,E01021318,Basildon 015C,Investigation complete; no suspect identified
91799fef18939364d7c534d3258f2eef827ae0a026b93a40f5fd5bb301aa3c5d,2015-08,Essex Police,Essex Police,0.730798,51.540290,On or near Petrol Station,E01015844,Southend-on-Sea 014F,Investigation complete; no suspect identified
35e90d7292553fef9fbf93b4616338e1da0d4624739906d6c2fef9e216336f19,2015-08,Essex Police,Essex Police,1.177925,51.805573,On or near DOVEDALE GARDENS,E01022033,Tendring 012B,Investigation complete; no suspect identified
22b9406d02339050c7b7e9df34f1edfa0ca522cb7e7649c41b24e137922ddecf,2015-08,Essex Police,Essex Police,0.158624,51.713438,On or near BLENHEIM WAY,E01021799,Epping Forest 001E,Investigation complete; no suspect identified
14df4648bfe86b4150c9f9f4bcde25e0b82a09b3500274f061d47be77cb8e9c0,2015-08,Essex Police,Essex Police,0.485254,51.571156,On or near Parking Area,E01021322,Basildon 019A,Investigation complete; no suspect identified
503c4801921757bfb05f42af1262e13f220bfddb7e4e6c43d5f45f201e487497,2015-08,Essex Police,Essex Police,0.473830,51.736629,On or near Chelmsford Police Station,E01033141,Chelmsford 010G,Formal action is not in the public interest
18371b53002b67a114685085e2d01615df16939540f40fd93266104931e6450a,2015-08,Essex Police,Essex Police,0.094133,51.767643,On or near Shopping Area,E01021872,Harlow 007E,Offender given penalty notice
6d89f735229ed0b1f4488cd79cc152e6c1feaf7783622eca10e0feae99eca993,2015-08,Essex Police,Essex Police,0.550842,51.878655,On or near Shopping Area,E01021365,Braintree 009D,Investigation complete; no suspect identified
52e823a9a12bd82913feeb7b0d91521cfa80ead0be1e287957675728826f37e0,2015-08,Essex Police,Essex Police,0.555775,51.574624,On or near FAIRVIEW CLOSE,E01021513,Castle Point 001A,Investigation complete; no suspect identified
2672e9cdc575f891f205fde5adddd3a2f2e7b9cb769092378bb0d59795347fd7,2015-08,Essex Police,Essex Police,0.516423,51.573972,On or near CROWN AVENUE,E01021314,Basildon 018B,Investigation complete; no suspect identified
3b3bb4112cf19a88ea82c63a764fc43222cce568806e22e38829281b17b32492,2015-08,Essex Police,Essex Police,0.610588,51.554674,On or near RECTORY ROAD,E01021520,Castle Point 006C,Local resolution
103d6bf21127da0543402d0cb6a1219fb4d1216a8cdfc0c5b2f1da9451376b9f,2015-08,Essex Police,Essex Police,0.437796,51.624142,On or near GREENWAY,E01021241,Basildon 003C,Suspect charged
7c527a326c1183a03d6bf3e6c7db45e58fd434c23e275111f2f8c6fcd794a2cd,2015-08,Essex Police,Essex Police,0.568709,51.522953,On or near THE WEALD,E01021486,Castle Point 010B,Investigation complete; no suspect identified
1a882a7a14960561d14544130e05d62bf8f82fabbf84f6bc0ee9fd7410695565,2015-08,Essex Police,Essex Police,0.072354,51.783568,On or near A414,E01023492,East Hertfordshire 009B,Investigation complete; no suspect identified
adec007cc0958cbd08f608632089a21b9d3dea39fbf6bf0d4f2aef2d6c2a2050,2015-08,Essex Police,Essex Police,0.253461,51.507617,On or near TEVIOT AVENUE,E01015924,Thurrock 008C,Unable to prosecute suspect
aa9ea79e22a57f2c0e05318691c1014b13f53fb455a73ffa0b88008a33bc6c71,2015-08,Essex Police,Essex Police,0.454957,51.720604,On or near WIDFORD CHASE,E01021556,Chelmsford 012A,Offender given a caution
47ab7d6d90eca77c02ef1f51c8219348f0eda51de711eb01a2133f452f057d1e,2015-08,Essex Police,Essex Police,1.156341,51.788832,On or near BEACH ROAD,E01022025,Tendring 016B,Investigation complete; no suspect identified
5e94984dbc1d8a12ac8880efa7e5188e750e6db5d4473257d54ce7d7f02e2a83,2015-08,Essex Police,Essex Police,0.290865,51.616841,On or near Petrol Station,E01021438,Brentwood 006A,Investigation complete; no suspect identified
bdc461e7472b00f73cee4f9126e906c57154f748121ed58578e28ff117044124,2015-08,Essex Police,Essex Police,0.116772,51.783747,On or near WEST ROAD,E01021848,Harlow 002E,Investigation complete; no suspect identified
40657c42ddedf84375709304e1e5b52520e150d4785446e8b45cd3770616097f,2015-08,Essex Police,Essex Police,0.589748,51.594383,On or near ALEXANDRIA DRIVE,E01021957,Rochford 006C,Investigation complete; no suspect identified
2120fa34928f9a24555969dc639b7d5cbf5633be37f1ec73e5f92b0262532b79,2015-08,Essex Police,Essex Police,0.024529,51.688740,On or near FULLERS CLOSE,E01021816,Epping Forest 007E,Investigation complete; no suspect identified
693c9e2d0362e6a09f68535985175bc75dd92e6ad2c0e5f4e7bfa97d98a8af41,2015-08,Essex Police,Essex Police,0.648260,51.558695,On or near Supermarket,E01015819,Southend-on-Sea 003F,Suspect charged
ab61e6971fe62dd760dbf526ce91600d6985b29852b4f6a3c93f8a214ff6ae0f,2015-08,Essex Police,Essex Police,0.912338,51.926046,On or near Petrol Station,E01021682,Colchester 004D,Unable to prosecute suspect
5a3e54e2a96fddd9738f9a54bbdaf974ad8d94e9d97b11cf8d035f344ded3992,2015-08,Essex Police,Essex Police,0.301164,51.620236,On or near BANK PLACE,E01021433,Brentwood 007A,Investigation complete; no suspect identified
3cfc80556728ae03fb052fee286a6146f879959ecbc801f72a90bd84702b3b21,2015-08,Essex Police,Essex Police,0.901742,51.896638,On or near JARMIN ROAD,E01021647,Colchester 007B,Investigation complete; no suspect identified
a9f4537fd4ebb286cfc4a571336e6642755da30c3b9de6e26508cad6bac40c65,2015-08,Essex Police,Essex Police,0.419386,51.481117,On or near PRINCESS AVENUE,E01015948,Thurrock 013B,Investigation complete; no suspect identified
de946b87fa3d59a3734c6add1bfc6405a24c33302fb9f6f91b1c0336826d65a7,2015-08,Essex Police,Essex Police,0.500271,51.585496,On or near REPTON CLOSE,E01021307,Basildon 011C,Investigation complete; no suspect identified
79247e484d0968f853641de80dd71e8a4c7cf957f3830bfe7acf205a5271a996,2015-08,Essex Police,Essex Police,1.115348,51.773791,On or near FIR WAY,E01021988,Tendring 018A,Investigation complete; no suspect identified
19de7e971d79a35e826625db9a4db4b1daee9f111a6ed82987b69095fe8619b5,2015-08,Essex Police,Essex Police,0.550351,51.889997,On or near QUEENS ROAD,E01021359,Braintree 008D,Formal action is not in the public interest
cc5499528d3c7ee6a33f0508d2a10572d5f33f37fda94df85e39ade8c0352e17,2015-08,Essex Police,Essex Police,0.595833,51.574481,On or near STARLING CLOSE,E01021509,Castle Point 002A,Investigation complete; no suspect identified
2bbf38725952a3d074ef363510d1b8102288c559f22a1ac441795795e23f70a2,2015-08,Essex Police,Essex Police,0.284143,51.486609,On or near Shopping Area,E01016011,Thurrock 015B,Investigation complete; no suspect identified
7b7eaf16daf8c0fba90ed5168a4ab415c50dd6e737819f9d263149615b642d87,2015-08,Essex Police,Essex Police,0.659766,51.541014,On or near ASHLEIGH DRIVE,E01015848,Southend-on-Sea 011D,Investigation complete; no suspect identified
dd537acb3142dbec2ae5c60b7aed2250b1881437a68f03e5372e1738a31b0441,2015-08,Essex Police,Essex Police,0.441899,51.573812,On or near TEAGLES,E01021291,Basildon 016E,Suspect charged
cc023a7ffba88d0fbae3f77eb84ac8e9c2cb2a928f9919a768a409ca41b9c358,2015-08,Essex Police,Essex Police,0.689066,51.539195,On or near METEOR ROAD,E01015831,Southend-on-Sea 012E,Unable to prosecute suspect
0e4da50021d8f4e54ee564100b40753a6e79aa921160142d47a85e0986aa7431,2015-08,Essex Police,Essex Police,0.261741,51.889938,On or near Airport/Airfield,E01022090,Uttlesford 006B,Unable to prosecute suspect
fa124bd489160d4fcfbbda1c9bb8e355fff5ad0563ec3e96dc8250b5315517da,2015-08,Essex Police,Essex Police,0.716314,51.536840,On or near BALTIC AVENUE,E01015852,Southend-on-Sea 015B,Formal action is not in the public interest
2093a1b2f9c44a6d889f8d11e78c9bd5e285fa1d7f1bf7c9551e3fcb38e92f4d,2015-08,Essex Police,Essex Police,0.095928,51.771666,On or near Pedestrian Subway,E01021872,Harlow 007E,Suspect charged
8b0b67f3a9a161eb8a920c2556c4d78f0c03fa7de66f7a36c597437c14baa07f,2015-08,Essex Police,Essex Police,0.672276,51.726922,On or near ORCHARD ROAD,E01021898,Maldon 005F,Formal action is not in the public interest
9121f6567f8824b59efaea8189943cf6d56a58a09be4514f44e58f2db2f6b289,2015-08,Essex Police,Essex Police,0.808924,51.884996,On or near TURKEY COCK LANE,E01021654,Colchester 010A,Investigation complete; no suspect identified
1c4f8e57afcc80c36aff306bfdaec8214c566881be53fd78416be642d1bb7147,2015-08,Essex Police,Essex Police,0.283467,51.508808,On or near Police Station,E01015976,Thurrock 007F,Unable to prosecute suspect
b876c63a99abbe0db945576e7af16fe5ba0cb54d48b9e9bfef4ac4224443eed5,2015-08,Essex Police,Essex Police,1.266125,51.939239,On or near YORKTOWN CLOSE,E01022007,Tendring 002D,Unable to prosecute suspect
75d78f749984b4e0dfef04b9f2f37e4758f9bcf8caa996c9dd32cc6d3815b922,2015-08,Essex Police,Essex Police,0.289806,51.503604,On or near CALLAN GROVE,E01015930,Thurrock 007D,Investigation complete; no suspect identified
879adc4a08941333f334a6058a7e8b43044646f13166c8f30e65a80ff695f91f,2015-08,Essex Police,Essex Police,0.637426,51.935911,On or near SOUTH CLOSE,E01021393,Braintree 004E,Investigation complete; no suspect identified
5f048ee43c9b20fd95d44e096f46ba097273c7425eb4c84e8e4e0a3b25c3bdf2,2015-08,Essex Police,Essex Police,0.908511,51.893188,On or near INVERNESS CLOSE,E01021647,Colchester 007B,Investigation complete; no suspect identified
79bd07173c1c80df83c89e6f58b3b8f18b29003c3b463d883186a4fdd96d1553,2015-08,Essex Police,Essex Police,0.438472,51.551571,On or near DRY STREET,E01021282,Basildon 021C,Offender given a drugs possession warning
0b0b3ec53cf3c082f8eef25f2f4e6d12de2de4bbc0b85d80dd1eeebd4847460d,2015-08,Essex Police,Essex Police,0.477296,51.730630,On or near Parking Area,E01033140,Chelmsford 010F,Investigation complete; no suspect identified
ae58715a9146fe32d15ca97c67d0a8136aae6d44c2389a1cc45bba15f69cc643,2015-08,Essex Police,Essex Police,0.596057,51.595134,On or near PEARSONS AVENUE,E01021959,Rochford 006E,Investigation complete; no suspect identified
57f76eab5580a6c8171c00bd67bb33548e379e7eccf3edda1b64dc8d10433a41,2015-08,Essex Police,Essex Police,0.572469,51.528788,On or near CENTRAL AVENUE,E01021505,Castle Point 008D,Formal action is not in the public interest
80ce5b1053db148021456bc47a7a66d6d52c73210cce6f717e64078c266952eb,2015-08,Essex Police,Essex Police,1.270006,51.848342,On or near Supermarket,E01022056,Tendring 006E,Suspect charged
b452c226e8c4f57c6c799f52664bdf1bc3b222100c4a9a1afabbd368358d3546,2015-08,Essex Police,Essex Police,0.132995,51.791727,On or near CAMBRIDGE ROAD,E01021854,Harlow 001A,Investigation complete; no suspect identified
3b3bb4112cf19a88ea82c63a764fc43222cce568806e22e38829281b17b32492,2015-08,Essex Police,Essex Police,0.610588,51.554674,On or near RECTORY ROAD,E01021520,Castle Point 006C,Local resolution
0a4c25254d9ca9dc75a9ff040a18cc10ef6077bc39eb3d2414ba5133c67d9509,2015-08,Essex Police,Essex Police,0.579302,51.879330,On or near LIE FIELD CLOSE,E01021369,Braintree 012D,Formal action is not in the public interest
c3e6abd7b417b99efe678102900d696ac1dce390c3bf3e37352a0e58783b4d84,2015-08,Essex Police,Essex Police,0.605084,51.582047,On or near MOAT RISE,E01021966,Rochford 008F,Formal action is not in the public interest
afb9eb03499143efa5a17711b318895ca615bac92cc48f630efc03a2bfebe594,2015-08,Essex Police,Essex Police,0.684702,51.545167,On or near LONDON ROAD,E01015832,Southend-on-Sea 012F,Investigation complete; no suspect identified
bc1c05b54d7bbd62dd6c0f3193ecd73150499dc9b1553082069600d86fdd33f1,2015-08,Essex Police,Essex Police,0.703500,51.537927,On or near PARK CRESCENT,E01015856,Southend-on-Sea 015F,Investigation complete; no suspect identified
405dbec5c5b89daf52b85b231d462d4e1a88863ffddfff37cb5dbccdb5eb5c25,2015-08,Essex Police,Essex Police,0.845734,51.878068,On or near Petrol Station,E01021721,Colchester 012D,Formal action is not in the public interest
1ce5ff4a3a80820660a99bcb8976604096b2271a25cff8c14e082529c7d7ba73,2015-08,Essex Police,Essex Police,0.936229,51.883568,On or near BRITTEN CLOSE,E01021700,Colchester 008E,Unable to prosecute suspect
287b9a46cc8fdc7b45dd2b482675876fe486a0278fe74e444865e61e4e572fdb,2015-08,Essex Police,Essex Police,0.678375,51.731127,On or near CHEQUERS LANE,E01021890,Maldon 004B,Suspect charged as part of another case
d84ca703188b03c0a794a3b51774d92c56d701ece5b8fe0f4f4c75ceea59fc17,2015-08,Essex Police,Essex Police,0.897808,51.901249,On or near Supermarket,E01021679,Colchester 004A,Local resolution
73b2384de8430daa1a7c52d7c0fdd760b250b63c4e9640401a5ff7e702d8c0ee,2015-08,Essex Police,Essex Police,0.683758,51.729574,On or near TAIT MEWS,E01021890,Maldon 004B,Formal action is not in the public interest
d78a6901366705e24092d04e6248314a713fc5a55a691b9860e382abc8b90efb,2015-08,Essex Police,Essex Police,0.703897,51.582554,On or near UNION LANE,E01021954,Rochford 007D,Suspect charged
82d80a6bb3da3b452ce9078a454d05d8e36568aafcd40ec5f4fd753f8e6619b8,2015-08,Essex Police,Essex Police,0.502808,51.574399,On or near MILL GREEN PLACE,E01021306,Basildon 013E,Investigation complete; no suspect identified
2ff6c09b1e7e52e43eba1fb8266886a943c40f02703a3e6a6d30224403c51452,2015-08,Essex Police,Essex Police,0.535272,51.610781,On or near RECTORY GROVE,E01021340,Basildon 007C,Investigation complete; no suspect identified
2977cfacf4e03ddab2ad1e3bd15f995c23dd39670a5a5a9828f8a5e7191a3a61,2015-08,Essex Police,Essex Police,0.030929,51.625142,On or near CHANDOS CLOSE,E01021745,Epping Forest 015D,Investigation complete; no suspect identified
cf9b5406dc5bb52c50f7890b9e5627dd657f31539bb66b1edd24eaa4aac47ae3,2015-08,Essex Police,Essex Police,0.284490,51.487772,On or near Shopping Area,E01016011,Thurrock 015B,Local resolution
5158e6b560fa580d74659806650a72bcf8f531ff5d55ea0f4fa527cfe8becc35,2015-08,Essex Police,Essex Police,0.332158,51.479908,On or near ALLENBY CRESCENT,E01015961,Thurrock 016D,Investigation complete; no suspect identified
9f8d2ecb7c899fd607b40db8d7c61b0d6cf2f635bbc17bbd180b97659d19c5d9,2015-08,Essex Police,Essex Police,1.045088,51.837862,On or near CLACTON ROAD,E01022053,Tendring 009D,Investigation complete; no suspect identified
39cd222f42c8e0d8f8085202f29d7e48c4d7c3b7fd841e1412d552d7c83f1af3,2015-08,Essex Police,Essex Police,0.469167,51.709820,On or near BUNTING CLOSE,E01021558,Chelmsford 015B,Suspect charged
f4ba0447c878725c9ef5888756de0cdb0527d6ca86a28695f19c6bd406143bf4,2015-08,Essex Police,Essex Police,0.126648,51.755126,On or near PRIORY COURT,E01021835,Harlow 008C,Formal action is not in the public interest
be29c43d72211018a0f2b5c0045c87436db66e3072050d4c99c0af18ce7bbabb,2015-08,Essex Police,Essex Police,0.905634,51.890498,On or near Parking Area,E01021648,Colchester 007C,Formal action is not in the public interest
cacd2894f286b5adb0e8efdef937bd275fa855d3a373d3b6de8ecdac6b90d82c,2015-08,Essex Police,Essex Police,0.462343,51.777105,On or near Parking Area,E01021542,Chelmsford 002A,Investigation complete; no suspect identified
016d3e275bc7e4b22fc3f7a481ba2ffd93f996dde4d81df7301b2cead18bc505,2015-08,Essex Police,Essex Police,0.599190,51.576161,On or near Petrol Station,E01021531,Castle Point 002E,Investigation complete; no suspect identified
41ffee00043aa33fa88eef147ce637fd4d73e75d9d02aac1c2614826f9c846ad,2015-08,Essex Police,Essex Police,0.000786,51.685766,On or near RUE DE ST LAWRENCE,E01021818,Epping Forest 009C,Investigation complete; no suspect identified
693c9e2d0362e6a09f68535985175bc75dd92e6ad2c0e5f4e7bfa97d98a8af41,2015-08,Essex Police,Essex Police,0.648260,51.558695,On or near Supermarket,E01015819,Southend-on-Sea 003F,Suspect charged
3ea5d95269ce0a844ed9997941cfadbcf87310c3c01343788ff528133794bfe1,2015-08,Essex Police,Essex Police,1.149331,51.798329,On or near ST ANNS ROAD,E01021970,Tendring 016A,Formal action is not in the public interest
6b4493de949098321cd51bb8c4c0db05283dd111f7329aeb7a78e83e8f1d7203,2015-08,Essex Police,Essex Police,0.127294,51.756859,On or near Pedestrian Subway,E01021821,Harlow 008A,Formal action is not in the public interest
18bc082c00a7aeaad6be72e4a2d47bc0210544e7fb28914b8485b82e9c98747b,2015-08,Essex Police,Essex Police,0.903944,51.886600,On or near BRITANNIA WAY,E01021683,Colchester 011A,Investigation complete; no suspect identified
52b43fef5265114f5e1a4cb74fecd22ca489683d304566f3d6b922fb7ddcc6ea,2015-08,Essex Police,Essex Police,0.881274,51.889155,On or near SUSSEX ROAD,E01021676,Colchester 009D,Investigation complete; no suspect identified
072f1617aaf4a6b173d752a0b2e2696ebda0b0a1bbf777087c9a60f144836dac,2015-08,Essex Police,Essex Police,0.145837,51.690102,On or near BANKS LANE,E01021800,Epping Forest 003C,Investigation complete; no suspect identified
547ae746bcd9c27ad775f5992cd1474ff00dea813d39f4e2a72fed470970e372,2015-08,Essex Police,Essex Police,0.732150,51.533252,On or near NORTHUMBERLAND AVENUE,E01015892,Southend-on-Sea 016D,Investigation complete; no suspect identified
e244a067147ddfc8ea440f6b4b3cd27fb7c7e0df36e76a8e245bf0043d757938,2015-08,Essex Police,Essex Police,0.092612,51.768596,On or near Theatre/Concert Hall,E01021872,Harlow 007E,Unable to prosecute suspect
c20d55bf9b0afc437ceb04c8e0bf5ae6cbf4f464363c572300945e6ddec86288,2015-08,Essex Police,Essex Police,1.148149,51.793234,On or near OLD ROAD,E01022026,Tendring 016C,Investigation complete; no suspect identified
3549e615663593ce20a4ba530b4befb245b9cfe993651cdfe1f7c93b358ddfcc,2015-08,Essex Police,Essex Police,0.505657,51.565066,On or near HIGH ROAD,E01021316,Basildon 018D,Investigation complete; no suspect identified
d135556c94dcc5dcbfaa14b9416663c19666b4478ca84217ad18a6190c96de18,2015-08,Essex Police,Essex Police,0.931567,51.890987,On or near HICKORY AVENUE,E01021699,Colchester 008D,Investigation complete; no suspect identified
cf0a6176b9e8004c035bff77933ca721dc332a2659df67a1fc59e94d2584f634,2015-08,Essex Police,Essex Police,0.910367,51.885911,On or near GEORGE WILLIAMS WAY,E01021686,Colchester 011D,Investigation complete; no suspect identified
018e77066e42801a4010cee6cfdd3e3d91706b4b13cbcd3ace41c0f0b84630f4,2015-08,Essex Police,Essex Police,0.709094,51.540820,On or near Supermarket,E01015895,Southend-on-Sea 010A,Investigation complete; no suspect identified
84d57e880d75fcf4275032727aaebd574bbd054d8055cd015de2495efef3167f,2015-08,Essex Police,Essex Police,0.201250,51.937415,On or near PATMORE FIELDS,E01022083,Uttlesford 005C,Investigation complete; no suspect identified
bffb05bea8df60b9a6adcf8ddc13b8ce6eb0a79c96e80093c5aede1612ea7882,2015-08,Essex Police,Essex Police,0.699078,51.588448,On or near Petrol Station,E01021930,Rochford 007A,Investigation complete; no suspect identified
97e6af134225c53e3ccdd305528e509bfd90e81f460e279619ba93a396116838,2015-08,Essex Police,Essex Police,0.647710,51.552960,On or near EASTWOOD ROAD,E01015815,Southend-on-Sea 003B,Investigation complete; no suspect identified
2823e1fd8549314d730ece3d8baedad4f384f4bafb2c80791608ba7ed9818a62,2015-08,Essex Police,Essex Police,0.690596,51.721081,On or near OAK CLOSE,E01021889,Maldon 004A,Formal action is not in the public interest
c5d388e892718e50599bf8303fb14167036eaee4380ecb3719c4fbde8391eaa7,2015-08,Essex Police,Essex Police,0.094942,51.750669,On or near PARNALL ROAD,E01021859,Harlow 010C,Investigation complete; no suspect identified
7f230ffac3b3e9115200c6b900d639b7f7cd45bba4a7cfa53dffa6e5c068558e,2015-08,Essex Police,Essex Police,1.152101,51.791878,On or near HAYES ROAD,E01022026,Tendring 016C,Investigation complete; no suspect identified
47057d27d5696559b71ae9272c17c97c3eb405d2b6c68324a3e2827c3c0283aa,2015-08,Essex Police,Essex Police,0.720578,51.533386,On or near LUCY ROAD,E01015841,Southend-on-Sea 014C,Investigation complete; no suspect identified
1aa897c091d065de27009c0c9313d7558656f6ca3befe5e3ff2769e39608276c,2015-08,Essex Police,Essex Police,1.133448,51.836808,On or near KEMPTON PARK,E01022017,Tendring 007D,Investigation complete; no suspect identified
a15f17c627f4845c0749e0108b495e8ce7694cceae03a3f6ffc38da805ad5725,2015-08,Essex Police,Essex Police,0.432618,51.580551,On or near POUND LANE,E01021279,Basildon 010E,Investigation complete; no suspect identified
68e7c2eb42584ea90cbf070f3c72b5de45766765202bad243d50363a3c4ac52b,2015-08,Essex Police,Essex Police,1.151124,51.789089,On or near Parking Area,E01022025,Tendring 016B,Investigation complete; no suspect identified
6f36f46e8e723915c3b7b307dc14fc875ed02889b0bf24e8a2a35724b245da17,2015-08,Essex Police,Essex Police,1.246357,51.844024,On or near HASELMERE GARDENS,E01021996,Tendring 008D,Investigation complete; no suspect identified
c4c7ff6a0785a1709dfb1e7ac664170ae56defb0a9902d06d7dba6560784ff17,2015-08,Essex Police,Essex Police,0.770659,51.527897,On or near Supermarket,E01015919,Southend-on-Sea 017F,Investigation complete; no suspect identified
dc94c1a5ef2f6d83a188de67808977c3ad9b300fe7139d60e5cf29daf0d02cce,2015-08,Essex Police,Essex Police,0.275564,51.489033,On or near Supermarket,E01016012,Thurrock 015C,Investigation complete; no suspect identified
68706a90e751262bff0052bf5c01eab9dacafd1d3bca73990c87c114eecedea3,2015-08,Essex Police,Essex Police,0.243639,51.486627,On or near A1306,E01015921,Thurrock 015A,Investigation complete; no suspect identified
e28a8dc14b2d783c24087531aba41aa121f0596ff92e9d03207016f1ac8e67ac,2015-08,Essex Police,Essex Police,1.153340,51.787393,On or near Nightclub,E01022025,Tendring 016B,Investigation complete; no suspect identified
adea909ea456c201cf0269efd50ec43d9adafa34ae004e195dc8581e979a808b,2015-08,Essex Police,Essex Police,1.263256,51.932600,On or near ELIZABETH ROAD,E01022006,Tendring 002C,Suspect charged
097896737ec410d8119de27b9ce6bf0f94129d7635dd89f10e7aa9984681d9a8,2015-08,Essex Police,Essex Police,0.780211,51.532041,On or near WATERLOO ROAD,E01015918,Southend-on-Sea 017E,Investigation complete; no suspect identified
305127800fdb8f6b3523b80d2870b535a1fe20142cc8e95f57aae015f2b88c40,2015-08,Essex Police,Essex Police,0.095787,51.770176,On or near TERMINUS STREET,E01021872,Harlow 007E,Investigation complete; no suspect identified
9db2be3a3e8f482fd8720f5fe08ebd4db6b989acbbf16ca28bdfdff053f7833e,2015-08,Essex Police,Essex Police,0.593705,51.520379,On or near OAK ROAD,E01021498,Castle Point 011B,Investigation complete; no suspect identified
49665bcb477eae94d4617f931f18598f4a2e87788204bd77f9da132eccc54966,2015-08,Essex Police,Essex Police,0.354407,51.595241,On or near GLEBE GARDENS,E01021445,Brentwood 009A,Investigation complete; no suspect identified
e3b779d95318df7bd752f39fe7091d486af61d67055809f98fb69e366d91e2aa,2015-08,Essex Police,Essex Police,1.128238,51.806268,On or near PURLEY WAY,E01021977,Tendring 013C,Investigation complete; no suspect identified
965f39a2b749483f9ce51e4410abb0c14dc53c728a1da6d1e441014fbce048d8,2015-08,Essex Police,Essex Police,0.077775,51.664169,On or near DEBDEN ROAD,E01021788,Epping Forest 012C,Investigation complete; no suspect identified
f5318fb36c6c225dcbdae02aa2d2a39b4b71cf2da82ff181d130db17ab9697e7,2015-08,Essex Police,Essex Police,0.541117,51.880638,On or near MALYON CLOSE,E01021365,Braintree 009D,Suspect charged
1aa6f94927c8e8ca745b3ce944e08a1f58665351017b42857e846d1510fec2e0,2015-08,Essex Police,Essex Police,0.491982,51.571481,On or near ROSE ACRE,E01021326,Basildon 022D,Investigation complete; no suspect identified
03abe8339a3bc0ab3a3208b5828f160be539ae33247542748727368b07f341f3,2015-08,Essex Police,Essex Police,0.255495,51.498900,On or near HIGH STREET,E01015921,Thurrock 015A,Local resolution
47f53aac7d0da3e80f5592329beaff178d7cbbda2625316f6c36362c694166ba,2015-08,Essex Police,Essex Police,0.490698,51.609739,On or near WOOLSHOTTS ROAD,E01021264,Basildon 006A,Investigation complete; no suspect identified
907906188862d5317ca687130c256f3d07d0bcace31e400d0402cc7540a8a457,2015-08,Essex Police,Essex Police,0.915602,51.872264,On or near Supermarket,E01021667,Colchester 016F,Investigation complete; no suspect identified
6aee860fa15b88b45772f429cc64dcf133dc1e5599f0206851706f715e154de1,2015-08,Essex Police,Essex Police,0.212821,51.812661,On or near Park/Open Space,E01022070,Uttlesford 009C,Unable to prosecute suspect
7dfd65280fa3e0966f2107270a93d85b9e0c3fefdef44cf8b300fcc509e07855,2015-08,Essex Police,Essex Police,0.448800,51.566599,On or near WETHERLAND,E01021298,Basildon 017D,Unable to prosecute suspect
a9689677792d16d1e9306cc5d49f5e00169bd2c539889e99314a684016948dc9,2015-08,Essex Police,Essex Police,0.030938,51.624693,On or near Petrol Station,E01021745,Epping Forest 015D,Investigation complete; no suspect identified
7791b97b3723fcfccb70448b8c34564f14b8b878c108889fe0c579017e31ad49,2015-08,Essex Police,Essex Police,0.365425,51.467613,On or near SULLIVAN ROAD,E01016007,Thurrock 018E,Suspect charged
f9fd9633597f3a57a1ab5316ec86229afb853950d44b7586c154cc37a96eda24,2015-08,Essex Police,Essex Police,0.903688,51.886463,On or near ST BOTOLPH'S STREET,E01021649,Colchester 007D,Suspect charged
dd86ed02d1e25f1ea02c5219ea94e30b318a2744af8bd3826da3a0f8a51639b9,2015-08,Essex Police,Essex Police,0.763535,51.686228,On or near ORCHARD ROAD,E01021899,Maldon 007D,Formal action is not in the public interest
5b81f28ae8a272649da18f675c0c5dbb69fc10c4b3242bf6e16b5f49eeae6a44,2015-08,Essex Police,Essex Police,1.287585,51.945144,On or near GOLDEN LION LANE,E01021998,Tendring 001B,Suspect charged
0a2a41c69ddeb5512eb371a466ab8fbfef2a5e36bc73c24ec8158824eb89a35a,2015-08,Essex Police,Essex Police,0.211905,51.808479,On or near ARDLEY CRESCENT,E01022070,Uttlesford 009C,Unable to prosecute suspect
e4d30df0f8eb3a335cb65144c61fed5513490a0219636833d8181c219796f882,2015-08,Essex Police,Essex Police,0.086144,51.607394,On or near Supermarket,E01021764,Epping Forest 017A,Unable to prosecute suspect
7ea783b514e816de136078c1ec80fe619afb37e6e5348d25a85e072bb8f34dd2,2015-08,Essex Police,Essex Police,0.514825,51.741397,On or near CHANCELLOR AVENUE,E01033142,Chelmsford 005E,Local resolution
b1590c912ec2d2459405c993609f5fd22d0adffa0975ac038a21d299a0b3fc43,2015-08,Essex Police,Essex Police,0.029089,51.685874,On or near ABBOTTS DRIVE,E01021815,Epping Forest 007D,Investigation complete; no suspect identified
7abc4e38b273d4ad36e45c0335f2baac32f91aa1eaf03ae1f43b4fe09552f711,2015-08,Essex Police,Essex Police,0.502267,51.562719,On or near Supermarket,E01021310,Basildon 022B,Investigation complete; no suspect identified
289e8b141f9bc926187bfb3bd9f86d7b6b57c0e64337e994bfdc406fed86ecac,2015-08,Essex Police,Essex Police,0.896616,51.895829,On or near ALBERT STREET,E01021650,Colchester 007E,Investigation complete; no suspect identified
ccb0c9a414bb824042de704518854439c7fb969cb23b9b2e1f3f131ff03b9cb1,2015-08,Essex Police,Essex Police,0.774564,51.541367,On or near BISHOPSTEIGNTON,E01015914,Southend-on-Sea 017A,Suspect charged
3b487ce0a11da8cd2b9fb88cfa88395536ab3c63c3767b8964fe4aec7e6cbf70,2015-08,Essex Police,Essex Police,0.494311,51.745585,On or near REDRUTH CLOSE,E01021625,Chelmsford 007D,Unable to prosecute suspect
57c0831e21cc763c6fec16446bdefd8c52322c771a80755f84d3797e53446ac6,2015-08,Essex Police,Essex Police,0.598558,51.665956,On or near THE STREET,E01021535,Chelmsford 016B,Investigation complete; no suspect identified
6a2a15dbc0bf32486fa8b5db8bb2cb386010206d3124b791848e56ac1bdd39b6,2015-08,Essex Police,Essex Police,0.501861,51.716260,On or near Parking Area,E01021562,Chelmsford 014A,Investigation complete; no suspect identified
a7c0ed10ab1b9ba0738d17b7db55261ff0669f3525343bee058db139db137aa6,2015-08,Essex Police,Essex Police,0.134525,51.784514,On or near CHERRY BLOSSOM CLOSE,E01021855,Harlow 001B,Offender given a drugs possession warning
b7f239baa2348c3eeb1dd57bc1b611a3ad0023c63c48d6b6921d408306933038,2015-08,Essex Police,Essex Police,0.304821,51.493885,On or near ARTERIAL ROAD NORTH STIFFORD,E01015942,Thurrock 020C,Formal action is not in the public interest
4a38388a9a39a7b0fd521daef380a8afc41d64c152cbe9e5bcff89ab0f36c84f,2015-08,Essex Police,Essex Police,0.566320,51.537385,On or near Parking Area,E01021503,Castle Point 010D,Investigation complete; no suspect identified
b8b83a544593f263d3cfa7677789585094e5a0d7a6c45f2a1bf3de5795daeb48,2015-08,Essex Police,Essex Police,0.672744,51.569013,On or near COLLINS WAY,E01015863,Southend-on-Sea 002A,Investigation complete; no suspect identified
c5b9b7bd1086b7726edf3b25d79563ade18a00c8960ce3c8df28660170d2f2dc,2015-08,Essex Police,Essex Police,0.714143,51.536234,On or near Shopping Area,E01015852,Southend-on-Sea 015B,Investigation complete; no suspect identified
a394f4fd91198a29ecc4dce68eba35b35ac822e13a7d37600f3f1cee40e6bcfc,2015-08,Essex Police,Essex Police,0.477081,51.569207,On or near AMPERS END,E01021320,Basildon 015D,Investigation complete; no suspect identified
498df0ae4a504e57381b5323d1d127da7f6d62d31ff5659b597fae13ea1a7ccc,2015-08,Essex Police,Essex Police,0.397253,51.509757,On or near Petrol Station,E01015979,Thurrock 004C,Investigation complete; no suspect identified
05d068599e7a901bbef4382baf8145fc201ccebc468e44aceb3aafd6b1b35cff,2015-08,Essex Police,Essex Police,0.463705,51.736095,On or near PARKWAY,E01021574,Chelmsford 010A,Formal action is not in the public interest
e7da593a36914a4eff1aa610f6a4589974158e0a368a1d4fc2d579dee1e02478,2015-08,Essex Police,Essex Police,0.749562,51.547469,On or near BOYDEN CLOSE,E01015888,Southend-on-Sea 009F,Formal action is not in the public interest
27841a2f498cde00293baad760de05d44b657a5e3004ba51affeff73b37a6b2b,2015-08,Essex Police,Essex Police,0.374278,51.669168,On or near A12,E01021457,Brentwood 002A,Investigation complete; no suspect identified
b405dea05f90b92a675b0975f1891363eb2632e15f31fb8880f24d13d107ff1a,2015-08,Essex Police,Essex Police,0.862552,51.871517,On or near SPRINGFIELDS DRIVE,E01021715,Colchester 015E,Investigation complete; no suspect identified
293614018a174458a046bf765a3e7f8232bfef3aa20fa9e2d6cc3d2f4661348d,2015-08,Essex Police,Essex Police,0.760534,51.540241,On or near DAINES WAY,E01015883,Southend-on-Sea 009A,Investigation complete; no suspect identified
e8bad7823e3953e9468280b43e8689f7ef30ff580ebadb1d61d60eecadf13fdd,2015-08,Essex Police,Essex Police,0.448800,51.566599,On or near WETHERLAND,E01021298,Basildon 017D,Investigation complete; no suspect identified
c6b9859aa1b60f8b9d19e75afbe039d76af02655accd20432a9621d09e088daa,2015-08,Essex Police,Essex Police,0.172814,51.717744,On or near THORNHILL,E01021798,Epping Forest 001D,Formal action is not in the public interest
615c1a28064c23f12a7ad9d36d355293bf0cd99ab8aa84d63564a20c0a7e9468,2015-08,Essex Police,Essex Police,0.907553,51.879253,On or near CLAUDIUS ROAD,E01021684,Colchester 011B,Suspect charged
4b116a2da3cc0519f5863380dcf8a5faf6bbba460ba99cc2d90ca3bb29c3bf83,2015-08,Essex Police,Essex Police,0.106661,51.747842,On or near GIBB CROFT,E01021858,Harlow 010B,Investigation complete; no suspect identified
04be5a22d5129722aef1d14137a232cd0c839b22d65508af356538cb58303129,2015-08,Essex Police,Essex Police,0.876501,51.880647,On or near IRVINE ROAD,E01021653,Colchester 013C,Investigation complete; no suspect identified
f9fcc74d4ed09b0ba350f20060c109c226caa297989a70c7666b40f709569a21,2015-08,Essex Police,Essex Police,1.148025,51.787913,On or near Police Station,E01022037,Tendring 017D,Offender given a caution
9aeda990dc79cf01e8ca7111b09e03aff51ad459429f96983b7f952f7f3e3ef7,2015-08,Essex Police,Essex Police,0.465356,51.583483,On or near CARNIVAL CLOSE,E01021268,Basildon 015B,Suspect charged
034f31dc2d344c0a91327b939ae8cb0f915e15b673c3e0a25cf1b22008f15a79,2015-08,Essex Police,Essex Police,0.909199,51.860866,On or near ADELAIDE DRIVE,E01021640,Colchester 018D,Suspect charged
f8438021c472c76b19dc78c437dab80a6b8885c71df85785832d6517685ab070,2015-08,Essex Police,Essex Police,0.686468,51.538175,On or near STATION ROAD,E01015828,Southend-on-Sea 012B,Suspect charged
c80cab7a53b24162f7bda5020dc0b3eb0f2a0442eb9e084c6fde5072a6667deb,2015-08,Essex Police,Essex Police,0.094481,51.770766,On or near EAST GATE,E01021872,Harlow 007E,Investigation complete; no suspect identified
4425390e473ae22435a6f030a6fabc1b93180ca989faf124cc84558c1ab7218c,2015-08,Essex Police,Essex Police,0.600065,51.576825,On or near CLAYDONS LANE,E01021966,Rochford 008F,Investigation complete; no suspect identified
f3cbcb661dad1a8e35f4cb309377a092df1c6de38bbed1a96fbda7d1aae9f71a,2015-08,Essex Police,Essex Police,1.142791,51.791894,On or near ESTUARY CRESCENT,E01021968,Tendring 017A,Investigation complete; no suspect identified
3f6e9ca6bccc17d27d01e643c64fb0da2b3d7724b51f9fe52454744b2cd35c76,2015-08,Essex Police,Essex Police,0.698801,51.540896,On or near LONDON ROAD,E01015855,Southend-on-Sea 015E,Investigation complete; no suspect identified
a6d66916a6180f82c33ab77afd081339f2baba147cfd3a3e1efa042dd30823cb,2015-08,Essex Police,Essex Police,1.279473,51.937104,On or near Supermarket,E01022001,Tendring 001D,Investigation complete; no suspect identified
325dde0cc9e4b593f2e04ef2dd7917420dd1b1e37de4a04e20a54858d36ea038,2015-08,Essex Police,Essex Police,1.182383,51.803357,On or near Supermarket,E01022034,Tendring 012C,Investigation complete; no suspect identified
c4a954508b217fb6a8e8619980067d68115ee93a61b2ee6b1959a9053c5c4787,2015-08,Essex Police,Essex Police,0.783576,51.542035,On or near MIDSUMMER MEADOW,E01015879,Southend-on-Sea 013D,Offender given a caution
06c57ba03a609e8f3e190804423f646fd52424a45e7230dc3219f6b0a8ce4e47,2015-08,Essex Police,Essex Police,0.696275,51.536232,On or near MILTON AVENUE,E01015853,Southend-on-Sea 015C,Suspect charged
5cd75298e01762667b9368805a5cd30644e1adeda5c02f99d80749f229260c70,2015-08,Essex Police,Essex Police,0.850780,51.876057,On or near BECKER ROAD,E01021690,Colchester 014B,Investigation complete; no suspect identified
7212e6c9a58c5977f8103888e3392f6f6ee362157b5b0b145b6a7ca7322b852f,2015-08,Essex Police,Essex Police,0.907575,51.864054,On or near STANSTED ROAD,E01021638,Colchester 018B,Investigation complete; no suspect identified
22b2e0b6c6ed0f21a19f11d5a540bdd48b6bc68e11add04e9623004fcbd50489,2015-08,Essex Police,Essex Police,0.452184,51.569415,On or near Pedestrian Subway,E01021318,Basildon 015C,Investigation complete; no suspect identified
0be04d1ea4987a36e7e5468b1890582d16eff147f2bc192479991dd70e6370e8,2015-08,Essex Police,Essex Police,0.284020,51.504607,On or near CAWDOR AVENUE,E01015927,Thurrock 007A,Formal action is not in the public interest
3d9f15b6e3dd25c0efb3cf4072bc13a1615b39f413cd8bbcaf3f58aa322049b4,2015-08,Essex Police,Essex Police,1.148025,51.787913,On or near Police Station,E01022037,Tendring 017D,Suspect charged
7b103a9e7e92c3e7c7d496e42fbcb6cfbc31bc5cffb5b2d93edb90b2960c5847,2015-08,Essex Police,Essex Police,0.536922,51.612904,On or near HIGHCLIFFE WAY,E01021339,Basildon 005D,Formal action is not in the public interest
8319d82b70ebd018a05e33eca8fcf3ec1ce97448516db4674f2fcee5e22e9d99,2015-08,Essex Police,Essex Police,0.132577,51.757347,On or near CHAPEL LANE,E01021836,Harlow 008D,Offender given a caution
60e84fdb69f55b81709a2d5557ba7b554ed6f058f32b3f45829d83589b273ee6,2015-08,Essex Police,Essex Police,0.814210,51.545522,On or near CUPIDS CHASE,E01021921,Rochford 010B,Unable to prosecute suspect
86b2f7ccdbb7e77487de8cb289a5c5f910a66ce49617bacddf3aff4f80890481,2015-08,Essex Police,Essex Police,0.353142,51.488293,On or near GRANGEWOOD AVENUE,E01015965,Thurrock 010C,Investigation complete; no suspect identified
0ac72a6684d50098b202f74a0f79ae9f13348d6ce76dd936ef4289a408b763ff,2015-08,Essex Police,Essex Police,0.443114,51.583274,On or near Pipps Hill Retail Park,E01021268,Basildon 015B,Investigation complete; no suspect identified
7de3c489f7a2b4a163af1a52d2882b7d38425b2cb2b97d0534e5181e80376bf6,2015-08,Essex Police,Essex Police,0.720616,51.537397,On or near HASTINGS ROAD,E01015841,Southend-on-Sea 014C,Formal action is not in the public interest
3ecb14d9ceeee9c934a907ce74ad0eaf37ce9af03bf7aec41986e59f0fb58ab6,2015-08,Essex Police,Essex Police,0.261741,51.889938,On or near Airport/Airfield,E01022090,Uttlesford 006B,Local resolution
66b5d81a1055cc31de90a47e7c12df4be91a88e5b327264f22181e3c793992e7,2015-08,Essex Police,Essex Police,1.150608,51.788761,On or near JACKSON ROAD,E01022025,Tendring 016B,Investigation complete; no suspect identified
9671d2087ae90851a72602b05314e3d71a2769c80a6dde799568c90dcde7bb7d,2015-08,Essex Police,Essex Police,0.343882,51.469539,On or near THURROCK PARK WAY,E01016003,Thurrock 018A,Investigation complete; no suspect identified
40949b455445863d2788b5897f9de92873a2fbb97fdb708ccd6467548360f566,2015-08,Essex Police,Essex Police,0.678375,51.731127,On or near CHEQUERS LANE,E01021890,Maldon 004B,Investigation complete; no suspect identified
728ce311048d2f967fdd6b2f67a4021b9f8c17a14a0c39288e2e6948fdd0d00c,2015-08,Essex Police,Essex Police,0.628769,51.630218,On or near KINGSMANS FARM ROAD,E01021942,Rochford 001A,Formal action is not in the public interest
9af2c018c5f551e08a20c121bbfa1435f8e01ba911cd6f1869d78e3c0fbc3d0c,2015-08,Essex Police,Essex Police,0.901260,51.888708,On or near Shopping Area,E01021649,Colchester 007D,Unable to prosecute suspect
eae44e1d89c6ec1f2956568fe3dbc1b8167ed615bb64e336cc70de795e99650c,2015-08,Essex Police,Essex Police,0.502267,51.562719,On or near Supermarket,E01021310,Basildon 022B,Formal action is not in the public interest
506c962170b89a50d8b972017f756d8e6293952a9ffa3212aae2f4b54165be14,2015-08,Essex Police,Essex Police,0.460283,51.572942,On or near AUDLEY WAY,E01021318,Basildon 015C,Investigation complete; no suspect identified
897de4a5ede916193229269e2e4d4b5878378cf527040bbc16e70426a984bc02,2015-08,Essex Police,Essex Police,0.981270,51.924867,On or near GERNON ROAD,E01021972,Tendring 005B,Formal action is not in the public interest
2d1171877bc7328ecad675192663bebfcd87828ec17de904fd94912b2bd90d69,2015-08,Essex Police,Essex Police,0.763690,51.686872,On or near WORCESTER CLOSE,E01021899,Maldon 007D,Formal action is not in the public interest
f9597eab2f85e1f629fa5db7ac36bfb064b661cbcec9db9a83d8b96310d822bc,2015-08,Essex Police,Essex Police,0.498070,51.746755,On or near WALLASEA GARDENS,E01021625,Chelmsford 007D,Investigation complete; no suspect identified
437664e0a0b0403a7921c7387077bdb2b9341b93004c20d71fedad55bc551ed0,2015-08,Essex Police,Essex Police,0.593556,51.594308,On or near LONDON ROAD,E01021926,Rochford 006B,Investigation complete; no suspect identified
c537956be9ccea70872bf8a0b3df4ff8d07562e460e6a40965bb78ca7c019482,2015-08,Essex Police,Essex Police,0.406204,51.564180,On or near JASMINE CLOSE,E01021280,Basildon 021A,Investigation complete; no suspect identified
5dd5de71e87e27e321079f12a4e2c0effc37aacae028a67e72a5f434412018c6,2015-08,Essex Police,Essex Police,0.515702,51.569536,On or near KINGSDOWN CLOSE,E01021313,Basildon 018A,Formal action is not in the public interest
11732f2ac6c62ae9f453aaf02a6b672c16693c0c339b6164f69360011d470c8e,2015-08,Essex Police,Essex Police,0.617481,51.643493,On or near Queen Elizabeth Way,E01021613,Chelmsford 019C,Offender given a caution
677b06bf10f62d7dc053158124ff5a81e00fc20d2c8f517903ca639545751b74,2015-08,Essex Police,Essex Police,0.325332,51.474261,On or near SHERFIELD ROAD,E01015954,Thurrock 017D,Offender given a drugs possession warning
9fc781e884c943d6583c50af4987e1b7d79a110ee0374e9e7b680f06861918ef,2015-08,Essex Police,Essex Police,0.472257,51.733569,On or near Shopping Area,E01033141,Chelmsford 010G,Local resolution
ffb053ca5a0b598a5483274a746dca871f3258add1670e32bdd9e0dd7882ce21,2015-08,Essex Police,Essex Police,0.111105,51.699284,On or near Nightclub,E01021762,Epping Forest 005C,Investigation complete; no suspect identified
137ea0a2d213b1a43f2ed8e92bde778158a415a2aa274f4294ba26cb43de0dd8,2015-08,Essex Police,Essex Police,0.949051,51.854764,On or near STEPHEN CRANFIELD CLOSE,E01021657,Colchester 016A,Investigation complete; no suspect identified
f9028a115ed4395d77115273bb6d97afcab104c83fe98f84658b04330e776147,2015-08,Essex Police,Essex Police,0.256580,51.501622,On or near MARTIN ROAD,E01015923,Thurrock 008B,Investigation complete; no suspect identified
a4822c0261a4b7926ba87777707078937c0c6cae7e6090dd2cdd1154b489fb3e,2015-08,Essex Police,Essex Police,0.109490,51.753529,On or near SAKINS CROFT,E01021861,Harlow 010E,Investigation complete; no suspect identified
37843838a590ac2fe1179c08061da597f6fb72ecb2e37785dfa2751234cfc24f,2015-08,Essex Police,Essex Police,0.267167,51.471633,On or near COSGROVE ROAD,E01016012,Thurrock 015C,Investigation complete; no suspect identified
a32dacbbc696464422e9499244adfff3c6e94faeb467b83714c25400a726c342,2015-08,Essex Police,Essex Police,0.551596,51.573968,On or near PATTERDALE,E01021514,Castle Point 001B,Investigation complete; no suspect identified
ee399d72949c1d3183ccb8202575e6d4382f87f43eb939988cb203ecd711e536,2015-08,Essex Police,Essex Police,0.637096,51.799951,On or near GUITHAVON STREET,E01021415,Braintree 017A,Investigation complete; no suspect identified
def614e49f82a5a06be7dc91cb86b0f2638af81fa4db582716965b89e0eeeac8,2015-08,Essex Police,Essex Police,0.550842,51.878655,On or near Shopping Area,E01021365,Braintree 009D,Investigation complete; no suspect identified
edf42b66b61d25a2e5c1787cd47ec7bdcc66f59c9a3a2181a115fbb48ecbaaa4,2015-08,Essex Police,Essex Police,0.627563,51.584342,On or near SHAKESPEARE AVENUE,E01021948,Rochford 009C,Suspect charged
bbc8f653f94d3e3a7d3ad0cba6c29baeac12699f2c2715d106cff236e3106be8,2015-08,Essex Police,Essex Police,0.444530,51.528152,On or near CROFTON AVENUE,E01015988,Thurrock 002D,Unable to prosecute suspect
9c1e6656eb36411734e7c04278d7c78f1d1e8c186d2f9eff32e703b40d515b1e,2015-08,Essex Police,Essex Police,0.639574,51.800651,On or near Parking Area,E01021416,Braintree 017B,Formal action is not in the public interest
25075f2f49185382224633e81f60305bf37eec7925475d541f4b7266ca70d8d1,2015-08,Essex Police,Essex Police,0.567412,51.519635,On or near Petrol Station,E01021501,Castle Point 011D,Investigation complete; no suspect identified
723d4c814da3a6da2631e99fb2a366c09583152dd5b270dbb435d32913f75e2f,2015-08,Essex Police,Essex Police,0.428312,51.569903,On or near VIOLA CLOSE,E01021286,Basildon 016A,Suspect charged
9b170fe3dcacc4d9cc24919daa181fb85e5ca3d08efc2752322ce0a145f8012d,2015-08,Essex Police,Essex Police,0.567540,51.521386,On or near NEW ROAD,E01021486,Castle Point 010B,Suspect charged
55f967b4d21c7ef0a9ab93862fd4dd414c828ba9b6a2f204f25149f58de09da7,2015-08,Essex Police,Essex Police,0.745606,51.549576,On or near ELDBERT CLOSE,E01015886,Southend-on-Sea 009D,Investigation complete; no suspect identified
3ed6ca001d2993b6337e365834bbaf308923170b3e7df43cd9109d0459654ea2,2015-08,Essex Police,Essex Police,0.030884,51.690429,On or near OXLEYS ROAD,E01021815,Epping Forest 007D,Investigation complete; no suspect identified
fbb6a6690880eeb4b234e34f851a07841750658d57230e9c2b3bd3b0b506a1b2,2015-08,Essex Police,Essex Police,0.731456,51.550806,On or near PEARTREE CLOSE,E01015875,Southend-on-Sea 006G,Investigation complete; no suspect identified
2b4bb5e8fdc2352c4760c5db3f39085deadc8927bd7feae75576697a438fb578,2015-08,Essex Police,Essex Police,0.478873,51.726370,On or near GOLDLAY AVENUE,E01021577,Chelmsford 012B,Investigation complete; no suspect identified
56b4a299f705195b30c199d973c641d60312c0c6a3d8878fde5acfbc5d106978,2015-08,Essex Police,Essex Police,0.956880,51.864524,On or near SPRING CHASE,E01021740,Colchester 017E,Investigation complete; no suspect identified
27b01f98feafcd167e0ed200ab0272bf6f7664de3000a7ac15205b59f6e8b2d8,2015-08,Essex Police,Essex Police,1.161194,51.811547,On or near HIGHLANDS GROVE,E01022040,Tendring 010C,Unable to prosecute suspect
7a2101bdde38242faba81a1d6d84d2e32954e12d01f2d46443724ae54b3a3e51,2015-08,Essex Police,Essex Police,0.893012,51.922080,On or near BOXTED ROAD,E01021680,Colchester 004B,Local resolution
fd7ab5739112d2850fb1347efb4d94aec56ac47fc928371a09f293c25e6eb7d3,2015-08,Essex Police,Essex Police,0.830150,51.888121,On or near ESSEX YEOMANRY WAY,E01021718,Colchester 012A,Unable to prosecute suspect
549732e371f1555b482c0a95cdd03411ef93b1c768895310913dc5d2d448ee5f,2015-08,Essex Police,Essex Police,0.566320,51.537385,On or near Parking Area,E01021503,Castle Point 010D,Investigation complete; no suspect identified
2e1ee53b7133df9a0c20136af44d13dab273a5741182c7c624d92e4583002909,2015-08,Essex Police,Essex Police,0.597778,51.777076,On or near THE STREET,E01021394,Braintree 018B,Investigation complete; no suspect identified
352c67771d09654624d1f9bff2d089190f61db0176ec37af7f9299606a688916,2015-08,Essex Police,Essex Police,0.020133,51.690093,On or near PATERNOSTER CLOSE,E01021814,Epping Forest 007C,Formal action is not in the public interest
b5a47afbc1e6518599020e45a088915d799cf6abe8cbda44d4637ff08b2e3d50,2015-08,Essex Police,Essex Police,0.092811,51.774150,On or near Supermarket,E01021843,Harlow 004E,Local resolution
1e3d14c8a26469de423d92b2f17b65b118a2db710944d69e7d94b8cd55ebf6d8,2015-08,Essex Police,Essex Police,1.087300,51.775566,On or near Seawick Holiday Park,E01022045,Tendring 018D,Investigation complete; no suspect identified
6dec0822b78d16369b3b86f7c82ee6122f458a513de5a3835e47dccf1d8e78d5,2015-08,Essex Police,Essex Police,0.093567,51.769182,On or near Shopping Area,E01021872,Harlow 007E,Investigation complete; no suspect identified
87f8e3876743613d6094bb431f65551a0ca22e53089925745c14884518bb135a,2015-08,Essex Police,Essex Police,0.283014,51.510418,On or near Supermarket,E01015976,Thurrock 007F,Investigation complete; no suspect identified
972229eaf66f71c927fece5b0c074ba0a51c070ff4f1e18de18db215d06b6339,2015-08,Essex Police,Essex Police,0.808631,51.553300,On or near Supermarket,E01021923,Rochford 010D,Investigation complete; no suspect identified
3e241c091651f84d81c736fa9215c0ff0bd55bf48808dea913f3d017e2544f4e,2015-08,Essex Police,Essex Police,0.699490,51.565684,On or near NIGHTINGALE CLOSE,E01015867,Southend-on-Sea 002E,Offender given a caution
cc67755291746935940f9aeb959d3f7f375f42f20a250a5ab611e1e74c1f52d2,2015-08,Essex Police,Essex Police,0.960008,51.859732,On or near Supermarket,E01021739,Colchester 017D,Investigation complete; no suspect identified
d26c2074482f3c336ed8f110b6eae094fe96e69cec3b6f406d05f7c4f7e90826,2015-08,Essex Police,Essex Police,0.938659,51.886961,On or near HUNWICKE ROAD,E01021700,Colchester 008E,Investigation complete; no suspect identified
0639f8eaa95db8738593e7624ff1ee2bbeb349a9a9b8a696daac0fb4be3f5187,2015-08,Essex Police,Essex Police,0.355019,51.483921,On or near WOOD VIEW,E01015965,Thurrock 010C,Investigation complete; no suspect identified
3eb8117d4ed95e1c80807081c6178894a4a6fd784c5c1614d8967014f61c52b6,2015-08,Essex Police,Essex Police,0.294046,51.518881,On or near QUINCE TREE CLOSE,E01015975,Thurrock 006F,Formal action is not in the public interest
a635fc54be8b0f04619838d1054f5085c279de5858be1e7e34cd4a95eb8f5257,2015-08,Essex Police,Essex Police,0.076800,51.649483,On or near Further/Higher Educational Building,E01021790,Epping Forest 012E,Investigation complete; no suspect identified
4aef2e1cdc82075eadcaacee789c13eac603c1a76871aeea81a57718e0c56ba5,2015-08,Essex Police,Essex Police,0.030473,51.683835,On or near STONEY BRIDGE DRIVE,E01021810,Epping Forest 008D,Investigation complete; no suspect identified
b673bac9132334fb4dc21c4cb91fd1bb6a0310c9efce86e1b367acd7148d1c8e,2015-08,Essex Police,Essex Police,0.463364,51.728764,On or near BRADFORD STREET,E01021582,Chelmsford 010D,Investigation complete; no suspect identified
ef5618b597c23cf5280223147d37d8edb14acfeafdfa6d134c2422ffaa78e6af,2015-08,Essex Police,Essex Police,0.458859,51.573313,On or near CULVERDOWN,E01021319,Basildon 017E,Suspect charged
e03546b409acabe182b8b784f03737e9ca5f8818e1e5f0c7c2d754c4b6305cad,2015-08,Essex Police,Essex Police,1.242990,51.830724,On or near FOURTH AVENUE,E01021987,Tendring 008A,Unable to prosecute suspect
0a3c1425421b9626397f5c7213d6f87192ffd215b95e7ae06a19a1b4c82e5e92,2015-08,Essex Police,Essex Police,0.560996,51.864541,On or near AUSTEN CLOSE,E01021374,Braintree 011E,Formal action is not in the public interest
a6dd8a4f7980d5335d66469580599f9bca3696bd31ae277c99245eb9882a40fa,2015-08,Essex Police,Essex Police,0.291959,51.505153,On or near COLNE CLOSE,E01015930,Thurrock 007D,Unable to prosecute suspect
b254afbbc5e637bb534e82d422d8dab08df42847dc9193a83c0ebf2b60115a59,2015-08,Essex Police,Essex Police,0.324019,51.478460,On or near Theatre/Concert Hall,E01015956,Thurrock 016B,Investigation complete; no suspect identified
3fd7ed7c14eed0f96dc5043b7b3f5b045a2ee7e177011d61408af989905811ca,2015-08,Essex Police,Essex Police,0.555900,51.905048,On or near Sports/Recreation Area,E01021355,Braintree 007D,Investigation complete; no suspect identified
9703f076196ccb09c35ffb26a9e0ebbcafade4708c3f2600c21c4a13f458236c,2015-08,Essex Police,Essex Police,0.773622,51.682950,On or near MILL ROAD,E01021899,Maldon 007D,Suspect charged
52ef1d7e0382177c2b5c28e78d10a2f8736c6c7196c4d98ae5ed7700d6851e98,2015-08,Essex Police,Essex Police,0.940890,51.887292,On or near CYRIL CHILD CLOSE,E01021700,Colchester 008E,Suspect charged
cc74cc74a0c92482db84909eb19601630518e01db2252e724026ad8e7f825c13,2015-08,Essex Police,Essex Police,0.062590,51.636110,On or near CRANLEIGH GARDENS,E01021785,Epping Forest 014D,Investigation complete; no suspect identified
cede7774d625e37ce3decff5d1b6778d2c086040cd231a3353e799c78e2a4af0,2015-08,Essex Police,Essex Police,1.115348,51.773791,On or near FIR WAY,E01021988,Tendring 018A,Investigation complete; no suspect identified
48fffbcec95b1bfb3b0f54c200ba58972cb3551a3eb89139222f6565e4b99e47,2015-08,Essex Police,Essex Police,0.344899,51.569307,On or near CHAFFORD GARDENS,E01021446,Brentwood 009B,Investigation complete; no suspect identified
79f1a876352d92dab582c6f6bbf65d699ea0be3a5bcfc3b052963e5a2d3fd53d,2015-08,Essex Police,Essex Police,1.146196,51.789968,On or near Supermarket,E01022038,Tendring 017E,Investigation complete; no suspect identified
7537d1364d9e8a3d08e7c390b451165a2333bf9ce52c8ef271124dd85f8c705e,2015-08,Essex Police,Essex Police,1.148149,51.793234,On or near OLD ROAD,E01022026,Tendring 016C,Investigation complete; no suspect identified
2204c8de2163c81a9a2ed17673f8b5d7a1bf22e6ba274994ae7c526862518671,2015-08,Essex Police,Essex Police,0.641865,51.935938,On or near BRENDON,E01021389,Braintree 006A,Suspect charged
86b8d3848194d82edc62c73152347ddb2c77bdc46b99f4a2113df0393f9416fb,2015-08,Essex Police,Essex Police,0.731456,51.550806,On or near PEARTREE CLOSE,E01015875,Southend-on-Sea 006G,Investigation complete; no suspect identified
db3bca7336731548e37b71aa1fb0f66f89d1bb40e3bc7d9c5fed7b41f68a181d,2015-08,Essex Police,Essex Police,0.323260,51.487909,On or near DEXTER CLOSE,E01015957,Thurrock 009A,Investigation complete; no suspect identified
a4d70d8d28a03882ce8e794a176f30dcd386e56a117027e4bb4856d4d3506ddc,2015-08,Essex Police,Essex Police,0.284952,51.639168,On or near CATHERINE CLOSE,E01021462,Brentwood 006B,Investigation complete; no suspect identified
a234a40834e0c3f21155be27522d1e3205d11c6ee4c5a764920ed0fea8c0465a,2015-08,Essex Police,Essex Police,0.662021,51.542339,On or near MAPLE AVENUE,E01015846,Southend-on-Sea 011B,Investigation complete; no suspect identified
65df013f108418d5640c38bc35ee7ca52b1c38a55c5dc7a211b0d13b711d56b2,2015-08,Essex Police,Essex Police,0.910565,51.873009,On or near LADBROOK DRIVE,E01021665,Colchester 016D,Local resolution
c339cfa848a9da59a043f896d6a7df03319c6bc50a3e9fbd53862b335fabf1c3,2015-08,Essex Police,Essex Police,0.923286,51.913201,On or near DERWENT ROAD,E01021669,Colchester 002B,Formal action is not in the public interest
d5c84a0187c298bfbf82d363709ccff3821b60e87e6a691673a3de275a692ee5,2015-08,Essex Police,Essex Police,0.297846,51.600607,On or near BECKET CLOSE,E01021473,Brentwood 008D,Investigation complete; no suspect identified
4bcad9f119725c5725b3334bf0981bb4bf54b526b5672b1c4860c0600caa51bc,2015-08,Essex Police,Essex Police,0.249107,51.505542,On or near NARE ROAD,E01015923,Thurrock 008B,Suspect charged
54198fb77a720ccef381caf83f02ffdd5243f44449e879bb7e2a3fdcfd29da1d,2015-08,Essex Police,Essex Police,0.510857,51.915955,On or near WATER LANE,E01021404,Braintree 005A,Investigation complete; no suspect identified
bb79121d9d42991a061031f95f1e0de0d50852ac78e4b806c2e4fc72a758ecc9,2015-08,Essex Police,Essex Police,0.691150,51.544444,On or near Supermarket,E01015902,Southend-on-Sea 007B,Investigation complete; no suspect identified
d4f2d1beb638eb05882a4ff25a837638345098e5ecb370d2b3a22d91a844f51c,2015-08,Essex Police,Essex Police,0.261741,51.889938,On or near Airport/Airfield,E01022090,Uttlesford 006B,Investigation complete; no suspect identified
38241eb4c57c291317e3c999842eb8a9d36c261622d364857fe7124874b7ee38,2015-08,Essex Police,Essex Police,0.737702,51.536136,On or near HUNTINGDON ROAD,E01015894,Southend-on-Sea 016F,Investigation complete; no suspect identified
9879e4a5fadd83c04cff4c07a9f1af140e9802f453e472d20ab5f9f6b2d0287d,2015-08,Essex Police,Essex Police,0.703897,51.582554,On or near UNION LANE,E01021954,Rochford 007D,Suspect charged
1ec1b6289c876d3c6af300b2c62415a4ac16e6f23cd43107cc370d8ee7c32dac,2015-08,Essex Police,Essex Police,0.462621,51.571346,On or near Parking Area,E01021318,Basildon 015C,Investigation complete; no suspect identified
704c7058107ac7d92f8b05976679221acb97f098e989bde89eb2e0a1d223f1af,2015-08,Essex Police,Essex Police,0.297322,51.628261,On or near ROBIN HOOD ROAD,E01021431,Brentwood 004A,Investigation complete; no suspect identified
c16abcc1e0ff430416fce6135dbb16dc639b42a9bd907c3f57ceb44faff2e7f9,2015-08,Essex Police,Essex Police,0.643144,51.799195,On or near Shopping Area,E01021416,Braintree 017B,Investigation complete; no suspect identified
ff049d1118f35cf9245e64d4c7deec58009512385a7d77da5d6fcee75c07e9d5,2015-08,Essex Police,Essex Police,0.266663,51.867326,On or near ELM CLOSE EXTENSION,E01022091,Uttlesford 006C,Suspect charged
632ff33f311a0244f141fd76fd77ca728f34f40a3890496b4021ebfb41c235c0,2015-08,Essex Police,Essex Police,0.292090,51.515807,On or near ORCHARD CLOSE,E01015932,Thurrock 006A,Suspect charged
ed044cae1e0f7508ed725a5c4d0720b03fb87046877b08ef17f3df2424d08828,2015-08,Essex Police,Essex Police,0.323432,51.476835,On or near Shopping Area,E01015954,Thurrock 017D,Investigation complete; no suspect identified
cf7e69c1101ab130499dbc066a7ec1c7ec10fa4dc7a63b62efd4310db0262428,2015-08,Essex Police,Essex Police,0.261741,51.889938,On or near Airport/Airfield,E01022090,Uttlesford 006B,Investigation complete; no suspect identified
6f6a64c4a208c8cd921c6ef0c85d692d94b628619e0dc9aca4f2522845b4fe5e,2015-08,Essex Police,Essex Police,0.502267,51.562719,On or near Supermarket,E01021310,Basildon 022B,Investigation complete; no suspect identified
0ed2a878fd5244e34239a3066b12680958b5eff640b96e0f475645276ebb3f14,2015-08,Essex Police,Essex Police,0.236290,51.487757,On or near FANNS RISE,E01016013,Thurrock 015D,Investigation complete; no suspect identified
f8564ff9b8632c50e517ee3d229a2c0baa2ebcb2a7e3bba4da9f301cac25b9bb,2015-08,Essex Police,Essex Police,0.428020,51.638311,On or near Supermarket,E01021250,Basildon 001D,Investigation complete; no suspect identified
258e8af6d3b59d2ef602a1473d3a729b9f76074e29dc4aa44e721882d1c4517d,2015-08,Essex Police,Essex Police,0.935973,51.887442,On or near AFFLECK ROAD,E01021699,Colchester 008D,Suspect charged
3c04156141e32e14d16c2c4867a0a275e7e0b0ae78c8e117d63cabd56e77021e,2015-08,Essex Police,Essex Police,0.565639,51.718337,On or near BELL HILL,E01021569,Chelmsford 016C,Suspect charged
dfcdf11e7a3d027572da9587eb1751404c30b596c505e40f7c678bd07050b642,2015-08,Essex Police,Essex Police,0.738699,51.759882,On or near LITTLE TOTHAM ROAD,E01021882,Maldon 002A,Unable to prosecute suspect
bc4b427d2b1a6bed5372e74ab01067652c798031481560c2ad635b64e6986083,2015-08,Essex Police,Essex Police,0.324934,51.477776,On or near CLARENCE ROAD,E01015956,Thurrock 016B,Investigation complete; no suspect identified
610c001e2e06845b607e352c5391c4e9392cf98664349c24f23498558a4e3e0a,2015-08,Essex Police,Essex Police,0.113571,51.775748,On or near Parking Area,E01021845,Harlow 002B,Investigation complete; no suspect identified
a46b9b5474dd08041f69f14c1eeb4ebf4929a3cedb5ac8d9d191998cf1b444df,2015-08,Essex Police,Essex Police,0.104773,51.747426,On or near SIBNEYS GREEN,E01021858,Harlow 010B,Investigation complete; no suspect identified
06e01dfe9b18028880bdb55cf8246bd6401d51c9734e8ac17f94d73327c1949d,2015-08,Essex Police,Essex Police,0.735031,51.542817,On or near RICHMOND STREET,E01015873,Southend-on-Sea 006E,Suspect charged
86abed49a50bbdbc1be9ede769925f24f168c4210f0455103e97703bf478b501,2015-08,Essex Police,Essex Police,0.476686,51.579459,On or near LITTLE SPENDERS,E01021272,Basildon 012E,Investigation complete; no suspect identified
3f0e584ab91a6fc9689bb26846859b66c48f00f37e16e8990598ccbabb31ddba,2015-08,Essex Police,Essex Police,0.934897,51.889888,On or near VERONICA WALK,E01021699,Colchester 008D,Investigation complete; no suspect identified
715fe67931e0cbb59d3655d478d4c668593d35aa075b65807f59d7f49d402e67,2015-08,Essex Police,Essex Police,0.940362,51.893223,On or near HONEYSUCKLE WAY,E01021696,Colchester 008A,Unable to prosecute suspect
b8ea4eabe5f08e81ffe5c309e9d2e533b9f185471eecec98d4c92b36a003feca,2015-08,Essex Police,Essex Police,0.289670,51.489685,On or near Supermarket,E01015982,Thurrock 019A,Investigation complete; no suspect identified
b7d234fede8fc1fdbb2461cbfc82caf682381ce101aef0c3c9a00580af819af7,2015-08,Essex Police,Essex Police,0.728227,51.539270,On or near CHASE ROAD,E01015839,Southend-on-Sea 014A,Investigation complete; no suspect identified
814cfe822899e29a5cd4dfeb57d85f8a222770c5690f92c58f7c08576625ca8f,2015-08,Essex Police,Essex Police,0.484709,51.570961,On or near SOUTH RIDING,E01021322,Basildon 019A,Investigation complete; no suspect identified
b5c4dc18f67a6c57cdc0b0b538cc56ee5f068ac5f1dd2ab0de31127f5c898fec,2015-08,Essex Police,Essex Police,1.154354,51.788616,On or near COLNE ROAD,E01022025,Tendring 016B,Investigation complete; no suspect identified
a025e0d819beeadc06c7e89c81e7b2b58718cc9173e4aeb6153b6b5ef1759efb,2015-08,Essex Police,Essex Police,0.401581,51.570903,On or near BLACKMORES,E01021277,Basildon 014D,Formal action is not in the public interest
7f9b5535c6a875fd37530f6e64f83760b24fd1b5a0df001ea3ac46a706c428ab,2015-08,Essex Police,Essex Police,1.155313,51.791756,On or near CARNARVON ROAD,E01022027,Tendring 016D,Unable to prosecute suspect
794f6b4b41de52552df887ce2fd3d56673861fca41d8d555c755b55d43d97ef7,2015-08,Essex Police,Essex Police,0.556979,51.880015,On or near Petrol Station,E01033459,Braintree 009F,Investigation complete; no suspect identified
b2413ae783c819f4054e6c0deb4a267ba2bf9fe3dfd2ddd4ee4068d635cbcd2c,2015-08,Essex Police,Essex Police,0.096835,51.753081,On or near Pedestrian Subway,E01021871,Harlow 007D,Investigation complete; no suspect identified
bed0bc70b9f08a4fdb5cbd72061f7f30240f0553c56f6e85ba5a312e63cd3262,2015-08,Essex Police,Essex Police,0.917521,51.924991,On or near SEVERALLS LANE,E01033720,Colchester 002F,Investigation complete; no suspect identified
636470caa5f6b805fd76197f9c68c9394d1c55ea8cb2d79fffa9bd40ae385b56,2015-08,Essex Police,Essex Police,0.895640,51.896024,On or near NORTH STATION ROAD,E01021650,Colchester 007E,Unable to prosecute suspect
5e21492aa61b57214e80c8b8b5f8f625aff4642517e8e9cae8e50e1a6b8d9d10,2015-08,Essex Police,Essex Police,0.506301,51.738935,On or near LITTELL TWEED,E01021545,Chelmsford 008B,Investigation complete; no suspect identified
1a9377999d0e3c35499531ca9927fcc69b1bc7abd19ea786126f7b4d22683b8c,2015-08,Essex Police,Essex Police,1.116152,51.831071,On or near RECTORY ROAD,E01022047,Tendring 018E,Investigation complete; no suspect identified
1ef72351b72ef0943efb584f1b8ced6acefaf23ad945e8ac802cfe4e09321c68,2015-08,Essex Police,Essex Police,0.652575,51.540628,On or near HILLSIDE ROAD,E01015848,Southend-on-Sea 011D,Local resolution
144a04bab36f609dadfd16d4e54a83da3eaa7350e57a5609c36aa05e329295ec,2015-08,Essex Police,Essex Police,0.705140,51.545642,On or near HARCOURT AVENUE,E01015899,Southend-on-Sea 010E,Investigation complete; no suspect identified
1e012a3486ae1ad23e795ac0eaf0ea8fc8f59fac6955f8d219dbcf99b77c5d07,2015-08,Essex Police,Essex Police,0.272254,51.492281,On or near Motorway Service Area,E01016012,Thurrock 015C,Formal action is not in the public interest
b2a10449890efec1788ac8b20e23bf76d71324a2134fbbd05bc73128b65b7275,2015-08,Essex Police,Essex Police,0.929648,51.885162,On or near Supermarket,E01033722,Colchester 008H,Offender given a caution
c9aa90888ce99e25ab958aa8e6bb3565677acb9a4f24fc31aecc45c81321f645,2015-08,Essex Police,Essex Police,0.375056,51.492519,On or near RAVENCROFT,E01015938,Thurrock 012F,Formal action is not in the public interest
97c21e89524920ad3564aec28b2ed3caf8e2f17e69d7f240935b14bdc0ba85be,2015-08,Essex Police,Essex Police,1.160885,51.795321,On or near WALTON ROAD,E01022049,Tendring 014D,Formal action is not in the public interest
aa06a54e14fe64c63869c5f9b719abca844938ccee2cae3070cbf4e95bd8a4ec,2015-08,Essex Police,Essex Police,0.717736,51.534325,On or near HERBERT GROVE,E01015852,Southend-on-Sea 015B,Investigation complete; no suspect identified
4efbea677376e6b824d5a28aeb64a269e4f737b82db3513424d8a0eeb4bb695d,2015-08,Essex Police,Essex Police,0.502267,51.562719,On or near Supermarket,E01021310,Basildon 022B,Investigation complete; no suspect identified
edf87577125fa1e942b7afb9cb9bbe8d2a68e048a570b7bb541b097ac5097cc2,2015-08,Essex Police,Essex Police,0.294127,51.491792,On or near Supermarket,E01015982,Thurrock 019A,Formal action is not in the public interest
43eece380a7238f52aa8e43ecdbb308129eff3c2825761d23fdc328dc32bd3d8,2015-08,Essex Police,Essex Police,0.677578,51.548145,On or near EASTWOOD LANE SOUTH,E01015905,Southend-on-Sea 007E,Investigation complete; no suspect identified
4207218465b0db6273f76b832dcdd52f22f375d7b41ad7a2bb206588075f7deb,2015-08,Essex Police,Essex Police,0.455711,51.732648,On or near Petrol Station,E01033138,Chelmsford 009F,Investigation complete; no suspect identified
98863420a2a71b84069f2793dd43fcbbda3dafe1bef02cf5f5f7036443357e8e,2015-08,Essex Police,Essex Police,0.453480,51.570171,On or near Parking Area,E01021318,Basildon 015C,Investigation complete; no suspect identified
ed4a1cd023e00a95900a3393e867018699ad24c931d7a57d9f2077fc1e77f274,2015-08,Essex Police,Essex Police,1.120520,51.847837,On or near CRAVENWOOD CLOSE,E01022018,Tendring 007E,Investigation complete; no suspect identified
f20805e8c675686538ce52ac8112577f26d9cc93c88776bcbcf083ddea5d84dd,2015-08,Essex Police,Essex Police,0.502267,51.562719,On or near Supermarket,E01021310,Basildon 022B,Investigation complete; no suspect identified
b231c794220b4ff7cd71785d14f6823200583ff865374b7e8f9f91f689c52891,2015-08,Essex Police,Essex Police,0.261741,51.889938,On or near Airport/Airfield,E01022090,Uttlesford 006B,Unable to prosecute suspect
f6f6f25e33f325c4ed4755a60dcd2ea7c61f19a01693988f0ab441cb409b1c32,2015-08,Essex Police,Essex Police,0.375163,51.480448,On or near HILL HOUSE DRIVE,E01015950,Thurrock 013D,Formal action is not in the public interest
1b431af8d0ec5937766f83613f25fed9014cbd7bf8b2579db9b9a06de87e57cd,2015-08,Essex Police,Essex Police,0.512961,51.584991,On or near HARVEY ROAD,E01021309,Basildon 011E,Investigation complete; no suspect identified
747aa1e609c125a49f13039362f20b253abf6a433d9bdf06c3d731bff51dd6e6,2015-08,Essex Police,Essex Police,0.881260,51.864854,On or near LEAS ROAD,E01033723,Colchester 015G,Unable to prosecute suspect
26e8ecd4e39ef15780d62de1400856814ceb3c658eb37fca89723d71178ea08d,2015-08,Essex Police,Essex Police,0.453841,51.570981,On or near WESTGATE,E01021318,Basildon 015C,Suspect charged
a2ae2020b0dc02f03e701a9dba36b649e92486fa1e3a45d46e3bd99c444ea548,2015-08,Essex Police,Essex Police,0.472257,51.733569,On or near Shopping Area,E01033141,Chelmsford 010G,Offender given a caution
b812581bacb1d630fde94a81051ca54d7d98802dd0a8d45a65fdd7ebbae68647,2015-08,Essex Police,Essex Police,1.156375,51.806954,On or near HAWKESWAY,E01022041,Tendring 010D,Suspect charged
c0d8f3045ce4de3d598db5e326c512a3088db37bf61c2f1efd4e4655a54237cc,2015-08,Essex Police,Essex Police,0.462621,51.571346,On or near Parking Area,E01021318,Basildon 015C,Investigation complete; no suspect identified
f0998623f198d9d0895da19c348851f1aba6fc5ea8cdb5f2e81cd20b856d26f3,2015-08,Essex Police,Essex Police,0.087399,51.758959,On or near WOODWARDS,E01021831,Harlow 007A,Suspect charged
72440271dd063fc5a9445dfd4bc364c6eb75e6180e57e199604c27762a8f9417,2015-08,Essex Police,Essex Police,0.542396,51.616257,On or near GLENCOE DRIVE,E01021337,Basildon 007B,Formal action is not in the public interest
072c1f40d4305533e9a6ce8d7abfd63037eec5acf6ab681b17560de3c79fc9ec,2015-08,Essex Police,Essex Police,0.087894,51.749895,On or near PLOYTERS ROAD,E01021859,Harlow 010C,Investigation complete; no suspect identified
b89dfc6c5f363c67259b703faf1f0908fbf8296327ee3fe76ddf81e49832c16d,2015-08,Essex Police,Essex Police,0.481140,51.570614,On or near BEATTY LANE,E01021322,Basildon 019A,Suspect charged
fb4787aff21cae23c0c87057d0a8f1ad43df3356e968aae142f2bfcd599d346f,2015-08,Essex Police,Essex Police,1.025938,51.808209,On or near TOWER STREET,E01021982,Tendring 011D,Unable to prosecute suspect
fb7878bc4afcf3b0dc2166397367ae004c6265623d2744289a3fd23e3b6afec6,2015-08,Essex Police,Essex Police,0.447531,51.523890,On or near Parking Area,E01015983,Thurrock 002B,Investigation complete; no suspect identified
e308586ee07bfaa9a5e30331d1ebfbeead55c1f027899e47aff2e668ded5c263,2015-08,Essex Police,Essex Police,0.305652,51.621290,On or near HIGH STREET,E01021436,Brentwood 007B,Investigation complete; no suspect identified
fde9378e955d74cd94b1f4dc2e9533c8e2db9896a9ba5253422108ca7ca76b35,2015-08,Essex Police,Essex Police,0.843933,51.755762,On or near WOODROLFE FARM LANE,E01021908,Maldon 001A,Investigation complete; no suspect identified
7b2fa81802e6295927a25fd17995eb51ee8b13bfa0a8e6a8bbbd44604dd7cfa7,2015-08,Essex Police,Essex Police,0.614241,51.628627,On or near Parking Area,E01021942,Rochford 001A,Formal action is not in the public interest
f630e35386e0b7835813a6502dab2871c5205116432d8ac1ec66b1ed64d8d952,2015-08,Essex Police,Essex Police,0.519420,51.600231,On or near Petrol Station,E01021344,Basildon 008D,Investigation complete; no suspect identified
2fa3b3cdbf0de83626aea1a83e7f2a1c7388f1b59b8671af77518a3539cc8141,2015-08,Essex Police,Essex Police,0.904233,51.885226,On or near PORTLAND ROAD,E01021683,Colchester 011A,Investigation complete; no suspect identified
0285cfd4a30a5d62eeb580558ad9ae04322f59e1074651aa7634a296cf4e2b14,2015-08,Essex Police,Essex Police,0.677916,51.550944,On or near SOUTHBOURNE GROVE,E01015905,Southend-on-Sea 007E,Unable to prosecute suspect
1458564abdf65d88f27ce12787b328ed1dfe9802ca0e4ecda7549f2d34dd7a26,2015-08,Essex Police,Essex Police,0.404696,51.573060,On or near BROOKLANDS PARK,E01021277,Basildon 014D,Investigation complete; no suspect identified
a655cd795346054c1bdfc0862dd3c90a23d7e440232f2b05aacdbc24b6676611,2015-08,Essex Police,Essex Police,0.600679,51.642391,On or near GALADRIEL SPRING,E01021606,Chelmsford 020B,Investigation complete; no suspect identified
66c7c4c9d884db404588c0626669422886b29146290f3b563234742952512288,2015-08,Essex Police,Essex Police,0.063427,51.675222,On or near B172,E01021806,Epping Forest 009A,Investigation complete; no suspect identified
94773faab96c3d4d57b3c83a54acc54222993e7d2c1a6b3873e7c0a5a7759ac5,2015-08,Essex Police,Essex Police,0.758482,51.684979,On or near KATONIA AVENUE,E01021873,Maldon 007A,Offender given a drugs possession warning
f8f97706c10ff5e06488c054d7b8bb9c5d3d5e095f59532f821b47f632536582,2015-08,Essex Police,Essex Police,0.546335,51.565584,On or near MALWOOD DRIVE,E01021476,Castle Point 003A,Unable to prosecute suspect
1b7db196cb7c5a9155d04390089eb0a64a7cbfb3b43a9338a75b6a8ad9ac6abb,2015-08,Essex Police,Essex Police,0.899875,51.890226,On or near Nightclub,E01021649,Colchester 007D,Unable to prosecute suspect
48fa9e17f7fd8105ced9ad10cf2801f346fd306d845fe9e9b62ddf9c76efbbcd,2015-08,Essex Police,Essex Police,0.472891,51.740669,On or near B1008,E01021574,Chelmsford 010A,Unable to prosecute suspect
6187a819d64de2ee875953e602950f4b423225ac249b4a3fd4c4910ae1886f7e,2015-08,Essex Police,Essex Police,0.501861,51.716260,On or near Parking Area,E01021562,Chelmsford 014A,Investigation complete; no suspect identified
8281dd2c6e15aaad5c5ffbc64074636623441996ad6d92272597d69b854aaf31,2015-08,Essex Police,Essex Police,0.716257,51.540241,On or near SOUTHCHURCH ROAD,E01015852,Southend-on-Sea 015B,Investigation complete; no suspect identified
9fc781e884c943d6583c50af4987e1b7d79a110ee0374e9e7b680f06861918ef,2015-08,Essex Police,Essex Police,0.472257,51.733569,On or near Shopping Area,E01033141,Chelmsford 010G,Local resolution
9e77761713462f8d60ab68778d85ec9c38b36f39d489f11450a6ff87b5d48fa1,2015-08,Essex Police,Essex Police,1.153985,51.796630,On or near HARROW ROAD,E01022043,Tendring 014B,Investigation complete; no suspect identified
0b669027f32e47b61063949f76cb4b6fc58d64a20d4fd49424ba5f3f617a0240,2015-08,Essex Police,Essex Police,0.664324,51.720250,On or near Supermarket,E01021896,Maldon 005D,Investigation complete; no suspect identified
8ab947628e9de0a9bb9dcbd8bc0e8f21077927b4c4e7356ced9f27c688d29329,2015-08,Essex Police,Essex Police,0.730798,51.540290,On or near Petrol Station,E01015844,Southend-on-Sea 014F,Investigation complete; no suspect identified
eb368568939da8b018c1b4aaf2f78acc7fc83bff14adea95b7f56b71c20944b0,2015-08,Essex Police,Essex Police,0.474085,51.733089,On or near High Street Chelmsford,E01033140,Chelmsford 010F,Unable to prosecute suspect
67ddcddd9561834790d42954b37d41197d16b26078c6bebef506a36d2dfe8596,2015-08,Essex Police,Essex Police,1.239198,51.929676,On or near RAMSEY ROAD,E01022002,Tendring 004C,Suspect charged
0b8cc079e5eac69af839dc450be9c22710387e90ea6f8c674bcad55137c4c032,2015-08,Essex Police,Essex Police,0.481232,51.562752,On or near VANGE HILL DRIVE,E01021323,Basildon 019B,Formal action is not in the public interest
d7bdfd423f37de3abbc01cc3c55702585a066ea2de19a97dfe42b13c0bef18fe,2015-08,Essex Police,Essex Police,0.565974,51.523282,On or near SECOND AVENUE,E01021486,Castle Point 010B,Unable to prosecute suspect
f48053619bb88a0d8ec92662ff8e34ca856a84b7f21fb2df2da2d4a327b3c3ee,2015-08,Essex Police,Essex Police,0.310333,51.477247,On or near CASTLE ROAD,E01015951,Thurrock 017A,Formal action is not in the public interest
bacead7c753952755dfd74dafd307c8524d1b489b261a0907c475234679fd539,2015-08,Essex Police,Essex Police,0.261741,51.889938,On or near Airport/Airfield,E01022090,Uttlesford 006B,Offender given a caution
cfaf44c4bdbfbef18c0f8aea1b9e5e360295334e109b2d644e8b7f2a08dde72b,2015-08,Essex Police,Essex Police,0.112455,51.757441,On or near Supermarket,E01021823,Harlow 006D,Investigation complete; no suspect identified
12c76f5897df6f5c456452b0f868a40523c5aed838ec031620fe3ff50fc6def8,2015-08,Essex Police,Essex Police,0.285033,51.510738,On or near BOVEY WAY,E01015976,Thurrock 007F,Formal action is not in the public interest
3177e9c97f6b4d8469154130c569278bbfbc8b7297f6e80a46e8692c1dd3b129,2015-08,Essex Police,Essex Police,0.505401,51.751734,On or near ALYSSUM CLOSE,E01021618,Chelmsford 007A,Investigation complete; no suspect identified
78f6b8b0c74d075952722192bf3860934d4866a03f7ec3ad41c59aa80d4d21d7,2015-08,Essex Police,Essex Police,1.117827,51.854456,On or near SECOND AVENUE,E01022018,Tendring 007E,Unable to prosecute suspect
b3298d51fc76428bf0df810915000e76c36cb8a558b212b6826dee822048beae,2015-08,Essex Police,Essex Police,0.284016,51.475982,On or near ELM TERRACE,E01016011,Thurrock 015B,Investigation complete; no suspect identified
e5d20c7b4294dafee90829d5b6e6de0ffe431906f057c8e438d0fc235b3547c4,2015-08,Essex Police,Essex Police,0.659766,51.541014,On or near ASHLEIGH DRIVE,E01015848,Southend-on-Sea 011D,Investigation complete; no suspect identified
3f19e1be4e8859808980644851c50676905b5dd7e70d8e284b6240bce768c2ae,2015-08,Essex Police,Essex Police,0.127294,51.756859,On or near Pedestrian Subway,E01021821,Harlow 008A,Formal action is not in the public interest
3ff888111ecc6f9c367b62d2e7f4412959fc429f8d0f260596d71f9f3a8a1288,2015-08,Essex Police,Essex Police,0.113313,51.750987,On or near Sports/Recreation Area,E01021838,Harlow 010A,Unable to prosecute suspect
62c87f8bc5b9da6af08d7671ed5263c0f2661b5f3ec605c16a592a2ae0f5b131,2015-08,Essex Police,Essex Police,0.045961,51.770622,On or near LITTLE BROOK ROAD,E01021801,Epping Forest 002E,Investigation complete; no suspect identified
8df5fc07ae4b720e6358181798f967c318e3010c66b80f2d6bc214fc4b2e79b8,2015-08,Essex Police,Essex Police,0.702103,51.547700,On or near Petrol Station,E01015861,Southend-on-Sea 004E,Formal action is not in the public interest
005e840a199b840fc9367af881d37a97c0628a619b2fb0d9506cd5baf45e6640,2015-08,Essex Police,Essex Police,0.686468,51.538175,On or near STATION ROAD,E01015828,Southend-on-Sea 012B,Investigation complete; no suspect identified
6d438cb07d1b87e34833c186b90d6b6ded3cd329b1158b8b623adc0cbd8e08d2,2015-08,Essex Police,Essex Police,0.670862,51.538882,On or near THE RIDGEWAY,E01015830,Southend-on-Sea 012D,Offender given penalty notice
14a4de78ac62541fc2c9d17c1e740fb6a653590ac66951397c3c49ec2fd8d6a0,2015-08,Essex Police,Essex Police,0.717984,51.542359,On or near Supermarket,E01015895,Southend-on-Sea 010A,Investigation complete; no suspect identified
512e24d7dcbf834fc003829e33ce8d426e9f1579b6965c3d6370dccce440be85,2015-08,Essex Police,Essex Police,1.260356,51.940955,On or near Petrol Station,E01022007,Tendring 002D,Investigation complete; no suspect identified
02bf5d0e39377c9655df8ee580020859f8f90995586dc18db664554feb98582a,2015-08,Essex Police,Essex Police,-0.002165,51.686760,On or near Supermarket,E01021818,Epping Forest 009C,Investigation complete; no suspect identified
d372e9bd23dabe4f503b7090a48ab19924fb486b5365e27763cb202302657f18,2015-08,Essex Police,Essex Police,0.463062,51.746118,On or near KIPLING CLOSE,E01021592,Chelmsford 006D,Offender given a caution
efd3cd8f888881d4220229c9a20901ae809cb2ff7a6a2d0d9201160c92e1e078,2015-08,Essex Police,Essex Police,0.122640,51.772536,On or near LADYSHOT,E01021846,Harlow 002C,Investigation complete; no suspect identified
4990300e4d7ee907f57e72db86a0feb5232470746dd46925fc8b2e1245139ea3,2015-08,Essex Police,Essex Police,0.468921,51.751535,On or near Supermarket,E01021589,Chelmsford 006C,Investigation complete; no suspect identified
d082add6e8f7fb4d90ba148ac68f37f13e89b460c436b9fc90e4ed37a2304941,2015-08,Essex Police,Essex Police,0.509598,51.576097,On or near BRISCOE ROAD,E01021303,Basildon 011B,Investigation complete; no suspect identified
b9ae7a9c014c2204492b0f70bf15f8ea829cea652999c7ee4a26400c6cb86a45,2015-08,Essex Police,Essex Police,0.603191,51.519359,On or near MAURICE ROAD,E01021497,Castle Point 012D,Investigation complete; no suspect identified
c947bbddf784d98b706914bf7688a6b6e9c8e5c31084e8422d98a8b165fa3590,2015-08,Essex Police,Essex Police,0.702180,51.550693,On or near Hospital,E01015862,Southend-on-Sea 004F,Unable to prosecute suspect
02ad0f5950c5cea3769b5e8ff22acbd5ffcbee78f9382fc627419fab15bb7e24,2015-08,Essex Police,Essex Police,0.280536,51.482444,On or near Parking Area,E01016011,Thurrock 015B,Investigation complete; no suspect identified
269bdb86386355a25ae0cffb04a353bb6ff8b6cf695975bd8bcb30337ae62118,2015-08,Essex Police,Essex Police,0.094846,51.771452,On or near ADAMS HOUSE,E01021872,Harlow 007E,Investigation complete; no suspect identified
ea9f97ddaec615f20b3338b22b9d64a36a29751294e1656159186dc54e842c58,2015-08,Essex Police,Essex Police,0.027258,51.692173,On or near AMESBURY,E01021814,Epping Forest 007C,Investigation complete; no suspect identified
755fdd975c93eb2a64b0fa4e6aa312e2c4eb71fa499aad0dff046601adcc6920,2015-08,Essex Police,Essex Police,0.904292,51.884343,On or near FAIRFAX ROAD,E01021683,Colchester 011A,Investigation complete; no suspect identified
fd1c0c5a85d6d105b4763823b2508051de7e591c3bf28c7932bc45fcfe6afbcf,2015-08,Essex Police,Essex Police,0.642065,51.798859,On or near THE RETREAT,E01021416,Braintree 017B,Investigation complete; no suspect identified
d117541b0ad6a5d3e3113dd497c1bbc583bcc1db9837144d6da2d4198080309e,2015-08,Essex Police,Essex Police,0.094481,51.770766,On or near EAST GATE,E01021872,Harlow 007E,Investigation complete; no suspect identified
c858ea21396ec1ae39af566b42203d96ba30bd463a390761263c7bd3d3af7a91,2015-08,Essex Police,Essex Police,1.149490,51.790419,On or near ROSEMARY ROAD WEST,E01022026,Tendring 016C,Unable to prosecute suspect
3972cdbe5df47582157f4fc70d2b9a2a17edf052f78d529a83ad03b4c0d0f2db,2015-08,Essex Police,Essex Police,0.465684,51.724291,On or near ROTHESAY AVENUE,E01021580,Chelmsford 012D,Formal action is not in the public interest
da0bd3de95f5d69ed3a79acaf3b61cdbab95faa5f770c36f91b6a17925c53e9c,2015-08,Essex Police,Essex Police,0.331898,51.475381,On or near Parking Area,E01015962,Thurrock 016E,Unable to prosecute suspect
8baa67e615d0911ab8cc8be42002456dcdf3c137c015b6b96ea5b18e1ad5c3ab,2015-08,Essex Police,Essex Police,0.508183,51.565596,On or near PARKHURST ROAD,E01021316,Basildon 018D,Investigation complete; no suspect identified
a5dd39bdb7dcd783d6dfb32dd168dd81b6d1bf92cb6e26345341ce5dbe236456,2015-08,Essex Police,Essex Police,0.261741,51.889938,On or near Airport/Airfield,E01022090,Uttlesford 006B,Investigation complete; no suspect identified
0fe7ea22693770a9f2d8fd575eb154870789b2aa9c6ea09f94cc69ccd6e0c607,2015-08,Essex Police,Essex Police,0.611552,51.590626,On or near HOCKLEY ROAD,E01021961,Rochford 005E,Investigation complete; no suspect identified
3b1cbca760c92b985222ed153684d084117b7b088ca4da9b310a1d72aafa2129,2015-08,Essex Police,Essex Police,0.366991,51.467267,On or near ELGAR GARDENS,E01016010,Thurrock 018H,Investigation complete; no suspect identified
8f4de4e0be9e11160a4a59603f67a960797be53de5cd1fbcd481e5ae3ee5519e,2015-08,Essex Police,Essex Police,0.467307,51.588577,On or near ENDEAVOUR DRIVE,E01021268,Basildon 015B,Investigation complete; no suspect identified
923da12bdd9dd05ecba2a2414cd8427fc6dce28b26d7f74ff4757c1c77f74917,2015-08,Essex Police,Essex Police,0.072310,51.642000,On or near LONGCROFT RISE,E01021771,Epping Forest 013A,Investigation complete; no suspect identified
ba312cc643ff5877cd16098910efba1ebf5e046f6cecdfdcb43c54e55fbb3d4e,2015-08,Essex Police,Essex Police,0.695100,51.561477,On or near SIDMOUTH AVENUE,E01015868,Southend-on-Sea 002F,Suspect charged
fbfa3e382c20312ddddd76ab621efcc5b6866dc1f937fdd7987ebad31e7e086c,2015-08,Essex Police,Essex Police,0.562542,51.880757,On or near Petrol Station,E01021353,Braintree 009B,Unable to prosecute suspect
0054b4c104e3758de3d4106898089abe49de85cf954dd6d9f14eaaa20b23baed,2015-08,Essex Police,Essex Police,0.091665,51.773496,On or near BRAMBLE RISE,E01021843,Harlow 004E,Investigation complete; no suspect identified
93909edf56a57cee4a5cced6ffc94da47830e6b052bece28c1008452a668311f,2015-08,Essex Police,Essex Police,0.285272,51.488728,On or near Parking Area,E01016011,Thurrock 015B,Offender given a caution
40c4de56ccf95c19e267cd398cfcdee08289655347721be2b13fafc9eaa57f5b,2015-08,Essex Police,Essex Police,0.688903,51.555738,On or near COMMERCIAL ROAD,E01015859,Southend-on-Sea 004C,Investigation complete; no suspect identified
3c208cf0d9b81cc37129360bc4ad48c87b726c499821d7de520c326ff7af038f,2015-08,Essex Police,Essex Police,1.279495,51.938201,On or near NELSON ROAD,E01022001,Tendring 001D,Formal action is not in the public interest
cc50c059e992bd09efe10b6c1b45662ecd7477fd8640a87234be8c36f17ce02f,2015-08,Essex Police,Essex Police,0.346604,51.630974,On or near BROOKFIELD CLOSE,E01021448,Brentwood 003A,Investigation complete; no suspect identified
704bd66c8453f1b077d58212fc66aee0710286a0f32235c8c5621f8cdf9d1a94,2015-08,Essex Police,Essex Police,0.345558,51.495748,On or near JESMOND ROAD,E01015963,Thurrock 010A,Investigation complete; no suspect identified
cff328ba8015b0302ac78880b370224cfd2e365116bf7a32d30ca4ad1354690c,2015-08,Essex Police,Essex Police,0.202535,52.063930,On or near HIGH STREET,E01022094,Uttlesford 001D,Offender given a caution
313984148bbc8d9e18ad7b8ff6d225ccfef4ec9c58ac3cc541b596aa55d0e8d1,2015-08,Essex Police,Essex Police,1.177925,51.805573,On or near DOVEDALE GARDENS,E01022033,Tendring 012B,Formal action is not in the public interest
2096bc7f4f2ea855daa6b1705548fa4ba7eca4d254119d1f57cdd43b534a79c8,2015-08,Essex Police,Essex Police,0.654275,51.568578,On or near STEEPLEFIELD,E01015834,Southend-on-Sea 001B,Formal action is not in the public interest
4f61da2427823ddf9e8df3e46e04c132be1c71060d413d05b1812cc6dae3a279,2015-08,Essex Police,Essex Police,0.279074,51.662592,On or near BROAD MEADOW,E01021444,Brentwood 001D,Offender given a caution
a62d9fa56032ab151a28996f56cfd020ce593411cdf5fbde4354d7acfe3d9f12,2015-08,Essex Police,Essex Police,0.325332,51.474261,On or near SHERFIELD ROAD,E01015954,Thurrock 017D,Investigation complete; no suspect identified
b4a7aae4193a41a95be79a0756910f2eda08f53945227acb451c69b2e7797885,2015-08,Essex Police,Essex Police,0.800623,51.553752,On or near MORELAND CLOSE,E01021922,Rochford 010C,Investigation complete; no suspect identified
e8e29ce4e1b183c204d6aec39b588db6f4f3a9df837bd8c61f1cab1958ec3bf2,2015-08,Essex Police,Essex Police,0.467864,51.735073,On or near PARK ROAD,E01033141,Chelmsford 010G,Formal action is not in the public interest
61b045fc0fc67b0c54f27054c2b06ec15bde0db5c40de81837c1c294fdc198e1,2015-08,Essex Police,Essex Police,0.684702,51.545167,On or near LONDON ROAD,E01015832,Southend-on-Sea 012F,Suspect charged
a20da1cab6e5b0ab5773439f9b7f9f8b15d9cde37ed6dcd638137761d88f3a87,2015-08,Essex Police,Essex Police,0.295907,51.523494,On or near BENYON PATH,E01015971,Thurrock 006B,Investigation complete; no suspect identified
93b56e238fde736c578012c4e8e01f334a81e7f5e491d90aa8e4017a2b1bda51,2015-08,Essex Police,Essex Police,0.724162,51.553539,On or near WALTHAM CRESCENT,E01015871,Southend-on-Sea 006C,Investigation complete; no suspect identified
b1dd99daae0a4110ed18b1a5b197c87d20a2fb8e0c13127451ce41ea96364178,2015-08,Essex Police,Essex Police,1.079471,51.802816,On or near BOTANICAL WAY,E01022047,Tendring 018E,Investigation complete; no suspect identified
1209d47cbd2c6c45f484854738e4d35395abd98d6f128ac13ddcbcfe02adff41,2015-08,Essex Police,Essex Police,0.484654,51.736715,On or near Prison,E01021627,Chelmsford 010E,Suspect charged
a1c5ce1cc5fc4ddd4b86c03c890e086667e68548003d97f383ad6dffaff66028,2015-08,Essex Police,Essex Police,0.520914,51.861585,On or near PETWORTH CLOSE,E01021383,Braintree 010C,Local resolution
b4c1171a76d9f07c24e3c9258750feffb5a59e0a60ea3dcf4748bbdba68a42dc,2015-08,Essex Police,Essex Police,0.500271,51.585496,On or near REPTON CLOSE,E01021307,Basildon 011C,Investigation complete; no suspect identified
f7eb7ca3363d3c4beb94f9f5bb67e9743ee935ca73d784914fcc4f2649fbe99c,2015-08,Essex Police,Essex Police,0.473026,51.741008,On or near Further/Higher Educational Building,E01021574,Chelmsford 010A,Investigation complete; no suspect identified
9a520ffc69f4901cc8da3ead74bed5079bf6ba20fceca1dda926c905957fcfad,2015-08,Essex Police,Essex Police,0.912484,51.882027,On or near GRANVILLE ROAD,E01021688,Colchester 011F,Investigation complete; no suspect identified
4386633158bedefe5ba875cb8b4eb1b4ae6488e443a526e46ff7a16e6a1eeee1,2015-08,Essex Police,Essex Police,0.322008,51.478851,On or near QUARRY HILL,E01015956,Thurrock 016B,Investigation complete; no suspect identified
0b97a07eac527d27cf4b7535a4eeda0c18c36e568b0395b97e9882e75f3104f1,2015-08,Essex Police,Essex Police,0.261741,51.889938,On or near Airport/Airfield,E01022090,Uttlesford 006B,Suspect charged
1e5d90b47acb7565c48a06035e14494657b7364230a261608cd3d19f58282d4f,2015-08,Essex Police,Essex Police,0.535130,51.760989,On or near VILLIERS PLACE,E01021536,Chelmsford 005A,Suspect charged
0a823e19659b088f3c94601fb48457bb69559b766074bfcdad122954f8cad94d,2015-08,Essex Police,Essex Police,0.604440,51.558669,On or near BERESFORD CLOSE,E01021529,Castle Point 006D,Investigation complete; no suspect identified
33be5de96c9ad455b14664ef00c25b1a69ccbd7287b99b0bf8ca771433c14907,2015-08,Essex Police,Essex Police,0.326501,51.632057,On or near CROSSWAYS,E01021467,Brentwood 005F,Investigation complete; no suspect identified
91cac08d8b729923f3d91d663df2bd629ab4c67346c0b55e90ee9b757bcf7e80,2015-08,Essex Police,Essex Police,0.583009,51.916605,On or near GOSFIELD ROAD,E01021381,Braintree 007F,Investigation complete; no suspect identified
9bc8bdf06ba5348d142d345b2e578e696c69e51e4dd73d7ccc509144fd3e5e2a,2015-08,Essex Police,Essex Police,0.296041,51.517259,On or near NURSERY CLOSE,E01015975,Thurrock 006F,Investigation complete; no suspect identified
bf6e68a21f50db146fca45158721daa3a1713e93863bf8e3b141faf4c0b630ee,2015-08,Essex Police,Essex Police,0.895423,51.877961,On or near CIRCULAR ROAD SOUTH,E01021651,Colchester 013A,Investigation complete; no suspect identified
b564bcf40ddcc0e2aa7d7ce86a75e5069da87189770c8c0cd871db819f7eb910,2015-08,Essex Police,Essex Police,0.448566,52.041844,On or near Sports/Recreation Area,E01021376,Braintree 001B,Investigation complete; no suspect identified
8947c27d0df4842bd3cd0176fa8e81f85599472133b1f5b23e73df7c4516bab7,2015-08,Essex Police,Essex Police,1.154454,51.791509,On or near Parking Area,E01022025,Tendring 016B,Suspect charged
6f391ce0eaad1cd0f54d559c8b859f1cdca2cefe68da12c1d157b73beb284a53,2015-08,Essex Police,Essex Police,0.202535,52.063930,On or near HIGH STREET,E01022094,Uttlesford 001D,Unable to prosecute suspect
de52b4f7b2baa8525d6d85d317203ae22981573502adbc288f05c52b353dddbd,2015-08,Essex Police,Essex Police,0.689409,51.877025,On or near GURTON ROAD,E01021378,Braintree 014B,Suspect charged
8f4056dae8193c8bdc5f068fc97c34dc31c499e064c4c8a88173c46f95f17a26,2015-08,Essex Police,Essex Police,0.261741,51.889938,On or near Airport/Airfield,E01022090,Uttlesford 006B,Investigation complete; no suspect identified
e003cb0fda524bfef541598bab5deb8211ed8b6d4cca46bc9f05f5ed6243f085,2015-08,Essex Police,Essex Police,0.392137,51.562561,On or near LOWER DUNTON ROAD,E01021284,Basildon 021E,Investigation complete; no suspect identified
3c5352a489bc19a631fe7603e4181f127e8ec01997eb9d5a79a8faf2deb069ab,2015-08,Essex Police,Essex Police,1.259559,51.850287,On or near WADE REACH,E01022055,Tendring 006D,Suspect charged
c30bcf440bb1fd85040fb69733acbfa8e576654e5171c28e1b502ba963b72817,2015-08,Essex Police,Essex Police,0.261741,51.889938,On or near Airport/Airfield,E01022090,Uttlesford 006B,Local resolution
9b8bc8145de8c5ff4dac493838a3ef2ef80cc27a12a2489b7c174326cf588327,2015-08,Essex Police,Essex Police,0.896616,51.895829,On or near ALBERT STREET,E01021650,Colchester 007E,Investigation complete; no suspect identified
391c08696f7cc34cd524c3ac7ccd0ee57e6c16a7956c80704578d7e54059de98,2015-08,Essex Police,Essex Police,0.622747,51.794391,On or near DEFORD ROAD,E01021423,Braintree 016A,Investigation complete; no suspect identified
8d99531696e8d082397ac1532c9d3e84aefc3d2e90212e843acb405da8702709,2015-08,Essex Police,Essex Police,0.699490,51.565684,On or near NIGHTINGALE CLOSE,E01015867,Southend-on-Sea 002E,Unable to prosecute suspect
dc2423d24c48cc85ab8942d272dd831bfe965214be54554129515556de091659,2015-08,Essex Police,Essex Police,0.085457,51.773417,On or near CHERRY TREE LANE,E01021843,Harlow 004E,Local resolution
60f5695f94c1bc11059649d153d369e129efcb4b949517066fdf0a15639be521,2015-08,Essex Police,Essex Police,0.703897,51.582554,On or near UNION LANE,E01021954,Rochford 007D,Suspect charged
baade8ce547e91cad7a0afa6b68e26998aa2da6dc1d67d7fcca0ec9b2827228d,2015-08,Essex Police,Essex Police,1.119841,51.778600,On or near JASMINE WAY,E01021990,Tendring 018C,Investigation complete; no suspect identified
5ea658fa402b9b1fbbc6c45ae8050032d41b8b40447126cf46f77620357c010e,2015-08,Essex Police,Essex Police,0.461459,51.569868,On or near Shopping Area,E01021318,Basildon 015C,Investigation complete; no suspect identified
f8235e7e8d968cd5d8660dfb878e853d4ae5acc0a5b244ff5309fca554462626,2015-08,Essex Police,Essex Police,0.442770,51.519249,On or near CANON CLOSE,E01015985,Thurrock 003B,Formal action is not in the public interest
fde9412de37ff4c694a59ba499ea2aa54284974759047c4723dcde54b5e2a9e0,2015-08,Essex Police,Essex Police,0.292644,51.485787,On or near STAFFORD CLOSE,E01015982,Thurrock 019A,Formal action is not in the public interest
80519c94691b9609f7095692fe6c6bbd09cc182c54c07ce460f65e8dc5ef5129,2015-08,Essex Police,Essex Police,0.482378,51.737204,On or near TURKEY OAKS,E01021627,Chelmsford 010E,Investigation complete; no suspect identified
e6d2709f3f80328ae27b65f3a23bf9b5205c083261bc96b82d38fae21a13aca3,2015-08,Essex Police,Essex Police,1.154883,51.790382,On or near HIGH STREET,E01022025,Tendring 016B,Investigation complete; no suspect identified
41754e9b1b80412b23cc9a0e2a09924c7a4a64489d2e89956f88d94601dfe589,2015-08,Essex Police,Essex Police,1.131911,51.803787,On or near ORCHARD CLOSE,E01022024,Tendring 015B,Investigation complete; no suspect identified
caac13721387d23ad26bea9b684250d61c859abcdb7506d3a6cc76e2d15eac23,2015-08,Essex Police,Essex Police,0.678375,51.731127,On or near CHEQUERS LANE,E01021890,Maldon 004B,Investigation complete; no suspect identified
45862825b136fd22b3d5f253d6fed9def22a7e69d411035974b971abf90330e7,2015-08,Essex Police,Essex Police,0.318864,51.488131,On or near ANTELOPE AVENUE,E01015939,Thurrock 020A,Local resolution
7aee3fe4e6218bc48cbca3438eed381712653373d39dd356c19fc578cf48f1c6,2015-08,Essex Police,Essex Police,0.472257,51.733569,On or near Shopping Area,E01033141,Chelmsford 010G,Suspect charged
001b5a9cd204e39bf22b0bb306ef46d142e77077117352d2fcb68bfa67f0ffc9,2015-08,Essex Police,Essex Police,0.544672,51.883124,On or near PANFIELD LANE,E01021358,Braintree 008C,Unable to prosecute suspect
5b6863032129adff809ae7dc8c1aebf6defd8025d5d4d4bc0c0f90a718ec8ba0,2015-08,Essex Police,Essex Police,0.747730,51.542925,On or near SOUTHCHURCH BOULEVARD,E01015888,Southend-on-Sea 009F,Investigation complete; no suspect identified
3602200ea8f26bcf9d052494b712abab7a84844d026e82c0435fd2be24231455,2015-08,Essex Police,Essex Police,1.253436,51.943665,On or near TYLER STREET,E01033051,Tendring 002F,Formal action is not in the public interest
cc0e126c7345b04f2533721c7d08b953544a4d66c7905c1bbd683ea192ca1bcb,2015-08,Essex Police,Essex Police,0.377021,51.490698,On or near WICKHAM ROAD,E01015938,Thurrock 012F,Investigation complete; no suspect identified
5cb5192bcde8dfc124fcc7a85b6c3d69c20099e7404b65bb6cff5cba7435a6a7,2015-08,Essex Police,Essex Police,0.700915,51.926413,On or near SWALLOW FIELD,E01021410,Braintree 006E,Unable to prosecute suspect
af3d215cd0ea2cd82903680a602801353f679837483ef4fe7193daaf615e37d8,2015-08,Essex Police,Essex Police,0.595422,51.604241,On or near SYCAMORE CLOSE,E01021920,Rochford 006A,Investigation complete; no suspect identified
d777a89ebfdef595c30d4dc2a59bf570b81b3fbe5e1134545f6ed03146f1d535,2015-08,Essex Police,Essex Police,0.519983,51.585102,On or near WATKINS CLOSE,E01021309,Basildon 011E,Investigation complete; no suspect identified
0a1e13c51dab08e489c930ff1fac5c60529e068cc3bd10db1d39fc7b1ad2de58,2015-08,Essex Police,Essex Police,0.351371,51.502601,On or near A1089,E01015977,Thurrock 004A,Investigation complete; no suspect identified
26e142d2ee16dbee43382f0654aeda83b6a360e2307df56214cf97f83e88f94e,2015-08,Essex Police,Essex Police,0.702850,51.547152,On or near HOWARDS CHASE,E01015899,Southend-on-Sea 010E,Unable to prosecute suspect
64f043bbca51524b5ec8b8d58c3c5bd94118d304d80023dfa931db3e4fb9732f,2015-08,Essex Police,Essex Police,0.509816,51.570355,On or near RECTORY ROAD,E01021315,Basildon 018C,Investigation complete; no suspect identified
c99f6df788645d9c2d14b7904381c6b4871e7b3a93699aa5186e87b61d64f930,2015-08,Essex Police,Essex Police,0.593593,51.976805,On or near Supermarket,E01021397,Braintree 003B,Investigation complete; no suspect identified
58d798fbcc82b4e947194d1f335ffe8a367a3d6128be6cc49a5c13cd6c27c77c,2015-08,Essex Police,Essex Police,0.294127,51.491792,On or near Supermarket,E01015982,Thurrock 019A,Suspect charged
8d54729c6b8a36cb78dc19faea2e0b32cdb075a333361412ef68095c7ae370aa,2015-08,Essex Police,Essex Police,0.929648,51.885162,On or near Supermarket,E01033722,Colchester 008H,Offender given a caution
c0f598548e6f1adab7878ea9218a7022f82b446c2e96246dd87227f6b118336a,2015-08,Essex Police,Essex Police,0.713596,51.539394,On or near Nightclub,E01015852,Southend-on-Sea 015B,Formal action is not in the public interest
b31fa8b08dc9805c3cf6d254b20e538736bf38d54dcc0d424de33607b13e1c3a,2015-08,Essex Police,Essex Police,0.575810,51.518246,On or near HAYES LANE,E01021502,Castle Point 011E,Investigation complete; no suspect identified
d3c40ba2b640bbb8bc0b1a9376041d45e1f37d014c12dd30d575b955efa4beec,2015-08,Essex Police,Essex Police,1.287585,51.945144,On or near GOLDEN LION LANE,E01021998,Tendring 001B,Suspect charged
f4a0d5145b9167c045257b4196df6f6f186f283f1939a166468202ae38b42588,2015-08,Essex Police,Essex Police,0.662280,51.562335,On or near Petrol Station,E01015818,Southend-on-Sea 003E,Local resolution
4f9274ab707abe6893c9f624e93389bfa9b53a600f96eb0293fa72af0a11ba9d,2015-08,Essex Police,Essex Police,0.893012,51.922080,On or near BOXTED ROAD,E01021680,Colchester 004B,Local resolution
73268cdb7ec311a50f2556fd11c1851131ce6c96d5c53af6f7419a03ac90fdeb,2015-08,Essex Police,Essex Police,0.428525,51.521362,On or near ARNE CLOSE,E01016000,Thurrock 005D,Offender given a caution
379b5f5012d72f3775722af2c6c4ae181fb3e2baaa6e497cfdf1d025a3619862,2015-08,Essex Police,Essex Police,0.507249,51.567235,On or near ST GABRIELS COURT,E01021316,Basildon 018D,Investigation complete; no suspect identified
654fc6c05e2c3c031e49bbbd1b5fd55d87ceb6fb9520882221caf805238f1b19,2015-08,Essex Police,Essex Police,0.127040,51.762852,On or near PYTT FIELD,E01021836,Harlow 008D,Formal action is not in the public interest
f80823ea7ffbc40fb4833762623db470e7ddae6e1e2d61339bf3e9d479da6745,2015-08,Essex Police,Essex Police,1.172232,51.815611,On or near BRUNEL ROAD,E01021984,Tendring 010A,Formal action is not in the public interest
92d6651e321ed1f4c60f34dc9ab51faf7752c71cd6e9cc171333a00431102e23,2015-08,Essex Police,Essex Police,0.605400,51.579755,On or near CLYDE CRESCENT,E01021965,Rochford 009E,Investigation complete; no suspect identified
816d53dcfd21baff7da5e55d2b20f25b2fed3a3e0c71ce6b7a5bfd4fb810ccbf,2015-08,Essex Police,Essex Police,0.688443,51.743353,On or near HUNT AVENUE,E01021888,Maldon 003E,Investigation complete; no suspect identified
c00d0dd24795e47496d7a8caf419f1db62fbd1b53962b50cbe17baeda2b2b12e,2015-08,Essex Police,Essex Police,0.319222,51.481001,On or near Petrol Station,E01015956,Thurrock 016B,Investigation complete; no suspect identified
81f8fc15efcc41b00ae198c24a679f2a9b62c79db89f4240c9e82ee7dcb165b6,2015-08,Essex Police,Essex Police,0.141697,51.784402,On or near WATLINGTON ROAD,E01021855,Harlow 001B,Offender given a caution
ff63b2ee377b1077e56e4b6014b1bac579dc5941d96ac7d797e77996314e7267,2015-08,Essex Police,Essex Police,0.501215,51.592707,On or near SOUTHEND ARTERIAL ROAD,E01021330,Basildon 006C,Investigation complete; no suspect identified
f370dea31788bcc0102d17602feeed53fc0de38ad5abdcb6f5a4681496e8d80c,2015-08,Essex Police,Essex Police,0.094481,51.770766,On or near EAST GATE,E01021872,Harlow 007E,Suspect charged
6e511cb11f9336f97247d31ec66063806c01133659b182d7a27241251aa9b9cb,2015-08,Essex Police,Essex Police,0.929648,51.885162,On or near Supermarket,E01033722,Colchester 008H,Local resolution
a8e95ed9a6b445912577f50ea361ae6c1218753cb0825098a1a21a90d9dda15c,2015-08,Essex Police,Essex Police,0.609026,51.582058,On or near RANDWAY,E01021966,Rochford 008F,Investigation complete; no suspect identified
c8b54013888183513a0403c8e5ddb5debb3728fa6b26a873c6beddd725029ddc,2015-08,Essex Police,Essex Police,0.714390,51.538674,On or near Parking Area,E01015852,Southend-on-Sea 015B,Formal action is not in the public interest
b017910a2b8617ce1e048df244721fca37b62fecaa73cc4e62448842b0a091e1,2015-08,Essex Police,Essex Police,0.129177,51.762984,On or near OAKLANDS DRIVE,E01021836,Harlow 008D,Investigation complete; no suspect identified
4c0a412a10b54a11bf13eab93144168cd85ed354e1eb6c2cfe152033d6f8d61d,2015-08,Essex Police,Essex Police,1.123224,51.800276,On or near MELTON CLOSE,E01021977,Tendring 013C,Investigation complete; no suspect identified
5ad2f67bdbd3984b26624ce54a162960f4c20d3b4a7392360782859bd1a35d11,2015-08,Essex Police,Essex Police,0.463270,51.572142,On or near Parking Area,E01021318,Basildon 015C,Investigation complete; no suspect identified
82ed8b31bccdda734234af78c3f8edfa03b6439b7800a75596e6b89a4c91852c,2015-08,Essex Police,Essex Police,0.475387,51.732801,On or near Shopping Area,E01033140,Chelmsford 010F,Local resolution
f2f837d65ee3122fa3a6f8cf9c7b7b8eab2bd190635e427fad9dbff76eff0210,2015-08,Essex Police,Essex Police,0.102579,51.617406,On or near CANTERBURY CLOSE,E01021749,Epping Forest 016A,Investigation complete; no suspect identified
8e5df1109ceeb5e7aa09206ce5d402b6b4a8a3893622845fbb8258352387f098,2015-08,Essex Police,Essex Police,0.540278,51.883542,On or near PORTERS FIELD,E01021358,Braintree 008C,Offender given a drugs possession warning
4907d8b247498c56c8549b5b3137961fabd25d29ff75c5d3edc3fa63757a348a,2015-08,Essex Police,Essex Police,0.437339,51.522285,On or near CORNWELL CRESCENT,E01015986,Thurrock 003C,Formal action is not in the public interest
8773ff42251eafe6676ab2fd99ee920f50fac94538b2f4551b701dc40d857967,2015-08,Essex Police,Essex Police,0.239155,51.716642,On or near SHORTLANDS AVENUE,E01021802,Epping Forest 004D,Investigation complete; no suspect identified
a9dd0d4454024adabb31ed2375e2f5847255cc38a453a28229524273c1be9ea8,2015-08,Essex Police,Essex Police,0.370296,51.465761,On or near BURNS PLACE,E01016009,Thurrock 018G,Formal action is not in the public interest
27ae4bbeab9fd3bd4bbab3d5d65a768847fe3fce66b7d9e6503ea6ec90797411,2015-08,Essex Police,Essex Police,0.135588,51.706889,On or near GARNON MEAD,E01021756,Epping Forest 006A,Local resolution
07cb46d84fc9b24241eb2ef9bf43a4d62b22f3b97980cb0c82469a90c3215b7b,2015-08,Essex Police,Essex Police,0.278595,51.479918,On or near MOTHERWELL WAY,E01016012,Thurrock 015C,Offender given a caution
a665f94f9b21d908980372667d014b491a10fbc86bf23253c26513a8aed9b845,2015-08,Essex Police,Essex Police,0.428565,51.613613,On or near CARVERS WOOD,E01021258,Basildon 004E,Unable to prosecute suspect
8c5ce1783e8143199eefac33cae25e5f33a16dbf77ca2cecdba36df93b7fb857,2015-08,Essex Police,Essex Police,0.285222,51.484852,On or near Parking Area,E01016011,Thurrock 015B,Formal action is not in the public interest
3136a183b6a7e8ce9c55ec1bfa0c156f2690c64a175ea7e415a21c69e5fb5571,2015-08,Essex Police,Essex Police,1.152215,51.788718,On or near Shopping Area,E01022025,Tendring 016B,Offender given a caution
5b6bd9303a9bc5a4e801a5cce7d219ca434beb55c48b091f0ee72f909eddd849,2015-08,Essex Police,Essex Police,0.717086,51.575926,On or near ROSE WAY,E01021956,Rochford 007E,Investigation complete; no suspect identified
c0b73187c5b0c6a8d9a29e386206164cea14cd13777ff9c1c18eb6323cfc2917,2015-08,Essex Police,Essex Police,0.664324,51.720250,On or near Supermarket,E01021896,Maldon 005D,Investigation complete; no suspect identified
fad41f23a69fc246505e73e6c9a0faf11ea2d498a906342cb3fecc81062e6730,2015-08,Essex Police,Essex Police,1.152226,51.789923,On or near ROSEMARY ROAD,E01022025,Tendring 016B,Investigation complete; no suspect identified
dfd1794a375a2040188a71b6086c850c94cc25d1acb3062aea95ef00c620c97d,2015-08,Essex Police,Essex Police,0.677757,51.550695,On or near CAVENDISH GARDENS,E01015905,Southend-on-Sea 007E,Investigation complete; no suspect identified
73a453d764b306392fef4835be2a9e1b0f2be0e5563e4669df130626e8661c32,2015-08,Essex Police,Essex Police,0.423863,51.583655,On or near Petrol Station,E01021274,Basildon 010D,Investigation complete; no suspect identified
e571079de2213500d0df02829bba070359f23c467ff26a2a77f4d9ff22262f40,2015-08,Essex Police,Essex Police,0.284490,51.487772,On or near Shopping Area,E01016011,Thurrock 015B,Offender given a caution
9c7cee53c31afc3a6e988135450093ccafc322b59cfa433e6a21c889ed5c8354,2015-08,Essex Police,Essex Police,0.642678,51.942844,On or near WEAVERS ROW,E01021388,Braintree 004B,Suspect charged
7407ff8effd788aff7a7e710994199d6ad169565183ae6fa3e030bb9b815da00,2015-08,Essex Police,Essex Police,0.804376,51.554490,On or near OLIVERS CRESCENT,E01021922,Rochford 010C,Investigation complete; no suspect identified
8932bc0481d10998328ddc2a101c97205cb4d47fdb281fd7dd86e13bf398b684,2015-08,Essex Police,Essex Police,0.709094,51.540820,On or near Supermarket,E01015895,Southend-on-Sea 010A,Suspect charged
cbb9bb89e9808d174c8920ea23483fcb8d7fd2225acf62be1aba4b9ead433f5e,2015-08,Essex Police,Essex Police,0.519982,51.611929,On or near Supermarket,E01021331,Basildon 008A,Offender given a drugs possession warning
9c72f940a4396d5c936aab9ed806f4fdea5d506489252ecc450c7fd7df78c435,2015-08,Essex Police,Essex Police,0.634446,51.943649,On or near BRIDGE STREET,E01021387,Braintree 004A,Suspect charged
6def6d694782fa5daee3d16747f001f70f53bf71457d5af27fc3833b384bf683,2015-08,Essex Police,Essex Police,0.344899,51.645253,On or near Petrol Station,E01021467,Brentwood 005F,Local resolution
9a8deddcb929477cde4c6be62db4f034d6e653eacf53d8a4a7934b765e1c298d,2015-08,Essex Police,Essex Police,0.527923,51.862244,On or near HARNHAM DRIVE,E01021384,Braintree 013C,Investigation complete; no suspect identified
ada811b346eb8dce906d4d706240dd8d773a27ffa25d5f4c19d3c80335f1c274,2015-08,Essex Police,Essex Police,0.261741,51.889938,On or near Airport/Airfield,E01022090,Uttlesford 006B,Investigation complete; no suspect identified
f28c9ae1fd94c0aba74c97f313572c5c9cde56ba2be36287a66f853036903f2a,2015-08,Essex Police,Essex Police,0.431942,51.520833,On or near STRATFORD GARDENS,E01015986,Thurrock 003C,Investigation complete; no suspect identified
0db1dd7412af08a2861a2e41ed154c4b7ac6e35c597049bcb6fd433d1ff20f49,2015-08,Essex Police,Essex Police,0.516750,51.604695,On or near KERSHAWS CLOSE,E01021342,Basildon 008B,Formal action is not in the public interest
dbb60fcd1b53e950c7b011db63e4774dcbd3d37c2f2307c9e96c35c7d6757e75,2015-08,Essex Police,Essex Police,1.279573,51.936076,On or near MILL LANE,E01022001,Tendring 001D,Offender given a caution
11c0f0da9ef82d91c9a11922442fbeddf09b4cad6b8cafe7e6ce8136d3cdf893,2015-08,Essex Police,Essex Police,0.896245,51.888706,On or near HEAD STREET,E01021649,Colchester 007D,Suspect charged
ba7aac90ef82e4227258cf45c62e894f6984c2ce2f0d711cb5a13dfe00d3a230,2015-08,Essex Police,Essex Police,0.474190,51.732359,On or near Shopping Area,E01033140,Chelmsford 010F,Investigation complete; no suspect identified
dff306c424a99e85ed49c14dea8bffea7fa0ade0cd1ba9e6bc6b138aefd0fe23,2015-08,Essex Police,Essex Police,0.655495,51.541965,On or near WEST STREET,E01015849,Southend-on-Sea 011E,Investigation complete; no suspect identified
d738735358bc6bc458d9550419cfe375c47e8c3f193c74479332c799c6458110,2015-08,Essex Police,Essex Police,0.254796,51.495829,On or near HALL TERRACE,E01015922,Thurrock 008A,Investigation complete; no suspect identified
e28f7dc124bf0df01c00270cc3ba7493f229a263f507c295dd980cef0f3002da,2015-08,Essex Police,Essex Police,0.130192,51.697401,On or near Park/Open Space,E01021756,Epping Forest 006A,Investigation complete; no suspect identified
47b289c3809c8d757a998de43c6058162cfd51850ab3bd04ff078033f03f70db,2015-08,Essex Police,Essex Police,0.342393,51.483463,On or near BOSCOMBE AVENUE,E01015967,Thurrock 014B,Suspect charged
fbf05366cdcde560e6ef3a0f52bdb51bf6ccabaeec74f4246b56786b849b8369,2015-08,Essex Police,Essex Police,0.791053,51.534122,On or near Parking Area,E01015877,Southend-on-Sea 013B,Investigation complete; no suspect identified
00f9ad52634ab835ef011d1cdb067711898bdec0c4385c782434e2989708fa9f,2015-08,Essex Police,Essex Police,0.422322,51.584802,On or near KINGS CRESCENT,E01021261,Basildon 010A,Investigation complete; no suspect identified
bfd1e6517d1486e1ec93b6aa791a0791335ec7b8da0f75bbd6a17b856a37c3c5,2015-08,Essex Police,Essex Police,0.647710,51.552960,On or near EASTWOOD ROAD,E01015815,Southend-on-Sea 003B,Investigation complete; no suspect identified
f7c5527291a5d1c505ea29fbc956d5a91e29b96a2cd459432b6680b54e6cc479,2015-08,Essex Police,Essex Police,0.553157,51.577361,On or near THE LARCHES,E01021515,Castle Point 001C,Formal action is not in the public interest
c60009b3f4f50e209567bb43b0b774cbc63866385c8e6a19b118d1c45c2fb9b0,2015-08,Essex Police,Essex Police,0.261741,51.889938,On or near Airport/Airfield,E01022090,Uttlesford 006B,Investigation complete; no suspect identified
94a20ab8176765f56c42a2c1bb3a465f3d9fc48dfde9075403559e2de6c5c71e,2015-08,Essex Police,Essex Police,0.902706,51.887692,On or near VINEYARD STREET,E01021649,Colchester 007D,Investigation complete; no suspect identified
b435e8b3210def045428965e64ed156e3f621cd44ea72de71e1e4c7612c204e2,2015-08,Essex Police,Essex Police,0.356213,51.463491,On or near DUNLOP CLOSE,E01016003,Thurrock 018A,Investigation complete; no suspect identified
fb9c530b3b6b6ef76e16c0c6bd2c7c8c2baaa27a969c1bbd2e63e6453c8d34a0,2015-08,Essex Police,Essex Police,0.600721,51.591335,On or near PHILBRICK CRESCENT EAST,E01021925,Rochford 005C,Local resolution
3682fea5d387bf06f8c088fd956a049d02142e962e90d237324ec8442fa2244d,2015-08,Essex Police,Essex Police,0.571591,51.875074,On or near Sports/Recreation Area,E01021368,Braintree 011A,Investigation complete; no suspect identified
b9bd4b5d5b29cb6be450ae127bf4359defaa5f3dda062f1e90abee8c3b36417f,2015-08,Essex Police,Essex Police,-0.002526,51.653566,On or near Park/Open Space,E01021806,Epping Forest 009A,Suspect charged
d87f44d99a4ef32449a6ba9740effea6c4e708fae3125b8cc0252c1136fccb8c,2015-08,Essex Police,Essex Police,0.915602,51.872264,On or near Supermarket,E01021667,Colchester 016F,Suspect charged
de52b4f7b2baa8525d6d85d317203ae22981573502adbc288f05c52b353dddbd,2015-08,Essex Police,Essex Police,0.689409,51.877025,On or near GURTON ROAD,E01021378,Braintree 014B,Suspect charged
72a30e0702f0c9644994db43fbd57bc8b92148254130fa98e6100d34696e03ae,2015-08,Essex Police,Essex Police,0.371959,51.487824,On or near DELARGY CLOSE,E01015936,Thurrock 012D,Investigation complete; no suspect identified
76f7c12c3a294018097cd9134feb0963ac422fb504841c5ded9154469b1392e1,2015-08,Essex Police,Essex Police,0.649095,51.540797,On or near NEW ROAD,E01015848,Southend-on-Sea 011D,Investigation complete; no suspect identified
7172e94a888573ce58b0137d70f58633fbb787598ff84039e0474209a04fb565,2015-08,Essex Police,Essex Police,0.002090,51.675960,On or near Park/Open Space,E01021806,Epping Forest 009A,Investigation complete; no suspect identified
dae04297c1c7ad8c2cfc9ee5199ffcd92c460a921f8f1fae4d0832cb78eb819e,2015-08,Essex Police,Essex Police,0.017217,51.687310,On or near NEWHALL COURT,E01021807,Epping Forest 008A,Investigation complete; no suspect identified
d8b645718486151cce445f03d119415371af835e93b31e4841b8f98d4dfdfe08,2015-08,Essex Police,Essex Police,0.918776,51.893455,On or near Supermarket,E01021704,Colchester 022F,Investigation complete; no suspect identified
12c4bdf41c9e2f840d56b157de87d529ffd1e72179ff124d8a7d142a48a879fb,2015-08,Essex Police,Essex Police,0.255495,51.498900,On or near HIGH STREET,E01015921,Thurrock 015A,Investigation complete; no suspect identified
076eb37bdc476d6456cd259c395535a1072b0f1a58e3942a4f464efc05119f7f,2015-08,Essex Police,Essex Police,0.903381,51.907174,On or near WRYNECK CLOSE,E01021679,Colchester 004A,Investigation complete; no suspect identified
a99c09b7c5e0da4ed9bddd6d81e9e2d298191488c02e8a855233a5344b654738,2015-08,Essex Police,Essex Police,1.205630,51.805477,On or near HAVEN AVENUE,E01022008,Tendring 012A,Unable to prosecute suspect
7b39f9c50fa2633875d4ad9929e09ace24a1c2664d14fd5467032ada46966255,2015-08,Essex Police,Essex Police,0.714345,51.540114,On or near SOUTHCHURCH ROAD,E01015895,Southend-on-Sea 010A,Investigation complete; no suspect identified
81af34cc030538910867d4e58181c9c59a34c685e81449aac225bb4493595987,2015-08,Essex Police,Essex Police,0.472257,51.733569,On or near Shopping Area,E01033141,Chelmsford 010G,Offender given a caution
85ea34489a88ceb5adb1cae045492caee0f0056624a3027bae5f9eca52b9fe3d,2015-08,Essex Police,Essex Police,0.448800,51.566599,On or near WETHERLAND,E01021298,Basildon 017D,Formal action is not in the public interest
070f89dfc148e9efac086fbbfb54cb08f183a626cee4a1141363ef3a298af741,2015-08,Essex Police,Essex Police,0.725830,51.539461,On or near WINDERMERE ROAD,E01015839,Southend-on-Sea 014A,Formal action is not in the public interest
7ab6ac8da7bd4e901f536fae5fc573ee21af1fdcb335243df257b8afbbe8b733,2015-08,Essex Police,Essex Police,0.407163,51.640188,On or near LORRIMORE CLOSE,E01021245,Basildon 002A,Formal action is not in the public interest
2ed672663837c08336b003fc0266af3ab3e64108bdace28dd4f3f98a3b06b10e,2015-08,Essex Police,Essex Police,0.889108,51.889601,On or near ST ALBAN'S ROAD,E01021646,Colchester 007A,Formal action is not in the public interest
934da829e26a9289f793caec61bd901e722930aca964bb12419ccf025d371f07,2015-08,Essex Police,Essex Police,0.338431,51.488794,On or near Supermarket,E01015970,Thurrock 014E,Investigation complete; no suspect identified
9b9874f964b70f4014c10cae3d41734e209db2a720aa325dec9db652370ef822,2015-08,Essex Police,Essex Police,0.474503,51.716075,On or near Parking Area,E01021586,Chelmsford 015E,Investigation complete; no suspect identified
3ad9b880a63f09003a48f72420ae8dc060d94f5cbd8c8dcd68047e42e820d07b,2015-08,Essex Police,Essex Police,0.116933,51.763026,On or near HIGHFIELD,E01021820,Harlow 006B,Formal action is not in the public interest
c0d506ad1dde667fcd7b3f238d440763e99645276a2ee528b31068ab580f98a8,2015-08,Essex Police,Essex Police,0.445420,51.730614,On or near ROTHBURY ROAD,E01021631,Chelmsford 009E,Suspect charged
7b660a07345ecd5c9e90a006c8668ef865f19305f396df21251d91efd4fa788c,2015-08,Essex Police,Essex Police,0.111098,51.698807,On or near HIGH STREET,E01021762,Epping Forest 005C,Investigation complete; no suspect identified
d83c4e43e8120732b214ff21f33c58f9d14ab835ee7a45bb611865d103f02965,2015-08,Essex Police,Essex Police,1.116215,51.780900,On or near THE APPROACH,E01021990,Tendring 018C,Investigation complete; no suspect identified
02634cb00df05028ae25026437d9470d58beafa119b4b766fd78abbc6468846e,2015-08,Essex Police,Essex Police,0.537515,51.600741,On or near ANGLESEY GARDENS,E01021345,Basildon 007E,Investigation complete; no suspect identified
66258fe9cacc7434caaf5bec5802172959ee0639d7803982a82d458fcf25ee80,2015-08,Essex Police,Essex Police,0.717984,51.542359,On or near Supermarket,E01015895,Southend-on-Sea 010A,Investigation complete; no suspect identified
7b4c578a447ddb3d490db9f50744f38fd3a65e378354bdeecb7c6124c3a0f84f,2015-08,Essex Police,Essex Police,0.893409,51.882336,On or near CAVALRY ROAD,E01021651,Colchester 013A,Formal action is not in the public interest
7bed249f7b3d4b7c30027f14e3f4d3193fc8d99fa90c10876ba95af96452a545,2015-08,Essex Police,Essex Police,0.356004,51.465303,On or near FAIRFAX ROAD,E01016006,Thurrock 018D,Formal action is not in the public interest
5cb33a48479e569b812d59c4a786d4b106090d23dcf22f89a701e57fd6d9820e,2015-08,Essex Police,Essex Police,0.547195,51.869661,On or near GRAYLING CLOSE,E01021371,Braintree 013B,Formal action is not in the public interest
9e6ea3b166383978001d6f1ae123bf713df50cf026af22afde8179f293851106,2015-08,Essex Police,Essex Police,0.607446,51.518140,On or near ST ANNES ROAD,E01021489,Castle Point 012A,Unable to prosecute suspect
05a75f21ac5612b257ad7baf7eb55cbb6aae94761e88ac194f45d803bdc4430b,2015-08,Essex Police,Essex Police,0.900942,51.896630,On or near CATCHPOOL ROAD,E01021647,Colchester 007B,Formal action is not in the public interest
1b7db196cb7c5a9155d04390089eb0a64a7cbfb3b43a9338a75b6a8ad9ac6abb,2015-08,Essex Police,Essex Police,0.899875,51.890226,On or near Nightclub,E01021649,Colchester 007D,Unable to prosecute suspect
620d7a5c2114ee6f614e299698b3e860c0b5da23832fd30a1a4a943913c3d2ce,2015-08,Essex Police,Essex Police,0.668122,51.596045,On or near BRIAR CLOSE,E01021933,Rochford 003A,Formal action is not in the public interest
27e1e9489908bd769e8dfaf82d2563b33b688c4dc67bb925f4f18cfc5a6a69ca,2015-08,Essex Police,Essex Police,0.468812,51.770521,On or near CHURCH AVENUE,E01021541,Chelmsford 001D,Investigation complete; no suspect identified
3a4e8887b584e4bd399b3ff5c8f5051845b4158ffe2c78b74a2bb4a2da225b96,2015-08,Essex Police,Essex Police,0.579439,51.717351,On or near Supermarket,E01021570,Chelmsford 016D,Investigation complete; no suspect identified
b33cd19bddc89ec5fb093dfb9b93fd45047c0933b7dc2155d89f6cbbcb8fc0da,2015-08,Essex Police,Essex Police,0.360627,51.466163,On or near Parking Area,E01016006,Thurrock 018D,Investigation complete; no suspect identified
d6748d578fcb641fbba8aefd45375a23669bb4f6a5763e1bdfb9688a763be3a7,2015-08,Essex Police,Essex Police,0.891763,51.887710,On or near CROUCH STREET,E01021649,Colchester 007D,Investigation complete; no suspect identified
83dfe8c1c2fd60db8a3eb71b769599d747eeeb056da68088ceade04e1dd5c3b2,2015-08,Essex Police,Essex Police,0.086303,51.771334,On or near Hospital,E01021843,Harlow 004E,Formal action is not in the public interest
31ed52f3baa87ae75d14e7feaaa74f59d37be92740997b3db38420d0b99a61c1,2015-08,Essex Police,Essex Police,0.604865,51.518647,On or near TARANTO ROAD,E01021490,Castle Point 012B,Suspect charged
e570dea5604b005abdde5879c6c46114522edcd471b120b6e15beda33a8caa72,2015-08,Essex Police,Essex Police,0.324019,51.478460,On or near Theatre/Concert Hall,E01015956,Thurrock 016B,Investigation complete; no suspect identified
e4fcef12fcfd43b932b633b21412c8c3ed342d6274fd114734f285b197e02bfe,2015-08,Essex Police,Essex Police,0.323113,51.612978,On or near OAKTREE CLOSE,E01021437,Brentwood 008B,Investigation complete; no suspect identified
4c4ce3c8b3c6a7c9cb3db11a25b9a04ae5c27bb6b78312182e78c167b5f6c7a4,2015-08,Essex Police,Essex Police,0.305190,51.622145,On or near Nightclub,E01021433,Brentwood 007A,Investigation complete; no suspect identified
4bde02b667fc34bdd3dec75c233cc92d5e39e21ef791ec86fe65985b3413eceb,2015-08,Essex Police,Essex Police,0.640820,51.808078,On or near Petrol Station,E01021416,Braintree 017B,Investigation complete; no suspect identified
e71e5a89a3e91a84e038723471d82e4b2a7dddd956ce9d2c080981f54c2a30f0,2015-08,Essex Police,Essex Police,0.786680,51.536187,On or near ANSON CHASE,E01015882,Southend-on-Sea 013G,Investigation complete; no suspect identified
8d65262c5b63571621549f59b1b8031c4a2aec6009ab85612234075faf8a158c,2015-08,Essex Police,Essex Police,0.851585,51.889689,On or near LONDON ROAD,E01021675,Colchester 009C,Investigation complete; no suspect identified
b535c0fb23fe069f781ab36a22812190f0a893aa297784ffd46f3cb907a31062,2015-08,Essex Police,Essex Police,0.717984,51.542359,On or near Supermarket,E01015895,Southend-on-Sea 010A,Investigation complete; no suspect identified
56b66d6f694506b4a547b990c4ce5ffda0a78a85058bff47e63b68c20b92c59d,2015-08,Essex Police,Essex Police,0.573768,51.881393,On or near WHEATLEY AVENUE,E01021369,Braintree 012D,Suspect charged
da305283e3af0d3d8d541d4a44df4b63829f4c311410688b4c7843a8b07fa666,2015-08,Essex Police,Essex Police,0.749264,51.810169,On or near CAXTON CLOSE,E01021723,Colchester 020A,Unable to prosecute suspect
f39e1d5d06ae71bc53d0679df7b192ecf264289e9fb05e33d12ed3d6d4981248,2015-08,Essex Police,Essex Police,0.141390,51.764741,On or near PILKINGTONS,E01021826,Harlow 005C,Investigation complete; no suspect identified
a7be62c4b5b541c11a64c7f7af44d2cb78166e82321624597eef66b919c95152,2015-08,Essex Police,Essex Police,0.419664,51.480383,On or near GLOUCESTER AVENUE,E01015948,Thurrock 013B,Investigation complete; no suspect identified
daae16c93e4cfcc830a91290f92de064df904876f8356249698f02412ae18b93,2015-08,Essex Police,Essex Police,0.463491,51.677564,On or near Petrol Station,E01033143,Chelmsford 018E,Investigation complete; no suspect identified
11b97fd8071cb1ea20e0bce40000a25a9659e705c01bdceb1f32fb193e076eb5,2015-08,Essex Police,Essex Police,0.697430,51.538436,On or near HERMITAGE ROAD,E01015856,Southend-on-Sea 015F,Formal action is not in the public interest
9d3c7c0951c8c9af9104007a5525d369cd7357a952f1fe21d895176b3bc8da1c,2015-08,Essex Police,Essex Police,0.701155,51.546310,On or near AVEBURY ROAD,E01015900,Southend-on-Sea 010F,Investigation complete; no suspect identified
0897a4cc6b37377ede51c4ac2c8920accb2282726e4b132793bddd2b968cdf42,2015-08,Essex Police,Essex Police,0.448800,51.566599,On or near WETHERLAND,E01021298,Basildon 017D,Investigation complete; no suspect identified
35d908b3ad06ae65884d1a2c8f361f010a216a7119e4406e9263e5282f37a4f8,2015-08,Essex Police,Essex Police,0.297242,51.638983,On or near MARCONI GARDENS,E01021462,Brentwood 006B,Investigation complete; no suspect identified
35511126a3fe44ff468b287e8fc13fe94c9c247db8e4199361256570df39ccbb,2015-08,Essex Police,Essex Police,0.300502,51.669683,On or near WIDBROOK,E01021441,Brentwood 001A,Suspect charged
57c0872e446dc0a3a43c12baa7bfc754a6a0b2606983be35ae9271364d0fec52,2015-08,Essex Police,Essex Police,0.319222,51.481001,On or near Petrol Station,E01015956,Thurrock 016B,Local resolution
69a93c3c8fd1f542a5acb3382ba395d1da683386761326df0607555db00a5d71,2015-08,Essex Police,Essex Police,0.546429,51.569071,On or near BARTLEY ROAD,E01021516,Castle Point 003D,Investigation complete; no suspect identified
7ef8c30e89686e3350853ad66659f3d807c95fcefb2ad52f14b7625a26418503,2015-08,Essex Police,Essex Police,0.695174,51.541519,On or near Parking Area,E01015855,Southend-on-Sea 015E,Investigation complete; no suspect identified
56b6c825fbbe2f3b03e867abac9a7c3b529a1f2843d5d930008eb424461d19bb,2015-08,Essex Police,Essex Police,0.450882,51.527759,On or near CASWELL CLOSE,E01015987,Thurrock 002C,Investigation complete; no suspect identified
94b70609b1ba906684de1dd867d17dc40eda50a03262e991d8a78fc29fb14f32,2015-08,Essex Police,Essex Police,0.566340,51.520558,On or near GREEN AVENUE,E01021486,Castle Point 010B,Investigation complete; no suspect identified
d90ecfda6825b15fba56dd752818303fc007a6b192539a0ecfb6f235bc21ca1c,2015-08,Essex Police,Essex Police,1.284066,51.942013,On or near CANNING STREET,E01021998,Tendring 001B,Investigation complete; no suspect identified
9ace17779e19e7f9d6d6b053279d4d7037bdd6a39c19f92eba3e01e9c146eeb8,2015-08,Essex Police,Essex Police,0.296350,51.523989,On or near PEARTREE CLOSE,E01015971,Thurrock 006B,Investigation complete; no suspect identified
c42ef2bdcae96d17689afcdd8786064cd555381cc8a7bc3fa3560ecd3c97ee13,2015-08,Essex Police,Essex Police,0.487141,51.581396,On or near QUENDON ROAD,E01021267,Basildon 012B,Investigation complete; no suspect identified
78c0ec10e3f88153d163bea40ae982d7ed51319cbd78c8433301be6fe50b7f0d,2015-08,Essex Police,Essex Police,0.716176,51.536213,On or near YORK ROAD,E01015852,Southend-on-Sea 015B,Unable to prosecute suspect
3dbddf9d290f65bbac7c38148fe7de4ff2a4acf87b477108aba412af0592e3e1,2015-08,Essex Police,Essex Police,0.695119,51.541061,On or near Supermarket,E01015855,Southend-on-Sea 015E,Investigation complete; no suspect identified
64336db13341a56c3cb7381db055643d13f094cb6b5804faeed3ae5b2d229174,2015-08,Essex Police,Essex Police,0.426127,51.574948,On or near HERMITAGE DRIVE,E01021290,Basildon 016D,Investigation complete; no suspect identified
a0bf28188af8d9060c9922da13a540cf1501af3442b789fc62502d65ff1cd8ab,2015-08,Essex Police,Essex Police,0.298576,51.478863,On or near MILL LANE,E01016011,Thurrock 015B,Investigation complete; no suspect identified
222167ca7d2f07a68968b27e130b25c74790fa8d897e7d53dd0606c35c56be0c,2015-08,Essex Police,Essex Police,0.294403,51.625693,On or near BROWNE CLOSE,E01021434,Brentwood 004C,Formal action is not in the public interest
ec134d996553d30e335c0df874307f1d4e4d602e351db532121111a177db878d,2015-08,Essex Police,Essex Police,0.713046,51.738101,On or near SALTCOTE MALTINGS,E01021885,Maldon 003B,Investigation complete; no suspect identified
7aad6f0f02bf2fb0fab20f3799b668c0e49ccaa60e4661aec24ba314bbadccdc,2015-08,Essex Police,Essex Police,0.908485,51.866001,On or near MERSEA ROAD,E01021640,Colchester 018D,Unable to prosecute suspect
f6de1390c5efb14ea6b5d02ddd9e1d7db5af561d878bd78b852c62e1879f67db,2015-08,Essex Police,Essex Police,0.787288,51.706387,On or near Park/Open Space,E01021901,Maldon 006A,Unable to prosecute suspect
6560bb7f9fb0849459cebbdf73169a8ad0d950da74726a24850c677f4b7c49a5,2015-08,Essex Police,Essex Police,0.473003,51.735558,On or near CHURCH STREET,E01033141,Chelmsford 010G,Suspect charged
7be354bf6e3304e4626af9002345a909060f6cecf35eb8a004b973a53d66b42e,2015-08,Essex Police,Essex Police,0.416509,51.623512,On or near Supermarket,E01021244,Basildon 004A,Investigation complete; no suspect identified
536b03f0da530c4f95abd60b34746df4121ea3a0b9ee13e1448d985a9370d639,2015-08,Essex Police,Essex Police,0.583813,51.528727,On or near THE WITTERINGS,E01021506,Castle Point 008E,Investigation complete; no suspect identified
9d3f1386262a192b07301153b18f50d5559fb5a28abdb4ac6cf48b056a32f776,2015-08,Essex Police,Essex Police,0.557601,51.555482,On or near MELCOMBE ROAD,E01021522,Castle Point 007C,Investigation complete; no suspect identified
f0dfa4ba7e5d4eb5f6f0b57b301ac361887d1cf4f2338b651c1ff9db6b42bf29,2015-08,Essex Police,Essex Police,0.684702,51.545167,On or near LONDON ROAD,E01015832,Southend-on-Sea 012F,Suspect charged as part of another case
410f7c2c18bc0a77ecde5770512ee0e1c7fbd713524cc3cfa08e2ab8a670e7ca,2015-08,Essex Police,Essex Police,0.648045,51.544067,On or near GRANGE ROAD,E01015909,Southend-on-Sea 008B,Investigation complete; no suspect identified
033cdb56bf927f3844904e4dec525e703db8816ad94cdd53a984ae8e17db8a85,2015-08,Essex Police,Essex Police,0.082125,51.646763,On or near Petrol Station,E01021776,Epping Forest 011C,Investigation complete; no suspect identified
04e74d6166bbfbf9675e76890b7417b48bcb30a1e6189f969ead19a0e5e0df01,2015-08,Essex Police,Essex Police,0.467055,51.714361,On or near FIR TREE RISE,E01021584,Chelmsford 012E,Formal action is not in the public interest
bec3f0dd6039825c76a7e5dc35e9ef0e7ea1712774836d2a9f4e8202da03df63,2015-08,Essex Police,Essex Police,1.148149,51.793234,On or near OLD ROAD,E01022026,Tendring 016C,Local resolution
e3a1a5f8e9af54d0a1104f4a6e3881dbf955d4e3bdb6348e08d7757c4ca95772,2015-08,Essex Police,Essex Police,1.233028,51.926023,On or near ALDON CLOSE,E01022002,Tendring 004C,Suspect charged
3c8716a63c8693602e622210970794102aa89fb3702a42323f2530dd234fac3d,2015-08,Essex Police,Essex Police,0.586026,51.559616,On or near HERMITAGE CLOSE,E01021481,Castle Point 004B,Local resolution
3c7c2c6d833af7ba331eae1df480e852a068c63e975aa4acd189df6915329e74,2015-08,Essex Police,Essex Police,0.024939,51.684318,On or near PEREGRIN ROAD,E01021810,Epping Forest 008D,Formal action is not in the public interest
fde9412de37ff4c694a59ba499ea2aa54284974759047c4723dcde54b5e2a9e0,2015-08,Essex Police,Essex Police,0.292644,51.485787,On or near STAFFORD CLOSE,E01015982,Thurrock 019A,Formal action is not in the public interest
6aafb2e4308ad7bc3c66936d5d432fafa7fbcb2db18d726107d87417dc866fc3,2015-08,Essex Police,Essex Police,0.606697,51.587524,On or near BELLINGHAM LANE,E01021964,Rochford 008E,Investigation complete; no suspect identified
f1f695715f9fa42ca0593b450101c028a41ed4354573a17f4dc7e05aba369bd8,2015-08,Essex Police,Essex Police,0.674783,51.565891,On or near Sports/Recreation Area,E01015864,Southend-on-Sea 002B,Investigation complete; no suspect identified
5500e33500b7271660b5f70df7c3d61a49eac8a21b3d9a49e6959f8f3aa1291f,2015-08,Essex Police,Essex Police,0.642065,51.798859,On or near THE RETREAT,E01021416,Braintree 017B,Investigation complete; no suspect identified
e1226e7ab1dcb2ec55f5bb5e5d00aa40fd0923ed7bfc27f119971d097a22c16d,2015-08,Essex Police,Essex Police,0.369246,51.482447,On or near Parking Area,E01015934,Thurrock 012B,Investigation complete; no suspect identified
5c8d2cafe421e91da07b838c5d8d1514a7d89336f76bb802f800b5d1e1620850,2015-08,Essex Police,Essex Police,0.353662,51.482734,On or near Further/Higher Educational Building,E01015967,Thurrock 014B,Investigation complete; no suspect identified
773723638d9f357f9f425491c43494406567472bc1ed6d26f2ec758f00ea4517,2015-08,Essex Police,Essex Police,0.455711,51.732648,On or near Petrol Station,E01033138,Chelmsford 009F,Investigation complete; no suspect identified
83b46fcc9ceb30f973d8650cf2b08a35231dfd03730b241e5770ba834f1f79f6,2015-08,Essex Police,Essex Police,0.617481,51.643493,On or near Queen Elizabeth Way,E01021613,Chelmsford 019C,Investigation complete; no suspect identified
026f469aad268deaa7a919c3a81c263e800170c262f59e45ee5c2d0149ff6c60,2015-08,Essex Police,Essex Police,0.674887,51.547271,On or near SILVERSEA DRIVE,E01015823,Southend-on-Sea 005D,Investigation complete; no suspect identified
bfab7839d36b2a7101e82935875f9fb7d767cf5dc0b6b821945f804250257aa7,2015-08,Essex Police,Essex Police,0.688353,51.543969,On or near CROWSTONE CLOSE,E01015831,Southend-on-Sea 012E,Unable to prosecute suspect
f303757667e080b87cc456c2e9c6cbf82950c4c2f362351dd61d77621aedd032,2015-08,Essex Police,Essex Police,0.807658,51.694048,On or near BRADWELL ROAD,E01021901,Maldon 006A,Investigation complete; no suspect identified
50720f7152bbd362afe3135a77183dccb41c0b93a0181e90e1c9918ae4bd0408,2015-08,Essex Police,Essex Police,0.426897,51.512978,On or near RECTORY ROAD,E01015992,Thurrock 005C,Investigation complete; no suspect identified
a7abc8a313234ac8f5152b442c6d566573e7cb86dc57aef178b957259aa8e81d,2015-08,Essex Police,Essex Police,0.931829,51.878938,On or near BALLANTYNE DRIVE,E01033719,Colchester 008G,Investigation complete; no suspect identified
4d02a09417b20d460818007952ccab05246cfa8f4d1da0e7ce682302f3c50b4f,2015-08,Essex Police,Essex Police,0.538347,51.583051,On or near NORTH BENFLEET HALL ROAD,E01021312,Basildon 011F,Formal action is not in the public interest
22c5821f791cab76c5cd03ace5b4b18637cb998306b2a9667eba8fa846afce73,2015-08,Essex Police,Essex Police,0.455364,51.569789,On or near Shopping Area,E01021318,Basildon 015C,Local resolution
ad6c9cc15632e90b8f2e16b6d38f2a8c90a4b31d0599b4424e400d9b9a85fc56,2015-08,Essex Police,Essex Police,0.720655,51.802498,On or near PRIORY ROAD,E01021725,Colchester 020C,Investigation complete; no suspect identified
fe24a85ae6f8942e063414622eec7ef7ff9b5e65a20f0fbf421556c09b7fb463,2015-08,Essex Police,Essex Police,0.885570,51.868634,On or near BEECHWOOD CLOSE,E01033723,Colchester 015G,Investigation complete; no suspect identified
35c7dff7aabe223907ccbe8d99293cc594cd257ff152925f46cdbaf6e306aebe,2015-08,Essex Police,Essex Police,0.152202,51.712638,On or near ROUGHTALLYS,E01021799,Epping Forest 001E,Formal action is not in the public interest
0267a2a5b0fbc44f1ba5955aafdd7f07a833bce950d9567a0efc5bd33c0dd50d,2015-08,Essex Police,Essex Police,0.481140,51.570614,On or near BEATTY LANE,E01021322,Basildon 019A,Investigation complete; no suspect identified
cf806006e0e22e7c87121e87e8e4258526d17c311a337f2339ab50901006f6ac,2015-08,Essex Police,Essex Police,0.715963,51.544987,On or near GREYHOUND WAY,E01015898,Southend-on-Sea 010D,Investigation complete; no suspect identified
6d455da53f76a5f8ac6b5a73e9070be0faaefeecf0c80b1a6c46a076fdd6f031,2015-08,Essex Police,Essex Police,0.760013,51.529731,On or near BURGES ROAD,E01015893,Southend-on-Sea 016E,Investigation complete; no suspect identified
4ee52809091937abac87004587944f5c312b0613e18d7d77b4f38dc5c377ea23,2015-08,Essex Police,Essex Police,1.151428,51.819229,On or near Supermarket,E01022039,Tendring 010B,Local resolution
fe41cbd021d51729091a618a00109ca849354ba350bac044280e10ef74af408d,2015-08,Essex Police,Essex Police,0.653197,51.601114,On or near MAIN ROAD,E01021937,Rochford 003E,Unable to prosecute suspect
9b7334c8ec433e6144a01118c71ac9ad294ba6a69bc2a536755131346f7788dc,2015-08,Essex Police,Essex Police,0.078720,51.643100,On or near OAKWOOD HILL INDUSTRIAL ESTATE,E01021771,Epping Forest 013A,Investigation complete; no suspect identified
aa3bd8858d255140734968b95d1d429925c59c03b4b004c07872632a4ee3831d,2015-08,Essex Police,Essex Police,0.096141,51.747797,On or near PARINGDON ROAD,E01021859,Harlow 010C,Investigation complete; no suspect identified
c3ef6711c575664c3b2cfc1ca7192be2c3e5c5dedc22b5c4005af966bc6ae252,2015-08,Essex Police,Essex Police,0.902854,51.945418,On or near ELLIS ROAD,E01021659,Colchester 001C,Suspect charged
fa1d3d6b7ed588f4e40025cb95b1008eea57db7ce6acf7f795e3338cfd9e7b80,2015-08,Essex Police,Essex Police,0.907575,51.864054,On or near STANSTED ROAD,E01021638,Colchester 018B,Investigation complete; no suspect identified
898fb3d4d5fa0121485746f7cbc99278d516bb6f549cfb83d3021e2620893da1,2015-08,Essex Police,Essex Police,0.361679,51.461709,On or near CALCUTTA ROAD,E01016009,Thurrock 018G,Investigation complete; no suspect identified
ff4cc16d693cd6974ffe515de300a73b48a4216eaaa0e4548cddc7280521498e,2015-08,Essex Police,Essex Police,-0.004840,51.687786,On or near ROMELAND,E01021818,Epping Forest 009C,Formal action is not in the public interest
25f1ce8eb06679cc1e2be290b9e2f94c2dc59d0f3a5098dad8475336687ba23f,2015-08,Essex Police,Essex Police,0.893012,51.922080,On or near BOXTED ROAD,E01021680,Colchester 004B,Formal action is not in the public interest
70d3c639b0a85e61919f3601f781f1bc01b1d42092895719cf33fa931657a5e0,2015-08,Essex Police,Essex Police,0.550961,51.568829,On or near ELGAR CLOSE,E01021525,Castle Point 001D,Investigation complete; no suspect identified
a344424ef116c88368ab86d4654f52818cbd06fb719bede8cdfdd4a4ad0f61dc,2015-08,Essex Police,Essex Police,1.156341,51.788832,On or near BEACH ROAD,E01022025,Tendring 016B,Investigation complete; no suspect identified
eaaf68f9c638250f92f690ad3628d0f94af9865061001386759f18417a3bd359,2015-08,Essex Police,Essex Police,0.704937,51.584760,On or near POLLARDS CLOSE,E01021955,Rochford 004D,Investigation complete; no suspect identified
70f5adb9e3bee17e13e543ab949d0bdcebe5e57837ef158dd6327737f6f3e7a6,2015-08,Essex Police,Essex Police,0.905583,51.879797,On or near Supermarket,E01021684,Colchester 011B,Investigation complete; no suspect identified
cffa092bc336ce92eb3da0c7adc8ef48f73c8c99b81480d8cfc6ff076959bc9c,2015-08,Essex Police,Essex Police,1.144810,51.795275,On or near DUDLEY ROAD,E01021968,Tendring 017A,Investigation complete; no suspect identified
2f4dcbfdfc8aa5fb37e681659efebeccc4bbff81d042b764b0c7345bd55e696a,2015-08,Essex Police,Essex Police,1.093192,51.896326,On or near B1035,E01022019,Tendring 003E,Local resolution
10ba872f44b1359238af572412b8a8b1b86e4445f9d9706eb6ad8e79de11e31a,2015-08,Essex Police,Essex Police,0.852003,51.877007,On or near TWINING ROAD,E01021690,Colchester 014B,Unable to prosecute suspect
0db1dd7412af08a2861a2e41ed154c4b7ac6e35c597049bcb6fd433d1ff20f49,2015-08,Essex Police,Essex Police,0.516750,51.604695,On or near KERSHAWS CLOSE,E01021342,Basildon 008B,Suspect charged
25e7857a9202442c8635d1d29454e80e6a00e260ba323c0319358af41cfc9fb5,2015-08,Essex Police,Essex Police,0.261741,51.889938,On or near Airport/Airfield,E01022090,Uttlesford 006B,Offender given penalty notice
0e835759a72073bd78f7ac5fda01f59d33d9c5d9f3ae6940a0b9557c99b085f1,2015-08,Essex Police,Essex Police,0.935973,51.887442,On or near AFFLECK ROAD,E01021699,Colchester 008D,Suspect charged
474d3c0d7d2b60fff0fdb48e52b9261c098d30163ab99526070902ef1595e5dc,2015-08,Essex Police,Essex Police,0.017217,51.687310,On or near NEWHALL COURT,E01021807,Epping Forest 008A,Formal action is not in the public interest
b1f288d457aa223e31dc94bf48fd2dea43c9178830b074adbe3521cc95427745,2015-08,Essex Police,Essex Police,0.477843,51.581637,On or near SPENDERS CLOSE,E01021267,Basildon 012B,Investigation complete; no suspect identified
66632db5683897a30eb44194f2b11232e06438ddf862a7d409acc7485afe7ffe,2015-08,Essex Police,Essex Police,0.715980,51.543107,On or near ST ANN'S ROAD,E01015895,Southend-on-Sea 010A,Formal action is not in the public interest
0105f5bb2679944d1ad661a04c748cf04b8efceea822bd36a68ace09d0da0366,2015-08,Essex Police,Essex Police,1.147091,51.794693,On or near KEY ROAD,E01021968,Tendring 017A,Unable to prosecute suspect
11764561a717b29c10d9667f652f35b0e2c31a3c9a258e50c39441361143fce6,2015-08,Essex Police,Essex Police,0.607303,51.555754,On or near NEW ROAD,E01021530,Castle Point 005C,Investigation complete; no suspect identified
af8f106a87b444e7b1bd994f43b31262b203c6a140d2ca33f56739cd725fdab0,2015-08,Essex Police,Essex Police,0.323992,51.477085,On or near Shopping Area,E01015954,Thurrock 017D,Formal action is not in the public interest
5c4781256ed46b9fdd2233357b779486c683a74ac8c5b0fac510575744716991,2015-08,Essex Police,Essex Police,0.256976,52.022695,On or near HORN BOOK,E01022081,Uttlesford 002F,Local resolution
7721c7d41c56be494e73adc159bd6ec10c1a6559678d33fc9e4db86d15cef0b9,2015-08,Essex Police,Essex Police,0.550842,51.878655,On or near Shopping Area,E01021365,Braintree 009D,Investigation complete; no suspect identified
383520b219e6ffea588b4e8e75cb5915198347810f226462e105a81b55aaad68,2015-08,Essex Police,Essex Police,0.085834,51.767754,On or near HARE STREET SPRINGS,E01021842,Harlow 004D,Suspect charged
6d344458092e5648e18bc5de9ccb7e17c8835064331641eef13d6a30c41a8b94,2015-08,Essex Police,Essex Police,0.486976,51.582083,On or near Parking Area,E01021267,Basildon 012B,Investigation complete; no suspect identified
50e4f7eda8e37a9b47f0ba3156ee459b00031eb8c7138def8b86dd1580b3a2bb,2015-08,Essex Police,Essex Police,0.084387,51.655113,On or near HANSON GREEN,E01021777,Epping Forest 011D,Investigation complete; no suspect identified
c3e6abd7b417b99efe678102900d696ac1dce390c3bf3e37352a0e58783b4d84,2015-08,Essex Police,Essex Police,0.605084,51.582047,On or near MOAT RISE,E01021966,Rochford 008F,Local resolution
3c6c9036685b963fc89dcc8b110092877d64d5d75175d8e125ab7021fbeb2d82,2015-08,Essex Police,Essex Police,0.322355,51.479168,On or near Grays Police Station,E01015956,Thurrock 016B,Suspect charged
307b4ece786011c0269f829de89db9286cd38513593f75eafc672bee33274ab4,2015-08,Essex Police,Essex Police,0.902033,51.861906,On or near RICHARD DAY WALK,E01021639,Colchester 018C,Investigation complete; no suspect identified
67858351d39ce96bbaa76dd48b6c1721f6bca304b4f9ccd27b774363b8bd92bc,2015-08,Essex Police,Essex Police,0.687405,51.550646,On or near FAIRFAX DRIVE,E01015904,Southend-on-Sea 007D,Investigation complete; no suspect identified
d9ef7449d538c70818b177018154ef395d30aa7155ab22ed6041042456c310a0,2015-08,Essex Police,Essex Police,0.687372,51.876244,On or near THE GREENWAYS,E01021379,Braintree 014C,Offender given a caution
cf757dbd8010384e77d7b11fce4cb213bcf2fb4db97c1fcb941a773825addeb9,2015-08,Essex Police,Essex Police,0.502267,51.562719,On or near Supermarket,E01021310,Basildon 022B,Investigation complete; no suspect identified
ad5a89bdf9a427c5c99eaaddddf64dd84d1a212fce13ee65afa8e7e1a333da2a,2015-08,Essex Police,Essex Police,0.444530,51.528152,On or near CROFTON AVENUE,E01015988,Thurrock 002D,Formal action is not in the public interest
aaa2aaff9b7e70586255d5d57ed5e3b62c01efec92ce936d8d24d822a2839d2a,2015-08,Essex Police,Essex Police,0.929648,51.885162,On or near Supermarket,E01033722,Colchester 008H,Investigation complete; no suspect identified
c10fdc528e2ccc321c72c6e51a3cd046e61bd4ae4e6eaa9c76bc4140dbf09682,2015-08,Essex Police,Essex Police,1.045095,51.938108,On or near Petrol Station,E01022013,Tendring 003B,Investigation complete; no suspect identified
42a3227024ffb18db51a8a211de27ce69e45e92228f8c48d44bfe930bb67ac5d,2015-08,Essex Police,Essex Police,0.362673,51.466194,On or near CENTRAL AVENUE,E01016007,Thurrock 018E,Formal action is not in the public interest
20eed4068ea8af8ff717465ee20a6c2f7c50ce8ef16358d6c8c2ed9251384ed5,2015-08,Essex Police,Essex Police,0.658225,51.547974,On or near Supermarket,E01015821,Southend-on-Sea 005B,Investigation complete; no suspect identified
36d8db318d8047e3bae70be9dfe0bb53c9018681ceff32e0e8c013c9eb734359,2015-08,Essex Police,Essex Police,1.149490,51.790419,On or near ROSEMARY ROAD WEST,E01022026,Tendring 016C,Offender given a caution
2131e0e650147860ace59503c83bce8a50c9bb3f8b07471563fe980d56254e8e,2015-08,Essex Police,Essex Police,0.691263,51.745222,On or near Supermarket,E01021888,Maldon 003E,Unable to prosecute suspect
53fc2c5b09f8e08b7e7237214e267b24b295c19e0434e45c93ad85a665173a78,2015-08,Essex Police,Essex Police,0.083362,51.610672,On or near ST WINIFRED'S CLOSE,E01021767,Epping Forest 017D,Investigation complete; no suspect identified
d1e73207e34b85a583f8787715ea21dbef388562e6803258cbf9e28c41c1b9fe,2015-08,Essex Police,Essex Police,0.095526,51.751396,On or near LONG BANKS,E01021859,Harlow 010C,Suspect charged
01f140a7d7cfe5b6e48f0b56afe1530932701263f3cc3b4c854df67397e76e48,2015-08,Essex Police,Essex Police,0.689093,51.553827,On or near Hospital,E01015858,Southend-on-Sea 004B,Formal action is not in the public interest
cf2d11b485d8d27d4023108ec51ab10e00c33f5e2021958f37899d7301a33634,2015-08,Essex Police,Essex Police,0.090927,51.768833,On or near Parking Area,E01021872,Harlow 007E,Investigation complete; no suspect identified
22419bcf0a35a3a0e575977efb873ff04779810f36cec9c5c36259b30117651c,2015-08,Essex Police,Essex Police,1.144721,51.792319,On or near UPPER PARK ROAD,E01021968,Tendring 017A,Investigation complete; no suspect identified
3fd797715dae923b85dc539b3e3e90ed8159ebce4aff99d101ea57214678294b,2015-08,Essex Police,Essex Police,0.485923,51.953436,On or near SILVER STREET,E01021413,Braintree 005D,Unable to prosecute suspect
2aaa2275701493863ba2366567e95ba907b30b77873a77f432d55677b21a95c1,2015-08,Essex Police,Essex Police,1.150608,51.788761,On or near JACKSON ROAD,E01022025,Tendring 016B,Investigation complete; no suspect identified
e94dd9c0a83de5726905af64b61b5e501d092b846692b4284f6cb5c26443ae79,2015-08,Essex Police,Essex Police,0.133141,51.775133,On or near LONDON ROAD,E01021857,Harlow 001D,Formal action is not in the public interest
a7757ded0a3a156ad1f8b99e8ae1088a831f25f60c1f3136b9b3cf226c44289a,2015-08,Essex Police,Essex Police,0.243291,52.016905,On or near MOUNT PLEASANT ROAD,E01022075,Uttlesford 001B,Unable to prosecute suspect
c2e96e2babe681f352f71da77bee7cfe10902cffddfe56c5bff53047b6d43d65,2015-08,Essex Police,Essex Police,0.897988,51.883492,On or near Sports/Recreation Area,E01021651,Colchester 013A,Investigation complete; no suspect identified
8fcf141bbd5556e03e58121daa79e351faf2cf25b235cba6c6cdb5f6f5540ec2,2015-08,Essex Police,Essex Police,0.535918,51.878619,On or near Petrol Station,E01021358,Braintree 008C,Investigation complete; no suspect identified
a066b2c26ab50b96f071e6b35fb917c74e86e52ed114af8b0695f123925e4807,2015-08,Essex Police,Essex Police,0.456959,51.570727,On or near Shopping Area,E01021318,Basildon 015C,Suspect charged
a9161582873d45adbe2d982d1a855d4a8a26c75809652a1bf72396363ff987b2,2015-08,Essex Police,Essex Police,0.294127,51.491792,On or near Supermarket,E01015982,Thurrock 019A,Suspect charged
39196118a4f8373c1cab69d1b797f81816d063189a08598c3b741f5b56ebe247,2015-08,Essex Police,Essex Police,0.637934,51.660149,On or near WOODHAM ROAD,E01021902,Maldon 007F,Offender given a drugs possession warning
c1b732fa22e93aa74e5f3a6063b35a250da00cde1642ff8f120b9dbd19da4aec,2015-08,Essex Police,Essex Police,0.592889,51.528077,On or near HELDEN AVENUE,E01021494,Castle Point 008B,Investigation complete; no suspect identified
5f6e4e25cb2168df13edc782322145efa77e00f6683d9a9f05e94bbb1fd86e3c,2015-08,Essex Police,Essex Police,0.467864,51.735073,On or near PARK ROAD,E01033141,Chelmsford 010G,Formal action is not in the public interest
6011a89815651b8787f046847867fbd477577cedb19ce0d4449770a9fd9e4f08,2015-08,Essex Police,Essex Police,0.063427,51.675222,On or near B172,E01021806,Epping Forest 009A,Investigation complete; no suspect identified
28d1f142bdb353def72a22875ec6ba922ba82509d8c3397a7ecef4606dac9eae,2015-08,Essex Police,Essex Police,0.695119,51.541061,On or near Supermarket,E01015855,Southend-on-Sea 015E,Investigation complete; no suspect identified
b5ce694721596afa31012a41a5ba9e0d0e0d8ec0b5a8bec0927676cda4ace5cc,2015-08,Essex Police,Essex Police,0.906722,51.884841,On or near Sports/Recreation Area,E01021686,Colchester 011D,Investigation complete; no suspect identified
621df8e3574d80c08b093f9c9cfd9c67093b1a13ef2755278b579542d6299ac7,2015-08,Essex Police,Essex Police,1.269737,51.934281,On or near BIRCH AVENUE,E01021999,Tendring 001C,Formal action is not in the public interest
702ac5e93b61adb764c4824950b92410c5aa2280e6e904ffa82afa61a1e25930,2015-08,Essex Police,Essex Police,0.940890,51.887292,On or near CYRIL CHILD CLOSE,E01021700,Colchester 008E,Unable to prosecute suspect
7b4c578a447ddb3d490db9f50744f38fd3a65e378354bdeecb7c6124c3a0f84f,2015-08,Essex Police,Essex Police,0.893409,51.882336,On or near CAVALRY ROAD,E01021651,Colchester 013A,Formal action is not in the public interest
4f98e882e4a521545956ce8f79e51e30f13cf0f9bf0056d23951b7e35e5c01a8,2015-08,Essex Police,Essex Police,0.232047,51.482568,On or near HIGH STREET,E01016014,Thurrock 015E,Formal action is not in the public interest
4e82a0e88367fe6f947ae643b2abb3c7605449e45ca132e94e8ef344bcf342ba,2015-08,Essex Police,Essex Police,0.232047,51.482568,On or near HIGH STREET,E01016014,Thurrock 015E,Formal action is not in the public interest
5e92a4ec7828b9f7eec9a8bc1cb71c30f6b926dfeb11e6ec05a89833671081bd,2015-08,Essex Police,Essex Police,0.918776,51.893455,On or near Supermarket,E01021704,Colchester 022F,Formal action is not in the public interest
7ab6ac8da7bd4e901f536fae5fc573ee21af1fdcb335243df257b8afbbe8b733,2015-08,Essex Police,Essex Police,0.407163,51.640188,On or near LORRIMORE CLOSE,E01021245,Basildon 002A,Formal action is not in the public interest
ab915c4ba3ff961597f96a11da4241ba9c43961b69ff0e8edb106eb60e6ec10c,2015-08,Essex Police,Essex Police,0.784784,51.541269,On or near BLACKWATER CLOSE,E01015879,Southend-on-Sea 013D,Formal action is not in the public interest
aa9e6552bdca1568550d67f7764ec7f847dff26f5d293f7933c69700d6662e3b,2015-08,Essex Police,Essex Police,0.324019,51.478460,On or near Theatre/Concert Hall,E01015956,Thurrock 016B,Unable to prosecute suspect
85ae4ec1c0f44d7e726692b4983f7df9a21ae6c05c676a8deecac38c781226c0,2015-08,Essex Police,Essex Police,0.784918,51.540159,On or near DOVECOTE,E01015882,Southend-on-Sea 013G,Local resolution
81bb51d5b5b7a8beddb26728b06ed5676f8845da96bfaf6f794d029d79df71aa,2015-08,Essex Police,Essex Police,0.605084,51.582047,On or near MOAT RISE,E01021966,Rochford 008F,Unable to prosecute suspect
6def6d694782fa5daee3d16747f001f70f53bf71457d5af27fc3833b384bf683,2015-08,Essex Police,Essex Police,0.344899,51.645253,On or near Petrol Station,E01021467,Brentwood 005F,Local resolution
af0449b56b373c664b79ad688513e60611139c3240bc141d66464b25daccc339,2015-08,Essex Police,Essex Police,1.152845,51.797551,On or near WELLESLEY ROAD,E01022043,Tendring 014B,Unable to prosecute suspect
1ce5ff4a3a80820660a99bcb8976604096b2271a25cff8c14e082529c7d7ba73,2015-08,Essex Police,Essex Police,0.936229,51.883568,On or near BRITTEN CLOSE,E01021700,Colchester 008E,Unable to prosecute suspect
78e66de5429ba21c96f44fbde3b46a91f3d3226e565fc6e84a8784675b652bbc,2015-08,Essex Police,Essex Police,0.294403,51.625693,On or near BROWNE CLOSE,E01021434,Brentwood 004C,Formal action is not in the public interest
4da05d990a77611fca2b729138d0b5b87ac6a48d8401001b7916b6e80845b47b,2015-08,Essex Police,Essex Police,0.846294,51.877721,On or near PEARTREE ROAD,E01021721,Colchester 012D,Suspect charged
eae44e1d89c6ec1f2956568fe3dbc1b8167ed615bb64e336cc70de795e99650c,2015-08,Essex Police,Essex Police,0.502267,51.562719,On or near Supermarket,E01021310,Basildon 022B,Formal action is not in the public interest
0db1dd7412af08a2861a2e41ed154c4b7ac6e35c597049bcb6fd433d1ff20f49,2015-08,Essex Police,Essex Police,0.516750,51.604695,On or near KERSHAWS CLOSE,E01021342,Basildon 008B,Formal action is not in the public interest
0db1dd7412af08a2861a2e41ed154c4b7ac6e35c597049bcb6fd433d1ff20f49,2015-08,Essex Police,Essex Police,0.516750,51.604695,On or near KERSHAWS CLOSE,E01021342,Basildon 008B,Formal action is not in the public interest
0db1dd7412af08a2861a2e41ed154c4b7ac6e35c597049bcb6fd433d1ff20f49,2015-08,Essex Police,Essex Police,0.516750,51.604695,On or near KERSHAWS CLOSE,E01021342,Basildon 008B,Suspect charged
6eddd5b6cf5712b481ec6c71d329da6c99aa026de7d3be82ba21872cc410bcd4,2015-08,Essex Police,Essex Police,0.926788,51.867543,On or near CHEVELING ROAD,E01021667,Colchester 016F,Formal action is not in the public interest
2612c0820061720a155e77dd8f9eddad9e7c4735bab646784c985585eea37ca8,2015-08,Essex Police,Essex Police,0.715322,51.555785,On or near BENTALLS CLOSE,E01015874,Southend-on-Sea 006F,Formal action is not in the public interest
b2a10449890efec1788ac8b20e23bf76d71324a2134fbbd05bc73128b65b7275,2015-08,Essex Police,Essex Police,0.929648,51.885162,On or near Supermarket,E01033722,Colchester 008H,Formal action is not in the public interest
b2a10449890efec1788ac8b20e23bf76d71324a2134fbbd05bc73128b65b7275,2015-08,Essex Police,Essex Police,0.929648,51.885162,On or near Supermarket,E01033722,Colchester 008H,Offender given a caution
b2a10449890efec1788ac8b20e23bf76d71324a2134fbbd05bc73128b65b7275,2015-08,Essex Police,Essex Police,0.929648,51.885162,On or near Supermarket,E01033722,Colchester 008H,Offender given a caution
af6e7f087595141f8fdf66129d5c7859552f2cb27937b800142e1d9b7d5fc43a,2015-08,Essex Police,Essex Police,1.148481,51.805277,On or near LONDON ROAD,E01022044,Tendring 013E,Local resolution
c400f8b26e1f388334cdecc93cc61007398a6a5a18077480b69e50a6f59a762f,2015-08,Essex Police,Essex Police,0.417873,51.629320,On or near Petrol Station,E01021247,Basildon 003E,Formal action is not in the public interest
73268cdb7ec311a50f2556fd11c1851131ce6c96d5c53af6f7419a03ac90fdeb,2015-08,Essex Police,Essex Police,0.428525,51.521362,On or near ARNE CLOSE,E01016000,Thurrock 005D,Offender given a caution
dec8e07713db3236a2f93871beff7c2347ec47e0195c0c7ab15aa09b0830e99b,2015-08,Essex Police,Essex Police,0.490988,51.566232,On or near FEERING ROW,E01021328,Basildon 022E,Formal action is not in the public interest
3c208cf0d9b81cc37129360bc4ad48c87b726c499821d7de520c326ff7af038f,2015-08,Essex Police,Essex Police,1.279495,51.938201,On or near NELSON ROAD,E01022001,Tendring 001D,Formal action is not in the public interest
7564219b2977d3b14350d115ade6fb01c39e22d55642456c21331f0f90565d66,2015-08,Essex Police,Essex Police,0.465356,51.583483,On or near CARNIVAL CLOSE,E01021268,Basildon 015B,Suspect charged
12c76f5897df6f5c456452b0f868a40523c5aed838ec031620fe3ff50fc6def8,2015-08,Essex Police,Essex Police,0.285033,51.510738,On or near BOVEY WAY,E01015976,Thurrock 007F,Formal action is not in the public interest
14d7ab7a0c855d1cde6d6041d055ba55b3a3320af54fdc2658ab850ed24b5cc8,2015-08,Essex Police,Essex Police,0.293498,51.636960,On or near IRIS CLOSE,E01021461,Brentwood 004D,Formal action is not in the public interest
084e89d7674113e1c59621fc7a5cfa88ffcfff44a0425a0fde7d420cf8876009,2015-08,Essex Police,Essex Police,0.293498,51.636960,On or near IRIS CLOSE,E01021461,Brentwood 004D,Formal action is not in the public interest
48fa9e17f7fd8105ced9ad10cf2801f346fd306d845fe9e9b62ddf9c76efbbcd,2015-08,Essex Police,Essex Police,0.472891,51.740669,On or near B1008,E01021574,Chelmsford 010A,Unable to prosecute suspect
bd7a49f9f79cfddbc6fd8611d43787ad9628efa0e578cb448c2a372218bdc5b5,2015-08,Essex Police,Essex Police,0.559645,51.877583,On or near CAMULUS CLOSE,E01033458,Braintree 009E,Suspect charged
78f6b8b0c74d075952722192bf3860934d4866a03f7ec3ad41c59aa80d4d21d7,2015-08,Essex Police,Essex Police,1.117827,51.854456,On or near SECOND AVENUE,E01022018,Tendring 007E,Unable to prosecute suspect
2cf458a3e4b92e5746acb908ce0a255c3c6b536e07fb19071c38cdc137b8c56a,2015-08,Essex Police,Essex Police,0.459341,51.574742,On or near Supermarket,E01021318,Basildon 015C,Local resolution
18eecd0837310eab1cc561ffadb15cd9c58d9bc8ce4f57a1accb968b19325e29,2015-08,Essex Police,Essex Police,0.486976,51.582083,On or near Parking Area,E01021267,Basildon 012B,Suspect charged
06c57ba03a609e8f3e190804423f646fd52424a45e7230dc3219f6b0a8ce4e47,2015-08,Essex Police,Essex Police,0.696275,51.536232,On or near MILTON AVENUE,E01015853,Southend-on-Sea 015C,Suspect charged
11732f2ac6c62ae9f453aaf02a6b672c16693c0c339b6164f69360011d470c8e,2015-08,Essex Police,Essex Police,0.617481,51.643493,On or near Queen Elizabeth Way,E01021613,Chelmsford 019C,Offender given a caution
79732df03fb5d40af88632c00033e1d7734617966486a2af06f46b7913c3bc34,2015-08,Essex Police,Essex Police,0.775447,51.536444,On or near STAPLEGROVE,E01015915,Southend-on-Sea 017B,Formal action is not in the public interest
dd8ba35266629d82ae83a75d7e5ec58b1fb3e94b32420ab5cb588425098e5517,2015-08,Essex Police,Essex Police,0.741143,51.530758,On or near Parking Area,E01015891,Southend-on-Sea 016C,Unable to prosecute suspect
9aeda990dc79cf01e8ca7111b09e03aff51ad459429f96983b7f952f7f3e3ef7,2015-08,Essex Police,Essex Police,0.465356,51.583483,On or near CARNIVAL CLOSE,E01021268,Basildon 015B,Suspect charged
088b42657922a844fce818412adb42397cbd9e4e0bf970ad0b7baffb786647ae,2015-08,Essex Police,Essex Police,0.781177,51.531560,On or near CHELMER WAY,E01015917,Southend-on-Sea 017D,Unable to prosecute suspect
f1750abec32c6b93db6e6e44989a9a96732c09bf75b252e97192b2f6e87ddc7e,2015-08,Essex Police,Essex Police,0.328361,51.474075,On or near EXMOUTH ROAD,E01015954,Thurrock 017D,Formal action is not in the public interest
fb4525d50052d8347e0faad04d6f82e0521ba7b695b166332fac3e4ceb517787,2015-08,Essex Police,Essex Police,0.801070,51.539909,On or near PICASSO WAY,E01015881,Southend-on-Sea 013F,Local resolution
6f2787674a0572049d140632159c8fa8458c4225687b34c558078beb7ed47f68,2015-08,Essex Police,Essex Police,0.275564,51.489033,On or near Supermarket,E01016012,Thurrock 015C,Local resolution
f9fd9633597f3a57a1ab5316ec86229afb853950d44b7586c154cc37a96eda24,2015-08,Essex Police,Essex Police,0.903688,51.886463,On or near ST BOTOLPH'S STREET,E01021649,Colchester 007D,Suspect charged
f9fd9633597f3a57a1ab5316ec86229afb853950d44b7586c154cc37a96eda24,2015-08,Essex Police,Essex Police,0.903688,51.886463,On or near ST BOTOLPH'S STREET,E01021649,Colchester 007D,Suspect charged
d49bac4d41cc4448d7ee597ba21538c1dd4d0337269f47f671da09de59a28247,2015-08,Essex Police,Essex Police,0.935973,51.887442,On or near AFFLECK ROAD,E01021699,Colchester 008D,Suspect charged
3e10669a1ea49920a144cd0e505a179d6d5cda11180c8f9bbac37667900ce5d2,2015-08,Essex Police,Essex Police,0.426159,51.642711,On or near LISA CLOSE,E01021250,Basildon 001D,Formal action is not in the public interest
ec4e28a5cb4bf1234c872e632f64b27ffccde599a5bf1030751cb58e215ebc86,2015-08,Essex Police,Essex Police,1.153340,51.787393,On or near Nightclub,E01022025,Tendring 016B,Suspect charged
ab61e6971fe62dd760dbf526ce91600d6985b29852b4f6a3c93f8a214ff6ae0f,2015-08,Essex Police,Essex Police,0.912338,51.926046,On or near Petrol Station,E01021682,Colchester 004D,Unable to prosecute suspect
384b53b6bfd2d8298cd93ea161c505c68a8a73be0b84770a33f38b6e5567a313,2015-08,Essex Police,Essex Police,0.443516,51.521069,On or near THE GLEN,E01015985,Thurrock 003B,Formal action is not in the public interest
8aac7392e6f2ca1a830f005bc1f5758a8ccd58ca72a9f6cb9be29021a801991a,2015-08,Essex Police,Essex Police,0.073257,51.651353,On or near HAMPTON MEAD,E01021790,Epping Forest 012E,Unable to prosecute suspect
56b6648321f8a93c0335a295b113da5a0f0a64775ad9b93667eca419a546906d,2015-08,Essex Police,Essex Police,0.279750,51.638325,On or near GEORGES DRIVE,E01021463,Brentwood 006C,Local resolution
138451ddd82290136badc0366ddc654aa029409bc50258b6809d375a23322062,2015-08,Essex Police,Essex Police,0.548517,51.888922,On or near CURRANTS FARM ROAD,E01021359,Braintree 008D,Suspect charged
46c036e1d45ed28e75d2f6dce1aceb9a583aa4d50525cc2c5a598180e854f7fc,2015-08,Essex Police,Essex Police,0.696459,51.596152,On or near Supermarket,E01021932,Rochford 007B,Suspect charged
31f7df61af19da86fb5a5ebdd3f4dc1ca2c54e6a6b28491578e71add668b0085,2015-08,Essex Police,Essex Police,1.268269,51.937111,On or near SHAFTESBURY AVENUE,E01022000,Tendring 002A,Formal action is not in the public interest
dba4596d831470737e3376bc34f1595fbe5fff3a59a1a4b581bd4c44b423d459,2015-08,Essex Police,Essex Police,0.890860,51.888820,On or near PAPILLON ROAD,E01021646,Colchester 007A,Local resolution
92583952a6a1f850965e7753c0e73254d850bc10d0d6c4347f48aa1e03c7e4e7,2015-08,Essex Police,Essex Police,0.749922,51.767120,On or near BECKINGHAM STREET,E01021909,Maldon 001B,Offender given a caution
ff4cc16d693cd6974ffe515de300a73b48a4216eaaa0e4548cddc7280521498e,2015-08,Essex Police,Essex Police,-0.004840,51.687786,On or near ROMELAND,E01021818,Epping Forest 009C,Formal action is not in the public interest
b8f0e1381fa89c61be296daed5126c8d8d1d7e82f0835bbf5626adf3f46d4cb6,2015-08,Essex Police,Essex Police,0.577402,51.571425,On or near LANGFORD CRESCENT,E01021528,Castle Point 002D,Local resolution
6a301761ae7634641bbff55a453e31c3e55cbb30f543e113c171c7848319351a,2015-08,Essex Police,Essex Police,0.708147,51.546967,On or near TUNBRIDGE ROAD,E01015899,Southend-on-Sea 010E,Suspect charged
e7da593a36914a4eff1aa610f6a4589974158e0a368a1d4fc2d579dee1e02478,2015-08,Essex Police,Essex Police,0.749562,51.547469,On or near BOYDEN CLOSE,E01015888,Southend-on-Sea 009F,Formal action is not in the public interest
8b2488cbed0c15984ef1842e6bf4e1702acae7f23c51b9fd87d5b2de441d091d,2015-08,Essex Police,Essex Police,1.243280,51.837588,On or near Parking Area,E01021985,Tendring 006A,Unable to prosecute suspect
946be288c47fbf315d05d4dd72bacb1ac195effa3d17c8f4d3d956c7838bc2b7,2015-08,Essex Police,Essex Police,0.621648,51.809946,On or near BRYONY CLOSE,E01021425,Braintree 016B,Formal action is not in the public interest
2fe1f65c6e38dc57756101e25519b7d6b8e4c9a13451a19623961cac2bdf33e8,2015-08,Essex Police,Essex Police,0.895335,51.889691,On or near BALKERNE GARDENS,E01021646,Colchester 007A,Unable to prosecute suspect
68a7b60d9f1472598652b1a4eaa4bb1e646a301b821f672d23365170a980c1c4,2015-08,Essex Police,Essex Police,1.148025,51.787913,On or near Police Station,E01022037,Tendring 017D,Unable to prosecute suspect
5e8bf5699cfafca80a304db684e4b2db9d7faeacf33bacdb3c7588b938c30d07,2015-08,Essex Police,Essex Police,0.459996,51.740885,On or near GOODIER ROAD,E01021575,Chelmsford 009B,Formal action is not in the public interest
9d685274bd54837aed7d691e0a49f491c69b0dbb1f6a2e077e1be8dff006d308,2015-08,Essex Police,Essex Police,0.459996,51.740885,On or near GOODIER ROAD,E01021575,Chelmsford 009B,Formal action is not in the public interest
72440271dd063fc5a9445dfd4bc364c6eb75e6180e57e199604c27762a8f9417,2015-08,Essex Police,Essex Police,0.542396,51.616257,On or near GLENCOE DRIVE,E01021337,Basildon 007B,Formal action is not in the public interest
4f8cc12c390cfee5917152161aac1744999b7050501e55c1703a714fbbce3b5d,2015-08,Essex Police,Essex Police,0.959709,51.846546,On or near FRERE WAY,E01021694,Colchester 019D,Formal action is not in the public interest
85ea34489a88ceb5adb1cae045492caee0f0056624a3027bae5f9eca52b9fe3d,2015-08,Essex Police,Essex Police,0.448800,51.566599,On or near WETHERLAND,E01021298,Basildon 017D,Formal action is not in the public interest
cb4b27211badc6571c9708c36c9f06a6c5ca8cce3dcbd3f597c4d2874f479ef3,2015-08,Essex Police,Essex Police,1.150947,51.786764,On or near EDITH ROAD,E01022025,Tendring 016B,Unable to prosecute suspect
001b5a9cd204e39bf22b0bb306ef46d142e77077117352d2fcb68bfa67f0ffc9,2015-08,Essex Police,Essex Police,0.544672,51.883124,On or near PANFIELD LANE,E01021358,Braintree 008C,Unable to prosecute suspect
46154942dd7cb2177a0a397d65bf13d6289d42fd23b033b5cb2cb65aacd88cff,2015-08,Essex Police,Essex Police,0.915843,51.884300,On or near CANNON ROAD,E01021687,Colchester 011E,Formal action is not in the public interest
e78082806d22c2d7200421d72d0e2820fa00bac58344a50e905c321220c818cb,2015-08,Essex Police,Essex Police,0.503664,51.572905,On or near WIMBISH END,E01021306,Basildon 013E,Unable to prosecute suspect
e4ab737ba35e1072acd5266934094a74ffecd18fd99d31aabd043173f9da942d,2015-08,Essex Police,Essex Police,0.446162,51.581979,On or near Shopping Area,E01021268,Basildon 015B,Formal action is not in the public interest
a7a1e2587678dfa268cca64f0c2adfa70ac80acf3db5e3f28ba40e8fbade8fd9,2015-08,Essex Police,Essex Police,0.113929,51.775651,On or near THE STOW,E01021845,Harlow 002B,Unable to prosecute suspect
3eb8117d4ed95e1c80807081c6178894a4a6fd784c5c1614d8967014f61c52b6,2015-08,Essex Police,Essex Police,0.294046,51.518881,On or near QUINCE TREE CLOSE,E01015975,Thurrock 006F,Formal action is not in the public interest
ef73176558511f38e83dc187745833d26d774b49d3086cec0b7baabbcf0498c4,2015-08,Essex Police,Essex Police,0.714394,51.550618,On or near SUTTON ROAD,E01015897,Southend-on-Sea 010C,Unable to prosecute suspect
34581ce879aa98b257ecbe26d2b25042e5bd67e464988e3aae6633b5a10d3ff6,2015-08,Essex Police,Essex Police,0.702103,51.547700,On or near Petrol Station,E01015861,Southend-on-Sea 004E,Suspect charged as part of another case
fe41cbd021d51729091a618a00109ca849354ba350bac044280e10ef74af408d,2015-08,Essex Police,Essex Police,0.653197,51.601114,On or near MAIN ROAD,E01021937,Rochford 003E,Unable to prosecute suspect
c6b9859aa1b60f8b9d19e75afbe039d76af02655accd20432a9621d09e088daa,2015-08,Essex Police,Essex Police,0.172814,51.717744,On or near THORNHILL,E01021798,Epping Forest 001D,Formal action is not in the public interest
cc7cdd07ba5ed33a50b9bd8cbefdcbcb946d32617b5f0fd10d9551deef05ab3c,2015-08,Essex Police,Essex Police,0.108431,51.784581,On or near Shopping Area,E01021845,Harlow 002B,Offender given a drugs possession warning
92e67f1aec8a89ee36dd6173a96012536ad20411db970dcad31aa7dfa89189c4,2015-08,Essex Police,Essex Police,0.959709,51.846546,On or near FRERE WAY,E01021694,Colchester 019D,Unable to prosecute suspect
a2b37cdcfac0b2de64ae124cbe9abaa8a3ad68a7809c7494618a6960bd062422,2015-08,Essex Police,Essex Police,0.630580,51.544604,On or near THAMES CLOSE,E01015910,Southend-on-Sea 008C,Suspect charged
25b22b01f1189537f60b748eddcdc3049dffafb382f9b7fe225906e926d6be5f,2015-08,Essex Police,Essex Police,0.350172,51.635983,On or near WILKES ROAD,E01021451,Brentwood 003D,Suspect charged
3c8716a63c8693602e622210970794102aa89fb3702a42323f2530dd234fac3d,2015-08,Essex Police,Essex Police,0.586026,51.559616,On or near HERMITAGE CLOSE,E01021481,Castle Point 004B,Local resolution
503c4801921757bfb05f42af1262e13f220bfddb7e4e6c43d5f45f201e487497,2015-08,Essex Police,Essex Police,0.473830,51.736629,On or near Chelmsford Police Station,E01033141,Chelmsford 010G,Formal action is not in the public interest
503c4801921757bfb05f42af1262e13f220bfddb7e4e6c43d5f45f201e487497,2015-08,Essex Police,Essex Police,0.473830,51.736629,On or near Chelmsford Police Station,E01033141,Chelmsford 010G,Formal action is not in the public interest
8b2ac486c6c93ec9fae3d4f8de561df27ec835b835ec84beea75b4749c477bae,2015-08,Essex Police,Essex Police,-0.003188,51.682569,On or near BROOKER ROAD,E01021817,Epping Forest 008E,Local resolution
24e231dce8b2747a3ac59d4372fb2a5493b85fa3422ae7276ac26a970d83089b,2015-08,Essex Police,Essex Police,0.096806,51.749008,On or near PETERSWOOD,E01021860,Harlow 010D,Unable to prosecute suspect
ddf9a4c82e3a97db27fe541b3adfe1ba73b92f3ec302ca7a255cf944a1a1d458,2015-08,Essex Police,Essex Police,0.502473,51.711075,On or near PARK VIEW CRESCENT,E01021562,Chelmsford 014A,Unable to prosecute suspect
fa124bd489160d4fcfbbda1c9bb8e355fff5ad0563ec3e96dc8250b5315517da,2015-08,Essex Police,Essex Police,0.716314,51.536840,On or near BALTIC AVENUE,E01015852,Southend-on-Sea 015B,Formal action is not in the public interest
4246e7c3a9215e876900e6a6316b5ceea7876ba80d87a767543bfb43cc2e2483,2015-08,Essex Police,Essex Police,0.302768,51.491164,On or near DONNELLA CLOSE,E01015941,Thurrock 020B,Local resolution
2f5cde355e184659aad5b141d0928d407d741cfbd05e0a9cd143fdc8b7efd4dc,2015-08,Essex Police,Essex Police,0.054540,51.636413,On or near DANBURY ROAD,E01021785,Epping Forest 014D,Formal action is not in the public interest
bf1ea89aaa7d9254b2167eb73634cefdf53d43ab5c49cd7d25993c4808408ebf,2015-08,Essex Police,Essex Police,0.540814,51.873980,On or near SYCAMORE GROVE,E01021366,Braintree 010B,Formal action is not in the public interest
39030d552d8ece142bfeb8e658264e778e4cf56627044cfc82f1210d3f4db9d3,2015-08,Essex Police,Essex Police,0.554389,51.901987,On or near Supermarket,E01021355,Braintree 007D,Formal action is not in the public interest
034f31dc2d344c0a91327b939ae8cb0f915e15b673c3e0a25cf1b22008f15a79,2015-08,Essex Police,Essex Police,0.909199,51.860866,On or near ADELAIDE DRIVE,E01021640,Colchester 018D,Suspect charged
06caedd0801b85626bfc0550ab062ca025f0ea549343346ecee035b534a0efea,2015-08,Essex Police,Essex Police,0.078769,51.774237,On or near SPRING HILLS,E01021840,Harlow 004B,Local resolution
06caedd0801b85626bfc0550ab062ca025f0ea549343346ecee035b534a0efea,2015-08,Essex Police,Essex Police,0.078769,51.774237,On or near SPRING HILLS,E01021840,Harlow 004B,Local resolution
999e58f83f782be8e74abf044980e7f45c8fc7411762d013d1f0b7e7ccf9999f,2015-08,Essex Police,Essex Police,0.776275,51.799480,On or near STOCKHOUSE CLOSE,E01021911,Maldon 001D,Local resolution
7a6a3cd8772e10ede87fdd1f5e2680b29746b8fddf063b2bc92166389860e549,2015-08,Essex Police,Essex Police,0.453841,51.570981,On or near WESTGATE,E01021318,Basildon 015C,Suspect charged
d8c6026ddf6c765caaf251e51a7395a5271662d01ee39e7892b99eefcd3ebd12,2015-08,Essex Police,Essex Police,0.518537,51.614271,On or near MARKET AVENUE,E01021331,Basildon 008A,Suspect charged
be29c43d72211018a0f2b5c0045c87436db66e3072050d4c99c0af18ce7bbabb,2015-08,Essex Police,Essex Police,0.905634,51.890498,On or near Parking Area,E01021648,Colchester 007C,Formal action is not in the public interest
be29c43d72211018a0f2b5c0045c87436db66e3072050d4c99c0af18ce7bbabb,2015-08,Essex Police,Essex Police,0.905634,51.890498,On or near Parking Area,E01021648,Colchester 007C,Formal action is not in the public interest
e5e3e268245d0078c7cc35be2a2b6a39c25304f6bb065c99208e5137bb60e6b9,2015-08,Essex Police,Essex Police,0.688761,51.877607,On or near HONEYWOOD AVENUE,E01021379,Braintree 014C,Formal action is not in the public interest
cc3cd085afb984e19c0796bc9bfee48923f3ba31e1ab6d858dadc3386707f80b,2015-08,Essex Police,Essex Police,0.557946,51.520751,On or near CHARFLEETS CLOSE,E01021503,Castle Point 010D,Formal action is not in the public interest
e6a7de47e32f7071bdedadbc5999abcfc418ef02e484c6d78ed90b670a2a86e5,2015-08,Essex Police,Essex Police,0.428020,51.638311,On or near Supermarket,E01021250,Basildon 001D,Formal action is not in the public interest
32644b8d00820fc2e269223eb1277c4e20c4be4c91c5d0bd326cab3bf0e5745c,2015-08,Essex Police,Essex Police,0.677916,51.550944,On or near SOUTHBOURNE GROVE,E01015905,Southend-on-Sea 007E,Unable to prosecute suspect
06e01dfe9b18028880bdb55cf8246bd6401d51c9734e8ac17f94d73327c1949d,2015-08,Essex Police,Essex Police,0.735031,51.542817,On or near RICHMOND STREET,E01015873,Southend-on-Sea 006E,Suspect charged
6efb33776e3b94311b5dccec0f2920e1d74f84674f12846d2aefc3875408e6ae,2015-08,Essex Police,Essex Police,0.654021,51.558781,On or near BIRCHE CLOSE,E01015819,Southend-on-Sea 003F,Local resolution
5d489c97ff0736c810292fa62c832efd9112080b642c7cd6c74deb0bb07d9ad8,2015-08,Essex Police,Essex Police,0.491041,51.588840,On or near PAYCOCKE ROAD,E01021269,Basildon 012C,Local resolution
47b289c3809c8d757a998de43c6058162cfd51850ab3bd04ff078033f03f70db,2015-08,Essex Police,Essex Police,0.342393,51.483463,On or near BOSCOMBE AVENUE,E01015967,Thurrock 014B,Suspect charged
42d8c38ad839c93b73724641168a08e528867bee914acbaaba891f76a0a1cc84,2015-08,Essex Police,Essex Police,0.069195,51.648808,On or near ST NICHOLAS PLACE,E01021790,Epping Forest 012E,Formal action is not in the public interest
f224d37d691ed6716afc253a1edc3b5983cc9cb5a6d4cc0d492773e6d1c3e972,2015-08,Essex Police,Essex Police,0.406742,51.490182,On or near SOMERSET ROAD,E01015950,Thurrock 013D,Local resolution
7b6e4209bacbe484cb06610e7959f549366e454ea0241e6923d94662e5d91b6d,2015-08,Essex Police,Essex Police,0.108886,51.697003,On or near HIGH STREET,E01021757,Epping Forest 006B,Local resolution
e107517942cf8686a7fe0ace440e713f52bb9142f16a5e44d20322546311929d,2015-08,Essex Police,Essex Police,0.174365,51.723804,On or near Sports/Recreation Area,E01021797,Epping Forest 001C,Local resolution
60f5695f94c1bc11059649d153d369e129efcb4b949517066fdf0a15639be521,2015-08,Essex Police,Essex Police,0.703897,51.582554,On or near UNION LANE,E01021954,Rochford 007D,Suspect charged
f167546d5824a315bff33b1411351904d195aa1fa21f3e64a9216bc5d029800c,2015-08,Essex Police,Essex Police,0.656214,51.602071,On or near Supermarket,E01021937,Rochford 003E,Suspect charged
f167546d5824a315bff33b1411351904d195aa1fa21f3e64a9216bc5d029800c,2015-08,Essex Police,Essex Police,0.656214,51.602071,On or near Supermarket,E01021937,Rochford 003E,Suspect charged
53f07a9f0d149e38b132b837c0ec00a242dd1ba0cc8158d15c1bbfcbe8f0bd59,2015-08,Essex Police,Essex Police,1.253436,51.943665,On or near TYLER STREET,E01033051,Tendring 002F,Formal action is not in the public interest
b8083151eec3105a68d585767ef28fb1b1269840f9d8d8d821708b8d72043349,2015-08,Essex Police,Essex Police,0.552537,51.878313,On or near MARKET PLACE,E01033459,Braintree 009F,Formal action is not in the public interest
632ff33f311a0244f141fd76fd77ca728f34f40a3890496b4021ebfb41c235c0,2015-08,Essex Police,Essex Police,0.292090,51.515807,On or near ORCHARD CLOSE,E01015932,Thurrock 006A,Suspect charged
7ea9715d37a9a4504e1c80a613255351a373e34a7c9f364818cc6288e5eaaec6,2015-08,Essex Police,Essex Police,0.278766,51.472649,On or near GARDNER'S WAY,E01016012,Thurrock 015C,Offender given a caution
fd7ab5739112d2850fb1347efb4d94aec56ac47fc928371a09f293c25e6eb7d3,2015-08,Essex Police,Essex Police,0.830150,51.888121,On or near ESSEX YEOMANRY WAY,E01021718,Colchester 012A,Unable to prosecute suspect
61b045fc0fc67b0c54f27054c2b06ec15bde0db5c40de81837c1c294fdc198e1,2015-08,Essex Police,Essex Police,0.684702,51.545167,On or near LONDON ROAD,E01015832,Southend-on-Sea 012F,Suspect charged
4d436964eaf2357e15b440ded304a72bb1ae4991c993108ca2a1e0e06e37997a,2015-08,Essex Police,Essex Police,0.735031,51.542817,On or near RICHMOND STREET,E01015873,Southend-on-Sea 006E,Suspect charged
3ecb14d9ceeee9c934a907ce74ad0eaf37ce9af03bf7aec41986e59f0fb58ab6,2015-08,Essex Police,Essex Police,0.261741,51.889938,On or near Airport/Airfield,E01022090,Uttlesford 006B,Local resolution
a8c8a4fbfc353afbd75f9ff2a51093cde0d5078da1896a3dd2194ae516a69b37,2015-08,Essex Police,Essex Police,0.684702,51.545167,On or near LONDON ROAD,E01015832,Southend-on-Sea 012F,Suspect charged
a8c8a4fbfc353afbd75f9ff2a51093cde0d5078da1896a3dd2194ae516a69b37,2015-08,Essex Police,Essex Police,0.684702,51.545167,On or near LONDON ROAD,E01015832,Southend-on-Sea 012F,Unable to prosecute suspect
0a6390eba11ab2d355beed3333626a27976ca7d1122fcf340cbcee848d17d3e9,2015-08,Essex Police,Essex Police,0.558641,51.553966,On or near HIGH ROAD,E01021522,Castle Point 007C,Suspect charged as part of another case
f564c1d1f457d90f631d029a382ee3a3908742ede4baf11a76416e4c76b15394,2015-08,Essex Police,Essex Police,0.873753,51.864678,On or near ARAKAN CLOSE,E01021714,Colchester 015D,Unable to prosecute suspect
79123b24f242f000153e22bfaf451a0441a4e7d97b8e1f12da58b4e3408ed74e,2015-08,Essex Police,Essex Police,0.576800,51.528621,On or near DELVIEW,E01021508,Castle Point 010F,Unable to prosecute suspect
287b9a46cc8fdc7b45dd2b482675876fe486a0278fe74e444865e61e4e572fdb,2015-08,Essex Police,Essex Police,0.678375,51.731127,On or near CHEQUERS LANE,E01021890,Maldon 004B,Suspect charged as part of another case
d30e3f4aa8b18902c32781850bc62f446dc02e0d9e0972200477c3594b09d2bc,2015-08,Essex Police,Essex Police,0.678375,51.731127,On or near CHEQUERS LANE,E01021890,Maldon 004B,Suspect charged as part of another case
f6f6f25e33f325c4ed4755a60dcd2ea7c61f19a01693988f0ab441cb409b1c32,2015-08,Essex Police,Essex Police,0.375163,51.480448,On or near HILL HOUSE DRIVE,E01015950,Thurrock 013D,Formal action is not in the public interest
aa9ea79e22a57f2c0e05318691c1014b13f53fb455a73ffa0b88008a33bc6c71,2015-08,Essex Police,Essex Police,0.454957,51.720604,On or near WIDFORD CHASE,E01021556,Chelmsford 012A,Suspect charged
aa9ea79e22a57f2c0e05318691c1014b13f53fb455a73ffa0b88008a33bc6c71,2015-08,Essex Police,Essex Police,0.454957,51.720604,On or near WIDFORD CHASE,E01021556,Chelmsford 012A,Offender given a caution
4ee52809091937abac87004587944f5c312b0613e18d7d77b4f38dc5c377ea23,2015-08,Essex Police,Essex Police,1.151428,51.819229,On or near Supermarket,E01022039,Tendring 010B,Local resolution
0a396c4ed654e2d491a371ab9bf24a16b6eaa781e0ee30e32be44b4cbe433d49,2015-08,Essex Police,Essex Police,0.747228,51.549430,On or near ROYAL ARTILLERY WAY,E01015886,Southend-on-Sea 009D,Formal action is not in the public interest
0a396c4ed654e2d491a371ab9bf24a16b6eaa781e0ee30e32be44b4cbe433d49,2015-08,Essex Police,Essex Police,0.747228,51.549430,On or near ROYAL ARTILLERY WAY,E01015886,Southend-on-Sea 009D,Unable to prosecute suspect
4be791e3ef2a3d7975ffc0330c0f13653f4f7bb85c29accde9a4e0b3e5ca8fc6,2015-08,Essex Police,Essex Police,0.995433,51.955797,On or near SOUTHFIELDS,E01021656,Colchester 001B,Unable to prosecute suspect
b876c63a99abbe0db945576e7af16fe5ba0cb54d48b9e9bfef4ac4224443eed5,2015-08,Essex Police,Essex Police,1.266125,51.939239,On or near YORKTOWN CLOSE,E01022007,Tendring 002D,Unable to prosecute suspect
d73f7effa8198652bc7dd0534a539cfb9019ae7c80ba17d27b42315b1d4b1cf9,2015-08,Essex Police,Essex Police,1.252621,51.942869,On or near ADELAIDE STREET,E01033051,Tendring 002F,Local resolution
c9a2f020a2a878551d0e886951730835f64199a59403ce412f9e6cafedab85fd,2015-08,Essex Police,Essex Police,0.108071,51.697207,On or near Supermarket,E01021762,Epping Forest 005C,Suspect charged
6235a5961737eda445218a74be4f35cb3743e48ae128b01f712c28b7f81fdbbb,2015-08,Essex Police,Essex Police,0.108071,51.697207,On or near Supermarket,E01021762,Epping Forest 005C,Suspect charged
9b170fe3dcacc4d9cc24919daa181fb85e5ca3d08efc2752322ce0a145f8012d,2015-08,Essex Police,Essex Police,0.567540,51.521386,On or near NEW ROAD,E01021486,Castle Point 010B,Suspect charged
7dfd65280fa3e0966f2107270a93d85b9e0c3fefdef44cf8b300fcc509e07855,2015-08,Essex Police,Essex Police,0.448800,51.566599,On or near WETHERLAND,E01021298,Basildon 017D,Unable to prosecute suspect
3f19e1be4e8859808980644851c50676905b5dd7e70d8e284b6240bce768c2ae,2015-08,Essex Police,Essex Police,0.127294,51.756859,On or near Pedestrian Subway,E01021821,Harlow 008A,Formal action is not in the public interest
6b4493de949098321cd51bb8c4c0db05283dd111f7329aeb7a78e83e8f1d7203,2015-08,Essex Police,Essex Police,0.127294,51.756859,On or near Pedestrian Subway,E01021821,Harlow 008A,Formal action is not in the public interest
24871a71ee67269e0d9996489fc51660d88d460fe838524c6ee210cd9794b38b,2015-08,Essex Police,Essex Police,0.119694,51.648636,On or near FIELD CLOSE,E01021770,Epping Forest 010A,Formal action is not in the public interest
508b03c49402f48e9bceb956f40927d24a47d7058351f2807cba22b8ed1e373e,2015-08,Essex Police,Essex Police,0.455806,51.746693,On or near WEST AVENUE,E01021576,Chelmsford 006A,Unable to prosecute suspect
c30bcf440bb1fd85040fb69733acbfa8e576654e5171c28e1b502ba963b72817,2015-08,Essex Police,Essex Police,0.261741,51.889938,On or near Airport/Airfield,E01022090,Uttlesford 006B,Local resolution
9e6ea3b166383978001d6f1ae123bf713df50cf026af22afde8179f293851106,2015-08,Essex Police,Essex Police,0.607446,51.518140,On or near ST ANNES ROAD,E01021489,Castle Point 012A,Unable to prosecute suspect
9e983afd922d9be1460a9b33a801f63a5aa723e01a3969d37aec8afb3e532a32,2015-08,Essex Police,Essex Police,0.324019,51.478460,On or near Theatre/Concert Hall,E01015956,Thurrock 016B,Unable to prosecute suspect
6b3d3547f75feab89647925f1beceace25a3265fa8fd9d9d133e80a570a77b13,2015-08,Essex Police,Essex Police,0.324019,51.478460,On or near Theatre/Concert Hall,E01015956,Thurrock 016B,Formal action is not in the public interest
6d4a46596673a129feecbff19cabeb442d9f123fbd688cedb10c786ecf1fcb90,2015-08,Essex Police,Essex Police,0.558566,51.864207,On or near MARLOWE CLOSE,E01021374,Braintree 011E,Unable to prosecute suspect
2f963ceebbf79625154401a56158237e70a5d280cc81b2c1d642c579872d9bc1,2015-08,Essex Police,Essex Police,0.878844,51.881156,On or near AUDLEY ROAD,E01021653,Colchester 013C,Suspect charged
c9aa90888ce99e25ab958aa8e6bb3565677acb9a4f24fc31aecc45c81321f645,2015-08,Essex Police,Essex Police,0.375056,51.492519,On or near RAVENCROFT,E01015938,Thurrock 012F,Formal action is not in the public interest
59c3787fbe49a6952b4e8f3a947ced7246f037b4168a88de3709d4301088c229,2015-08,Essex Police,Essex Police,0.703500,51.537927,On or near PARK CRESCENT,E01015856,Southend-on-Sea 015F,Local resolution
26e8ecd4e39ef15780d62de1400856814ceb3c658eb37fca89723d71178ea08d,2015-08,Essex Police,Essex Police,0.453841,51.570981,On or near WESTGATE,E01021318,Basildon 015C,Suspect charged
26e8ecd4e39ef15780d62de1400856814ceb3c658eb37fca89723d71178ea08d,2015-08,Essex Police,Essex Police,0.453841,51.570981,On or near WESTGATE,E01021318,Basildon 015C,Suspect charged
f7077e66d1178af7627b0518a8e71227e047fe0886b19523c2c5775a1db72a89,2015-08,Essex Police,Essex Police,0.996859,51.953377,On or near PARSON'S FIELD,E01021656,Colchester 001B,Unable to prosecute suspect
b641340f719eb897be0a7ad8c325b50b65bfc3d03ea7b7562845ef65399aef1e,2015-08,Essex Police,Essex Police,0.628769,51.630218,On or near KINGSMANS FARM ROAD,E01021942,Rochford 001A,Formal action is not in the public interest
b641340f719eb897be0a7ad8c325b50b65bfc3d03ea7b7562845ef65399aef1e,2015-08,Essex Police,Essex Police,0.628769,51.630218,On or near KINGSMANS FARM ROAD,E01021942,Rochford 001A,Formal action is not in the public interest
ad520949214037f507aa5b4517f8849b191f6d52a5ea1e32c02e4709193a3826,2015-08,Essex Police,Essex Police,0.720983,51.547659,On or near SHELLEY SQUARE,E01015897,Southend-on-Sea 010C,Formal action is not in the public interest
45f2ff77f72c2baccd38722c5cf6f6cb62ccf64e0dcd91ab1d487e812baf92d0,2015-08,Essex Police,Essex Police,0.324019,51.478460,On or near Theatre/Concert Hall,E01015956,Thurrock 016B,Formal action is not in the public interest
b5b0393373f773d3bec7c7a9d4a182383ba75963aee7a926897210f048b6d0b1,2015-08,Essex Police,Essex Police,0.551052,51.888004,On or near WENTWORTH CRESCENT,E01021357,Braintree 008B,Suspect charged
cfe7bae8f41ca370ee678b176f1b50d2c6c5e9ca7e6375602b56957f8ab89e39,2015-08,Essex Police,Essex Police,0.461380,51.746090,On or near MILTON PLACE,E01021592,Chelmsford 006D,Unable to prosecute suspect
ae81ffab798394315354a6a1c10d7098ea4ea2de6c2bd422b43311167c11fdcb,2015-08,Essex Police,Essex Police,0.639677,51.806386,On or near ALBERT ROAD,E01021416,Braintree 017B,Suspect charged
09ef61b39d0ed69433debbf1565c8ee3b4ec07c59b5c352e5cdd562bc731b133,2015-08,Essex Police,Essex Police,0.261741,51.889938,On or near Airport/Airfield,E01022090,Uttlesford 006B,Offender given a caution
9b458b10a81eb5ad51d3dd7173e629432911916e61914b05fac786fbbcd3d3ad,2015-08,Essex Police,Essex Police,0.460282,51.576674,On or near LANDERMERE,E01021319,Basildon 017E,Suspect charged
10303e800904c9ca3f31b6496f1c5adfbd8a536ea1dfcc34183c2f55cd853cd4,2015-08,Essex Police,Essex Police,0.697031,51.547304,On or near WENHAM DRIVE,E01015907,Southend-on-Sea 007G,Unable to prosecute suspect
cad283f9db1807c1599380b0e884a57fc54ff1b2216dacf913b40d7407435b67,2015-08,Essex Police,Essex Police,0.697031,51.547304,On or near WENHAM DRIVE,E01015907,Southend-on-Sea 007G,Unable to prosecute suspect
fd8215bbbc700d570c388ed8b155fd9ad484d822567b050237a534ddc1c43ee3,2015-08,Essex Police,Essex Police,0.928585,51.895190,On or near HARWICH ROAD,E01021704,Colchester 022F,Suspect charged
2c35cbdeecb581b50e384eb9bce4eda1083d4262dee31f1a247575e40cdeb3d5,2015-08,Essex Police,Essex Police,0.928585,51.895190,On or near HARWICH ROAD,E01021704,Colchester 022F,Suspect charged
15e3d945d38033fbd13c87e0bf7fcdde0c497d1866f5ac88915e6ccc1a8b8598,2015-08,Essex Police,Essex Police,0.369093,51.879345,On or near ST EDMUNDS FIELDS,E01033056,Uttlesford 007F,Formal action is not in the public interest
11c0f0da9ef82d91c9a11922442fbeddf09b4cad6b8cafe7e6ce8136d3cdf893,2015-08,Essex Police,Essex Police,0.896245,51.888706,On or near HEAD STREET,E01021649,Colchester 007D,Suspect charged
b7f239baa2348c3eeb1dd57bc1b611a3ad0023c63c48d6b6921d408306933038,2015-08,Essex Police,Essex Police,0.304821,51.493885,On or near ARTERIAL ROAD NORTH STIFFORD,E01015942,Thurrock 020C,Formal action is not in the public interest
b7f239baa2348c3eeb1dd57bc1b611a3ad0023c63c48d6b6921d408306933038,2015-08,Essex Police,Essex Police,0.304821,51.493885,On or near ARTERIAL ROAD NORTH STIFFORD,E01015942,Thurrock 020C,Formal action is not in the public interest
67d7f47a98d031d3dd9ccfae4d2afc4a05e6a33e69f3fd3fbb3d1053b1c9646c,2015-08,Essex Police,Essex Police,1.233028,51.926023,On or near ALDON CLOSE,E01022002,Tendring 004C,Suspect charged
67d7f47a98d031d3dd9ccfae4d2afc4a05e6a33e69f3fd3fbb3d1053b1c9646c,2015-08,Essex Police,Essex Police,1.233028,51.926023,On or near ALDON CLOSE,E01022002,Tendring 004C,Formal action is not in the public interest
7bf1d8aef147ee1629ce56304cc86df02db4ae108e26d73f8a7acf74cf229c8a,2015-08,Essex Police,Essex Police,1.148267,51.786800,On or near Theatre/Concert Hall,E01022037,Tendring 017D,Formal action is not in the public interest
6f00725f91fa08a253e3bc471694e20c054f606885ed8678dd84268dc70a30b2,2015-08,Essex Police,Essex Police,0.611507,51.518581,On or near CORSEL ROAD,E01021490,Castle Point 012B,Local resolution
e94dd9c0a83de5726905af64b61b5e501d092b846692b4284f6cb5c26443ae79,2015-08,Essex Police,Essex Police,0.133141,51.775133,On or near LONDON ROAD,E01021857,Harlow 001D,Formal action is not in the public interest
693c9e2d0362e6a09f68535985175bc75dd92e6ad2c0e5f4e7bfa97d98a8af41,2015-08,Essex Police,Essex Police,0.648260,51.558695,On or near Supermarket,E01015819,Southend-on-Sea 003F,Suspect charged
693c9e2d0362e6a09f68535985175bc75dd92e6ad2c0e5f4e7bfa97d98a8af41,2015-08,Essex Police,Essex Police,0.648260,51.558695,On or near Supermarket,E01015819,Southend-on-Sea 003F,Suspect charged
693c9e2d0362e6a09f68535985175bc75dd92e6ad2c0e5f4e7bfa97d98a8af41,2015-08,Essex Police,Essex Police,0.648260,51.558695,On or near Supermarket,E01015819,Southend-on-Sea 003F,Suspect charged
693c9e2d0362e6a09f68535985175bc75dd92e6ad2c0e5f4e7bfa97d98a8af41,2015-08,Essex Police,Essex Police,0.648260,51.558695,On or near Supermarket,E01015819,Southend-on-Sea 003F,Suspect charged
9c1f4d94eb24ea5a21196fbbf76367e97d7467b70af8100a63e1cdf470a1979c,2015-08,Essex Police,Essex Police,0.819305,51.664198,On or near CROWN WAY,E01021904,Maldon 006B,Formal action is not in the public interest
f79d47a77a9d323bed82b3bc49f287f92c794f5f5bc1d8c300835749a1ddd99a,2015-08,Essex Police,Essex Police,0.546007,51.885658,On or near LANCASTER WAY,E01021358,Braintree 008C,Formal action is not in the public interest
9ac13649c2a6c274b521b466c223efbb1972ca855537c786ce9067f595bfe1cd,2015-08,Essex Police,Essex Police,0.636821,51.937004,On or near TIDINGS HILL,E01021393,Braintree 004E,Suspect charged
4f61da2427823ddf9e8df3e46e04c132be1c71060d413d05b1812cc6dae3a279,2015-08,Essex Police,Essex Police,0.279074,51.662592,On or near BROAD MEADOW,E01021444,Brentwood 001D,Offender given a caution
3e35e628583ce22c6741c1097887073e26b89ceb1f02a9e36f63a499ea63a485,2015-08,Essex Police,Essex Police,0.705914,51.840224,On or near FEERING HILL,E01021402,Braintree 014E,Formal action is not in the public interest
2204c8de2163c81a9a2ed17673f8b5d7a1bf22e6ba274994ae7c526862518671,2015-08,Essex Police,Essex Police,0.641865,51.935938,On or near BRENDON,E01021389,Braintree 006A,Suspect charged
0df083931355d725d69be7640e34e71831b6235e4aa8125e0da6c5fb6bf9a0e3,2015-08,Essex Police,Essex Police,0.239421,52.012950,On or near LAWS CLOSE,E01022074,Uttlesford 002A,Formal action is not in the public interest
fc8b2fa57d0b3126a1f4c11b20c901cfafea05ec887a82b2335a8cb335cc902d,2015-08,Essex Police,Essex Police,0.427463,51.567789,On or near BEESTON COURT,E01021286,Basildon 016A,Suspect charged
0a3c1425421b9626397f5c7213d6f87192ffd215b95e7ae06a19a1b4c82e5e92,2015-08,Essex Police,Essex Police,0.560996,51.864541,On or near AUSTEN CLOSE,E01021374,Braintree 011E,Formal action is not in the public interest
100b167d0d27bfe3dfc4a7c588372cfd8972650a7e7e44f034a1a6543b59cc46,2015-08,Essex Police,Essex Police,1.253913,51.935782,On or near BRIARDALE AVENUE,E01022007,Tendring 002D,Formal action is not in the public interest
89eff90bb64b8dcaf80e43ccc56461ff0e6559bf42b51f5284b80e45b4b304cc,2015-08,Essex Police,Essex Police,0.137036,51.739758,On or near M11,E01021768,Epping Forest 001A,Formal action is not in the public interest
62a7576923d3f029adac8d1a946ad0328a36f8d0462d51a230f34d4017817b7e,2015-08,Essex Police,Essex Police,0.091222,51.607591,On or near TROTWOOD,E01021765,Epping Forest 017B,Suspect charged
62a7576923d3f029adac8d1a946ad0328a36f8d0462d51a230f34d4017817b7e,2015-08,Essex Police,Essex Police,0.091222,51.607591,On or near TROTWOOD,E01021765,Epping Forest 017B,Suspect charged
2239a4a87aa617cffefdcc7a420dae1347b38b9595204b90f806a4ca8e51c121,2015-08,Essex Police,Essex Police,0.159716,51.713876,On or near BLENHEIM SQUARE,E01021799,Epping Forest 001E,Suspect charged
c5cfb3f6c4a43781537b8350400edb2f71e5b859c65e1451ef3807027120ce82,2015-08,Essex Police,Essex Police,0.280536,51.482444,On or near Parking Area,E01016011,Thurrock 015B,Local resolution
57411c7d7b09cb31d1015b8ba026fa324180ceef473a92653e42a8adf0876b95,2015-08,Essex Police,Essex Police,0.937412,51.898135,On or near PARSON'S HEATH,E01021707,Colchester 022I,Unable to prosecute suspect
271fba38064fa795909b7980c7d2a8406e69f8580ca4e9b5f3ec7c0e7fa313cb,2015-08,Essex Police,Essex Police,0.535130,51.760989,On or near VILLIERS PLACE,E01021536,Chelmsford 005A,Suspect charged
d0df41418cbad7e32c265d9cc3e2f1c3b83616fb88e02ae1826a589eadfb3b3d,2015-08,Essex Police,Essex Police,0.568393,51.521431,On or near LINK ROAD,E01021485,Castle Point 010A,Formal action is not in the public interest
d0df41418cbad7e32c265d9cc3e2f1c3b83616fb88e02ae1826a589eadfb3b3d,2015-08,Essex Police,Essex Police,0.568393,51.521431,On or near LINK ROAD,E01021485,Castle Point 010A,Formal action is not in the public interest
1e5d90b47acb7565c48a06035e14494657b7364230a261608cd3d19f58282d4f,2015-08,Essex Police,Essex Police,0.535130,51.760989,On or near VILLIERS PLACE,E01021536,Chelmsford 005A,Suspect charged
f6de1390c5efb14ea6b5d02ddd9e1d7db5af561d878bd78b852c62e1879f67db,2015-08,Essex Police,Essex Police,0.787288,51.706387,On or near Park/Open Space,E01021901,Maldon 006A,Unable to prosecute suspect
3b3bb4112cf19a88ea82c63a764fc43222cce568806e22e38829281b17b32492,2015-08,Essex Police,Essex Police,0.610588,51.554674,On or near RECTORY ROAD,E01021520,Castle Point 006C,Local resolution
3b3bb4112cf19a88ea82c63a764fc43222cce568806e22e38829281b17b32492,2015-08,Essex Police,Essex Police,0.610588,51.554674,On or near RECTORY ROAD,E01021520,Castle Point 006C,Local resolution
369f6badc992296eecd16e50feb56691d5c4df1f2cb39846bace7e4884cfada9,2015-08,Essex Police,Essex Police,0.404245,51.572989,On or near PALATINE PARK,E01021277,Basildon 014D,Formal action is not in the public interest
aef27a929bf648efe8a448d296b0238d703b7bfcdd056bf5e30a33565ce568ef,2015-08,Essex Police,Essex Police,0.463062,51.746118,On or near KIPLING CLOSE,E01021592,Chelmsford 006D,Offender given a caution
74b0b55f7f037bf62940487bed4a02a177271b440fb0b9d561643106aa8eca51,2015-08,Essex Police,Essex Police,0.133688,51.783963,On or near Parking Area,E01021855,Harlow 001B,Suspect charged
74b0b55f7f037bf62940487bed4a02a177271b440fb0b9d561643106aa8eca51,2015-08,Essex Police,Essex Police,0.133688,51.783963,On or near Parking Area,E01021855,Harlow 001B,Suspect charged
74b0b55f7f037bf62940487bed4a02a177271b440fb0b9d561643106aa8eca51,2015-08,Essex Police,Essex Police,0.133688,51.783963,On or near Parking Area,E01021855,Harlow 001B,Suspect charged
3011661ea6b5681f08f57960a7094174456f581fbd5831d2ff090d1f5f15bba8,2015-08,Essex Police,Essex Police,0.512267,51.578162,On or near DALTONS FEN,E01021301,Basildon 011A,Unable to prosecute suspect
2f838ed41c7f8b0ff8ebe4e09ffcaad8d3d508ddbb8f9b80335ac42a153323a5,2015-08,Essex Police,Essex Police,0.213922,51.986761,On or near BELMONT HILL,E01022073,Uttlesford 003D,Local resolution
a278ea800b5f5f3bef1c3e05c9c407fa50544b5c1124ec6331ed772b962fc4e4,2015-08,Essex Police,Essex Police,0.838751,51.879774,On or near HARVEY CRESCENT,E01021722,Colchester 012E,Formal action is not in the public interest
a6839e38e3887c09647826f383e24eaf46a35042fc3bbf4a69a35ff9f87d119b,2015-08,Essex Police,Essex Police,0.784784,51.541269,On or near BLACKWATER CLOSE,E01015879,Southend-on-Sea 013D,Formal action is not in the public interest
a89fc1924ea75b264026b19197021e893bb509b82949a06f2f9b4ec1194146fb,2015-08,Essex Police,Essex Police,0.017217,51.687310,On or near NEWHALL COURT,E01021807,Epping Forest 008A,Formal action is not in the public interest
badf69a0116d33d978624d058fe27a382a745e30b599b7259cc4c2cba765e632,2015-08,Essex Police,Essex Police,0.107814,51.763567,On or near NETTESWELLBURY FARM,E01021820,Harlow 006B,Suspect charged
0a650b6827301375df5701249cbfa2e5c052080bae9b3a1d3840e1a366b52179,2015-08,Essex Police,Essex Police,0.362673,51.466194,On or near CENTRAL AVENUE,E01016007,Thurrock 018E,Formal action is not in the public interest
5948147b4bbc6539ecbe1ef25d502e91f51c39b4300c2e3bfe8e5036a079fd45,2015-08,Essex Police,Essex Police,0.078086,51.655800,On or near SWANSHOPE,E01021779,Epping Forest 011F,Formal action is not in the public interest
5948147b4bbc6539ecbe1ef25d502e91f51c39b4300c2e3bfe8e5036a079fd45,2015-08,Essex Police,Essex Police,0.078086,51.655800,On or near SWANSHOPE,E01021779,Epping Forest 011F,Formal action is not in the public interest
6fc154587277bafcf6617a096c961e2020dfaf9a5da1fe78e6c9b45b853b3043,2015-08,Essex Police,Essex Police,0.953197,51.855766,On or near MEREDITHS CLOSE,E01021738,Colchester 017C,Formal action is not in the public interest
a6dd8a4f7980d5335d66469580599f9bca3696bd31ae277c99245eb9882a40fa,2015-08,Essex Police,Essex Police,0.291959,51.505153,On or near COLNE CLOSE,E01015930,Thurrock 007D,Formal action is not in the public interest
a6dd8a4f7980d5335d66469580599f9bca3696bd31ae277c99245eb9882a40fa,2015-08,Essex Police,Essex Police,0.291959,51.505153,On or near COLNE CLOSE,E01015930,Thurrock 007D,Unable to prosecute suspect
1e806214bdf4087309b9d9a5688698991f5697d89238e8e4c8eb216af91e43b1,2015-08,Essex Police,Essex Police,0.507362,51.575596,On or near LITTLE SEARLES,E01021303,Basildon 011B,Offender given a caution
82923beabb55b01e3cf45400c61877d2b41632c16aeca436d9dbdc80505ac41f,2015-08,Essex Police,Essex Police,0.261741,51.889938,On or near Airport/Airfield,E01022090,Uttlesford 006B,Local resolution
fbfa3e382c20312ddddd76ab621efcc5b6866dc1f937fdd7987ebad31e7e086c,2015-08,Essex Police,Essex Police,0.562542,51.880757,On or near Petrol Station,E01021353,Braintree 009B,Unable to prosecute suspect
3ff888111ecc6f9c367b62d2e7f4412959fc429f8d0f260596d71f9f3a8a1288,2015-08,Essex Police,Essex Police,0.113313,51.750987,On or near Sports/Recreation Area,E01021838,Harlow 010A,Unable to prosecute suspect
d372e9bd23dabe4f503b7090a48ab19924fb486b5365e27763cb202302657f18,2015-08,Essex Police,Essex Police,0.463062,51.746118,On or near KIPLING CLOSE,E01021592,Chelmsford 006D,Offender given a caution
81f8fc15efcc41b00ae198c24a679f2a9b62c79db89f4240c9e82ee7dcb165b6,2015-08,Essex Police,Essex Police,0.141697,51.784402,On or near WATLINGTON ROAD,E01021855,Harlow 001B,Offender given a caution
ed4702000a07539e7be0c813f65872f090425e3b6d2c0b3c5dfa8d988e66b9d2,2015-08,Essex Police,Essex Police,0.447208,51.525119,On or near ST JOHN'S WAY,E01015983,Thurrock 002B,Suspect charged
66f8b005a747acf41844376780e1c4177478c47c39022226534d5bd42d731ea6,2015-08,Essex Police,Essex Police,0.365572,51.478807,On or near THAMES VIEW,E01015935,Thurrock 012C,Unable to prosecute suspect
352c67771d09654624d1f9bff2d089190f61db0176ec37af7f9299606a688916,2015-08,Essex Police,Essex Police,0.020133,51.690093,On or near PATERNOSTER CLOSE,E01021814,Epping Forest 007C,Formal action is not in the public interest
dead36fb2f2f3429eaa2fdfd3c6c1cc626e1d2bd9b0248b99d73702b13e6c7cb,2015-08,Essex Police,Essex Police,1.215309,51.928254,On or near THE STREET,E01022028,Tendring 004F,Suspect charged
87700d97a996b1863f49e2bcc9d12e688a4498260e99a1a814ce47d0219a4aab,2015-08,Essex Police,Essex Police,1.233028,51.926023,On or near ALDON CLOSE,E01022002,Tendring 004C,Suspect charged
b1090f713d15fa50cc2deeb6333b2ace3d16f2e5c78bb1f7bb8f2cb1b37fa327,2015-08,Essex Police,Essex Police,0.455364,51.569789,On or near Shopping Area,E01021318,Basildon 015C,Formal action is not in the public interest
74fcd8ee5c8459ea81a88dee37fb00be4179223a13005d617ab808b031dcaa21,2015-08,Essex Police,Essex Police,0.363627,51.480735,On or near STOUR ROAD,E01015935,Thurrock 012C,Local resolution
6560bb7f9fb0849459cebbdf73169a8ad0d950da74726a24850c677f4b7c49a5,2015-08,Essex Police,Essex Police,0.473003,51.735558,On or near CHURCH STREET,E01033141,Chelmsford 010G,Suspect charged
dae7d5a8011032932397915170fe899e3e7fc849bc54763b133d3b654ecd3548,2015-08,Essex Police,Essex Police,0.635152,51.816857,On or near VIRGIL ROAD,E01021418,Braintree 015C,Local resolution
12d3b52fec5d2534a6a64bf7ce3e774e67a6d7c6444d9390e4f4cc012aea7ce7,2015-08,Essex Police,Essex Police,0.261159,51.867630,On or near ORCHID CLOSE,E01022091,Uttlesford 006C,Formal action is not in the public interest
03abe8339a3bc0ab3a3208b5828f160be539ae33247542748727368b07f341f3,2015-08,Essex Police,Essex Police,0.255495,51.498900,On or near HIGH STREET,E01015921,Thurrock 015A,Local resolution
d8906ed8653127eb259af74ea2b897060dd62f9a403927072bf64a32925aab4b,2015-08,Essex Police,Essex Police,0.487745,51.739456,On or near LLEWELLYN CLOSE,E01021626,Chelmsford 007E,Formal action is not in the public interest
f92bda543986cc765723f845fa3ce31fb1c7d85addc42db709b0fff749813dcf,2015-08,Essex Police,Essex Police,0.695119,51.541061,On or near Supermarket,E01015855,Southend-on-Sea 015E,Suspect charged
93faaf18294a3d34fc52249efc64157300eb19cfe902304100c1e6548f12dd84,2015-08,Essex Police,Essex Police,0.897077,51.860742,On or near TRAVERS ROAD,E01021639,Colchester 018C,Formal action is not in the public interest
eed4db2d5f4746f9f21f3f52592e17a54adb308191fd0fda6a07e2790747f5b8,2015-08,Essex Police,Essex Police,0.326420,51.482909,On or near DELL ROAD,E01015959,Thurrock 016C,Suspect charged
b63871c5fbffb8756639d137c8835b63ffc41174cc1410415a61819ef66280c2,2015-08,Essex Police,Essex Police,0.897532,51.892209,On or near SHORT CUT ROAD,E01021649,Colchester 007D,Suspect charged
6aee860fa15b88b45772f429cc64dcf133dc1e5599f0206851706f715e154de1,2015-08,Essex Police,Essex Police,0.212821,51.812661,On or near Park/Open Space,E01022070,Uttlesford 009C,Unable to prosecute suspect
d2a8167b34dcceb73fccebfb9e0e944914ed7a5e6a9b24c9b296eab11db587fe,2015-08,Essex Police,Essex Police,0.880032,51.871998,On or near REED HALL AVENUE,E01033723,Colchester 015G,Offender given a caution
fb4787aff21cae23c0c87057d0a8f1ad43df3356e968aae142f2bfcd599d346f,2015-08,Essex Police,Essex Police,1.025938,51.808209,On or near TOWER STREET,E01021982,Tendring 011D,Unable to prosecute suspect
9f46662a87ba84848e3ca9e896924147a80f6ca09a7a4f465d55520f0d44bd95,2015-08,Essex Police,Essex Police,0.469478,51.725353,On or near WELLMEADS,E01021580,Chelmsford 012D,Suspect charged
3e992cc9533d55931397ce3b423026c689d7ff79cc5ad8cd9a3aa68f61481fc7,2015-08,Essex Police,Essex Police,0.286052,51.506051,On or near DANBURY CRESCENT,E01015931,Thurrock 007E,Formal action is not in the public interest
4a4490f1023c7854e13b5857309ee8b4ea156e585df47aea57edcb015d4dace3,2015-08,Essex Police,Essex Police,0.577528,51.522624,On or near LITTLE GYPPS CLOSE,E01021488,Castle Point 010C,Formal action is not in the public interest
653cc8201458b18fb4db670dcf0bfe25e66eee0f594d876964930f5a189b4225,2015-08,Essex Police,Essex Police,0.357737,51.464000,On or near ADELAIDE ROAD,E01016006,Thurrock 018D,Formal action is not in the public interest
dc2423d24c48cc85ab8942d272dd831bfe965214be54554129515556de091659,2015-08,Essex Police,Essex Police,0.085457,51.773417,On or near CHERRY TREE LANE,E01021843,Harlow 004E,Local resolution
f2216ce89f760c0ab9623c5947cafecf54c351015980f286e86155038819e320,2015-08,Essex Police,Essex Police,1.080553,51.773584,On or near CLUB PARADE,E01022045,Tendring 018D,Unable to prosecute suspect
dbb60fcd1b53e950c7b011db63e4774dcbd3d37c2f2307c9e96c35c7d6757e75,2015-08,Essex Police,Essex Police,1.279573,51.936076,On or near MILL LANE,E01022001,Tendring 001D,Offender given a caution
0a5fc98c77f8c3c1fbd5dea99010cc0151bc231efb9333b474090ac399684041,2015-08,Essex Police,Essex Police,1.279573,51.936076,On or near MILL LANE,E01022001,Tendring 001D,Offender given a caution
728ce311048d2f967fdd6b2f67a4021b9f8c17a14a0c39288e2e6948fdd0d00c,2015-08,Essex Police,Essex Police,0.628769,51.630218,On or near KINGSMANS FARM ROAD,E01021942,Rochford 001A,Formal action is not in the public interest
728ce311048d2f967fdd6b2f67a4021b9f8c17a14a0c39288e2e6948fdd0d00c,2015-08,Essex Police,Essex Police,0.628769,51.630218,On or near KINGSMANS FARM ROAD,E01021942,Rochford 001A,Formal action is not in the public interest
05a75f21ac5612b257ad7baf7eb55cbb6aae94761e88ac194f45d803bdc4430b,2015-08,Essex Police,Essex Police,0.900942,51.896630,On or near CATCHPOOL ROAD,E01021647,Colchester 007B,Formal action is not in the public interest
a25d06ebc680ccdfb591698d50d5950a764830442becd07ff1cc23aadf544949,2015-08,Essex Police,Essex Police,0.042017,51.667422,On or near Parking Area,E01021806,Epping Forest 009A,Formal action is not in the public interest
201caf013522a629f364dc2c419e998816d942389a895c7f30ee259146f5aaf1,2015-08,Essex Police,Essex Police,0.070517,51.643893,On or near PARKMEAD,E01021773,Epping Forest 013C,Unable to prosecute suspect
702011ef06c0a456d8bb58cc7f0cde7fd3403b15b2b8c62158e561ef25cba79a,2015-08,Essex Police,Essex Police,0.281989,51.512111,On or near ENBORNE GREEN,E01015976,Thurrock 007F,Formal action is not in the public interest
baca1ddc095fc4bb9b4408e94fa07169d045813093adeaf45a41c911cf6a8353,2015-08,Essex Police,Essex Police,0.935973,51.887442,On or near AFFLECK ROAD,E01021699,Colchester 008D,Suspect charged
5f6e4e25cb2168df13edc782322145efa77e00f6683d9a9f05e94bbb1fd86e3c,2015-08,Essex Police,Essex Police,0.467864,51.735073,On or near PARK ROAD,E01033141,Chelmsford 010G,Formal action is not in the public interest
0e835759a72073bd78f7ac5fda01f59d33d9c5d9f3ae6940a0b9557c99b085f1,2015-08,Essex Police,Essex Police,0.935973,51.887442,On or near AFFLECK ROAD,E01021699,Colchester 008D,Suspect charged
26ee9fa50d4b3e42510a7fd93030f774ba3857c68d6aa1909283be71f1115139,2015-08,Essex Police,Essex Police,0.471125,51.745463,On or near FELL CHRISTY,E01021592,Chelmsford 006D,Formal action is not in the public interest
57c0872e446dc0a3a43c12baa7bfc754a6a0b2606983be35ae9271364d0fec52,2015-08,Essex Police,Essex Police,0.319222,51.481001,On or near Petrol Station,E01015956,Thurrock 016B,Local resolution
f8438021c472c76b19dc78c437dab80a6b8885c71df85785832d6517685ab070,2015-08,Essex Police,Essex Police,0.686468,51.538175,On or near STATION ROAD,E01015828,Southend-on-Sea 012B,Suspect charged
f8438021c472c76b19dc78c437dab80a6b8885c71df85785832d6517685ab070,2015-08,Essex Police,Essex Police,0.686468,51.538175,On or near STATION ROAD,E01015828,Southend-on-Sea 012B,Suspect charged
4907d8b247498c56c8549b5b3137961fabd25d29ff75c5d3edc3fa63757a348a,2015-08,Essex Police,Essex Police,0.437339,51.522285,On or near CORNWELL CRESCENT,E01015986,Thurrock 003C,Formal action is not in the public interest
474d3c0d7d2b60fff0fdb48e52b9261c098d30163ab99526070902ef1595e5dc,2015-08,Essex Police,Essex Police,0.017217,51.687310,On or near NEWHALL COURT,E01021807,Epping Forest 008A,Formal action is not in the public interest
7f86c45b432b806bbbdd9cfa0a4661d84007510733c40afbd469fa6a98004eec,2015-08,Essex Police,Essex Police,1.164769,51.800657,On or near WYNDHAM CRESCENT,E01022049,Tendring 014D,Unable to prosecute suspect
f9130217fc269116e6f8fc44eb48492ed68b0a0827891b9442b7c5a001ef78a8,2015-08,Essex Police,Essex Police,0.461621,51.777417,On or near WOODLANDS WAY,E01021542,Chelmsford 002A,Local resolution
c3815cdff10f5ff465aee7ad0f8b52e636471688c119be720a65c8fec80d5abd,2015-08,Essex Police,Essex Police,0.474190,51.732359,On or near Shopping Area,E01033140,Chelmsford 010F,Suspect charged
e8e29ce4e1b183c204d6aec39b588db6f4f3a9df837bd8c61f1cab1958ec3bf2,2015-08,Essex Police,Essex Police,0.467864,51.735073,On or near PARK ROAD,E01033141,Chelmsford 010G,Formal action is not in the public interest
e948a308c2e880a42702b80a220c394aea8336f52bfa147b22c90c85892d94c0,2015-08,Essex Police,Essex Police,0.094133,51.767643,On or near Shopping Area,E01021872,Harlow 007E,Local resolution
d8737042c5e2de251202fd2f7b3b9b125dfd3f04a1836d5bcada678166d33399,2015-08,Essex Police,Essex Police,0.247267,51.494202,On or near PEMBROKE DRIVE,E01015925,Thurrock 008D,Unable to prosecute suspect
a4573270ca52753521872218010d4fcbdace6c87ce1d5b5897f292861c09a105,2015-08,Essex Police,Essex Police,0.211905,51.808479,On or near ARDLEY CRESCENT,E01022070,Uttlesford 009C,Unable to prosecute suspect
0a2a41c69ddeb5512eb371a466ab8fbfef2a5e36bc73c24ec8158824eb89a35a,2015-08,Essex Police,Essex Police,0.211905,51.808479,On or near ARDLEY CRESCENT,E01022070,Uttlesford 009C,Unable to prosecute suspect
80ce5b1053db148021456bc47a7a66d6d52c73210cce6f717e64078c266952eb,2015-08,Essex Police,Essex Police,1.270006,51.848342,On or near Supermarket,E01022056,Tendring 006E,Suspect charged
b8c6e7ac61a572d3ac3bc9ad88979bcabc2d2bddfe0305a50c72cb2103b7a60b,2015-08,Essex Police,Essex Police,0.900116,51.889231,On or near Shopping Area,E01021649,Colchester 007D,Suspect charged
3ed03680c32680d466e626ada513fd4127c33c5be541d8a31b5566de9eacb002,2015-08,Essex Police,Essex Police,0.305006,51.492703,On or near DANIEL CLOSE,E01015941,Thurrock 020B,Formal action is not in the public interest
eb368568939da8b018c1b4aaf2f78acc7fc83bff14adea95b7f56b71c20944b0,2015-08,Essex Police,Essex Police,0.474085,51.733089,On or near High Street Chelmsford,E01033140,Chelmsford 010F,Unable to prosecute suspect
eb368568939da8b018c1b4aaf2f78acc7fc83bff14adea95b7f56b71c20944b0,2015-08,Essex Police,Essex Police,0.474085,51.733089,On or near High Street Chelmsford,E01033140,Chelmsford 010F,Unable to prosecute suspect
18355e8280f862654919fc5492a7bf8e9ab77b048e9c23c66e202eed7515e31e,2015-08,Essex Police,Essex Police,0.924287,51.890575,On or near ST ANDREW'S AVENUE,E01021706,Colchester 022H,Unable to prosecute suspect
0e89007bfe54fe2313daee45cb27d4d7e359b2ffe9a35f2f21c56bc5da89b810,2015-08,Essex Police,Essex Police,0.809223,51.714157,On or near Park/Open Space,E01021901,Maldon 006A,Suspect charged
ad88bcb4fb8713d7bf77db70d7860726818fdb144a20b0b0df0a06aa70d9aaff,2015-08,Essex Police,Essex Police,1.172795,51.802564,On or near SHRUBLAND COURT,E01022050,Tendring 014E,Offender given a caution
0e4da50021d8f4e54ee564100b40753a6e79aa921160142d47a85e0986aa7431,2015-08,Essex Police,Essex Police,0.261741,51.889938,On or near Airport/Airfield,E01022090,Uttlesford 006B,Unable to prosecute suspect
c0d506ad1dde667fcd7b3f238d440763e99645276a2ee528b31068ab580f98a8,2015-08,Essex Police,Essex Police,0.445420,51.730614,On or near ROTHBURY ROAD,E01021631,Chelmsford 009E,Suspect charged
ea9f8a744e349bbe0732c85ad7c56fe315e43a82df51d0fcc22692632ed71c52,2015-08,Essex Police,Essex Police,0.423688,51.576024,On or near ST ANDREWS LANE,E01021290,Basildon 016D,Unable to prosecute suspect
405dbec5c5b89daf52b85b231d462d4e1a88863ffddfff37cb5dbccdb5eb5c25,2015-08,Essex Police,Essex Police,0.845734,51.878068,On or near Petrol Station,E01021721,Colchester 012D,Formal action is not in the public interest
d9ef7449d538c70818b177018154ef395d30aa7155ab22ed6041042456c310a0,2015-08,Essex Police,Essex Police,0.687372,51.876244,On or near THE GREENWAYS,E01021379,Braintree 014C,Offender given a caution
9416374af4902107002f012a85aa394586001a9652af179d88d477a49f78db58,2015-08,Essex Police,Essex Police,0.612689,51.625001,On or near RYDAL CLOSE,E01021942,Rochford 001A,Unable to prosecute suspect
d78a6901366705e24092d04e6248314a713fc5a55a691b9860e382abc8b90efb,2015-08,Essex Police,Essex Police,0.703897,51.582554,On or near UNION LANE,E01021954,Rochford 007D,Suspect charged
35511126a3fe44ff468b287e8fc13fe94c9c247db8e4199361256570df39ccbb,2015-08,Essex Police,Essex Police,0.300502,51.669683,On or near WIDBROOK,E01021441,Brentwood 001A,Suspect charged
103d6bf21127da0543402d0cb6a1219fb4d1216a8cdfc0c5b2f1da9451376b9f,2015-08,Essex Police,Essex Police,0.437796,51.624142,On or near GREENWAY,E01021241,Basildon 003C,Suspect charged
b986102771a86ca878273459819513781cd68854ebb8cf84fc2be811f0f7141e,2015-08,Essex Police,Essex Police,1.121422,51.775455,On or near BADMINTON ROAD,E01021988,Tendring 018A,Formal action is not in the public interest
27b60a2d72914755391d4ac0d078a45e4f903e961a8b2d274c906e5bbcbc03b6,2015-08,Essex Police,Essex Police,0.623816,51.850745,On or near WOOD GROVE,E01021361,Braintree 012B,Formal action is not in the public interest
ff3470d9efb46d6a9d21e0cd6bf4e204b4ea2a71c406a45115a974079b94de70,2015-08,Essex Police,Essex Police,0.436349,51.522099,On or near MOUNTFIELD CLOSE,E01015986,Thurrock 003C,Unable to prosecute suspect
6e9280eceee61c9619bc66b09aa3be405d619f714d2a3424cef8e78e58615cc9,2015-08,Essex Police,Essex Police,0.270445,51.486039,On or near Parking Area,E01016012,Thurrock 015C,Unable to prosecute suspect
8f6a700e26f85b7009831923808bd1c5f37177baf04dbc4475345766e3a8f887,2015-08,Essex Police,Essex Police,0.446005,51.534686,On or near MILTON ROAD,E01015997,Thurrock 001D,Formal action is not in the public interest
3136a183b6a7e8ce9c55ec1bfa0c156f2690c64a175ea7e415a21c69e5fb5571,2015-08,Essex Police,Essex Police,1.152215,51.788718,On or near Shopping Area,E01022025,Tendring 016B,Offender given a caution
850027fd094a5540fc20eacb1d50bfbda3b52f47dad4c7902c9bcda0026ff608,2015-08,Essex Police,Essex Police,0.429258,51.571133,On or near ALBERT DRIVE,E01021289,Basildon 016C,Formal action is not in the public interest
ce4c980dd6109095ff09f78d1306f45dbdacb610b65959ccdf0daa77fc4ccb04,2015-08,Essex Police,Essex Police,1.142390,51.798641,On or near PATHFIELDS ROAD,E01022022,Tendring 013D,Formal action is not in the public interest
116a602fbae2e78f5c7b0cd73e80605800e737cf19fa26c50d7ef85f732f73fd,2015-08,Essex Police,Essex Police,0.108431,51.784581,On or near Shopping Area,E01021845,Harlow 002B,Suspect charged
ba312cc643ff5877cd16098910efba1ebf5e046f6cecdfdcb43c54e55fbb3d4e,2015-08,Essex Police,Essex Police,0.695100,51.561477,On or near SIDMOUTH AVENUE,E01015868,Southend-on-Sea 002F,Suspect charged
934e22c8927b5b31960a10ff775ed37e56e290635c0bff11ac4f3ada0c5de75d,2015-08,Essex Police,Essex Police,0.458379,51.567352,On or near CHERRYDOWN EAST,E01021296,Basildon 020C,Formal action is not in the public interest
16af26348e3ded4a549cdcb684f3ad2a461a157bb7cc322f1e5d6c48eb0c750f,2015-08,Essex Police,Essex Police,0.439162,51.572556,On or near JERMAYNS,E01021291,Basildon 016E,Formal action is not in the public interest
22c5821f791cab76c5cd03ace5b4b18637cb998306b2a9667eba8fa846afce73,2015-08,Essex Police,Essex Police,0.455364,51.569789,On or near Shopping Area,E01021318,Basildon 015C,Local resolution
a9161582873d45adbe2d982d1a855d4a8a26c75809652a1bf72396363ff987b2,2015-08,Essex Police,Essex Police,0.294127,51.491792,On or near Supermarket,E01015982,Thurrock 019A,Suspect charged
6785a980a199601aae961c26022ef5aed1a0beb02213bd8febfed73d4123fb2f,2015-08,Essex Police,Essex Police,0.261741,51.889938,On or near Airport/Airfield,E01022090,Uttlesford 006B,Local resolution
8ee68c37d896c21d3c60d23542005a0289de95ff74d6bb97f6f969fa23430afe,2015-08,Essex Police,Essex Police,0.142067,51.783343,On or near MULBERRY GREEN,E01021857,Harlow 001D,Formal action is not in the public interest
1f9b42c2c18c00fd8aad3c5eb4248faf510c79eb2d740d290c7a495757c3cfe8,2015-08,Essex Police,Essex Police,0.553566,51.557890,On or near OAKFIELD CLOSE,E01021523,Castle Point 007D,Local resolution
d475aec2ddb73af4317195ddf3472c125593d0b556d4a0fcc4611c139172e157,2015-08,Essex Police,Essex Police,0.080233,51.759419,On or near Sports/Recreation Area,E01021833,Harlow 009D,Unable to prosecute suspect
313984148bbc8d9e18ad7b8ff6d225ccfef4ec9c58ac3cc541b596aa55d0e8d1,2015-08,Essex Police,Essex Police,1.177925,51.805573,On or near DOVEDALE GARDENS,E01022033,Tendring 012B,Formal action is not in the public interest
b9bd4b5d5b29cb6be450ae127bf4359defaa5f3dda062f1e90abee8c3b36417f,2015-08,Essex Police,Essex Police,-0.002526,51.653566,On or near Park/Open Space,E01021806,Epping Forest 009A,Suspect charged
b9bd4b5d5b29cb6be450ae127bf4359defaa5f3dda062f1e90abee8c3b36417f,2015-08,Essex Police,Essex Police,-0.002526,51.653566,On or near Park/Open Space,E01021806,Epping Forest 009A,Suspect charged
c2ca00593b1347c4e0c7377531e447ebf00c39b7cd86fef9bf7bf871e0922f10,2015-08,Essex Police,Essex Police,0.453369,51.567043,On or near BESSEMER CLOSE,E01021297,Basildon 020D,Formal action is not in the public interest
5acfa06075b510bc8ec494018801e1cd5e8e74a45caad4f7d119c14f4ba10393,2015-08,Essex Police,Essex Police,0.900995,51.892951,On or near MIDDLE MILL,E01021647,Colchester 007B,Offender given a caution
4e30fddac0d81b9973f6203ac24e4d2f2591280bb3c2326833cc414167fb35de,2015-08,Essex Police,Essex Police,0.475214,51.731744,On or near Shopping Area,E01033140,Chelmsford 010F,Suspect charged
b0b3f3ef38e960b347504b68950a85e4242aee261bde761633b2330f4dbebe14,2015-08,Essex Police,Essex Police,0.582850,51.698444,On or near BICKNACRE ROAD,E01021533,Chelmsford 016A,Local resolution
0b8cc079e5eac69af839dc450be9c22710387e90ea6f8c674bcad55137c4c032,2015-08,Essex Police,Essex Police,0.481232,51.562752,On or near VANGE HILL DRIVE,E01021323,Basildon 019B,Formal action is not in the public interest
3c7c2c6d833af7ba331eae1df480e852a068c63e975aa4acd189df6915329e74,2015-08,Essex Police,Essex Police,0.024939,51.684318,On or near PEREGRIN ROAD,E01021810,Epping Forest 008D,Formal action is not in the public interest
e571079de2213500d0df02829bba070359f23c467ff26a2a77f4d9ff22262f40,2015-08,Essex Police,Essex Police,0.284490,51.487772,On or near Shopping Area,E01016011,Thurrock 015B,Offender given a caution
b689552a6c6abc4498dfb1ebd9595eadd46134cc5ccd226b2e79ec75670f24ca,2015-08,Essex Police,Essex Police,0.471939,51.696677,On or near MORETONS,E01021554,Chelmsford 017C,Formal action is not in the public interest
a87b0c11d8009c1e214617462547ee9af3ebae3a4bc70c1a262a3d0c6cd0434c,2015-08,Essex Police,Essex Police,0.882529,51.904431,On or near CELANDINE COURT,E01021681,Colchester 004C,Unable to prosecute suspect
f0dfa4ba7e5d4eb5f6f0b57b301ac361887d1cf4f2338b651c1ff9db6b42bf29,2015-08,Essex Police,Essex Police,0.684702,51.545167,On or near LONDON ROAD,E01015832,Southend-on-Sea 012F,Suspect charged as part of another case
a99c09b7c5e0da4ed9bddd6d81e9e2d298191488c02e8a855233a5344b654738,2015-08,Essex Police,Essex Police,1.205630,51.805477,On or near HAVEN AVENUE,E01022008,Tendring 012A,Unable to prosecute suspect
10e01a35f754ebad98af29e5ebbdc3510aebe6bc1eacf2aee193aa28f050b459,2015-08,Essex Police,Essex Police,0.583419,51.530427,On or near SUSSEX WAY,E01021506,Castle Point 008E,Unable to prosecute suspect
10e01a35f754ebad98af29e5ebbdc3510aebe6bc1eacf2aee193aa28f050b459,2015-08,Essex Police,Essex Police,0.583419,51.530427,On or near SUSSEX WAY,E01021506,Castle Point 008E,Unable to prosecute suspect
7e124749d3caf8ba3f1b3741f6b265d40436716007de9a5e9202417e4292015e,2015-08,Essex Police,Essex Police,0.412996,51.570642,On or near EASTON END,E01021276,Basildon 014C,Formal action is not in the public interest
a025e0d819beeadc06c7e89c81e7b2b58718cc9173e4aeb6153b6b5ef1759efb,2015-08,Essex Police,Essex Police,0.401581,51.570903,On or near BLACKMORES,E01021277,Basildon 014D,Formal action is not in the public interest
03c072d02786875f92f23edf07ee9d847d5b730acc2c709ae31cb19a73fc6072,2015-08,Essex Police,Essex Police,0.412996,51.570642,On or near EASTON END,E01021276,Basildon 014C,Formal action is not in the public interest
620d7a5c2114ee6f614e299698b3e860c0b5da23832fd30a1a4a943913c3d2ce,2015-08,Essex Police,Essex Police,0.668122,51.596045,On or near BRIAR CLOSE,E01021933,Rochford 003A,Formal action is not in the public interest
d90f12ec93df8f7027c4c782efbcb12699984763b98bf86b57d052b2d28d95b1,2015-08,Essex Police,Essex Police,0.411766,51.570847,On or near SPARKBRIDGE,E01021276,Basildon 014C,Formal action is not in the public interest
838af14b0ebdc58577e553f12c1a7e3a05faeeea861761f3ef993877ee460e34,2015-08,Essex Police,Essex Police,0.702103,51.547700,On or near Petrol Station,E01015861,Southend-on-Sea 004E,Suspect charged
6681e832bb51e0f24f218ab22cc1ca3613fac6c52f03e43d2986bb7fb0fb6ea7,2015-08,Essex Police,Essex Police,0.702103,51.547700,On or near Petrol Station,E01015861,Southend-on-Sea 004E,Formal action is not in the public interest
a5b84f5653fd513a18a9fc2b3fb619dc41c6fda3cddb04a48ac7b7b123e6b6d1,2015-08,Essex Police,Essex Police,0.684702,51.545167,On or near LONDON ROAD,E01015832,Southend-on-Sea 012F,Suspect charged
44e0dee149375983404a949accc7f8fe88c0966b0857804da0b630be362746c6,2015-08,Essex Police,Essex Police,0.907553,51.879253,On or near CLAUDIUS ROAD,E01021684,Colchester 011B,Local resolution
5f3e989e9de1b60ccbbc6548ba8367f44a36d0b37f9743840188fd702edeb942,2015-08,Essex Police,Essex Police,1.146196,51.789968,On or near Supermarket,E01022038,Tendring 017E,Local resolution
ef5618b597c23cf5280223147d37d8edb14acfeafdfa6d134c2422ffaa78e6af,2015-08,Essex Police,Essex Police,0.458859,51.573313,On or near CULVERDOWN,E01021319,Basildon 017E,Suspect charged
ff4301ede33d89de550137c78debc2250529563bd2c35d335b163975c33c8519,2015-08,Essex Police,Essex Police,0.474190,51.732359,On or near Shopping Area,E01033140,Chelmsford 010F,Local resolution
08942cda8e58fd47d14c1a171fe3358ccd08cdc675075c6b39c71eece288cdbb,2015-08,Essex Police,Essex Police,0.474190,51.732359,On or near Shopping Area,E01033140,Chelmsford 010F,Local resolution
dfc317ed8c31a8832333b4aa08f2de783967933caa3bdd7c6448ec87dea56b1d,2015-08,Essex Police,Essex Police,1.066463,51.797967,On or near Parking Area,E01022047,Tendring 018E,Formal action is not in the public interest
820330d5f1a33a21e597253da3cd79df8bdfcf15492be306a478c06c8618fc84,2015-08,Essex Police,Essex Police,0.177639,51.721144,On or near CUNNINGHAM RISE,E01021797,Epping Forest 001C,Local resolution
b308b898c2fb3655f366d7631e7fcbc43f5003a553c85467dea912bbb748475a,2015-08,Essex Police,Essex Police,0.396053,51.693708,On or near IVY BARNS LANE,E01021602,Chelmsford 018B,Formal action is not in the public interest
53f0b12460bbb155cec4f0f4efd3da7076c206ae405d3ad219d0653c3483f3e6,2015-08,Essex Police,Essex Police,0.427412,51.517779,On or near SOUTHEND ROAD,E01015989,Thurrock 005A,Suspect charged
ce268ec5bc5823b9fd1d0a0e5ac19fbfe50acc4b06eab503716509229c389ce4,2015-08,Essex Police,Essex Police,0.118183,51.758777,On or near STILE CROFT,E01021819,Harlow 006A,Suspect charged
35c7dff7aabe223907ccbe8d99293cc594cd257ff152925f46cdbaf6e306aebe,2015-08,Essex Police,Essex Police,0.152202,51.712638,On or near ROUGHTALLYS,E01021799,Epping Forest 001E,Formal action is not in the public interest
a665f94f9b21d908980372667d014b491a10fbc86bf23253c26513a8aed9b845,2015-08,Essex Police,Essex Police,0.428565,51.613613,On or near CARVERS WOOD,E01021258,Basildon 004E,Unable to prosecute suspect
c5fb00913a62e6c073961ebd3b106c63b1745a222dbba7ef5c5a4c5d69c61b74,2015-08,Essex Police,Essex Police,0.256976,52.022695,On or near HORN BOOK,E01022081,Uttlesford 002F,Local resolution
97c21e89524920ad3564aec28b2ed3caf8e2f17e69d7f240935b14bdc0ba85be,2015-08,Essex Police,Essex Police,1.160885,51.795321,On or near WALTON ROAD,E01022049,Tendring 014D,Formal action is not in the public interest
f3a29d68d683bad82c42613f20e087b355dbb1e7df8d77533cc008edfbe9a1c9,2015-08,Essex Police,Essex Police,0.476668,51.731317,On or near Shopping Area,E01033140,Chelmsford 010F,Local resolution
3663127bf2ce4e85d298e87389cb7d3842a1bad39226dbef35ec729aea5759c4,2015-08,Essex Police,Essex Police,0.709632,51.549622,On or near EAST STREET,E01015899,Southend-on-Sea 010E,Unable to prosecute suspect
9879e4a5fadd83c04cff4c07a9f1af140e9802f453e472d20ab5f9f6b2d0287d,2015-08,Essex Police,Essex Police,0.703897,51.582554,On or near UNION LANE,E01021954,Rochford 007D,Suspect charged
758b7cfff8852cc392c7b9ff091e364b5a8177e3cfef09682d87182f3f08aef5,2015-08,Essex Police,Essex Police,1.271384,51.927535,On or near Park/Open Space,E01022005,Tendring 004E,Local resolution
758b7cfff8852cc392c7b9ff091e364b5a8177e3cfef09682d87182f3f08aef5,2015-08,Essex Police,Essex Police,1.271384,51.927535,On or near Park/Open Space,E01022005,Tendring 004E,Local resolution
758b7cfff8852cc392c7b9ff091e364b5a8177e3cfef09682d87182f3f08aef5,2015-08,Essex Police,Essex Police,1.271384,51.927535,On or near Park/Open Space,E01022005,Tendring 004E,Local resolution
758b7cfff8852cc392c7b9ff091e364b5a8177e3cfef09682d87182f3f08aef5,2015-08,Essex Police,Essex Police,1.271384,51.927535,On or near Park/Open Space,E01022005,Tendring 004E,Local resolution
ba5ec19ca74dc8fcdaf2820db0bd50400a230572a9dd0b91179e2146a9d4c555,2015-08,Essex Police,Essex Police,0.717040,51.532569,On or near Theme/Adventure Park,E01015851,Southend-on-Sea 015A,Formal action is not in the public interest
27ae4bbeab9fd3bd4bbab3d5d65a768847fe3fce66b7d9e6503ea6ec90797411,2015-08,Essex Police,Essex Police,0.135588,51.706889,On or near GARNON MEAD,E01021756,Epping Forest 006A,Local resolution
f2381308eb2a30b6bacd241a667e5d3ef569ab0014e55c9a240eff2af8aab39c,2015-08,Essex Police,Essex Police,0.281531,51.509871,On or near DERRY AVENUE,E01015972,Thurrock 006C,Formal action is not in the public interest
228635883bc65f6ee964e627f06ecd6c6b15537c544f8d74ec619bf8cab65870,2015-08,Essex Police,Essex Police,0.360127,51.461767,On or near CALCUTTA ROAD,E01016003,Thurrock 018A,Formal action is not in the public interest
b5143960693a487b09c6652b506e11c42b528287f7152f367de7ff5639f61087,2015-08,Essex Police,Essex Police,0.219319,51.883175,On or near Bus/Coach Station,E01022086,Uttlesford 006A,Suspect charged
67ddcddd9561834790d42954b37d41197d16b26078c6bebef506a36d2dfe8596,2015-08,Essex Police,Essex Police,1.239198,51.929676,On or near RAMSEY ROAD,E01022002,Tendring 004C,Suspect charged
962c22ab6aa7194fd4f74f7fd47905b36429d0b01be1a728c15bcd4f3d5b6066,2015-08,Essex Police,Essex Police,0.261741,51.889938,On or near Airport/Airfield,E01022090,Uttlesford 006B,Suspect charged
0c38aae7a8a45099da8dbcad24ea0818edbbc9e4e589713404b75905237c70d0,2015-08,Essex Police,Essex Police,0.538347,51.583051,On or near NORTH BENFLEET HALL ROAD,E01021312,Basildon 011F,Unable to prosecute suspect
ab9f584f2068a3b948d6ebed80861e7a453cc4ea281e1b223c38bbbfa292d75c,2015-08,Essex Police,Essex Police,0.383048,51.629043,On or near NORTH DRIVE,E01021449,Brentwood 003B,Unable to prosecute suspect
21a3db979491b2e38747dae9be8257e01aaa1b2f012a72878a8588aa444b596d,2015-08,Essex Police,Essex Police,0.630444,51.937686,On or near Sports/Recreation Area,E01021393,Braintree 004E,Formal action is not in the public interest
214c1a5878fc938a5f0499a483fd12e58988a4dd1b54cd4247b508fdd0a3c688,2015-08,Essex Police,Essex Police,1.060285,51.945575,On or near STATION ROAD,E01022020,Tendring 003F,Suspect charged
5ec667b45ea5cee28454f0cef38bb11daeba8aa323f1673bebadd8c1157bea17,2015-08,Essex Police,Essex Police,0.137629,51.766437,On or near MALLARDS RISE,E01021827,Harlow 005D,Unable to prosecute suspect
c04e8715c9f8ba53512e6f82287dca62edaf1add7b330bb5e8419b238b0c1ef6,2015-08,Essex Police,Essex Police,0.749762,51.808827,On or near HUTCHINSON CLOSE,E01021724,Colchester 020B,Offender given a drugs possession warning
64617a5afefd935fb7f8d7955c41c2e06b73c95447cf594f924b3cb37ce8c103,2015-08,Essex Police,Essex Police,0.538347,51.583051,On or near NORTH BENFLEET HALL ROAD,E01021312,Basildon 011F,Unable to prosecute suspect
4d02a09417b20d460818007952ccab05246cfa8f4d1da0e7ce682302f3c50b4f,2015-08,Essex Police,Essex Police,0.538347,51.583051,On or near NORTH BENFLEET HALL ROAD,E01021312,Basildon 011F,Formal action is not in the public interest
14ede09b91a79b2b6b454695a1e548704e6e111e79c1a1b33a78064b782844c4,2015-08,Essex Police,Essex Police,0.077558,51.773126,On or near KERRIL CROFT,E01021840,Harlow 004B,Unable to prosecute suspect
9c7cee53c31afc3a6e988135450093ccafc322b59cfa433e6a21c889ed5c8354,2015-08,Essex Police,Essex Police,0.642678,51.942844,On or near WEAVERS ROW,E01021388,Braintree 004B,Suspect charged
b136803c4a7219c518188e27b59592a82dd8ed9e9c9628a300db64bb12f0951e,2015-08,Essex Police,Essex Police,0.114717,51.768956,On or near ROSELYN GARDENS,E01021852,Harlow 003D,Offender given a caution
c29b1d5b19eddb6ffacfc780c6de944bebd8848142beae2e56825e7c790691e4,2015-08,Essex Police,Essex Police,0.784784,51.541269,On or near BLACKWATER CLOSE,E01015879,Southend-on-Sea 013D,Formal action is not in the public interest
ff1123063409191a6c754cdb60dbe86d4ea361fb0af7133edfa0e31fb57adbca,2015-08,Essex Police,Essex Police,0.426676,51.580360,On or near BOULT ROAD,E01021274,Basildon 010D,Formal action is not in the public interest
6d438cb07d1b87e34833c186b90d6b6ded3cd329b1158b8b623adc0cbd8e08d2,2015-08,Essex Police,Essex Police,0.670862,51.538882,On or near THE RIDGEWAY,E01015830,Southend-on-Sea 012D,Offender given penalty notice
d15e3b1ad56b7e8284265aa57f6a677b1601cded835cf34e9e6f43650db6b748,2015-08,Essex Police,Essex Police,0.735950,51.551879,On or near HAMSTEL ROAD,E01015875,Southend-on-Sea 006G,Suspect charged
ef5eccda3740d96f04d57fb70796b593958f1d2225e45c207546d20bfef51899,2015-08,Essex Police,Essex Police,0.632197,51.940786,On or near UPPER TRINITY ROAD,E01021392,Braintree 004D,Local resolution
d455c00e963fae36bdfed1f9a6883efe5c3543eb913e0865badebe8780c1b5f8,2015-08,Essex Police,Essex Police,0.432912,51.570113,On or near TURNER CLOSE,E01021292,Basildon 017B,Unable to prosecute suspect
b231c794220b4ff7cd71785d14f6823200583ff865374b7e8f9f91f689c52891,2015-08,Essex Police,Essex Police,0.261741,51.889938,On or near Airport/Airfield,E01022090,Uttlesford 006B,Unable to prosecute suspect
77536b595d154771dbe54362cd2df6711d407623c86e12e3024288d35e982ee1,2015-08,Essex Police,Essex Police,0.108443,51.768997,On or near PARSONAGE LEYS,E01021852,Harlow 003D,Suspect charged
9c1e6656eb36411734e7c04278d7c78f1d1e8c186d2f9eff32e703b40d515b1e,2015-08,Essex Police,Essex Police,0.639574,51.800651,On or near Parking Area,E01021416,Braintree 017B,Suspect charged
9c1e6656eb36411734e7c04278d7c78f1d1e8c186d2f9eff32e703b40d515b1e,2015-08,Essex Police,Essex Police,0.639574,51.800651,On or near Parking Area,E01021416,Braintree 017B,Formal action is not in the public interest
952a98eab88a43c6580671896f0f6c8686fdf9ae6a1c549f5c495d54690f2c6b,2015-08,Essex Police,Essex Police,0.520537,51.592230,On or near HOVEFIELDS AVENUE,E01021344,Basildon 008D,Formal action is not in the public interest
952a98eab88a43c6580671896f0f6c8686fdf9ae6a1c549f5c495d54690f2c6b,2015-08,Essex Police,Essex Police,0.520537,51.592230,On or near HOVEFIELDS AVENUE,E01021344,Basildon 008D,Formal action is not in the public interest
6145eac1946846b7715c39aaf143965d4969fbd34d86b8f13f8ac6e8deb3e57a,2015-08,Essex Police,Essex Police,0.664755,51.601931,On or near PARGETTERS HYAM,E01021939,Rochford 003G,Unable to prosecute suspect
3e241c091651f84d81c736fa9215c0ff0bd55bf48808dea913f3d017e2544f4e,2015-08,Essex Police,Essex Police,0.699490,51.565684,On or near NIGHTINGALE CLOSE,E01015867,Southend-on-Sea 002E,Offender given a caution
01603da98a57fcca9040f094936610360601042b291511b5817960f428b8807b,2015-08,Essex Police,Essex Police,0.372042,51.467219,On or near DICKENS AVENUE,E01016007,Thurrock 018E,Suspect charged
de52b4f7b2baa8525d6d85d317203ae22981573502adbc288f05c52b353dddbd,2015-08,Essex Police,Essex Police,0.689409,51.877025,On or near GURTON ROAD,E01021378,Braintree 014B,Suspect charged
de52b4f7b2baa8525d6d85d317203ae22981573502adbc288f05c52b353dddbd,2015-08,Essex Police,Essex Police,0.689409,51.877025,On or near GURTON ROAD,E01021378,Braintree 014B,Suspect charged
222167ca7d2f07a68968b27e130b25c74790fa8d897e7d53dd0606c35c56be0c,2015-08,Essex Police,Essex Police,0.294403,51.625693,On or near BROWNE CLOSE,E01021434,Brentwood 004C,Formal action is not in the public interest
7f4f14ffe55400bd938ee46d96e28afbe31bec070b83b9a7d3d2200062acc193,2015-08,Essex Police,Essex Police,0.735950,51.551879,On or near HAMSTEL ROAD,E01015875,Southend-on-Sea 006G,Unable to prosecute suspect
419aeb9181aceaa9c02ad5feca71a03b05760d59815c968cea302546e73b6fc5,2015-08,Essex Police,Essex Police,0.243209,51.877938,On or near TAYLORS END ROAD,E01022090,Uttlesford 006B,Offender given a drugs possession warning
f4a0d5145b9167c045257b4196df6f6f186f283f1939a166468202ae38b42588,2015-08,Essex Police,Essex Police,0.662280,51.562335,On or near Petrol Station,E01015818,Southend-on-Sea 003E,Local resolution
9c781c92f2a567ad77adb688ab9bd75f6b1b77b2007c4d89e8dd47c49d00c19b,2015-08,Essex Police,Essex Police,0.713596,51.539394,On or near Nightclub,E01015852,Southend-on-Sea 015B,Unable to prosecute suspect
2526d61b64dc2d7ed4ce507afa9905a4a0cdc663c6b06bcb902018cc2eacf1c1,2015-08,Essex Police,Essex Police,0.303257,51.621059,On or near Shopping Area,E01021433,Brentwood 007A,Formal action is not in the public interest
1ef72351b72ef0943efb584f1b8ced6acefaf23ad945e8ac802cfe4e09321c68,2015-08,Essex Police,Essex Police,0.652575,51.540628,On or near HILLSIDE ROAD,E01015848,Southend-on-Sea 011D,Local resolution
edf42b66b61d25a2e5c1787cd47ec7bdcc66f59c9a3a2181a115fbb48ecbaaa4,2015-08,Essex Police,Essex Police,0.627563,51.584342,On or near SHAKESPEARE AVENUE,E01021948,Rochford 009C,Suspect charged
d331e811964994f1e54230739961d179537f5b3831ce5fe9a5e22e3338016c79,2015-08,Essex Police,Essex Police,1.288552,51.944640,On or near WEST STREET,E01021998,Tendring 001B,Suspect charged
bfab7839d36b2a7101e82935875f9fb7d767cf5dc0b6b821945f804250257aa7,2015-08,Essex Police,Essex Police,0.688353,51.543969,On or near CROWSTONE CLOSE,E01015831,Southend-on-Sea 012E,Unable to prosecute suspect
4d097facb9134e0c7b2ba9501df8018277d0a2c13952d94559bccb7c476d1b20,2015-08,Essex Police,Essex Police,0.433287,51.520634,On or near MARJORAM CLOSE,E01015986,Thurrock 003C,Offender given a caution
84a97552c6fa28774f9810a94aa34ef4274ff6b2c9aa11fbb99e32413acd3cb6,2015-08,Essex Police,Essex Police,0.534258,51.608653,On or near RUSSELL GARDENS,E01021340,Basildon 007C,Local resolution
3eeef6a8d253620ce3bce4019914218739dec49d6a0b5fda8fb425cf37bcc8cc,2015-08,Essex Police,Essex Police,0.906006,51.886361,On or near Parking Area,E01021686,Colchester 011D,Unable to prosecute suspect
cfe17bc564462788edfce132aa67186e06a7b137daa0d42dadc42a937f51f746,2015-08,Essex Police,Essex Police,0.518117,51.620000,On or near Conference/Exhibition Centre,E01021338,Basildon 005C,Unable to prosecute suspect
8df5fc07ae4b720e6358181798f967c318e3010c66b80f2d6bc214fc4b2e79b8,2015-08,Essex Police,Essex Police,0.702103,51.547700,On or near Petrol Station,E01015861,Southend-on-Sea 004E,Formal action is not in the public interest
f6c5395a3bbc48d6554deaf8a578b92f6953304b00d4c2e9e12ff26972c31522,2015-08,Essex Police,Essex Police,0.582160,51.874681,On or near BRICK KILN WAY,E01021367,Braintree 012C,Local resolution
666e9a2cd010410cc10695f20bb9a1ffa0ab00007b5cc2d5cc91864629b9375c,2015-08,Essex Police,Essex Police,0.376034,51.475034,On or near BIGGIN LANE,E01015950,Thurrock 013D,Formal action is not in the public interest
564798eaed30eea316dd70f1ec42c02b591bb2b10903b449dff0af7c49ddae8a,2015-08,Essex Police,Essex Police,0.299706,51.619123,On or near Parking Area,E01021436,Brentwood 007B,Formal action is not in the public interest
da0bd3de95f5d69ed3a79acaf3b61cdbab95faa5f770c36f91b6a17925c53e9c,2015-08,Essex Police,Essex Police,0.331898,51.475381,On or near Parking Area,E01015962,Thurrock 016E,Unable to prosecute suspect
fd19dcba97c213745a26ab09fefe19b44eee1381b1f545d558e4f67420f4563f,2015-08,Essex Police,Essex Police,0.331898,51.475381,On or near Parking Area,E01015962,Thurrock 016E,Formal action is not in the public interest
04e74d6166bbfbf9675e76890b7417b48bcb30a1e6189f969ead19a0e5e0df01,2015-08,Essex Police,Essex Police,0.467055,51.714361,On or near FIR TREE RISE,E01021584,Chelmsford 012E,Formal action is not in the public interest
2f8a282a08125d679bdbf59ac38e13e8cdb84569de9bd11f5b2a325bf4477ae4,2015-08,Essex Police,Essex Police,0.461461,51.573385,On or near BRAYBROOKE,E01021318,Basildon 015C,Suspect charged
ac226d63c04e22a5879ab4b17117fc734d9b4911cb413c3574901932b0910062,2015-08,Essex Police,Essex Police,0.828573,51.891945,On or near DARINA COURT,E01021718,Colchester 012A,Unable to prosecute suspect
32bb19f7f7e0789c2a6d4e639b67627bd97cb4668647e52103e1c728523f9cde,2015-08,Essex Police,Essex Police,0.357752,51.875023,On or near ROSEMARY CRESCENT,E01033056,Uttlesford 007F,Formal action is not in the public interest
af5ded90f946ad29f6bb514e88dbe24083490edbb1abc1069da536ac037f7058,2015-08,Essex Police,Essex Police,0.552197,51.564089,On or near CROFT CLOSE,E01021477,Castle Point 003B,Local resolution
6a5c1b85155b43c56aca899abb763341f18b3467721e8a831b41fce22e91cf17,2015-08,Essex Police,Essex Police,1.284066,51.942013,On or near CANNING STREET,E01021998,Tendring 001B,Unable to prosecute suspect
e94b558f746bcb8d3b993bb0e00aed934ec4e27673f06d20e0ecf4a60f0bf868,2015-08,Essex Police,Essex Police,0.830150,51.888121,On or near ESSEX YEOMANRY WAY,E01021718,Colchester 012A,Local resolution
007c0ac98018d9b8e65ac6cb39595212d170112901d24db0c90ef0c81606ee43,2015-08,Essex Police,Essex Police,1.152226,51.789923,On or near ROSEMARY ROAD,E01022025,Tendring 016B,Suspect charged
0285cfd4a30a5d62eeb580558ad9ae04322f59e1074651aa7634a296cf4e2b14,2015-08,Essex Police,Essex Police,0.677916,51.550944,On or near SOUTHBOURNE GROVE,E01015905,Southend-on-Sea 007E,Unable to prosecute suspect
4847f25b8945fdf46ebdb99f0c8e9c9293749f460b0935e5d66c7653f76026cc,2015-08,Essex Police,Essex Police,0.613244,51.623361,On or near FERRY ROAD,E01021943,Rochford 001B,Suspect charged
8b111217a12c5b0184ec929d65d87ba08950106f145b0daff8c245d4c6b76f24,2015-08,Essex Police,Essex Police,0.243970,52.011829,On or near HILL TOP LANE,E01022082,Uttlesford 002G,Local resolution
b36e2f5dc7ab145d40e2784fb3decede46bd0ea02da1eb6a87799b68215be4c9,2015-08,Essex Police,Essex Police,0.695750,51.596852,On or near CRAVEN CLOSE,E01021931,Rochford 002E,Unable to prosecute suspect
f80823ea7ffbc40fb4833762623db470e7ddae6e1e2d61339bf3e9d479da6745,2015-08,Essex Police,Essex Police,1.172232,51.815611,On or near BRUNEL ROAD,E01021984,Tendring 010A,Formal action is not in the public interest
e127fdbcd7ad0690545418e520e843bee0f670b2efaa80ffdf9dd517b90452e3,2015-08,Essex Police,Essex Police,0.731899,51.547117,On or near GROVELANDS,E01015870,Southend-on-Sea 006B,Local resolution
a7c0ed10ab1b9ba0738d17b7db55261ff0669f3525343bee058db139db137aa6,2015-08,Essex Police,Essex Police,0.134525,51.784514,On or near CHERRY BLOSSOM CLOSE,E01021855,Harlow 001B,Offender given a drugs possession warning
a17a7e6e55e0815ed42293fff18515ecdc3a38b0ef10dcfbb4c3df7572fd50a0,2015-08,Essex Police,Essex Police,0.850037,51.888648,On or near TRAFALGAR ROAD,E01021674,Colchester 009B,Local resolution
d3c40ba2b640bbb8bc0b1a9376041d45e1f37d014c12dd30d575b955efa4beec,2015-08,Essex Police,Essex Police,1.287585,51.945144,On or near GOLDEN LION LANE,E01021998,Tendring 001B,Suspect charged
7791b97b3723fcfccb70448b8c34564f14b8b878c108889fe0c579017e31ad49,2015-08,Essex Police,Essex Police,0.365425,51.467613,On or near SULLIVAN ROAD,E01016007,Thurrock 018E,Suspect charged
78b78f72341716574342a4a5fda341fc9ca76044ecd881bc2bb431a17c02e329,2015-08,Essex Police,Essex Police,0.521172,51.864115,On or near FELBRIGG CLOSE,E01021383,Braintree 010C,Formal action is not in the public interest
5b81f28ae8a272649da18f675c0c5dbb69fc10c4b3242bf6e16b5f49eeae6a44,2015-08,Essex Police,Essex Police,1.287585,51.945144,On or near GOLDEN LION LANE,E01021998,Tendring 001B,Suspect charged
4014064473658c8a121603e6af8b705e6748011cda67d016b352ee73289b5040,2015-08,Essex Police,Essex Police,1.152101,51.791878,On or near HAYES ROAD,E01022026,Tendring 016C,Formal action is not in the public interest
49b6f114eba95b79357e8f68fb05a89ec1682ca30e49e9427e33c34ad710e52c,2015-08,Essex Police,Essex Police,1.148679,51.788768,On or near WEST AVENUE,E01022025,Tendring 016B,Unable to prosecute suspect
b0b535b95671cae1454741f59eff7792626e37ee9bb7dd427524e88a5f08b2aa,2015-08,Essex Police,Essex Police,0.790290,51.555357,On or near LITTLE WAKERING ROAD,E01021922,Rochford 010C,Unable to prosecute suspect
0b97a07eac527d27cf4b7535a4eeda0c18c36e568b0395b97e9882e75f3104f1,2015-08,Essex Police,Essex Police,0.261741,51.889938,On or near Airport/Airfield,E01022090,Uttlesford 006B,Suspect charged
e6b5f1ae060ed32b1f503ed6d96230b4c317abad31b4c3d61c7a71dc751ba50d,2015-08,Essex Police,Essex Police,0.261741,51.889938,On or near Airport/Airfield,E01022090,Uttlesford 006B,Suspect charged
196149a7cd338cad0b0667b7575a7491b410db7505a5c043ac00312335914209,2015-08,Essex Police,Essex Police,0.582160,51.874681,On or near BRICK KILN WAY,E01021367,Braintree 012C,Local resolution
e92451cd1870882ff3a31f0f0ea673b969b80f20a90a02e88e8a5a5d8a50d6fc,2015-08,Essex Police,Essex Police,0.489842,51.583551,On or near HOLDEN GARDENS,E01021269,Basildon 012C,Local resolution
de07d6b5a651594224c3dc50dc76677c4fd1e5aa13bc70b5caf79d356a8e9e32,2015-08,Essex Police,Essex Police,1.140309,51.802717,On or near TOTTERIDGE CLOSE,E01022022,Tendring 013D,Offender given a drugs possession warning
3c04156141e32e14d16c2c4867a0a275e7e0b0ae78c8e117d63cabd56e77021e,2015-08,Essex Police,Essex Police,0.565639,51.718337,On or near BELL HILL,E01021569,Chelmsford 016C,Suspect charged
0e7b6518c5a336d7669ed428f71268c9fb551c74d4d3bb3cbb1619bacb6dfe2d,2015-08,Essex Police,Essex Police,0.899183,51.910173,On or near Hospital,E01021682,Colchester 004D,Local resolution
0e7b6518c5a336d7669ed428f71268c9fb551c74d4d3bb3cbb1619bacb6dfe2d,2015-08,Essex Police,Essex Police,0.899183,51.910173,On or near Hospital,E01021682,Colchester 004D,Local resolution
24754d171e65f4e2d9d431faa9f7fbaa7638ba42dfe770828974b01b15440b94,2015-08,Essex Police,Essex Police,0.488889,51.724692,On or near MEADGATE AVENUE,E01021563,Chelmsford 014B,Formal action is not in the public interest
a066b2c26ab50b96f071e6b35fb917c74e86e52ed114af8b0695f123925e4807,2015-08,Essex Police,Essex Police,0.456959,51.570727,On or near Shopping Area,E01021318,Basildon 015C,Suspect charged
b7da20017b6206d4862d62b448ba8524fa69a48486c0f8b58c8120aaad7180fb,2015-08,Essex Police,Essex Police,0.456959,51.570727,On or near Shopping Area,E01021318,Basildon 015C,Suspect charged
58d798fbcc82b4e947194d1f335ffe8a367a3d6128be6cc49a5c13cd6c27c77c,2015-08,Essex Police,Essex Police,0.294127,51.491792,On or near Supermarket,E01015982,Thurrock 019A,Suspect charged
d057e2381770c9df9ac39cb90542d4b2a68eee901c1272b300fedd0c8977f75d,2015-08,Essex Police,Essex Police,0.505943,51.579710,On or near BARTLOW SIDE,E01021302,Basildon 013B,Local resolution
654fc6c05e2c3c031e49bbbd1b5fd55d87ceb6fb9520882221caf805238f1b19,2015-08,Essex Police,Essex Police,0.127040,51.762852,On or near PYTT FIELD,E01021836,Harlow 008D,Formal action is not in the public interest
cbb9bb89e9808d174c8920ea23483fcb8d7fd2225acf62be1aba4b9ead433f5e,2015-08,Essex Police,Essex Police,0.519982,51.611929,On or near Supermarket,E01021331,Basildon 008A,Offender given a drugs possession warning
ddb4f38ab3ef6c92f5fdc4b8df40058b010a3592b10baf7454709abe64b1e8f2,2015-08,Essex Police,Essex Police,0.716797,51.541802,On or near COLEMAN STREET,E01015895,Southend-on-Sea 010A,Unable to prosecute suspect
c8790f0ef9519b492c86efee2ec21baa014db135e9d9f9f8447efa2ca373094f,2015-08,Essex Police,Essex Police,0.091838,51.768151,On or near PLAYHOUSE SQUARE,E01021872,Harlow 007E,Suspect charged
8d99531696e8d082397ac1532c9d3e84aefc3d2e90212e843acb405da8702709,2015-08,Essex Police,Essex Police,0.699490,51.565684,On or near NIGHTINGALE CLOSE,E01015867,Southend-on-Sea 002E,Unable to prosecute suspect
0105f5bb2679944d1ad661a04c748cf04b8efceea822bd36a68ace09d0da0366,2015-08,Essex Police,Essex Police,1.147091,51.794693,On or near KEY ROAD,E01021968,Tendring 017A,Unable to prosecute suspect
3d9f15b6e3dd25c0efb3cf4072bc13a1615b39f413cd8bbcaf3f58aa322049b4,2015-08,Essex Police,Essex Police,1.148025,51.787913,On or near Police Station,E01022037,Tendring 017D,Suspect charged
0c2184388ccd14bba6b5d4da74db95e4ad0eb0809645ee920fa6f97ecbb675e6,2015-08,Essex Police,Essex Police,0.474190,51.732359,On or near Shopping Area,E01033140,Chelmsford 010F,Offender given penalty notice
d84ca703188b03c0a794a3b51774d92c56d701ece5b8fe0f4f4c75ceea59fc17,2015-08,Essex Police,Essex Police,0.897808,51.901249,On or near Supermarket,E01021679,Colchester 004A,Local resolution
0a41a03fa1dd463c68717604b5653e188197c6e5acce53f80e6183bb7eb71bf4,2015-08,Essex Police,Essex Police,0.534414,51.617661,On or near Parking Area,E01021339,Basildon 005D,Offender given a caution
ccab96dc49a02606f13796fad1f508c30e06c2e9a4982bd04e06d60e483504b3,2015-08,Essex Police,Essex Police,0.096908,51.770291,On or near VELIZY AVENUE,E01021849,Harlow 003A,Unable to prosecute suspect
ccab96dc49a02606f13796fad1f508c30e06c2e9a4982bd04e06d60e483504b3,2015-08,Essex Police,Essex Police,0.096908,51.770291,On or near VELIZY AVENUE,E01021849,Harlow 003A,Unable to prosecute suspect
ccb0c9a414bb824042de704518854439c7fb969cb23b9b2e1f3f131ff03b9cb1,2015-08,Essex Police,Essex Police,0.774564,51.541367,On or near BISHOPSTEIGNTON,E01015914,Southend-on-Sea 017A,Suspect charged
16e5f4bc7a9eab533cc120ded32e9e606347cae3c9d23e7f1c9d9aed7dec0d23,2015-08,Essex Police,Essex Police,0.050757,51.630400,On or near LOUGHTON WAY,E01021742,Epping Forest 015A,Formal action is not in the public interest
627f0613121381e9cd8ae1b8b32a3d4185e964c1099d3546856ee5d3696eb957,2015-08,Essex Police,Essex Police,0.116622,51.769713,On or near TUNNMEADE,E01021847,Harlow 002D,Offender given a caution
9192ab47a4bde9fe3b93786942ff24cad78ba129fa0bd0773e9869e3554d85ff,2015-08,Essex Police,Essex Police,0.775746,51.534971,On or near LONGSANDS,E01015917,Southend-on-Sea 017D,Unable to prosecute suspect
19ebe96a72786bac2d44daaba7d3bc634449549411bc5dfff54f5ef0044ca0aa,2015-08,Essex Police,Essex Police,0.119436,51.762018,On or near PURFORD GREEN,E01021819,Harlow 006A,Formal action is not in the public interest
2a4faab612e38c7c90740176e0c946d9e12a99f0a19996f9e574a2bd17987cdd,2015-08,Essex Police,Essex Police,0.076183,51.728619,On or near MAGPIES,E01021741,Epping Forest 002A,Suspect charged
542e667bc95eab54729b6b9b726512feaa5c3aa7d08a08fae5e476b278db8fce,2015-08,Essex Police,Essex Police,1.029426,51.797264,On or near CRUCE WAY,E01022046,Tendring 011E,Offender given a caution
1427359ad055b85b10441eaa7eb1ded83711874e7c0c72e45ede935daa54095a,2015-08,Essex Police,Essex Police,0.261741,51.889938,On or near Airport/Airfield,E01022090,Uttlesford 006B,Offender given penalty notice
2f4dcbfdfc8aa5fb37e681659efebeccc4bbff81d042b764b0c7345bd55e696a,2015-08,Essex Police,Essex Police,1.093192,51.896326,On or near B1035,E01022019,Tendring 003E,Local resolution
7f9b5535c6a875fd37530f6e64f83760b24fd1b5a0df001ea3ac46a706c428ab,2015-08,Essex Police,Essex Police,1.155313,51.791756,On or near CARNARVON ROAD,E01022027,Tendring 016D,Unable to prosecute suspect
07cb46d84fc9b24241eb2ef9bf43a4d62b22f3b97980cb0c82469a90c3215b7b,2015-08,Essex Police,Essex Police,0.278595,51.479918,On or near MOTHERWELL WAY,E01016012,Thurrock 015C,Offender given a caution
72fda830ce64c121fd685c435235ef60f9cb7d21b48e5da7004aa4fbe2bd6b9e,2015-08,Essex Police,Essex Police,0.441899,51.573812,On or near TEAGLES,E01021291,Basildon 016E,Formal action is not in the public interest
d1e73207e34b85a583f8787715ea21dbef388562e6803258cbf9e28c41c1b9fe,2015-08,Essex Police,Essex Police,0.095526,51.751396,On or near LONG BANKS,E01021859,Harlow 010C,Suspect charged
269ab6e68765a9ca46197f6e16d49003b9cf6461f5d36c68e607b5cbadfa9aec,2015-08,Essex Police,Essex Police,0.324764,51.485181,On or near HATHAWAY ROAD,E01015958,Thurrock 009B,Suspect charged
b877e8ee6c319310162e5af2789692255e72cd20d6334046f03eb34ae26a460a,2015-08,Essex Police,Essex Police,0.036568,51.775435,On or near B181,E01021801,Epping Forest 002E,Formal action is not in the public interest
a1c5ce1cc5fc4ddd4b86c03c890e086667e68548003d97f383ad6dffaff66028,2015-08,Essex Police,Essex Police,0.520914,51.861585,On or near PETWORTH CLOSE,E01021383,Braintree 010C,Local resolution
cc023a7ffba88d0fbae3f77eb84ac8e9c2cb2a928f9919a768a409ca41b9c358,2015-08,Essex Police,Essex Police,0.689066,51.539195,On or near METEOR ROAD,E01015831,Southend-on-Sea 012E,Unable to prosecute suspect
c858ea21396ec1ae39af566b42203d96ba30bd463a390761263c7bd3d3af7a91,2015-08,Essex Police,Essex Police,1.149490,51.790419,On or near ROSEMARY ROAD WEST,E01022026,Tendring 016C,Unable to prosecute suspect
0e8cc53cd4a59d6516d442879321162d6335a8e6c9f9169e5994fae3eb170a82,2015-08,Essex Police,Essex Police,0.728202,51.546808,On or near SELWYN ROAD,E01015870,Southend-on-Sea 006B,Suspect charged
d7bdfd423f37de3abbc01cc3c55702585a066ea2de19a97dfe42b13c0bef18fe,2015-08,Essex Police,Essex Police,0.565974,51.523282,On or near SECOND AVENUE,E01021486,Castle Point 010B,Unable to prosecute suspect
964d2a210a62e9947ed74dedd26359e2ad721b2af6113d6512acb1d71777718e,2015-08,Essex Police,Essex Police,0.897808,51.901249,On or near Supermarket,E01021679,Colchester 004A,Local resolution
2ed672663837c08336b003fc0266af3ab3e64108bdace28dd4f3f98a3b06b10e,2015-08,Essex Police,Essex Police,0.889108,51.889601,On or near ST ALBAN'S ROAD,E01021646,Colchester 007A,Formal action is not in the public interest
747aa1e609c125a49f13039362f20b253abf6a433d9bdf06c3d731bff51dd6e6,2015-08,Essex Police,Essex Police,0.881260,51.864854,On or near LEAS ROAD,E01033723,Colchester 015G,Unable to prosecute suspect
a937c8c6df23a6a8dccc59d99facee09de71bf9203a4641f57e15e4944cd4e18,2015-08,Essex Police,Essex Police,0.466253,51.737400,On or near Parking Area,E01021574,Chelmsford 010A,Unable to prosecute suspect
5e9ac2ae24dd636855c173530785b17390d62cca451d6be28800542a4a832f7e,2015-08,Essex Police,Essex Police,0.596131,51.713782,On or near DILSTON,E01021570,Chelmsford 016D,Unable to prosecute suspect
39cd222f42c8e0d8f8085202f29d7e48c4d7c3b7fd841e1412d552d7c83f1af3,2015-08,Essex Police,Essex Police,0.469167,51.709820,On or near BUNTING CLOSE,E01021558,Chelmsford 015B,Suspect charged
194f07907d6ebc7a55dba73aa17df207584ccf7867b2e547433c2e027fb2e20b,2015-08,Essex Police,Essex Police,1.083978,51.799559,On or near ROCHFORD ROAD,E01022045,Tendring 018D,Unable to prosecute suspect
194f07907d6ebc7a55dba73aa17df207584ccf7867b2e547433c2e027fb2e20b,2015-08,Essex Police,Essex Police,1.083978,51.799559,On or near ROCHFORD ROAD,E01022045,Tendring 018D,Unable to prosecute suspect
8c5ce1783e8143199eefac33cae25e5f33a16dbf77ca2cecdba36df93b7fb857,2015-08,Essex Police,Essex Police,0.285222,51.484852,On or near Parking Area,E01016011,Thurrock 015B,Formal action is not in the public interest
3be6f1ccf1eced383c2946c317d05fae5d4da26d414a3387ae1f0451027d15ee,2015-08,Essex Police,Essex Police,1.046282,51.939741,On or near HUNTER DRIVE,E01022013,Tendring 003B,Formal action is not in the public interest
ad39b05d933e271aece59c1e5136828469b7cf33934eb1196e6332678dc6babb,2015-08,Essex Police,Essex Police,0.923410,51.883330,On or near VENTURA DRIVE,E01021685,Colchester 011C,Unable to prosecute suspect
05d068599e7a901bbef4382baf8145fc201ccebc468e44aceb3aafd6b1b35cff,2015-08,Essex Police,Essex Police,0.463705,51.736095,On or near PARKWAY,E01021574,Chelmsford 010A,Formal action is not in the public interest
af51e3cc164dacb64644f5cc4e8aae25c6bc3f436cf466c939075b8636fb518a,2015-08,Essex Police,Essex Police,0.297529,51.477229,On or near LONDON ROAD,E01016011,Thurrock 015B,Unable to prosecute suspect
c660bfb008deb62ac44b3694cabffec84fb6ba6755b5d14a302940f6ea7a0937,2015-08,Essex Police,Essex Police,0.138429,51.772007,On or near GREAT AUGUR STREET,E01021857,Harlow 001D,Suspect charged
73fc48f1ed05bf89f0fabe9e28d0ee1bbc66cba901ef3ace6e030bd77e4c4f12,2015-08,Essex Police,Essex Police,1.149490,51.790419,On or near ROSEMARY ROAD WEST,E01022026,Tendring 016C,Suspect charged
d2ee50431181ea11de54bd2282285437c6e1aa9fd91c36b2fd1dc5566d11f8d1,2015-08,Essex Police,Essex Police,0.720074,51.535817,On or near ST LEONARD'S ROAD,E01015841,Southend-on-Sea 014C,Unable to prosecute suspect
52758c809f6399e02a11f86ff0fc2109e46d54230610777d69d7feba4c173f6e,2015-08,Essex Police,Essex Police,1.115348,51.773791,On or near FIR WAY,E01021988,Tendring 018A,Formal action is not in the public interest
71ee54176743490643fc6d49ad006ee0b7ed4f52aaf81d97227e783eb5fee6ba,2015-08,Essex Police,Essex Police,0.700915,51.926413,On or near SWALLOW FIELD,E01021410,Braintree 006E,Unable to prosecute suspect
11b97fd8071cb1ea20e0bce40000a25a9659e705c01bdceb1f32fb193e076eb5,2015-08,Essex Police,Essex Police,0.697430,51.538436,On or near HERMITAGE ROAD,E01015856,Southend-on-Sea 015F,Formal action is not in the public interest
2831b480747c93343f426d9714d4f7521739689319054386db17c9297849c678,2015-08,Essex Police,Essex Police,0.319731,51.477969,On or near Parking Area,E01015953,Thurrock 017C,Local resolution
8e5df1109ceeb5e7aa09206ce5d402b6b4a8a3893622845fbb8258352387f098,2015-08,Essex Police,Essex Police,0.540278,51.883542,On or near PORTERS FIELD,E01021358,Braintree 008C,Offender given a drugs possession warning
b6eec343e0b545f9bdd42d770c32dc332869596466ce372f5b73894daa27aa74,2015-08,Essex Police,Essex Police,0.741996,51.549265,On or near SHERWOOD WAY,E01015886,Southend-on-Sea 009D,Formal action is not in the public interest
1027db9c68cdd81a8cf8db26dbb018564c8905dc13bf3f3839e4e132f8fc608a,2015-08,Essex Police,Essex Police,0.727502,51.535339,On or near WOODGRANGE DRIVE,E01015840,Southend-on-Sea 014B,Unable to prosecute suspect
d3d2f082a70d2c57edd204cd5e13b34f9e4b59bce54858b28b480de2aefc5e93,2015-08,Essex Police,Essex Police,0.261741,51.889938,On or near Airport/Airfield,E01022090,Uttlesford 006B,Local resolution
67e1d0d23c73e01881a285413b0b0a4b584339ba331e7da56df46ef280392b56,2015-08,Essex Police,Essex Police,1.143031,51.803472,On or near STANMORE CLOSE,E01022022,Tendring 013D,Suspect charged
63b1ab706e9644b53069281f71f3ce33cd98376d79ffba0b09cb19676b70db7e,2015-08,Essex Police,Essex Police,0.520989,51.612635,On or near Supermarket,E01021331,Basildon 008A,Suspect charged
912ffcb0a146f1abf2758b0107cd3ccdc1d26c3438f725f535613a61ab170df0,2015-08,Essex Police,Essex Police,0.496752,51.573188,On or near CHALK END,E01021306,Basildon 013E,Unable to prosecute suspect
dfcdf11e7a3d027572da9587eb1751404c30b596c505e40f7c678bd07050b642,2015-08,Essex Police,Essex Police,0.738699,51.759882,On or near LITTLE TOTHAM ROAD,E01021882,Maldon 002A,Unable to prosecute suspect
d74d6b790e99093ef11104bbf4a9eccbd3e708d046ebd0a6b408e42135537414,2015-08,Essex Police,Essex Police,0.367203,51.468315,On or near RAPHAEL AVENUE,E01016010,Thurrock 018H,Suspect charged
292142aefd897c757ba85deb3393ae8a45c80f9e9c7aea159f278b6ba5e86894,2015-08,Essex Police,Essex Police,0.600016,51.579758,On or near ORCHARD AVENUE,E01021966,Rochford 008F,Formal action is not in the public interest
d18bf6b8a5be5f7237bfbb65234e2d5407fe5db18ec2d32411ad0884f2ffad74,2015-08,Essex Police,Essex Police,0.473830,51.736629,On or near Chelmsford Police Station,E01033141,Chelmsford 010G,Suspect charged
a6f9b26c98ecffd6e626449e50239138bd7b8192233f62e3cf8d89072f701b0f,2015-08,Essex Police,Essex Police,0.793316,51.539519,On or near Parking Area,E01015880,Southend-on-Sea 013E,Unable to prosecute suspect
6d395389abab95feeac8a5c56643db02fa4aee54025f08173ba5a52b5159932b,2015-08,Essex Police,Essex Police,0.741996,51.549265,On or near SHERWOOD WAY,E01015886,Southend-on-Sea 009D,Suspect charged
b89dfc6c5f363c67259b703faf1f0908fbf8296327ee3fe76ddf81e49832c16d,2015-08,Essex Police,Essex Police,0.481140,51.570614,On or near BEATTY LANE,E01021322,Basildon 019A,Suspect charged
5703d180cac668570bd68fcb99219bf12df37de41b0eb250f95385a05830394f,2015-08,Essex Police,Essex Police,0.535948,51.601917,On or near Supermarket,E01021345,Basildon 007E,Offender given a caution
e5d48741c28afc2ba53a99060085a8e3c0d31937527497878c0b130505229195,2015-08,Essex Police,Essex Police,0.133837,51.755481,On or near LONDON ROAD,E01021835,Harlow 008C,Offender given a caution
8319d82b70ebd018a05e33eca8fcf3ec1ce97448516db4674f2fcee5e22e9d99,2015-08,Essex Police,Essex Police,0.132577,51.757347,On or near CHAPEL LANE,E01021836,Harlow 008D,Offender given a caution
e03546b409acabe182b8b784f03737e9ca5f8818e1e5f0c7c2d754c4b6305cad,2015-08,Essex Police,Essex Police,1.242990,51.830724,On or near FOURTH AVENUE,E01021987,Tendring 008A,Unable to prosecute suspect
73edb997ce542a82e3eae61130093cae91b67b73b75ac0e5ba8efd460d84ea8e,2015-08,Essex Police,Essex Police,0.300183,51.476745,On or near FOXTON ROAD,E01016015,Thurrock 015F,Formal action is not in the public interest
5cb5192bcde8dfc124fcc7a85b6c3d69c20099e7404b65bb6cff5cba7435a6a7,2015-08,Essex Police,Essex Police,0.700915,51.926413,On or near SWALLOW FIELD,E01021410,Braintree 006E,Unable to prosecute suspect
25e7857a9202442c8635d1d29454e80e6a00e260ba323c0319358af41cfc9fb5,2015-08,Essex Police,Essex Police,0.261741,51.889938,On or near Airport/Airfield,E01022090,Uttlesford 006B,Offender given penalty notice
d07abebcedd2a482cab0635e785f32c577ff41e9d10599a142573009e4aa6dd1,2015-08,Essex Police,Essex Police,0.253167,51.499907,On or near CHICHESTER CLOSE,E01015926,Thurrock 008E,Formal action is not in the public interest
7c40eeadab6aadddb232b862747937d617980162ce4782762b74ef4dcd6ac1dd,2015-08,Essex Police,Essex Police,0.086303,51.771334,On or near Hospital,E01021843,Harlow 004E,Formal action is not in the public interest
98e80a2f40a7a831a50d3a3df2ef2df2c7d2835acfb38738636d40533a309448,2015-08,Essex Police,Essex Police,0.445997,51.568960,On or near WICKHAY,E01021287,Basildon 017A,Unable to prosecute suspect
fb87e8ebdca79f66568879edd54c82d37200d874dd5b4a1d5b5319dad06d65b9,2015-08,Essex Police,Essex Police,0.251189,51.506258,On or near SHANNON WAY,E01015924,Thurrock 008C,Unable to prosecute suspect
3c73f1e2157ea600d3e1b62e9de0d88bdf6dc7a11d671d4e7e1db0e34071d306,2015-08,Essex Police,Essex Police,0.689621,51.541026,On or near FINCHLEY ROAD,E01015831,Southend-on-Sea 012E,Formal action is not in the public interest
edf87577125fa1e942b7afb9cb9bbe8d2a68e048a570b7bb541b097ac5097cc2,2015-08,Essex Police,Essex Police,0.294127,51.491792,On or near Supermarket,E01015982,Thurrock 019A,Formal action is not in the public interest
7de3c489f7a2b4a163af1a52d2882b7d38425b2cb2b97d0534e5181e80376bf6,2015-08,Essex Police,Essex Police,0.720616,51.537397,On or near HASTINGS ROAD,E01015841,Southend-on-Sea 014C,Formal action is not in the public interest
f7c5527291a5d1c505ea29fbc956d5a91e29b96a2cd459432b6680b54e6cc479,2015-08,Essex Police,Essex Police,0.553157,51.577361,On or near THE LARCHES,E01021515,Castle Point 001C,Formal action is not in the public interest
660e4b78ba705fba758f8141531825066a56b1d4ad0bec249f9928072f988f45,2015-08,Essex Police,Essex Police,0.592084,51.520253,On or near Parking Area,E01021498,Castle Point 011B,Local resolution
7bed249f7b3d4b7c30027f14e3f4d3193fc8d99fa90c10876ba95af96452a545,2015-08,Essex Police,Essex Police,0.356004,51.465303,On or near FAIRFAX ROAD,E01016006,Thurrock 018D,Formal action is not in the public interest
6d52c5bd1c3564dee59543b49b3c0a3d63376cd852dca245f210ab7ef12a20f8,2015-08,Essex Police,Essex Police,0.724916,51.543475,On or near BRANKSOME ROAD,E01015843,Southend-on-Sea 014E,Unable to prosecute suspect
7b103a9e7e92c3e7c7d496e42fbcb6cfbc31bc5cffb5b2d93edb90b2960c5847,2015-08,Essex Police,Essex Police,0.536922,51.612904,On or near HIGHCLIFFE WAY,E01021339,Basildon 005D,Formal action is not in the public interest
7e30066f7508f004731432c8ee95f32d226f33a2e0c7ba5d19ab2fb41cc94cb7,2015-08,Essex Police,Essex Police,0.717404,51.535043,On or near CHANCELLOR ROAD,E01015852,Southend-on-Sea 015B,Formal action is not in the public interest
7ee0f35522c86261cd8f7fb11bed33748f92e130d5fe4ed73570624c143150c1,2015-08,Essex Police,Essex Police,0.637889,51.948266,On or near Hospital,E01021390,Braintree 006B,Formal action is not in the public interest
a98d0762a1736265c8bb5cd8aae8cb6419c708024eb15b5d9aec4e80a367838b,2015-08,Essex Police,Essex Police,0.725830,51.539461,On or near WINDERMERE ROAD,E01015839,Southend-on-Sea 014A,Unable to prosecute suspect
413266658ec593eda0842cba540c11895877d8cc2e77f6025bb07f9cc347e26b,2015-08,Essex Police,Essex Police,0.504894,51.548561,On or near Parking Area,E01021310,Basildon 022B,Formal action is not in the public interest
31984aa6aefe4f739adcff854e118305111d1e51a6746541d6b32f4c875293f9,2015-08,Essex Police,Essex Police,0.083740,51.660232,On or near HEREWARD GREEN,E01021774,Epping Forest 011A,Unable to prosecute suspect
5dd5de71e87e27e321079f12a4e2c0effc37aacae028a67e72a5f434412018c6,2015-08,Essex Police,Essex Police,0.515702,51.569536,On or near KINGSDOWN CLOSE,E01021313,Basildon 018A,Formal action is not in the public interest
2823e1fd8549314d730ece3d8baedad4f384f4bafb2c80791608ba7ed9818a62,2015-08,Essex Police,Essex Police,0.690596,51.721081,On or near OAK CLOSE,E01021889,Maldon 004A,Formal action is not in the public interest
c3976f2fd395bb6b28f80e439af60d5007ec3841e963f10d3cd09ec539a4674e,2015-08,Essex Police,Essex Police,0.286052,51.506051,On or near DANBURY CRESCENT,E01015931,Thurrock 007E,Unable to prosecute suspect
19de7e971d79a35e826625db9a4db4b1daee9f111a6ed82987b69095fe8619b5,2015-08,Essex Police,Essex Police,0.550351,51.889997,On or near QUEENS ROAD,E01021359,Braintree 008D,Formal action is not in the public interest
19de7e971d79a35e826625db9a4db4b1daee9f111a6ed82987b69095fe8619b5,2015-08,Essex Police,Essex Police,0.550351,51.889997,On or near QUEENS ROAD,E01021359,Braintree 008D,Formal action is not in the public interest
c947bbddf784d98b706914bf7688a6b6e9c8e5c31084e8422d98a8b165fa3590,2015-08,Essex Police,Essex Police,0.702180,51.550693,On or near Hospital,E01015862,Southend-on-Sea 004F,Unable to prosecute suspect
b57477ce3b726377d1f8587b0393ce124fd0549431dc2954c0ddcb82faf93d8c,2015-08,Essex Police,Essex Police,0.102691,51.773722,On or near THE DASHES,E01021851,Harlow 003C,Formal action is not in the public interest
5c4781256ed46b9fdd2233357b779486c683a74ac8c5b0fac510575744716991,2015-08,Essex Police,Essex Police,0.256976,52.022695,On or near HORN BOOK,E01022081,Uttlesford 002F,Local resolution
625c8c76a354341f84d85b51f3ee70d88b563236ee6e55fb2ed427718a6ae14e,2015-08,Essex Police,Essex Police,0.639987,51.574539,On or near EASTWOOD RISE,E01015836,Southend-on-Sea 001D,Unable to prosecute suspect
5a70dca5c341d932ea53934edc8044141ffcd40b4662ca475c9364bc9e746c87,2015-08,Essex Police,Essex Police,0.472257,51.733569,On or near Shopping Area,E01033141,Chelmsford 010G,Local resolution
070f89dfc148e9efac086fbbfb54cb08f183a626cee4a1141363ef3a298af741,2015-08,Essex Police,Essex Police,0.725830,51.539461,On or near WINDERMERE ROAD,E01015839,Southend-on-Sea 014A,Formal action is not in the public interest
1bba6bbf64cb31a1f7567f182f7da0c4a2082b6f168aee37891bf164a0735a82,2015-08,Essex Police,Essex Police,0.493847,51.582863,On or near PENDLE DRIVE,E01021269,Basildon 012C,Unable to prosecute suspect
114ece1a2c73fbad7c25c229fca8eeefced5362fb096924a86e4e07b3c35942d,2015-08,Essex Police,Essex Police,0.440677,51.582515,On or near PRINCES CLOSE,E01021279,Basildon 010E,Unable to prosecute suspect
3ad9b880a63f09003a48f72420ae8dc060d94f5cbd8c8dcd68047e42e820d07b,2015-08,Essex Police,Essex Police,0.116933,51.763026,On or near HIGHFIELD,E01021820,Harlow 006B,Formal action is not in the public interest
c3e6abd7b417b99efe678102900d696ac1dce390c3bf3e37352a0e58783b4d84,2015-08,Essex Police,Essex Police,0.605084,51.582047,On or near MOAT RISE,E01021966,Rochford 008F,Local resolution
c3e6abd7b417b99efe678102900d696ac1dce390c3bf3e37352a0e58783b4d84,2015-08,Essex Police,Essex Police,0.605084,51.582047,On or near MOAT RISE,E01021966,Rochford 008F,Formal action is not in the public interest
3c5352a489bc19a631fe7603e4181f127e8ec01997eb9d5a79a8faf2deb069ab,2015-08,Essex Police,Essex Police,1.259559,51.850287,On or near WADE REACH,E01022055,Tendring 006D,Suspect charged
65df013f108418d5640c38bc35ee7ca52b1c38a55c5dc7a211b0d13b711d56b2,2015-08,Essex Police,Essex Police,0.910565,51.873009,On or near LADBROOK DRIVE,E01021665,Colchester 016D,Local resolution
15d730bc029dbbe63a0a36f6c5c299ec5d9e1b1ac8bacea25a12f18a6d9662de,2015-08,Essex Police,Essex Police,0.830150,51.888121,On or near ESSEX YEOMANRY WAY,E01021718,Colchester 012A,Suspect charged
1209d47cbd2c6c45f484854738e4d35395abd98d6f128ac13ddcbcfe02adff41,2015-08,Essex Police,Essex Police,0.484654,51.736715,On or near Prison,E01021627,Chelmsford 010E,Suspect charged
1209d47cbd2c6c45f484854738e4d35395abd98d6f128ac13ddcbcfe02adff41,2015-08,Essex Police,Essex Police,0.484654,51.736715,On or near Prison,E01021627,Chelmsford 010E,Formal action is not in the public interest
7da2b0fced0593893e2e238d594237a6bfd29d7325264b70fdaacbd34f0f8f6b,2015-08,Essex Police,Essex Police,0.253167,51.499907,On or near CHICHESTER CLOSE,E01015926,Thurrock 008E,Formal action is not in the public interest
4bcad9f119725c5725b3334bf0981bb4bf54b526b5672b1c4860c0600caa51bc,2015-08,Essex Police,Essex Police,0.249107,51.505542,On or near NARE ROAD,E01015923,Thurrock 008B,Suspect charged
43546961246ac3908f79968bd4013e6635fd8482a11fb4f04653e361c22b5372,2015-08,Essex Police,Essex Police,0.333084,51.476607,On or near EAST THURROCK ROAD,E01015962,Thurrock 016E,Formal action is not in the public interest
43546961246ac3908f79968bd4013e6635fd8482a11fb4f04653e361c22b5372,2015-08,Essex Police,Essex Police,0.333084,51.476607,On or near EAST THURROCK ROAD,E01015962,Thurrock 016E,Formal action is not in the public interest
45862825b136fd22b3d5f253d6fed9def22a7e69d411035974b971abf90330e7,2015-08,Essex Police,Essex Police,0.318864,51.488131,On or near ANTELOPE AVENUE,E01015939,Thurrock 020A,Local resolution
8947c27d0df4842bd3cd0176fa8e81f85599472133b1f5b23e73df7c4516bab7,2015-08,Essex Police,Essex Police,1.154454,51.791509,On or near Parking Area,E01022025,Tendring 016B,Suspect charged
821a61426bc5bdda9116a6ffca15a1e8f273b49d3bc764c293ef76fa237d954f,2015-08,Essex Police,Essex Police,0.350172,51.635983,On or near WILKES ROAD,E01021451,Brentwood 003D,Suspect charged
fac6a7c23af24ab722b61aa32eae61135b05a9d6b64245b2dcafc78df6f576cf,2015-08,Essex Police,Essex Police,0.480398,51.586665,On or near Sports/Recreation Area,E01021267,Basildon 012B,Suspect charged
8932bc0481d10998328ddc2a101c97205cb4d47fdb281fd7dd86e13bf398b684,2015-08,Essex Police,Essex Police,0.709094,51.540820,On or near Supermarket,E01015895,Southend-on-Sea 010A,Suspect charged
a3817c291542a06d44bf551280f766220d94171133ec3ac38cc0623ec30a6fcb,2015-08,Essex Police,Essex Police,0.443147,51.744322,On or near CLYDE CRESCENT,E01021598,Chelmsford 003C,Local resolution
7b862264dbec9c8226684a0a96ec5de1fa45eb14364ee76376753b8a6414bda0,2015-08,Essex Police,Essex Police,1.146196,51.789968,On or near Supermarket,E01022038,Tendring 017E,Suspect charged
8561715ec64762b4c3e55e3c667a86d84241241a0c2874e67f0177dd9fa2ad89,2015-08,Essex Police,Essex Police,0.521172,51.864115,On or near FELBRIGG CLOSE,E01021383,Braintree 010C,Unable to prosecute suspect
e4257b8bc3b1aa5f828ee78d36e709ac8c1774c33aab8ed9c4875572c997288a,2015-08,Essex Police,Essex Police,0.455359,51.745920,On or near LANGTON AVENUE,E01021576,Chelmsford 006A,Offender given a caution
79bd07173c1c80df83c89e6f58b3b8f18b29003c3b463d883186a4fdd96d1553,2015-08,Essex Police,Essex Police,0.438472,51.551571,On or near DRY STREET,E01021282,Basildon 021C,Offender given a drugs possession warning
c4a954508b217fb6a8e8619980067d68115ee93a61b2ee6b1959a9053c5c4787,2015-08,Essex Police,Essex Police,0.783576,51.542035,On or near MIDSUMMER MEADOW,E01015879,Southend-on-Sea 013D,Offender given a caution
14bb50d1a2364842495bc73d374583ec10c5efb12345abda3c33e0a555bc2d0a,2015-08,Essex Police,Essex Police,0.463705,51.736095,On or near PARKWAY,E01021574,Chelmsford 010A,Formal action is not in the public interest
ff049d1118f35cf9245e64d4c7deec58009512385a7d77da5d6fcee75c07e9d5,2015-08,Essex Police,Essex Police,0.266663,51.867326,On or near ELM CLOSE EXTENSION,E01022091,Uttlesford 006C,Suspect charged
54a9699a3656ebff00c02a90ae02b8a722ac12c5036fc9c1e3100b1f9ab32513,2015-08,Essex Police,Essex Police,0.080654,51.652202,On or near PRESCOTT GREEN,E01021778,Epping Forest 011E,Formal action is not in the public interest
2131e0e650147860ace59503c83bce8a50c9bb3f8b07471563fe980d56254e8e,2015-08,Essex Police,Essex Police,0.691263,51.745222,On or near Supermarket,E01021888,Maldon 003E,Unable to prosecute suspect
01b93f20e2f6b60a24dbb3a21a1102fa9fa8fd8d2b06cc289cd99eb134a08adf,2015-08,Essex Police,Essex Police,1.025338,51.799258,On or near COLNE WAY,E01022046,Tendring 011E,Formal action is not in the public interest
9703f076196ccb09c35ffb26a9e0ebbcafade4708c3f2600c21c4a13f458236c,2015-08,Essex Police,Essex Police,0.773622,51.682950,On or near MILL ROAD,E01021899,Maldon 007D,Suspect charged
8b0b67f3a9a161eb8a920c2556c4d78f0c03fa7de66f7a36c597437c14baa07f,2015-08,Essex Police,Essex Police,0.672276,51.726922,On or near ORCHARD ROAD,E01021898,Maldon 005F,Formal action is not in the public interest
8b0b67f3a9a161eb8a920c2556c4d78f0c03fa7de66f7a36c597437c14baa07f,2015-08,Essex Police,Essex Police,0.672276,51.726922,On or near ORCHARD ROAD,E01021898,Maldon 005F,Formal action is not in the public interest
174348af26b3610ce2887b1cd5544419a750d23a4a05bb6ee14952d4d8cb1cb0,2015-08,Essex Police,Essex Police,0.112398,51.774852,On or near HOWARD WAY,E01021850,Harlow 003B,Suspect charged
0250a89202ab2d98c5bff9c42cf87d8612d33f24a040788bd34d6da517a68422,2015-08,Essex Police,Essex Police,0.498523,51.565218,On or near ELM GREEN,E01021317,Basildon 018E,Unable to prosecute suspect
39fac7373997d4d55c9d3bd0ae2fd58d8034db789d40b11089886884a63ac7bc,2015-08,Essex Police,Essex Police,0.084680,51.767568,On or near HARE STREET,E01021842,Harlow 004D,Unable to prosecute suspect
4103176c52ad2228c09041df274d6029f3ce14792c1f645657d42f05e5ab22ca,2015-08,Essex Police,Essex Police,0.055669,51.636141,On or near NEVILL WAY,E01021784,Epping Forest 013E,Local resolution
05e02255b1e3801d0eae00ad0787defa70bd1a077ca485bd7c84f59cff72ee5e,2015-08,Essex Police,Essex Police,0.471839,51.572348,On or near THISTLEDOWN,E01021318,Basildon 015C,Unable to prosecute suspect
b42716741f5f2df6aac91c1bd38b651186830ca73c7e9dd1e14992eb4d30843f,2015-08,Essex Police,Essex Police,0.502805,51.748794,On or near WALLFLOWER COURT,E01021621,Chelmsford 007B,Unable to prosecute suspect
c9eb09ec2d3dd0400e107504bc9be671ed1c8460089ab960114bcf9b98fe3b56,2015-08,Essex Police,Essex Police,0.724162,51.553539,On or near WALTHAM CRESCENT,E01015871,Southend-on-Sea 006C,Local resolution
6f4f678094bd061405ce4060e7914dad9db662ca9dfd14fd9e6f766370e510e2,2015-08,Essex Police,Essex Police,0.722109,51.533908,On or near PLEASANT ROAD,E01015841,Southend-on-Sea 014C,Suspect charged
b43c388180fffcf23be8821ae0b7231ce495d50d540f52d5f1b31b79b020c8cf,2015-08,Essex Police,Essex Police,0.504477,51.568005,On or near WICKFORD AVENUE,E01021317,Basildon 018E,Formal action is not in the public interest
1e012a3486ae1ad23e795ac0eaf0ea8fc8f59fac6955f8d219dbcf99b77c5d07,2015-08,Essex Police,Essex Police,0.272254,51.492281,On or near Motorway Service Area,E01016012,Thurrock 015C,Formal action is not in the public interest
b05747b6ae476d3544300625d8ff3c92c90deaf5303590825b83fd05634e6f0f,2015-08,Essex Police,Essex Police,1.152845,51.797551,On or near WELLESLEY ROAD,E01022043,Tendring 014B,Formal action is not in the public interest
6d6d4be0c7dd4f2abf5ad405addec7fb70366cf67270b62fa23875558f581540,2015-08,Essex Police,Essex Police,0.618458,51.851512,On or near BROOMFIELD,E01021361,Braintree 012B,Formal action is not in the public interest
18371b53002b67a114685085e2d01615df16939540f40fd93266104931e6450a,2015-08,Essex Police,Essex Police,0.094133,51.767643,On or near Shopping Area,E01021872,Harlow 007E,Offender given penalty notice
4d6207085b25615904653f64973b238db01a5faba9687d2c662b3953e86cef3c,2015-08,Essex Police,Essex Police,1.147433,51.789620,On or near Supermarket,E01022038,Tendring 017E,Suspect charged
43404708ed0c468e1bd898646fa04926feba74a7cf7233e9a4668e893587c54d,2015-08,Essex Police,Essex Police,0.899875,51.890226,On or near Nightclub,E01021649,Colchester 007D,Unable to prosecute suspect
43404708ed0c468e1bd898646fa04926feba74a7cf7233e9a4668e893587c54d,2015-08,Essex Police,Essex Police,0.899875,51.890226,On or near Nightclub,E01021649,Colchester 007D,Unable to prosecute suspect
1b7db196cb7c5a9155d04390089eb0a64a7cbfb3b43a9338a75b6a8ad9ac6abb,2015-08,Essex Police,Essex Police,0.899875,51.890226,On or near Nightclub,E01021649,Colchester 007D,Unable to prosecute suspect
1b7db196cb7c5a9155d04390089eb0a64a7cbfb3b43a9338a75b6a8ad9ac6abb,2015-08,Essex Police,Essex Police,0.899875,51.890226,On or near Nightclub,E01021649,Colchester 007D,Unable to prosecute suspect
0be04d1ea4987a36e7e5468b1890582d16eff147f2bc192479991dd70e6370e8,2015-08,Essex Police,Essex Police,0.284020,51.504607,On or near CAWDOR AVENUE,E01015927,Thurrock 007A,Formal action is not in the public interest
9fc781e884c943d6583c50af4987e1b7d79a110ee0374e9e7b680f06861918ef,2015-08,Essex Police,Essex Police,0.472257,51.733569,On or near Shopping Area,E01033141,Chelmsford 010G,Local resolution
9fc781e884c943d6583c50af4987e1b7d79a110ee0374e9e7b680f06861918ef,2015-08,Essex Police,Essex Police,0.472257,51.733569,On or near Shopping Area,E01033141,Chelmsford 010G,Local resolution
f5318fb36c6c225dcbdae02aa2d2a39b4b71cf2da82ff181d130db17ab9697e7,2015-08,Essex Police,Essex Police,0.541117,51.880638,On or near MALYON CLOSE,E01021365,Braintree 009D,Suspect charged
2093a1b2f9c44a6d889f8d11e78c9bd5e285fa1d7f1bf7c9551e3fcb38e92f4d,2015-08,Essex Police,Essex Police,0.095928,51.771666,On or near Pedestrian Subway,E01021872,Harlow 007E,Suspect charged
2093a1b2f9c44a6d889f8d11e78c9bd5e285fa1d7f1bf7c9551e3fcb38e92f4d,2015-08,Essex Police,Essex Police,0.095928,51.771666,On or near Pedestrian Subway,E01021872,Harlow 007E,Suspect charged
677b06bf10f62d7dc053158124ff5a81e00fc20d2c8f517903ca639545751b74,2015-08,Essex Police,Essex Police,0.325332,51.474261,On or near SHERFIELD ROAD,E01015954,Thurrock 017D,Offender given a drugs possession warning
a87d45b45f1804632cf4033c187900170b7afdd3f4ebac867fc9769a1cc780ad,2015-08,Essex Police,Essex Police,0.053305,51.643628,On or near OLD STATION ROAD,E01021781,Epping Forest 014B,Local resolution
8d54729c6b8a36cb78dc19faea2e0b32cdb075a333361412ef68095c7ae370aa,2015-08,Essex Police,Essex Police,0.929648,51.885162,On or near Supermarket,E01033722,Colchester 008H,Offender given a caution
8d54729c6b8a36cb78dc19faea2e0b32cdb075a333361412ef68095c7ae370aa,2015-08,Essex Police,Essex Police,0.929648,51.885162,On or near Supermarket,E01033722,Colchester 008H,Offender given a caution
e1248cc84d9320512f6f0f0e5211b2b6da0ecad06326cdcf4f95a60b5f78fe3e,2015-08,Essex Police,Essex Police,1.269737,51.934281,On or near BIRCH AVENUE,E01021999,Tendring 001C,Unable to prosecute suspect
77a82b68a48b3e6bda5292b2d04d3c9dfdc17f33d1d6d8d7a3336c49e4428ff2,2015-08,Essex Police,Essex Police,0.470782,51.577856,On or near THE TURPINS,E01021268,Basildon 015B,Formal action is not in the public interest
057390c1ededff2e40f0e8b2390835f94cc4293ac70082a24852c9304f3ae0e4,2015-08,Essex Police,Essex Police,1.162243,51.792127,On or near ST PAUL'S ROAD,E01022049,Tendring 014D,Formal action is not in the public interest
beefc6fd6d3ab61e2624743e4380e8029f141f4dfde63646219e356cf8706699,2015-08,Essex Police,Essex Police,1.024612,51.807263,On or near OPHIR ROAD,E01021982,Tendring 011D,Formal action is not in the public interest
ba75838be6f1aa751d7626401712f5d9b488fa41817cb1344d1701e0ea7b93bc,2015-08,Essex Police,Essex Police,0.716257,51.540241,On or near SOUTHCHURCH ROAD,E01015852,Southend-on-Sea 015B,Suspect charged
af8f106a87b444e7b1bd994f43b31262b203c6a140d2ca33f56739cd725fdab0,2015-08,Essex Police,Essex Police,0.323992,51.477085,On or near Shopping Area,E01015954,Thurrock 017D,Formal action is not in the public interest
58595fe2c97470f7d51087a3a80f1f9c85b8eec994e32a7b7f4922747700b908,2015-08,Essex Police,Essex Police,0.619447,51.579281,On or near Supermarket,E01021949,Rochford 009D,Formal action is not in the public interest
c9a8a5e208425ca11c41cb5239949651a4e850ad0a31a98aff87d7ca1260bf0f,2015-08,Essex Police,Essex Police,0.906539,51.869161,On or near WINDSOR CLOSE,E01021637,Colchester 018A,Unable to prosecute suspect
f12f50ef81cf541f950ecdbcb6b82f5135b0f4de1c8621b245775c1654c01532,2015-08,Essex Police,Essex Police,0.287943,51.483091,On or near GRENVILLE ROAD,E01033611,Thurrock 019C,Formal action is not in the public interest
c3952fe718c5d3b1d5eb8ab7964496cb65c779edcfbb070e9d22a490ed55771d,2015-08,Essex Police,Essex Police,0.053376,51.644553,On or near Parking Area,E01021781,Epping Forest 014B,Formal action is not in the public interest
a63aaeb153ea1d31a6f6e5c77aad2b307af67182b6efe02367de3ba2a7d3df5f,2015-08,Essex Police,Essex Police,0.053376,51.644553,On or near Parking Area,E01021781,Epping Forest 014B,Unable to prosecute suspect
5dedc193feb42a76f692d53b389fa88276cc4c51d6f273c7ef565adc3b5d05de,2015-08,Essex Police,Essex Police,0.453841,51.570981,On or near WESTGATE,E01021318,Basildon 015C,Suspect charged
5dedc193feb42a76f692d53b389fa88276cc4c51d6f273c7ef565adc3b5d05de,2015-08,Essex Police,Essex Police,0.453841,51.570981,On or near WESTGATE,E01021318,Basildon 015C,Suspect charged
383520b219e6ffea588b4e8e75cb5915198347810f226462e105a81b55aaad68,2015-08,Essex Police,Essex Police,0.085834,51.767754,On or near HARE STREET SPRINGS,E01021842,Harlow 004D,Suspect charged
ac3d96d079df85f79b8b15da010289c4e3628943a32a81f2b5203b005f079834,2015-08,Essex Police,Essex Police,0.243209,51.877938,On or near TAYLORS END ROAD,E01022090,Uttlesford 006B,Unable to prosecute suspect
7a2101bdde38242faba81a1d6d84d2e32954e12d01f2d46443724ae54b3a3e51,2015-08,Essex Police,Essex Police,0.893012,51.922080,On or near BOXTED ROAD,E01021680,Colchester 004B,Local resolution
27b01f98feafcd167e0ed200ab0272bf6f7664de3000a7ac15205b59f6e8b2d8,2015-08,Essex Police,Essex Police,1.161194,51.811547,On or near HIGHLANDS GROVE,E01022040,Tendring 010C,Unable to prosecute suspect
4216f499a168edc3758924bf89904430903007e2a674a0102831d6c447d9a5d5,2015-08,Essex Police,Essex Police,0.489949,51.723419,On or near Supermarket,E01021563,Chelmsford 014B,Local resolution
f50edb5be97ee55cfefa726697fb771e4807c22c91428b77dcbfcbfa47c56f43,2015-08,Essex Police,Essex Police,1.171551,51.813561,On or near KEITH CLOSE,E01021984,Tendring 010A,Formal action is not in the public interest
e244a067147ddfc8ea440f6b4b3cd27fb7c7e0df36e76a8e245bf0043d757938,2015-08,Essex Police,Essex Police,0.092612,51.768596,On or near Theatre/Concert Hall,E01021872,Harlow 007E,Local resolution
e244a067147ddfc8ea440f6b4b3cd27fb7c7e0df36e76a8e245bf0043d757938,2015-08,Essex Police,Essex Police,0.092612,51.768596,On or near Theatre/Concert Hall,E01021872,Harlow 007E,Unable to prosecute suspect
2876d827c095639a407055dd6de5fb34d67bf21f177d998ef2b8067b6befd737,2015-08,Essex Police,Essex Police,0.303360,51.620247,On or near Supermarket,E01021436,Brentwood 007B,Suspect charged
4f9274ab707abe6893c9f624e93389bfa9b53a600f96eb0293fa72af0a11ba9d,2015-08,Essex Police,Essex Police,0.893012,51.922080,On or near BOXTED ROAD,E01021680,Colchester 004B,Local resolution
2222b3b5a66a668204675d811e9c7b3f3d8127d976699a86a2c4e36797eb30da,2015-08,Essex Police,Essex Police,0.716192,51.535521,On or near HEYGATE AVENUE,E01015852,Southend-on-Sea 015B,Offender given a drugs possession warning
b812581bacb1d630fde94a81051ca54d7d98802dd0a8d45a65fdd7ebbae68647,2015-08,Essex Police,Essex Police,1.156375,51.806954,On or near HAWKESWAY,E01022041,Tendring 010D,Suspect charged
b239c49da367740a2927c5f87ff192aae3a01bab7a12a624d20505da8a397824,2015-08,Essex Police,Essex Police,0.006020,51.680137,On or near LODGE LANE,E01021817,Epping Forest 008E,Unable to prosecute suspect
bbc8f653f94d3e3a7d3ad0cba6c29baeac12699f2c2715d106cff236e3106be8,2015-08,Essex Police,Essex Police,0.444530,51.528152,On or near CROFTON AVENUE,E01015988,Thurrock 002D,Unable to prosecute suspect
ffe99e88ff265144830f7c346816dddae405c207f364212cef9f5162c1b29908,2015-08,Essex Police,Essex Police,0.444530,51.528152,On or near CROFTON AVENUE,E01015988,Thurrock 002D,Unable to prosecute suspect
2096bc7f4f2ea855daa6b1705548fa4ba7eca4d254119d1f57cdd43b534a79c8,2015-08,Essex Police,Essex Police,0.654275,51.568578,On or near STEEPLEFIELD,E01015834,Southend-on-Sea 001B,Formal action is not in the public interest
ad5a89bdf9a427c5c99eaaddddf64dd84d1a212fce13ee65afa8e7e1a333da2a,2015-08,Essex Police,Essex Police,0.444530,51.528152,On or near CROFTON AVENUE,E01015988,Thurrock 002D,Formal action is not in the public interest
d9eca037adf355f7ac46e43f35a4c77744b2266174213bbba726859792022388,2015-08,Essex Police,Essex Police,1.148102,51.802337,On or near LONDON ROAD,E01022042,Tendring 014A,Formal action is not in the public interest
908ab77e2b13cbe82a70d373397e265f73346aab6a28615fde912e05e7488414,2015-08,Essex Police,Essex Police,1.148102,51.802337,On or near LONDON ROAD,E01022042,Tendring 014A,Formal action is not in the public interest
061c92774a58026c11de446876dd7f7644d75c45603fea86354a9d5b46948348,2015-08,Essex Police,Essex Police,0.763535,51.686228,On or near ORCHARD ROAD,E01021899,Maldon 007D,Formal action is not in the public interest
dd86ed02d1e25f1ea02c5219ea94e30b318a2744af8bd3826da3a0f8a51639b9,2015-08,Essex Police,Essex Police,0.763535,51.686228,On or near ORCHARD ROAD,E01021899,Maldon 007D,Formal action is not in the public interest
2d1171877bc7328ecad675192663bebfcd87828ec17de904fd94912b2bd90d69,2015-08,Essex Police,Essex Police,0.763690,51.686872,On or near WORCESTER CLOSE,E01021899,Maldon 007D,Formal action is not in the public interest
7dbed437a001ba3b2d06470a0992912011d7628e171652ad0996c2d97171de2f,2015-08,Essex Police,Essex Police,0.714390,51.538674,On or near Parking Area,E01015852,Southend-on-Sea 015B,Formal action is not in the public interest
01f140a7d7cfe5b6e48f0b56afe1530932701263f3cc3b4c854df67397e76e48,2015-08,Essex Police,Essex Police,0.689093,51.553827,On or near Hospital,E01015858,Southend-on-Sea 004B,Formal action is not in the public interest
c8b54013888183513a0403c8e5ddb5debb3728fa6b26a873c6beddd725029ddc,2015-08,Essex Police,Essex Police,0.714390,51.538674,On or near Parking Area,E01015852,Southend-on-Sea 015B,Formal action is not in the public interest
e7d65e8ce7063d0579f8c1c3c45cc7cab86b646f1b886b20d6171ced72e06bbf,2015-08,Essex Police,Essex Police,0.552537,51.878313,On or near MARKET PLACE,E01033459,Braintree 009F,Formal action is not in the public interest
adbaf6a42d61d44fd31170910decece0f0309612d14f9e951061fe0d696f4d2b,2015-08,Essex Police,Essex Police,1.125924,51.798208,On or near MENDLESHAM CLOSE,E01022031,Tendring 015D,Formal action is not in the public interest
9cebb64aacdc8bb7d8483707a936afb15d672a33c7b9de890e67e8492f43d73e,2015-08,Essex Police,Essex Police,0.712101,51.551111,On or near STATION AVENUE,E01015874,Southend-on-Sea 006F,Unable to prosecute suspect
1896f9d85a2951ac12333ec3469ee603c3e5a950347ea18aaec3b637c8f1ff0e,2015-08,Essex Police,Essex Police,0.895335,51.889691,On or near BALKERNE GARDENS,E01021646,Colchester 007A,Unable to prosecute suspect
1896f9d85a2951ac12333ec3469ee603c3e5a950347ea18aaec3b637c8f1ff0e,2015-08,Essex Police,Essex Police,0.895335,51.889691,On or near BALKERNE GARDENS,E01021646,Colchester 007A,Unable to prosecute suspect
d8042d1aa197a1cdd3dd013f363d94df5cab78d2e77c0c382f8f51eff7771a54,2015-08,Essex Police,Essex Police,0.507143,51.566095,On or near CHURCH PARK ROAD,E01021316,Basildon 018D,Suspect charged
d8042d1aa197a1cdd3dd013f363d94df5cab78d2e77c0c382f8f51eff7771a54,2015-08,Essex Police,Essex Police,0.507143,51.566095,On or near CHURCH PARK ROAD,E01021316,Basildon 018D,Suspect charged
cb702bf932ef504f4622059dce5f9725b331fe76ea75cb6a5e5e16a7b32eb67f,2015-08,Essex Police,Essex Police,0.640863,51.789452,On or near SCARLETTS CLOSE,E01021424,Braintree 018E,Formal action is not in the public interest
8184c5250443b61a0b0a1f164225f8eac161b20c3545399cbb9e6c863656cb57,2015-08,Essex Police,Essex Police,0.491735,51.582530,On or near DENYS DRIVE,E01021269,Basildon 012C,Formal action is not in the public interest
42a3227024ffb18db51a8a211de27ce69e45e92228f8c48d44bfe930bb67ac5d,2015-08,Essex Police,Essex Police,0.362673,51.466194,On or near CENTRAL AVENUE,E01016007,Thurrock 018E,Formal action is not in the public interest
6a10487b4d0a030baa123b6b9c4ee10ffa347470766d54e431689bc39a79f7b0,2015-08,Essex Police,Essex Police,1.030364,51.810811,On or near MARGARET CLOSE,E01021981,Tendring 011C,Suspect charged
6a10487b4d0a030baa123b6b9c4ee10ffa347470766d54e431689bc39a79f7b0,2015-08,Essex Police,Essex Police,1.030364,51.810811,On or near MARGARET CLOSE,E01021981,Tendring 011C,Suspect charged
b50c6085af10e2afd73f4a55fefcbee8f565bbba6cc2c6aca4bc4e4a0dade5b5,2015-08,Essex Police,Essex Police,0.067536,51.652075,On or near HILL TOP CLOSE,E01021786,Epping Forest 012A,Suspect charged
c7da624b080d80052ac9630011749a92abc309a9fc3aedd48cb05e5671805421,2015-08,Essex Police,Essex Police,0.916151,51.885012,On or near BARRACK STREET,E01021687,Colchester 011E,Unable to prosecute suspect
fb9c530b3b6b6ef76e16c0c6bd2c7c8c2baaa27a969c1bbd2e63e6453c8d34a0,2015-08,Essex Police,Essex Police,0.600721,51.591335,On or near PHILBRICK CRESCENT EAST,E01021925,Rochford 005C,Local resolution
e4d30df0f8eb3a335cb65144c61fed5513490a0219636833d8181c219796f882,2015-08,Essex Police,Essex Police,0.086144,51.607394,On or near Supermarket,E01021764,Epping Forest 017A,Unable to prosecute suspect
930b6a5b8df372260c03f22e6155408c27015a1038a5462f40dd9b8f8e326914,2015-08,Essex Police,Essex Police,0.429073,51.511071,On or near CABBORNS CRESCENT,E01015992,Thurrock 005C,Formal action is not in the public interest
adec007cc0958cbd08f608632089a21b9d3dea39fbf6bf0d4f2aef2d6c2a2050,2015-08,Essex Police,Essex Police,0.253461,51.507617,On or near TEVIOT AVENUE,E01015924,Thurrock 008C,Unable to prosecute suspect
5cb33a48479e569b812d59c4a786d4b106090d23dcf22f89a701e57fd6d9820e,2015-08,Essex Police,Essex Police,0.547195,51.869661,On or near GRAYLING CLOSE,E01021371,Braintree 013B,Formal action is not in the public interest
1b4a61fc2bf17066e5544833a8c336117552c880c44e2ac123b811398f3daf21,2015-08,Essex Police,Essex Police,0.895640,51.896024,On or near NORTH STATION ROAD,E01021650,Colchester 007E,Unable to prosecute suspect
ab53b38df08ce7dd79853f090b168b5f2cd67cc84a3aed6e11e0ddea2b99ac48,2015-08,Essex Police,Essex Police,0.669777,51.564943,On or near SNAKES LANE,E01015864,Southend-on-Sea 002B,Local resolution
510769dda01a916a85eda2c457e22949b87a841876acd206b9a0a929270b3148,2015-08,Essex Police,Essex Police,0.119667,51.774990,On or near COOKS SPINNEY,E01021844,Harlow 002A,Offender given a caution
683cf0732fd983d21a93469a449467e0e388cc6210544f92bbb94ca7d117be74,2015-08,Essex Police,Essex Police,0.863591,51.877580,On or near KING HAROLD ROAD,E01021689,Colchester 014A,Unable to prosecute suspect
636470caa5f6b805fd76197f9c68c9394d1c55ea8cb2d79fffa9bd40ae385b56,2015-08,Essex Police,Essex Police,0.895640,51.896024,On or near NORTH STATION ROAD,E01021650,Colchester 007E,Unable to prosecute suspect
66632db5683897a30eb44194f2b11232e06438ddf862a7d409acc7485afe7ffe,2015-08,Essex Police,Essex Police,0.715980,51.543107,On or near ST ANN'S ROAD,E01015895,Southend-on-Sea 010A,Formal action is not in the public interest
715fe67931e0cbb59d3655d478d4c668593d35aa075b65807f59d7f49d402e67,2015-08,Essex Police,Essex Police,0.940362,51.893223,On or near HONEYSUCKLE WAY,E01021696,Colchester 008A,Unable to prosecute suspect
914338856a51afd762bb501cda07a4a6d2f8148c04896c1d6ecc7363d2a367ad,2015-08,Essex Police,Essex Police,0.620339,51.808896,On or near SPEEDWELL CLOSE,E01021425,Braintree 016B,Local resolution
914338856a51afd762bb501cda07a4a6d2f8148c04896c1d6ecc7363d2a367ad,2015-08,Essex Police,Essex Police,0.620339,51.808896,On or near SPEEDWELL CLOSE,E01021425,Braintree 016B,Local resolution
4c92da6456a1fd21c4afa5b224a2bbb9eb574852aa5dab78f4b21b6dd5fca00d,2015-08,Essex Police,Essex Police,1.149490,51.790419,On or near ROSEMARY ROAD WEST,E01022026,Tendring 016C,Offender given a caution
74acb1f073160a53180614af9e938fce113dda9b313e27d89e8ccfeb6d9496a1,2015-08,Essex Police,Essex Police,1.149490,51.790419,On or near ROSEMARY ROAD WEST,E01022026,Tendring 016C,Offender given a caution
c7b4281ca7eb9359815c866c686ffe302b574816fcdc06ba6248f67433180089,2015-08,Essex Police,Essex Police,0.424388,51.576441,On or near ST JOHNS CLOSE,E01021290,Basildon 016D,Suspect charged
36d8db318d8047e3bae70be9dfe0bb53c9018681ceff32e0e8c013c9eb734359,2015-08,Essex Police,Essex Police,1.149490,51.790419,On or near ROSEMARY ROAD WEST,E01022026,Tendring 016C,Offender given a caution
d6f1a2521b4b2b0dc6adb72d26066883a9a92ff7385ccc1e288b11e8eb21b8b9,2015-08,Essex Police,Essex Police,0.714564,51.577451,On or near BRICKFIELDS WAY,E01021956,Rochford 007E,Unable to prosecute suspect
b6faf3fd25594044c8094fae5df7075f5d75db857aea606eab36055f5306cfb2,2015-08,Essex Police,Essex Police,0.363628,51.464043,On or near CHRISTCHURCH ROAD,E01016010,Thurrock 018H,Offender given penalty notice
f8f97706c10ff5e06488c054d7b8bb9c5d3d5e095f59532f821b47f632536582,2015-08,Essex Police,Essex Police,0.546335,51.565584,On or near MALWOOD DRIVE,E01021476,Castle Point 003A,Unable to prosecute suspect
326f8b1b630fb4277e1bc780689f843a82258b25440648ca71392c3675f8b14b,2015-08,Essex Police,Essex Police,0.899434,51.912721,On or near BEAUMONT CLOSE,E01021682,Colchester 004D,Local resolution
2f50fa0116d68e288424df11d12f2fd788fb200f47f21b352893292b80e6f0a9,2015-08,Essex Police,Essex Police,0.702343,51.588714,On or near ORMONDE AVENUE,E01021953,Rochford 004C,Unable to prosecute suspect
c3301793a4bb8f14a4033c301bf63761a78dd384a3052a81c2931695ce4e09f4,2015-08,Essex Police,Essex Police,0.519420,51.600231,On or near Petrol Station,E01021344,Basildon 008D,Suspect charged
d9edf4007998bf511445432968186fb4fc9b0206f2f5a4d7fbe1f9f970c108a7,2015-08,Essex Police,Essex Police,0.489980,51.579996,On or near SOUTHCOTE CRESCENT,E01021269,Basildon 012C,Formal action is not in the public interest
90718ecdda5bb19b8f3bfcf0d0d7e39cecfa9114db121cfb84eae0a2a078de60,2015-08,Essex Police,Essex Police,0.466199,51.721519,On or near Pedestrian Subway,E01021580,Chelmsford 012D,Unable to prosecute suspect
e3a1a5f8e9af54d0a1104f4a6e3881dbf955d4e3bdb6348e08d7757c4ca95772,2015-08,Essex Police,Essex Police,1.233028,51.926023,On or near ALDON CLOSE,E01022002,Tendring 004C,Suspect charged
7491d2eda78c1a696797a3661a4e409e875a98d496178b33f2e8dad4f52ef150,2015-08,Essex Police,Essex Police,0.556413,51.879785,On or near CROFT CLOSE,E01033459,Braintree 009F,Unable to prosecute suspect
60e84fdb69f55b81709a2d5557ba7b554ed6f058f32b3f45829d83589b273ee6,2015-08,Essex Police,Essex Police,0.814210,51.545522,On or near CUPIDS CHASE,E01021921,Rochford 010B,Unable to prosecute suspect
cec5d1e07af6223a51e10b420ddc1b89c3552e79187cd45ee2c32c0a521b5ce4,2015-08,Essex Police,Essex Police,1.234705,51.850830,On or near CHARTFIELD DRIVE,E01022009,Tendring 008E,Offender given a caution
673d67ebea6039f8a95190181e1078ce37be0f223b90add7b09ac3b158e33fd6,2015-08,Essex Police,Essex Police,0.736455,51.548522,On or near CROSSFIELD ROAD,E01015886,Southend-on-Sea 009D,Local resolution
b0f559175ebc2dd9d75a73b54c067acabb3b36971704e2addf07b3c25ccfc7cb,2015-08,Essex Police,Essex Police,0.256580,51.501622,On or near MARTIN ROAD,E01015923,Thurrock 008B,Local resolution
e4446893ec46c8f63b6bf37b9afb4f6bc18060a163715c3acc490988a4e0ec92,2015-08,Essex Police,Essex Police,0.111995,51.708134,On or near JAMES STREET,E01021760,Epping Forest 005A,Offender given a caution
fe76d871d50e9567cb7a17306022f6263b21027d82b90b39f4d6abd963530f7d,2015-08,Essex Police,Essex Police,0.910099,51.874118,On or near HORROCKS CLOSE,E01021665,Colchester 016D,Formal action is not in the public interest
44e3c6a1d1016c569d119214b3fb1b3b89111503e195a91631f20bd846bec77b,2015-08,Essex Police,Essex Police,0.485939,51.567041,On or near LINDSELL GREEN,E01021327,Basildon 019E,Formal action is not in the public interest
85d04bc5cc5e9ebc8c653bcabd6019d4680fc5c54f11d96a4c9fd4233dbd8626,2015-08,Essex Police,Essex Police,0.567412,51.519635,On or near Petrol Station,E01021501,Castle Point 011D,Local resolution
418897e3fbccfefb6cb3d3fd125cad39bc7c8471353c989eb44ff68365e64800,2015-08,Essex Police,Essex Police,,,No location,,,Unable to prosecute suspect
a7757ded0a3a156ad1f8b99e8ae1088a831f25f60c1f3136b9b3cf226c44289a,2015-08,Essex Police,Essex Police,0.243291,52.016905,On or near MOUNT PLEASANT ROAD,E01022075,Uttlesford 001B,Unable to prosecute suspect
bd2cc3eb31ccc522ea9f1cba94596e392926a317286556ca319aefb04ddbcaa2,2015-08,Essex Police,Essex Police,0.790067,51.535693,On or near Pedestrian Subway,E01015877,Southend-on-Sea 013B,Local resolution
fde9412de37ff4c694a59ba499ea2aa54284974759047c4723dcde54b5e2a9e0,2015-08,Essex Police,Essex Police,0.292644,51.485787,On or near STAFFORD CLOSE,E01015982,Thurrock 019A,Formal action is not in the public interest
fde9412de37ff4c694a59ba499ea2aa54284974759047c4723dcde54b5e2a9e0,2015-08,Essex Police,Essex Police,0.292644,51.485787,On or near STAFFORD CLOSE,E01015982,Thurrock 019A,Formal action is not in the public interest
fde9412de37ff4c694a59ba499ea2aa54284974759047c4723dcde54b5e2a9e0,2015-08,Essex Police,Essex Police,0.292644,51.485787,On or near STAFFORD CLOSE,E01015982,Thurrock 019A,Formal action is not in the public interest
fde9412de37ff4c694a59ba499ea2aa54284974759047c4723dcde54b5e2a9e0,2015-08,Essex Police,Essex Police,0.292644,51.485787,On or near STAFFORD CLOSE,E01015982,Thurrock 019A,Formal action is not in the public interest
72c0aaa2347e04790a696b62576f33449b3ffa7fcaea9d21d7a5afec66831d56,2015-08,Essex Police,Essex Police,0.474190,51.732359,On or near Shopping Area,E01033140,Chelmsford 010F,Offender given penalty notice
56998e49f0e74aeaa970c0d07a1702920993d39bbd148e0c7dccdf61b397eca3,2015-08,Essex Police,Essex Police,0.297242,51.638983,On or near MARCONI GARDENS,E01021462,Brentwood 006B,Formal action is not in the public interest
cbeed3625a12de4f1c533b75c613339cca996c6ef93433d57cd30e242a0b9786,2015-08,Essex Police,Essex Police,0.350655,51.875165,On or near MAPLE WAY,E01033055,Uttlesford 007E,Local resolution
26e142d2ee16dbee43382f0654aeda83b6a360e2307df56214cf97f83e88f94e,2015-08,Essex Police,Essex Police,0.702850,51.547152,On or near HOWARDS CHASE,E01015899,Southend-on-Sea 010E,Unable to prosecute suspect
e41d57a6d5badaeae053785f14b2887573574d00eefe5f9bc988a43512b7ff3b,2015-08,Essex Police,Essex Police,0.000786,51.685766,On or near RUE DE ST LAWRENCE,E01021818,Epping Forest 009C,Unable to prosecute suspect
bf5dea62988a31eb3d81e5feecd06c52b52e8e8aaee6d0029ebf30d3eaef453e,2015-08,Essex Police,Essex Police,1.248772,51.844290,On or near Supermarket,E01021994,Tendring 008B,Suspect charged
9af2c018c5f551e08a20c121bbfa1435f8e01ba911cd6f1869d78e3c0fbc3d0c,2015-08,Essex Police,Essex Police,0.901260,51.888708,On or near Shopping Area,E01021649,Colchester 007D,Unable to prosecute suspect
f07f40b25bc7ac4b073c2e515c7b8aebd9b2192cca08a43c775c6049664b3488,2015-08,Essex Police,Essex Police,0.744792,51.549469,On or near WELCH CLOSE,E01015886,Southend-on-Sea 009D,Local resolution
a6b7dbd8a4df53f3058cb17e06b25ed6790bbeaa4d4f701a0aa5a77d33ef955e,2015-08,Essex Police,Essex Police,0.715837,51.781484,On or near PLAINS ROAD,E01021882,Maldon 002A,Local resolution
e7bcc561f871b427e09959244257e39d9ae8b32ee150c247690587cb1a6a323d,2015-08,Essex Police,Essex Police,0.926523,51.897013,On or near AYLOFFE ROAD,E01021703,Colchester 022E,Suspect charged
2644213308bfb146f633c1750e3b4169cec0e615273cfe6c0da29050f010a356,2015-08,Essex Police,Essex Police,0.724546,51.555868,On or near Supermarket,E01015871,Southend-on-Sea 006C,Suspect charged
723d4c814da3a6da2631e99fb2a366c09583152dd5b270dbb435d32913f75e2f,2015-08,Essex Police,Essex Police,0.428312,51.569903,On or near VIOLA CLOSE,E01021286,Basildon 016A,Suspect charged
bacead7c753952755dfd74dafd307c8524d1b489b261a0907c475234679fd539,2015-08,Essex Police,Essex Police,0.261741,51.889938,On or near Airport/Airfield,E01022090,Uttlesford 006B,Offender given a caution
ef55bf8f066da0861612b0584c75577b619d18d57a2c01bd1dcd17697e37eb4e,2015-08,Essex Police,Essex Police,0.697102,51.742309,On or near SANDPIPER CLOSE,E01021884,Maldon 003A,Formal action is not in the public interest
6e511cb11f9336f97247d31ec66063806c01133659b182d7a27241251aa9b9cb,2015-08,Essex Police,Essex Police,0.929648,51.885162,On or near Supermarket,E01033722,Colchester 008H,Local resolution
31ed52f3baa87ae75d14e7feaaa74f59d37be92740997b3db38420d0b99a61c1,2015-08,Essex Police,Essex Police,0.604865,51.518647,On or near TARANTO ROAD,E01021490,Castle Point 012B,Suspect charged
41feb9db7f430cf1d20f7efab4843a41033c160169234a7814ce395d23a9b407,2015-08,Essex Police,Essex Police,0.371105,51.488300,On or near DEFOE PARADE,E01015936,Thurrock 012D,Formal action is not in the public interest
f984886f2ac6859423ea3cba44bf21711a73a8751f4c912e63037bc17a6b6adc,2015-08,Essex Police,Essex Police,1.124561,51.796535,On or near BAWDSEY CLOSE,E01022030,Tendring 015C,Unable to prosecute suspect
1e4ce44f08d15ad96c1d1bbe857aacbaacbcb99475063d1f9ad6f4224d3bf2f6,2015-08,Essex Police,Essex Police,0.078096,51.775679,On or near ASH TREE FIELD,E01021840,Harlow 004B,Suspect charged
f3a9721e8adfcaee928fa165bac6ee4499855be94cbb66d9749701ec5cbbb50f,2015-08,Essex Police,Essex Police,0.016193,51.737173,On or near LANGFIELD CLOSE,E01021793,Epping Forest 002C,Formal action is not in the public interest
d5efad39f68797111777b8bf62c3843320fa7b99f5ef93edd7aa3506f2008a0a,2015-08,Essex Police,Essex Police,0.016193,51.737173,On or near LANGFIELD CLOSE,E01021793,Epping Forest 002C,Formal action is not in the public interest
a5fb5273f1becaa5984579af6ac69fb1ba8fb79faf73caeb5f92264627283b2c,2015-08,Essex Police,Essex Police,0.716176,51.536213,On or near YORK ROAD,E01015852,Southend-on-Sea 015B,Unable to prosecute suspect
333fceb9a0a7ac3eaa4e423dbe0880ce72a497569322e88032d6a99d5543281c,2015-08,Essex Police,Essex Police,0.621338,51.801113,On or near NESS WALK,E01021429,Braintree 016D,Suspect charged
3afdef54aba3edd3232cdb272720a0304536d400bdac80076e92a401e6bc1a59,2015-08,Essex Police,Essex Police,0.508699,51.825568,On or near HELEN HOW,E01021538,Chelmsford 001A,Offender given a caution
24910d158a744a28e4b0e890a599722c64be3fd3f6641b4d2371b81967daa898,2015-08,Essex Police,Essex Police,0.560839,51.522972,On or near ST MICHAELS ROAD,E01021503,Castle Point 010D,Formal action is not in the public interest
3ea5d95269ce0a844ed9997941cfadbcf87310c3c01343788ff528133794bfe1,2015-08,Essex Police,Essex Police,1.149331,51.798329,On or near ST ANNS ROAD,E01021970,Tendring 016A,Formal action is not in the public interest
3c6c9036685b963fc89dcc8b110092877d64d5d75175d8e125ab7021fbeb2d82,2015-08,Essex Police,Essex Police,0.322355,51.479168,On or near Grays Police Station,E01015956,Thurrock 016B,Suspect charged
3c2b356bc150c91ecc49a1f38da895cb4731fd870e45206dc1f901a80ddb9d53,2015-08,Essex Police,Essex Police,0.906862,51.865618,On or near QUEEN ELIZABETH WAY,E01021638,Colchester 018B,Unable to prosecute suspect
e5b9e091dc4a8178410949e2f5e52b9e1fbd8766bf23773745450b8960faa57b,2015-08,Essex Police,Essex Police,0.071462,51.656996,On or near HILLCROFT,E01021779,Epping Forest 011F,Suspect charged
67f0ad5a1369828c1a150f3432a9b36797a8b4384a539044588734264b74073e,2015-08,Essex Police,Essex Police,0.071462,51.656996,On or near HILLCROFT,E01021779,Epping Forest 011F,Suspect charged
0e576dd0bd76a0128bfeee7697ae4d6815d1877cfea983ace844dd3fd6011cfd,2015-08,Essex Police,Essex Police,1.177795,51.806404,On or near DERWENT GARDENS,E01022033,Tendring 012B,Formal action is not in the public interest
b57c6c5b6c9c8ed3a258b5309711f0cf5163a9840122a989b65944f9d228b0ce,2015-08,Essex Police,Essex Police,0.498958,51.713749,On or near Sports/Recreation Area,E01021566,Chelmsford 014D,Unable to prosecute suspect
25f1ce8eb06679cc1e2be290b9e2f94c2dc59d0f3a5098dad8475336687ba23f,2015-08,Essex Police,Essex Police,0.893012,51.922080,On or near BOXTED ROAD,E01021680,Colchester 004B,Formal action is not in the public interest
a2ae2020b0dc02f03e701a9dba36b649e92486fa1e3a45d46e3bd99c444ea548,2015-08,Essex Police,Essex Police,0.472257,51.733569,On or near Shopping Area,E01033141,Chelmsford 010G,Suspect charged
a2ae2020b0dc02f03e701a9dba36b649e92486fa1e3a45d46e3bd99c444ea548,2015-08,Essex Police,Essex Police,0.472257,51.733569,On or near Shopping Area,E01033141,Chelmsford 010G,Offender given a caution
16c7001be4eb61a58a8549a1551ce75e65b257501421d289864002abc472d86f,2015-08,Essex Police,Essex Police,1.177795,51.806404,On or near DERWENT GARDENS,E01022033,Tendring 012B,Formal action is not in the public interest
7aee3fe4e6218bc48cbca3438eed381712653373d39dd356c19fc578cf48f1c6,2015-08,Essex Police,Essex Police,0.472257,51.733569,On or near Shopping Area,E01033141,Chelmsford 010G,Suspect charged
81af34cc030538910867d4e58181c9c59a34c685e81449aac225bb4493595987,2015-08,Essex Police,Essex Police,0.472257,51.733569,On or near Shopping Area,E01033141,Chelmsford 010G,Suspect charged
81af34cc030538910867d4e58181c9c59a34c685e81449aac225bb4493595987,2015-08,Essex Police,Essex Police,0.472257,51.733569,On or near Shopping Area,E01033141,Chelmsford 010G,Offender given a caution
1bbfa6748ee407f509f0e23293251d5255a134f96c1ce7882300d5ba8cde0535,2015-08,Essex Police,Essex Police,0.929648,51.885162,On or near Supermarket,E01033722,Colchester 008H,Offender given penalty notice
417b3cabc788c34c227027ee366f17d2aeaf689f13d1958a6082cb5f10d8af80,2015-08,Essex Police,Essex Police,0.472257,51.733569,On or near Shopping Area,E01033141,Chelmsford 010G,Formal action is not in the public interest
2f3a38ce782502d891220e6c3de92d57020e2ef55c23d873a211a7f3dabd9181,2015-08,Essex Police,Essex Police,0.325924,51.613705,On or near KNIGHT'S WAY,E01021437,Brentwood 008B,Unable to prosecute suspect
b5ad364da56b0ac556a17129bba174fc4fb12059831bd95b4cb2f20146f4333a,2015-08,Essex Police,Essex Police,0.902854,51.945418,On or near ELLIS ROAD,E01021659,Colchester 001C,Suspect charged
1b81dba1ddd73a869643ef30773065a2018ab84bf84226c522d5e3724f8d9e70,2015-08,Essex Police,Essex Police,0.902854,51.945418,On or near ELLIS ROAD,E01021659,Colchester 001C,Suspect charged
d468a613990967ff1802a1a5b66fcb1a1ee9a50f422e1056ddb837131866855c,2015-08,Essex Police,Essex Police,0.066882,51.765338,On or near Bus/Coach Station,E01021840,Harlow 004B,Unable to prosecute suspect
c3ef6711c575664c3b2cfc1ca7192be2c3e5c5dedc22b5c4005af966bc6ae252,2015-08,Essex Police,Essex Police,0.902854,51.945418,On or near ELLIS ROAD,E01021659,Colchester 001C,Suspect charged
8ab1f21aa50eabd9e364f2678dbfbeb80335e0f9eb89d09f5940fa6d33c5f940,2015-08,Essex Police,Essex Police,0.913179,51.885796,On or near SIMONS LANE MAGDALEN GREEN,E01021686,Colchester 011D,Formal action is not in the public interest
83dfe8c1c2fd60db8a3eb71b769599d747eeeb056da68088ceade04e1dd5c3b2,2015-08,Essex Police,Essex Police,0.086303,51.771334,On or near Hospital,E01021843,Harlow 004E,Formal action is not in the public interest
e0e591fef4d02ee995edef7e3bbd507e15929adda781284dd61bc6eb9072ceac,2015-08,Essex Police,Essex Police,0.502267,51.562719,On or near Supermarket,E01021310,Basildon 022B,Local resolution
ec37a5e15682c3367d3621d1c8045b3dffcaf647a344669288bfafb57e115a4a,2015-08,Essex Police,Essex Police,0.840033,51.759895,On or near THURSTABLE WAY,E01021908,Maldon 001A,Suspect charged
7ea783b514e816de136078c1ec80fe619afb37e6e5348d25a85e072bb8f34dd2,2015-08,Essex Police,Essex Police,0.514825,51.741397,On or near CHANCELLOR AVENUE,E01033142,Chelmsford 005E,Local resolution
7d5d770b4a668b70d6befba824559838b351254a326547cbd84984d4b3b0df29,2015-08,Essex Police,Essex Police,0.703299,51.583674,On or near Hospital,E01021955,Rochford 004D,Unable to prosecute suspect
1c4f8e57afcc80c36aff306bfdaec8214c566881be53fd78416be642d1bb7147,2015-08,Essex Police,Essex Police,0.283467,51.508808,On or near Police Station,E01015976,Thurrock 007F,Unable to prosecute suspect
620af4c61cf071167753096de4272244476f3b34edaab26ed689be31b2e5546f,2015-08,Essex Police,Essex Police,0.113251,51.699983,On or near STAR LANE,E01021757,Epping Forest 006B,Offender given a caution
1aa1dd33b99cb28078cb04a0566164030328b3663efa634c63a5d4303f335310,2015-08,Essex Police,Essex Police,0.997340,51.853642,On or near POUNDFIELD CLOSE,E01021967,Tendring 009A,Suspect charged
1aa1dd33b99cb28078cb04a0566164030328b3663efa634c63a5d4303f335310,2015-08,Essex Police,Essex Police,0.997340,51.853642,On or near POUNDFIELD CLOSE,E01021967,Tendring 009A,Suspect charged
1aa1dd33b99cb28078cb04a0566164030328b3663efa634c63a5d4303f335310,2015-08,Essex Police,Essex Police,0.997340,51.853642,On or near POUNDFIELD CLOSE,E01021967,Tendring 009A,Suspect charged
3fad9a52ffef50c194f5ffabd4dd995dc95a6745b5dc5c7398ad687714d14111,2015-08,Essex Police,Essex Police,0.622101,51.807499,On or near SAMPHIRE CLOSE,E01021425,Braintree 016B,Unable to prosecute suspect
03b071552bd7c58b3ac2e2ec720eb84ff8e180588cc4d36526f1a46400e515f3,2015-08,Essex Police,Essex Police,0.235330,52.017425,On or near COPPERFIELDS,E01022075,Uttlesford 001B,Unable to prosecute suspect
adea909ea456c201cf0269efd50ec43d9adafa34ae004e195dc8581e979a808b,2015-08,Essex Police,Essex Police,1.263256,51.932600,On or near ELIZABETH ROAD,E01022006,Tendring 002C,Suspect charged
2735117767a023a8b583ace70cf3116d775bbaaabfb506c2f0de5200d3693de5,2015-08,Essex Police,Essex Police,0.321375,51.474906,On or near VICARAGE SQUARE,E01015953,Thurrock 017C,Unable to prosecute suspect
7e74a18bffed83e5d9be3c0a7e2bbefe76761fc2b3e3ab3dcd2ac90b7ba09786,2015-08,Essex Police,Essex Police,0.684702,51.545167,On or near LONDON ROAD,E01015832,Southend-on-Sea 012F,Suspect charged
8260e9df4ed0d14ad21d957c4b541c18e985dd1153df6dec9e63cd7e1cd74a5c,2015-08,Essex Police,Essex Police,0.083956,51.774181,On or near PARK MEAD,E01021839,Harlow 004A,Local resolution
f370dea31788bcc0102d17602feeed53fc0de38ad5abdcb6f5a4681496e8d80c,2015-08,Essex Police,Essex Police,0.094481,51.770766,On or near EAST GATE,E01021872,Harlow 007E,Suspect charged
10379da41370bb6d9c7063d5a1240c0160cd8a1067f37d795afb946d70618604,2015-08,Essex Police,Essex Police,0.637096,51.799951,On or near GUITHAVON STREET,E01021415,Braintree 017A,Unable to prosecute suspect
bdb49868ab5f93c8b3ab86513b65001b60d6ad5f0151b1d6c11316ef063b486d,2015-08,Essex Police,Essex Police,1.151333,51.789380,On or near Supermarket,E01022025,Tendring 016B,Formal action is not in the public interest
e90a938e5861bca74f88b2eeb302eb1d6ae7cb864720606b192494b1bca425d2,2015-08,Essex Police,Essex Police,0.903936,51.888057,On or near Bus/Coach Station,E01021648,Colchester 007C,Offender given a caution
0601cb04c1d36dec379a583a46fed82ff9642677d12b21e709fb97adac8ce7bc,2015-08,Essex Police,Essex Police,0.713214,51.535158,On or near Nightclub,E01015852,Southend-on-Sea 015B,Suspect charged
f48053619bb88a0d8ec92662ff8e34ca856a84b7f21fb2df2da2d4a327b3c3ee,2015-08,Essex Police,Essex Police,0.310333,51.477247,On or near CASTLE ROAD,E01015951,Thurrock 017A,Formal action is not in the public interest
e4a7e3b3dedd8d1db86b6e298f69cb9262a515cc3b6c6882db83be97126e9196,2015-08,Essex Police,Essex Police,0.281974,51.505753,On or near DAIGLEN DRIVE,E01015929,Thurrock 007C,Formal action is not in the public interest
c5378cef4e32e92439d1d0e16627200b353ef51383c5ff32b1a9a99960da3b76,2015-08,Essex Police,Essex Police,1.093192,51.896326,On or near B1035,E01022019,Tendring 003E,Unable to prosecute suspect
3602200ea8f26bcf9d052494b712abab7a84844d026e82c0435fd2be24231455,2015-08,Essex Police,Essex Police,1.253436,51.943665,On or near TYLER STREET,E01033051,Tendring 002F,Formal action is not in the public interest
7b2fa81802e6295927a25fd17995eb51ee8b13bfa0a8e6a8bbbd44604dd7cfa7,2015-08,Essex Police,Essex Police,0.614241,51.628627,On or near Parking Area,E01021942,Rochford 001A,Formal action is not in the public interest
7b2fa81802e6295927a25fd17995eb51ee8b13bfa0a8e6a8bbbd44604dd7cfa7,2015-08,Essex Police,Essex Police,0.614241,51.628627,On or near Parking Area,E01021942,Rochford 001A,Formal action is not in the public interest
bec3f0dd6039825c76a7e5dc35e9ef0e7ea1712774836d2a9f4e8202da03df63,2015-08,Essex Police,Essex Police,1.148149,51.793234,On or near OLD ROAD,E01022026,Tendring 016C,Local resolution
8c7f1c6ca7c57ad73a5ae6c0d1612fdb97d1ad64cf3acb2cc82a41571bb7d99c,2015-08,Essex Police,Essex Police,0.921912,51.874571,On or near LITTLEBURY GARDENS,E01021664,Colchester 016C,Formal action is not in the public interest
8c7f1c6ca7c57ad73a5ae6c0d1612fdb97d1ad64cf3acb2cc82a41571bb7d99c,2015-08,Essex Police,Essex Police,0.921912,51.874571,On or near LITTLEBURY GARDENS,E01021664,Colchester 016C,Formal action is not in the public interest
cb36873113e6e6b1f3eb7dac8153ffb4c2bed2b1fefe531939d73fb6d6800676,2015-08,Essex Police,Essex Police,0.637934,51.660149,On or near WOODHAM ROAD,E01021902,Maldon 007F,Offender given a caution
931b23206b611c6040f02d04694b428e9e47d1f60e9a2589212d28028225d300,2015-08,Essex Police,Essex Police,1.060724,51.944529,On or near COLCHESTER ROAD,E01022020,Tendring 003F,Local resolution
f4ba0447c878725c9ef5888756de0cdb0527d6ca86a28695f19c6bd406143bf4,2015-08,Essex Police,Essex Police,0.126648,51.755126,On or near PRIORY COURT,E01021835,Harlow 008C,Formal action is not in the public interest
f5308b1625d2ce72c2ee833f9f798d8b5e5819deac7b6cc60f31fb90420d1d35,2015-08,Essex Police,Essex Police,0.634669,51.567194,On or near WROXHAM CLOSE,E01015816,Southend-on-Sea 003C,Local resolution
c0f598548e6f1adab7878ea9218a7022f82b446c2e96246dd87227f6b118336a,2015-08,Essex Police,Essex Police,0.713596,51.539394,On or near Nightclub,E01015852,Southend-on-Sea 015B,Formal action is not in the public interest
39196118a4f8373c1cab69d1b797f81816d063189a08598c3b741f5b56ebe247,2015-08,Essex Police,Essex Police,0.637934,51.660149,On or near WOODHAM ROAD,E01021902,Maldon 007F,Offender given a drugs possession warning
f8235e7e8d968cd5d8660dfb878e853d4ae5acc0a5b244ff5309fca554462626,2015-08,Essex Police,Essex Police,0.442770,51.519249,On or near CANON CLOSE,E01015985,Thurrock 003B,Formal action is not in the public interest
fb9501ab048b39bfb71ed49b7e5dcaabdba094caef6fb565e3048a72da323d42,2015-08,Essex Police,Essex Police,0.502267,51.562719,On or near Supermarket,E01021310,Basildon 022B,Offender given a caution
1ab09372fa77d83faf8714ea04803998d2d6578388602d116af4f8d0101a8aed,2015-08,Essex Police,Essex Police,0.696790,51.588572,On or near LESNEY GARDENS,E01021930,Rochford 007A,Unable to prosecute suspect
09d7499c30417ef9f849437a76984e462497af295d0d01a8e1389cd28f18b896,2015-08,Essex Police,Essex Police,0.746325,51.531329,On or near WARWICK ROAD,E01015889,Southend-on-Sea 016A,Local resolution
e7f1c04c4de1429fd88076aa320f584dea1e4c00cc6d086f18ea332bbfc37a79,2015-08,Essex Police,Essex Police,0.785873,51.539264,On or near CHAFFINCH CLOSE,E01015882,Southend-on-Sea 013G,Unable to prosecute suspect
123504f8c80567f0331f2b60859217c885480dc144de2d87cd218bd51c4c9b52,2015-08,Essex Police,Essex Police,0.900116,51.889231,On or near Shopping Area,E01021649,Colchester 007D,Suspect charged
07a17bb9d41b8e5998e03df004ce9996e91ca290073c60913ab92ff0f09894f9,2015-08,Essex Police,Essex Police,0.960008,51.859732,On or near Supermarket,E01021739,Colchester 017D,Suspect charged
615c1a28064c23f12a7ad9d36d355293bf0cd99ab8aa84d63564a20c0a7e9468,2015-08,Essex Police,Essex Police,0.907553,51.879253,On or near CLAUDIUS ROAD,E01021684,Colchester 011B,Suspect charged
615c1a28064c23f12a7ad9d36d355293bf0cd99ab8aa84d63564a20c0a7e9468,2015-08,Essex Police,Essex Police,0.907553,51.879253,On or near CLAUDIUS ROAD,E01021684,Colchester 011B,Suspect charged
d69fc2a1ab74bd4fc749c6bf0720ad8bb33830acfef47d549c736276887bc39a,2015-08,Essex Police,Essex Police,0.529219,51.578023,On or near WINDSOR ROAD,E01021312,Basildon 011F,Suspect charged
1dbedc9da992bb6e4f5f2c3d5e99fcd9f12b09a93309544b82245bddbe2150fc,2015-08,Essex Police,Essex Police,0.094133,51.767643,On or near Shopping Area,E01021872,Harlow 007E,Local resolution
cbf120a7277443bf2fea5d9173182f46cd149f1f629e9e19ece770739b4173d1,2015-08,Essex Police,Essex Police,0.261741,51.889938,On or near Airport/Airfield,E01022090,Uttlesford 006B,Offender given a caution
2451ca4d872daa33fcc41bc78de720ec7a879efa3ab4de8b37ed1f8b3baea9d3,2015-08,Essex Police,Essex Police,1.024470,51.813590,On or near SPRING ROAD,E01021980,Tendring 011B,Unable to prosecute suspect
56b66d6f694506b4a547b990c4ce5ffda0a78a85058bff47e63b68c20b92c59d,2015-08,Essex Police,Essex Police,0.573768,51.881393,On or near WHEATLEY AVENUE,E01021369,Braintree 012D,Suspect charged
a1ba779cdad83053e9f3548a91803401a1290c895051038b9631d2d6aaa0fc5e,2015-08,Essex Police,Essex Police,0.777996,51.534963,On or near DELAWARE CRESCENT,E01015917,Southend-on-Sea 017D,Suspect charged
6d89c3059544f7a7a49fea1538816554fc15f1f69c27d474558ac146f87ca00b,2015-08,Essex Police,Essex Police,0.612844,51.552492,On or near OAK ROAD NORTH,E01021518,Castle Point 006B,Offender given a caution
6d89c3059544f7a7a49fea1538816554fc15f1f69c27d474558ac146f87ca00b,2015-08,Essex Police,Essex Police,0.612844,51.552492,On or near OAK ROAD NORTH,E01021518,Castle Point 006B,Offender given a caution
837a034fa4634533c9a1a385d8c8cd19af8a0eb0578c69ed2c6fde874535a2a2,2015-08,Essex Police,Essex Police,0.906862,51.865618,On or near QUEEN ELIZABETH WAY,E01021638,Colchester 018B,Formal action is not in the public interest
cf9b5406dc5bb52c50f7890b9e5627dd657f31539bb66b1edd24eaa4aac47ae3,2015-08,Essex Police,Essex Police,0.284490,51.487772,On or near Shopping Area,E01016011,Thurrock 015B,Local resolution
cf9b5406dc5bb52c50f7890b9e5627dd657f31539bb66b1edd24eaa4aac47ae3,2015-08,Essex Police,Essex Police,0.284490,51.487772,On or near Shopping Area,E01016011,Thurrock 015B,Local resolution
60203519a9581d7c110b20181167cd1e4879d01931707e95feb3bc058164dc54,2015-08,Essex Police,Essex Police,1.284785,51.943486,On or near COKE STREET,E01021997,Tendring 001A,Investigation complete; no suspect identified
f2f837d65ee3122fa3a6f8cf9c7b7b8eab2bd190635e427fad9dbff76eff0210,2015-08,Essex Police,Essex Police,0.102579,51.617406,On or near CANTERBURY CLOSE,E01021749,Epping Forest 016A,Investigation complete; no suspect identified
e4fcef12fcfd43b932b633b21412c8c3ed342d6274fd114734f285b197e02bfe,2015-08,Essex Police,Essex Police,0.323113,51.612978,On or near OAKTREE CLOSE,E01021437,Brentwood 008B,Investigation complete; no suspect identified
71deb097dce6ce3c6acc9d6f9c54a39305dfa674ba7f1b0cd55d3fea9cc6d6f9,2015-08,Essex Police,Essex Police,0.261741,51.889938,On or near Airport/Airfield,E01022090,Uttlesford 006B,Investigation complete; no suspect identified
6dec0822b78d16369b3b86f7c82ee6122f458a513de5a3835e47dccf1d8e78d5,2015-08,Essex Police,Essex Police,0.093567,51.769182,On or near Shopping Area,E01021872,Harlow 007E,Investigation complete; no suspect identified
5e8829254072972b7d21197eb0f7b3346092f3846f4f5e43d01a537ab29a2d2e,2015-08,Essex Police,Essex Police,0.324310,51.477114,On or near Shopping Area,E01015954,Thurrock 017D,Investigation complete; no suspect identified
b405dea05f90b92a675b0975f1891363eb2632e15f31fb8880f24d13d107ff1a,2015-08,Essex Police,Essex Police,0.862552,51.871517,On or near SPRINGFIELDS DRIVE,E01021715,Colchester 015E,Investigation complete; no suspect identified
7172e94a888573ce58b0137d70f58633fbb787598ff84039e0474209a04fb565,2015-08,Essex Police,Essex Police,0.002090,51.675960,On or near Park/Open Space,E01021806,Epping Forest 009A,Investigation complete; no suspect identified
5896abe4ef93788dbad37e6e445b0c8d8295377eaf8704dd5528389242ab184c,2015-08,Essex Police,Essex Police,0.082125,51.646763,On or near Petrol Station,E01021776,Epping Forest 011C,Investigation complete; no suspect identified
55f967b4d21c7ef0a9ab93862fd4dd414c828ba9b6a2f204f25149f58de09da7,2015-08,Essex Police,Essex Police,0.745606,51.549576,On or near ELDBERT CLOSE,E01015886,Southend-on-Sea 009D,Investigation complete; no suspect identified
19b185682cfc93de2b882d094be5fc8ec0e5d3232ed0715394fd72a0e4550d92,2015-08,Essex Police,Essex Police,0.591896,51.592555,On or near HATFIELD ROAD,E01021926,Rochford 006B,Investigation complete; no suspect identified
2cd92e426d53c4facbb3ebf3ce75d93afedeb194a5a75afe12b40d3f8396b1d5,2015-08,Essex Police,Essex Police,0.629401,51.548921,On or near Petrol Station,E01015911,Southend-on-Sea 008D,Investigation complete; no suspect identified
6d455da53f76a5f8ac6b5a73e9070be0faaefeecf0c80b1a6c46a076fdd6f031,2015-08,Essex Police,Essex Police,0.760013,51.529731,On or near BURGES ROAD,E01015893,Southend-on-Sea 016E,Investigation complete; no suspect identified
bece1f8ea8bf640abdab0a6060d17a22183e75614c0e34bc54b10768aeec3de9,2015-08,Essex Police,Essex Police,0.807658,51.694048,On or near BRADWELL ROAD,E01021901,Maldon 006A,Investigation complete; no suspect identified
40949b455445863d2788b5897f9de92873a2fbb97fdb708ccd6467548360f566,2015-08,Essex Police,Essex Police,0.678375,51.731127,On or near CHEQUERS LANE,E01021890,Maldon 004B,Investigation complete; no suspect identified
44595fe37f1ba88195a9996aa8da4f55c9fc82f25f6cea5bae0089da632c9631,2015-08,Essex Police,Essex Police,0.108071,51.697207,On or near Supermarket,E01021762,Epping Forest 005C,Investigation complete; no suspect identified
fd20db06428e22be7ebf448f0d4e49d5522cb8468bdf369399b76a2058e90b42,2015-08,Essex Police,Essex Police,0.312588,51.488803,On or near DEVEREUX ROAD,E01033612,Thurrock 020D,Investigation complete; no suspect identified
b196dfb1c18f3f22acb4b7f6098c25086d3a3cf2ea0e0f86c3dbe4e142627552,2015-08,Essex Police,Essex Police,1.140195,51.801910,On or near HAMPSTEAD AVENUE,E01022022,Tendring 013D,Investigation complete; no suspect identified
d493570722251ccf33b6635393d75180078b8181d100c980481907a3b4ce1943,2015-08,Essex Police,Essex Police,0.455364,51.569789,On or near Shopping Area,E01021318,Basildon 015C,Investigation complete; no suspect identified
29b77766598be77fd9fbe2619044d48051a80f36f2c6b1e7e0d770ebfe1f0f1f,2015-08,Essex Police,Essex Police,0.960008,51.859732,On or near Supermarket,E01021739,Colchester 017D,Investigation complete; no suspect identified
966d799220b6f6018a45b91e1de114c2ccea302b0ca694cc08f984a9a30cfcb7,2015-08,Essex Police,Essex Police,0.489560,51.575481,On or near AVON WAY,E01021270,Basildon 012D,Investigation complete; no suspect identified
25075f2f49185382224633e81f60305bf37eec7925475d541f4b7266ca70d8d1,2015-08,Essex Police,Essex Police,0.567412,51.519635,On or near Petrol Station,E01021501,Castle Point 011D,Investigation complete; no suspect identified
e074066cc10da5f4455221dd1bc08f2cd0312cda0e08f3ba376ac73692e6e595,2015-08,Essex Police,Essex Police,0.619663,51.810252,On or near CORNEL CLOSE,E01021425,Braintree 016B,Investigation complete; no suspect identified
d5f96773ae96e5448c10e240ef686e0666c5f03821cba23f430b7a52d33bccb9,2015-08,Essex Police,Essex Police,0.261741,51.889938,On or near Airport/Airfield,E01022090,Uttlesford 006B,Investigation complete; no suspect identified
c6dcd278f0233475992305c6c9d4ab6be0fafee181e43bf76bbb43ce73c48c03,2015-08,Essex Police,Essex Police,0.298562,51.605350,On or near CHINDITS LANE,E01021472,Brentwood 008C,Investigation complete; no suspect identified
0ada2f78bbb8c650ff7d7c668da545f9da69c5b405f16db671462a514911b60c,2015-08,Essex Police,Essex Police,0.583458,51.562928,On or near Further/Higher Educational Building,E01021512,Castle Point 004D,Investigation complete; no suspect identified
c5d388e892718e50599bf8303fb14167036eaee4380ecb3719c4fbde8391eaa7,2015-08,Essex Police,Essex Police,0.094942,51.750669,On or near PARNALL ROAD,E01021859,Harlow 010C,Investigation complete; no suspect identified
2aaa2275701493863ba2366567e95ba907b30b77873a77f432d55677b21a95c1,2015-08,Essex Police,Essex Police,1.150608,51.788761,On or near JACKSON ROAD,E01022025,Tendring 016B,Investigation complete; no suspect identified
93b56e238fde736c578012c4e8e01f334a81e7f5e491d90aa8e4017a2b1bda51,2015-08,Essex Police,Essex Police,0.724162,51.553539,On or near WALTHAM CRESCENT,E01015871,Southend-on-Sea 006C,Investigation complete; no suspect identified
307b4ece786011c0269f829de89db9286cd38513593f75eafc672bee33274ab4,2015-08,Essex Police,Essex Police,0.902033,51.861906,On or near RICHARD DAY WALK,E01021639,Colchester 018C,Investigation complete; no suspect identified
fbb6a6690880eeb4b234e34f851a07841750658d57230e9c2b3bd3b0b506a1b2,2015-08,Essex Police,Essex Police,0.731456,51.550806,On or near PEARTREE CLOSE,E01015875,Southend-on-Sea 006G,Investigation complete; no suspect identified
7be354bf6e3304e4626af9002345a909060f6cecf35eb8a004b973a53d66b42e,2015-08,Essex Police,Essex Police,0.416509,51.623512,On or near Supermarket,E01021244,Basildon 004A,Investigation complete; no suspect identified
ec134d996553d30e335c0df874307f1d4e4d602e351db532121111a177db878d,2015-08,Essex Police,Essex Police,0.713046,51.738101,On or near SALTCOTE MALTINGS,E01021885,Maldon 003B,Investigation complete; no suspect identified
8fcf141bbd5556e03e58121daa79e351faf2cf25b235cba6c6cdb5f6f5540ec2,2015-08,Essex Police,Essex Police,0.535918,51.878619,On or near Petrol Station,E01021358,Braintree 008C,Investigation complete; no suspect identified
40657c42ddedf84375709304e1e5b52520e150d4785446e8b45cd3770616097f,2015-08,Essex Police,Essex Police,0.589748,51.594383,On or near ALEXANDRIA DRIVE,E01021957,Rochford 006C,Investigation complete; no suspect identified
17b25b838ebe24c10eef5e8798a9d8ba8119776e831cbebc53e16e2e54f33262,2015-08,Essex Police,Essex Police,0.451568,51.563609,On or near EASTLEY,E01021297,Basildon 020D,Investigation complete; no suspect identified
4af6c318e39ae96112f3b8481a36c64a4fde18174231e4671e39f901d587a119,2015-08,Essex Police,Essex Police,0.243639,51.486627,On or near A1306,E01015921,Thurrock 015A,Investigation complete; no suspect identified
dacce486bfe5ced3f051a140a38d06a9162f094818a7b50eaaf8c8d7bab9f962,2015-08,Essex Police,Essex Police,0.468743,51.573268,On or near BROADMAYNE,E01021318,Basildon 015C,Investigation complete; no suspect identified
fd1c0c5a85d6d105b4763823b2508051de7e591c3bf28c7932bc45fcfe6afbcf,2015-08,Essex Police,Essex Police,0.642065,51.798859,On or near THE RETREAT,E01021416,Braintree 017B,Investigation complete; no suspect identified
0e4dbfe37d8040ef652573540332122ac0b94f723fb42687eeb382d49142bb19,2015-08,Essex Police,Essex Police,0.687343,51.536869,On or near PEMBURY ROAD,E01015828,Southend-on-Sea 012B,Investigation complete; no suspect identified
bfb12718889eca3a79e53494136516e0b2f4fa028232d6cc9c72e8c3dbf2f156,2015-08,Essex Police,Essex Police,1.150380,51.797348,On or near Petrol Station,E01021970,Tendring 016A,Investigation complete; no suspect identified
8baa67e615d0911ab8cc8be42002456dcdf3c137c015b6b96ea5b18e1ad5c3ab,2015-08,Essex Police,Essex Police,0.508183,51.565596,On or near PARKHURST ROAD,E01021316,Basildon 018D,Investigation complete; no suspect identified
9c77e5e5a3277b6ae66ecc5313091b36d3bd4f5661906c0b37985f695364c107,2015-08,Essex Police,Essex Police,0.155661,51.713537,On or near HURRICANE WAY,E01021799,Epping Forest 001E,Investigation complete; no suspect identified
22b9406d02339050c7b7e9df34f1edfa0ca522cb7e7649c41b24e137922ddecf,2015-08,Essex Police,Essex Police,0.158624,51.713438,On or near BLENHEIM WAY,E01021799,Epping Forest 001E,Investigation complete; no suspect identified
56952e9f0e786e173100adcab9b39dbf3ca274d64039fc11c63094eae9339b1d,2015-08,Essex Police,Essex Police,0.717984,51.542359,On or near Supermarket,E01015895,Southend-on-Sea 010A,Investigation complete; no suspect identified
1f92b75b9397c63f89bac2eee084ec60827ce1534e10c73933ee867d7b773911,2015-08,Essex Police,Essex Police,0.856115,51.890533,On or near Orchard View,E01021675,Colchester 009C,Investigation complete; no suspect identified
66258fe9cacc7434caaf5bec5802172959ee0639d7803982a82d458fcf25ee80,2015-08,Essex Police,Essex Police,0.717984,51.542359,On or near Supermarket,E01015895,Southend-on-Sea 010A,Investigation complete; no suspect identified
1aa897c091d065de27009c0c9313d7558656f6ca3befe5e3ff2769e39608276c,2015-08,Essex Police,Essex Police,1.133448,51.836808,On or near KEMPTON PARK,E01022017,Tendring 007D,Investigation complete; no suspect identified
c99f6df788645d9c2d14b7904381c6b4871e7b3a93699aa5186e87b61d64f930,2015-08,Essex Police,Essex Police,0.593593,51.976805,On or near Supermarket,E01021397,Braintree 003B,Investigation complete; no suspect identified
5e21492aa61b57214e80c8b8b5f8f625aff4642517e8e9cae8e50e1a6b8d9d10,2015-08,Essex Police,Essex Police,0.506301,51.738935,On or near LITTELL TWEED,E01021545,Chelmsford 008B,Investigation complete; no suspect identified
36c73cf33d84369e6ee7f6bfa20a00e4452ca372903dab9fe75d4e24d9fdd6bd,2015-08,Essex Police,Essex Police,0.651700,51.542681,On or near RECTORY GROVE,E01015848,Southend-on-Sea 011D,Investigation complete; no suspect identified
97e6af134225c53e3ccdd305528e509bfd90e81f460e279619ba93a396116838,2015-08,Essex Police,Essex Police,0.647710,51.552960,On or near EASTWOOD ROAD,E01015815,Southend-on-Sea 003B,Investigation complete; no suspect identified
02bf5d0e39377c9655df8ee580020859f8f90995586dc18db664554feb98582a,2015-08,Essex Police,Essex Police,-0.002165,51.686760,On or near Supermarket,E01021818,Epping Forest 009C,Investigation complete; no suspect identified
a20da1cab6e5b0ab5773439f9b7f9f8b15d9cde37ed6dcd638137761d88f3a87,2015-08,Essex Police,Essex Police,0.295907,51.523494,On or near BENYON PATH,E01015971,Thurrock 006B,Investigation complete; no suspect identified
d44c79ca4a9320aa7ffa446aa6d91017c30e10bc5496b2811df5cfff6d3e5ec0,2015-08,Essex Police,Essex Police,0.368407,51.482653,On or near Petrol Station,E01015934,Thurrock 012B,Investigation complete; no suspect identified
3549e615663593ce20a4ba530b4befb245b9cfe993651cdfe1f7c93b358ddfcc,2015-08,Essex Police,Essex Police,0.505657,51.565066,On or near HIGH ROAD,E01021316,Basildon 018D,Investigation complete; no suspect identified
7a4e2084e645c5c926d6cd7a4a66756bfc877f69cbcdfc7b5ba17900201be205,2015-08,Essex Police,Essex Police,0.063427,51.675222,On or near B172,E01021806,Epping Forest 009A,Investigation complete; no suspect identified
00f9ad52634ab835ef011d1cdb067711898bdec0c4385c782434e2989708fa9f,2015-08,Essex Police,Essex Police,0.422322,51.584802,On or near KINGS CRESCENT,E01021261,Basildon 010A,Investigation complete; no suspect identified
47057d27d5696559b71ae9272c17c97c3eb405d2b6c68324a3e2827c3c0283aa,2015-08,Essex Police,Essex Police,0.720578,51.533386,On or near LUCY ROAD,E01015841,Southend-on-Sea 014C,Investigation complete; no suspect identified
2977cfacf4e03ddab2ad1e3bd15f995c23dd39670a5a5a9828f8a5e7191a3a61,2015-08,Essex Police,Essex Police,0.030929,51.625142,On or near CHANDOS CLOSE,E01021745,Epping Forest 015D,Investigation complete; no suspect identified
c7d62a4d3258ec33303d9ea1b35ea718b56f8df5e5d39c8a7ba1bc994466af17,2015-08,Essex Police,Essex Police,0.115839,51.763819,On or near GREAT BRAYS,E01021819,Harlow 006A,Investigation complete; no suspect identified
fa9db51abef141420f8f5f6590910657f4615d0b0ec50596c885ce7a90f6d8db,2015-08,Essex Police,Essex Police,0.461544,51.747229,On or near BROWNINGS AVENUE,E01021592,Chelmsford 006D,Investigation complete; no suspect identified
896fa729a894fef6ce887eee4c7269fec2e005c585a0ac35dadbe7f7cf1bceeb,2015-08,Essex Police,Essex Police,0.054524,51.632214,On or near PENTLOW WAY,E01021742,Epping Forest 015A,Investigation complete; no suspect identified
ffb053ca5a0b598a5483274a746dca871f3258add1670e32bdd9e0dd7882ce21,2015-08,Essex Police,Essex Police,0.111105,51.699284,On or near Nightclub,E01021762,Epping Forest 005C,Investigation complete; no suspect identified
35e90d7292553fef9fbf93b4616338e1da0d4624739906d6c2fef9e216336f19,2015-08,Essex Police,Essex Police,1.177925,51.805573,On or near DOVEDALE GARDENS,E01022033,Tendring 012B,Investigation complete; no suspect identified
4303e65684f6186aec18dade4f28b6e547fb96f7fab18d536b7f839cfebeb79b,2015-08,Essex Police,Essex Police,0.695119,51.541061,On or near Supermarket,E01015855,Southend-on-Sea 015E,Investigation complete; no suspect identified
62c87f8bc5b9da6af08d7671ed5263c0f2661b5f3ec605c16a592a2ae0f5b131,2015-08,Essex Police,Essex Police,0.045961,51.770622,On or near LITTLE BROOK ROAD,E01021801,Epping Forest 002E,Investigation complete; no suspect identified
3dbddf9d290f65bbac7c38148fe7de4ff2a4acf87b477108aba412af0592e3e1,2015-08,Essex Police,Essex Police,0.695119,51.541061,On or near Supermarket,E01015855,Southend-on-Sea 015E,Investigation complete; no suspect identified
033cdb56bf927f3844904e4dec525e703db8816ad94cdd53a984ae8e17db8a85,2015-08,Essex Police,Essex Police,0.082125,51.646763,On or near Petrol Station,E01021776,Epping Forest 011C,Investigation complete; no suspect identified
540f15702a06a638cefae75f10046eabda7d439dd2cc187a2d1b53cb4c07dbd2,2015-08,Essex Police,Essex Police,0.618594,51.785544,On or near Hatfield Road (Near Service Station),E01033460,Braintree 017F,Investigation complete; no suspect identified
7cecf5e974f3feede495c807cfe89dfdc95c053b529e9057a819f7bba1f5b1b1,2015-08,Essex Police,Essex Police,0.261741,51.889938,On or near Airport/Airfield,E01022090,Uttlesford 006B,Investigation complete; no suspect identified
e2d2efa04c409789fcc9738fad1ddc7c5184c2d26f52bf063d6278f8c2b60d71,2015-08,Essex Police,Essex Police,0.696459,51.596152,On or near Supermarket,E01021932,Rochford 007B,Investigation complete; no suspect identified
b965fb99c3ddf5d3f2bd01e914b3c6d22ea1cc2526468ab37eaa6d79ca04d580,2015-08,Essex Police,Essex Police,0.555911,51.599172,On or near DOUBLEGATE LANE,E01021920,Rochford 006A,Investigation complete; no suspect identified
cf806006e0e22e7c87121e87e8e4258526d17c311a337f2339ab50901006f6ac,2015-08,Essex Police,Essex Police,0.715963,51.544987,On or near GREYHOUND WAY,E01015898,Southend-on-Sea 010D,Investigation complete; no suspect identified
a65da13745a7a0ed7c472cc30f74de3be527fb1656913a95c052433cca8c514b,2015-08,Essex Police,Essex Police,0.683429,51.730625,On or near Parking Area,E01021890,Maldon 004B,Investigation complete; no suspect identified
7537d1364d9e8a3d08e7c390b451165a2333bf9ce52c8ef271124dd85f8c705e,2015-08,Essex Police,Essex Police,1.148149,51.793234,On or near OLD ROAD,E01022026,Tendring 016C,Investigation complete; no suspect identified
82d80a6bb3da3b452ce9078a454d05d8e36568aafcd40ec5f4fd753f8e6619b8,2015-08,Essex Police,Essex Police,0.502808,51.574399,On or near MILL GREEN PLACE,E01021306,Basildon 013E,Investigation complete; no suspect identified
e28f7dc124bf0df01c00270cc3ba7493f229a263f507c295dd980cef0f3002da,2015-08,Essex Police,Essex Police,0.130192,51.697401,On or near Park/Open Space,E01021756,Epping Forest 006A,Investigation complete; no suspect identified
cf9becbd3bf4fd748c3df069603da86498a1e3f0d8a560d74bcc9d478b4b14d8,2015-08,Essex Police,Essex Police,0.939753,51.899030,On or near ORWELL CLOSE,E01021708,Colchester 022A,Investigation complete; no suspect identified
59590690b8d0caca86ef3bcd04e660f4d8fda45dc2ed2294e4813a7a09f4e655,2015-08,Essex Police,Essex Police,0.559771,51.571766,On or near Petrol Station,E01021525,Castle Point 001D,Investigation complete; no suspect identified
37843838a590ac2fe1179c08061da597f6fb72ecb2e37785dfa2751234cfc24f,2015-08,Essex Police,Essex Police,0.267167,51.471633,On or near COSGROVE ROAD,E01016012,Thurrock 015C,Investigation complete; no suspect identified
38241eb4c57c291317e3c999842eb8a9d36c261622d364857fe7124874b7ee38,2015-08,Essex Police,Essex Police,0.737702,51.536136,On or near HUNTINGDON ROAD,E01015894,Southend-on-Sea 016F,Investigation complete; no suspect identified
ef81787eab7c820ef5690f1075624ea66cfd2a328865c93f0c3bc86cd573e95b,2015-08,Essex Police,Essex Police,1.035237,51.793291,On or near COLNE VIEW,E01022046,Tendring 011E,Investigation complete; no suspect identified
6bb6a54b4fc0d1c51175008bc340e8b53b3b84df8c295dabac4e75d2b19dcb88,2015-08,Essex Police,Essex Police,1.161669,51.848149,On or near Parking Area,E01021974,Tendring 007B,Investigation complete; no suspect identified
7f230ffac3b3e9115200c6b900d639b7f7cd45bba4a7cfa53dffa6e5c068558e,2015-08,Essex Police,Essex Police,1.152101,51.791878,On or near HAYES ROAD,E01022026,Tendring 016C,Investigation complete; no suspect identified
8ce35886a1f9b2d1c770c74b22d455ac122c5c3a3baa8e482a6c762bb8876beb,2015-08,Essex Police,Essex Police,0.525944,51.621234,On or near WINDSOR GARDENS,E01021593,Chelmsford 021A,Investigation complete; no suspect identified
cc0e126c7345b04f2533721c7d08b953544a4d66c7905c1bbd683ea192ca1bcb,2015-08,Essex Police,Essex Police,0.377021,51.490698,On or near WICKHAM ROAD,E01015938,Thurrock 012F,Investigation complete; no suspect identified
34b5d4e46a26d0bc5d025fd17eb14966b0db2ddcd826cdc58c94e2f109ac9c21,2015-08,Essex Police,Essex Police,0.618471,51.554516,On or near DOUGLAS ROAD,E01021519,Castle Point 005B,Investigation complete; no suspect identified
7afdfccd86cf66451d33c90294601f2d880563ce0dd1d30521f07b049e394d02,2015-08,Essex Police,Essex Police,0.684656,51.870416,On or near THE GRAVEL,E01021378,Braintree 014B,Investigation complete; no suspect identified
6e35465d8b0d0d8574946a2605150839bf7f47f9fcf4dbc1eb0a335ae69977a5,2015-08,Essex Police,Essex Police,1.161669,51.848149,On or near Parking Area,E01021974,Tendring 007B,Investigation complete; no suspect identified
390b10b4eae0d76f36769598d9e8109aac8a9cc5dfc026dee43afab8fb985ee8,2015-08,Essex Police,Essex Police,0.281531,51.509871,On or near DERRY AVENUE,E01015972,Thurrock 006C,Investigation complete; no suspect identified
b5c4dc18f67a6c57cdc0b0b538cc56ee5f068ac5f1dd2ab0de31127f5c898fec,2015-08,Essex Police,Essex Police,1.154354,51.788616,On or near COLNE ROAD,E01022025,Tendring 016B,Investigation complete; no suspect identified
85a06573c12eb0c50a2b50462b76a1376a9af813bfe12202fd89753aaa6a0405,2015-08,Essex Police,Essex Police,0.639510,51.799555,On or near COACH HOUSE WAY,E01021415,Braintree 017A,Investigation complete; no suspect identified
5c8d2cafe421e91da07b838c5d8d1514a7d89336f76bb802f800b5d1e1620850,2015-08,Essex Police,Essex Police,0.353662,51.482734,On or near Further/Higher Educational Building,E01015967,Thurrock 014B,Investigation complete; no suspect identified
9f8d2ecb7c899fd607b40db8d7c61b0d6cf2f635bbc17bbd180b97659d19c5d9,2015-08,Essex Police,Essex Police,1.045088,51.837862,On or near CLACTON ROAD,E01022053,Tendring 009D,Investigation complete; no suspect identified
8e105ef2ffb1f4a650baf57a4fe5d6d306e3dadffa73da6ef729eb440e54e707,2015-08,Essex Police,Essex Police,0.605828,51.585708,On or near Shopping Area,E01021962,Rochford 008C,Investigation complete; no suspect identified
843eaf69c5ba0314c9f24cd4eb9ca23e8d61a2f94242601bccb354f91783501a,2015-08,Essex Police,Essex Police,0.708006,51.550666,On or near ST BENET'S ROAD,E01015861,Southend-on-Sea 004E,Investigation complete; no suspect identified
aa06a54e14fe64c63869c5f9b719abca844938ccee2cae3070cbf4e95bd8a4ec,2015-08,Essex Police,Essex Police,0.717736,51.534325,On or near HERBERT GROVE,E01015852,Southend-on-Sea 015B,Investigation complete; no suspect identified
01ed15638c4bac74f4bb6d3241d65d0de08db45827f3cb5306ed9d16d3af0af1,2015-08,Essex Police,Essex Police,0.296350,51.523989,On or near PEARTREE CLOSE,E01015971,Thurrock 006B,Investigation complete; no suspect identified
8ab947628e9de0a9bb9dcbd8bc0e8f21077927b4c4e7356ced9f27c688d29329,2015-08,Essex Police,Essex Police,0.730798,51.540290,On or near Petrol Station,E01015844,Southend-on-Sea 014F,Investigation complete; no suspect identified
475fb9de13b8f72fd04178a346baf1799f661f6972900a3012649d702da14bb2,2015-08,Essex Police,Essex Police,0.480520,51.580682,On or near MAPLESTEAD,E01021267,Basildon 012B,Investigation complete; no suspect identified
316bb2c19bba792343c2d0864240708bac2c3d370f7124dd6aa720db1e4e59de,2015-08,Essex Police,Essex Police,0.699875,51.540772,On or near SUMMERCOURT ROAD,E01015896,Southend-on-Sea 010B,Investigation complete; no suspect identified
d135556c94dcc5dcbfaa14b9416663c19666b4478ca84217ad18a6190c96de18,2015-08,Essex Police,Essex Police,0.931567,51.890987,On or near HICKORY AVENUE,E01021699,Colchester 008D,Investigation complete; no suspect identified
e168c4299e9d74860f45f18169bebc1e09e857072942e9545e9a86978e376973,2015-08,Essex Police,Essex Police,0.462457,51.585127,On or near Nightclub,E01021268,Basildon 015B,Investigation complete; no suspect identified
cb81277c9b5221148fbc03db2314c2aaf72d591dc6ce33a236bd86757f63ab26,2015-08,Essex Police,Essex Police,0.899199,51.888534,On or near TRINITY STREET,E01021649,Colchester 007D,Investigation complete; no suspect identified
f38088a5445b7631b9404fbd52fc4ba02c175453d7e021b89f222b1f24eafb4a,2015-08,Essex Police,Essex Police,0.931256,51.879726,On or near QUAYSIDE DRIVE,E01033719,Colchester 008G,Investigation complete; no suspect identified
04f0388948ca3b1811be52dcf82e0686ef7d8748c377a2ff31572c35cffaf5d5,2015-08,Essex Police,Essex Police,0.483151,51.577047,On or near RUNDELLS WALK,E01021270,Basildon 012D,Investigation complete; no suspect identified
13501163154987c0285a0d1adec70317eb4540a296bf39705d4f1a69d525702b,2015-08,Essex Police,Essex Police,1.134644,51.792588,On or near Supermarket,E01022032,Tendring 015E,Investigation complete; no suspect identified
a0bf28188af8d9060c9922da13a540cf1501af3442b789fc62502d65ff1cd8ab,2015-08,Essex Police,Essex Police,0.298576,51.478863,On or near MILL LANE,E01016011,Thurrock 015B,Investigation complete; no suspect identified
64336db13341a56c3cb7381db055643d13f094cb6b5804faeed3ae5b2d229174,2015-08,Essex Police,Essex Police,0.426127,51.574948,On or near HERMITAGE DRIVE,E01021290,Basildon 016D,Investigation complete; no suspect identified
480088988b26bfee1893be529888991db64ca233a1107e36398b02d72bc40107,2015-08,Essex Police,Essex Police,0.903937,51.885827,On or near Pedestrian Subway,E01021683,Colchester 011A,Investigation complete; no suspect identified
5d5bbeeba07047e5964086a7edb8ac55ed009fb2936f028edd7266d5bb847fea,2015-08,Essex Police,Essex Police,0.903937,51.885827,On or near Pedestrian Subway,E01021683,Colchester 011A,Investigation complete; no suspect identified
79247e484d0968f853641de80dd71e8a4c7cf957f3830bfe7acf205a5271a996,2015-08,Essex Police,Essex Police,1.115348,51.773791,On or near FIR WAY,E01021988,Tendring 018A,Investigation complete; no suspect identified
f305430a355c4f2f5cf8e21db5380315fc8fbfc582eb0b8126889dcf3d2bdef2,2015-08,Essex Police,Essex Police,1.089337,51.939050,On or near RIGBY AVENUE,E01022021,Tendring 003G,Investigation complete; no suspect identified
fd57bdb4a62c254c83454ba0ba6232d8bab3330db7b19fb6a4b5819994122dd4,2015-08,Essex Police,Essex Police,0.324269,51.489337,On or near THURLOE WALK,E01015957,Thurrock 009A,Investigation complete; no suspect identified
b0abc05c22e2cb3fc42009d33fbc164afef9dcdcb0c33a4f245d6c7f8fa555da,2015-08,Essex Police,Essex Police,0.937412,51.898135,On or near PARSON'S HEATH,E01021707,Colchester 022I,Investigation complete; no suspect identified
15a7a56661f7192b3e713e45ed7340cb903f8f201c674bf986f908064ecd3192,2015-08,Essex Police,Essex Police,0.361679,51.461709,On or near CALCUTTA ROAD,E01016009,Thurrock 018G,Investigation complete; no suspect identified
898fb3d4d5fa0121485746f7cbc99278d516bb6f549cfb83d3021e2620893da1,2015-08,Essex Police,Essex Police,0.361679,51.461709,On or near CALCUTTA ROAD,E01016009,Thurrock 018G,Investigation complete; no suspect identified
151a3182711753fa27ec284d01ad2381410156f9599e4fb164332b1d7b32c167,2015-08,Essex Police,Essex Police,0.735580,51.540907,On or near Petrol Station,E01015884,Southend-on-Sea 009B,Investigation complete; no suspect identified
993ef3ec10637d91e175d20834df42081b37f03b93e230d9dc91017831d0a9fe,2015-08,Essex Police,Essex Police,0.076800,51.649483,On or near Further/Higher Educational Building,E01021790,Epping Forest 012E,Investigation complete; no suspect identified
4d506cb48a1cdf601d44479d7ecd61112ed51dd491056d724b4536db4e2f2400,2015-08,Essex Police,Essex Police,0.701205,51.537899,On or near AVENUE TERRACE,E01015856,Southend-on-Sea 015F,Investigation complete; no suspect identified
d0c30eb805eea1c2e4d921217b075cfbf847c2be50940a53a45cd9b1e518ef4c,2015-08,Essex Police,Essex Police,1.265097,51.935310,On or near PRINCES ROAD,E01022000,Tendring 002A,Investigation complete; no suspect identified
137ea0a2d213b1a43f2ed8e92bde778158a415a2aa274f4294ba26cb43de0dd8,2015-08,Essex Police,Essex Police,0.949051,51.854764,On or near STEPHEN CRANFIELD CLOSE,E01021657,Colchester 016A,Investigation complete; no suspect identified
923da12bdd9dd05ecba2a2414cd8427fc6dce28b26d7f74ff4757c1c77f74917,2015-08,Essex Police,Essex Police,0.072310,51.642000,On or near LONGCROFT RISE,E01021771,Epping Forest 013A,Investigation complete; no suspect identified
b31fa8b08dc9805c3cf6d254b20e538736bf38d54dcc0d424de33607b13e1c3a,2015-08,Essex Police,Essex Police,0.575810,51.518246,On or near HAYES LANE,E01021502,Castle Point 011E,Investigation complete; no suspect identified
a9ffe2fa78e7e7619ccfcc2db9b9e7f90cdd6e33a3d56b070a23152b2ecbf2b4,2015-08,Essex Police,Essex Police,0.082125,51.646763,On or near Petrol Station,E01021776,Epping Forest 011C,Investigation complete; no suspect identified
1a9377999d0e3c35499531ca9927fcc69b1bc7abd19ea786126f7b4d22683b8c,2015-08,Essex Police,Essex Police,1.116152,51.831071,On or near RECTORY ROAD,E01022047,Tendring 018E,Investigation complete; no suspect identified
b564bcf40ddcc0e2aa7d7ce86a75e5069da87189770c8c0cd871db819f7eb910,2015-08,Essex Police,Essex Police,0.448566,52.041844,On or near Sports/Recreation Area,E01021376,Braintree 001B,Investigation complete; no suspect identified
f596199fd7ca6b40781b1697187e3c595e9b9b0d71e3e558e6de0e702b53828f,2015-08,Essex Police,Essex Police,0.777231,51.542527,On or near SHILLINGSTONE,E01015915,Southend-on-Sea 017B,Investigation complete; no suspect identified
c067f2caf33f5e5a4bd7dfca6898a794fd81c85afcbc9ca7db2a2f09b1da5f76,2015-08,Essex Police,Essex Police,1.103289,51.773417,On or near AUSTIN AVENUE,E01021988,Tendring 018A,Investigation complete; no suspect identified
d997d83a88ff10fa556dbe695ace858530f68b3b4e57d1fdd527c26bad0e25a0,2015-08,Essex Police,Essex Police,0.319731,51.477969,On or near Parking Area,E01015953,Thurrock 017C,Investigation complete; no suspect identified
5a759c3f7e183cfa7e1d7320ec8317d82ccf67b38d4fae233c75e60eb3ee3e56,2015-08,Essex Police,Essex Police,0.117149,51.749677,On or near RADBURN CLOSE,E01021837,Harlow 008E,Investigation complete; no suspect identified
92a053e33b07cdd9b25b606396ce13f568187394f6eeed043ac4729fce9b08ea,2015-08,Essex Police,Essex Police,0.917256,51.875371,On or near UNITY CLOSE,E01021665,Colchester 016D,Investigation complete; no suspect identified
de946b87fa3d59a3734c6add1bfc6405a24c33302fb9f6f91b1c0336826d65a7,2015-08,Essex Police,Essex Police,0.500271,51.585496,On or near REPTON CLOSE,E01021307,Basildon 011C,Investigation complete; no suspect identified
e003cb0fda524bfef541598bab5deb8211ed8b6d4cca46bc9f05f5ed6243f085,2015-08,Essex Police,Essex Police,0.392137,51.562561,On or near LOWER DUNTON ROAD,E01021284,Basildon 021E,Investigation complete; no suspect identified
bdc461e7472b00f73cee4f9126e906c57154f748121ed58578e28ff117044124,2015-08,Essex Police,Essex Police,0.116772,51.783747,On or near WEST ROAD,E01021848,Harlow 002E,Investigation complete; no suspect identified
ab16e2f04e13768c5479607530ce2635c12a165600701ab6fcf26c32e91f04a7,2015-08,Essex Police,Essex Police,0.502267,51.562719,On or near Supermarket,E01021310,Basildon 022B,Investigation complete; no suspect identified
16ce289a97b5e660f11348d3b41e9232dff76906ad7a9b208d89e7465f56ea8d,2015-08,Essex Police,Essex Police,1.146196,51.789968,On or near Supermarket,E01022038,Tendring 017E,Investigation complete; no suspect identified
293614018a174458a046bf765a3e7f8232bfef3aa20fa9e2d6cc3d2f4661348d,2015-08,Essex Police,Essex Police,0.760534,51.540241,On or near DAINES WAY,E01015883,Southend-on-Sea 009A,Investigation complete; no suspect identified
9f7d1efb8ff3d7f8072bc6047f96444e113daa111154a151fa155a300d6457e3,2015-08,Essex Police,Essex Police,0.101355,51.670628,On or near THRIFTS MEAD,E01021803,Epping Forest 010B,Investigation complete; no suspect identified
04f28facbf3580aae48c15bcb57d46bb411117eba2c33c7f3d424eae85c58e78,2015-08,Essex Police,Essex Police,0.094481,51.770766,On or near EAST GATE,E01021872,Harlow 007E,Investigation complete; no suspect identified
b3298d51fc76428bf0df810915000e76c36cb8a558b212b6826dee822048beae,2015-08,Essex Police,Essex Police,0.284016,51.475982,On or near ELM TERRACE,E01016011,Thurrock 015B,Investigation complete; no suspect identified
79f1a876352d92dab582c6f6bbf65d699ea0be3a5bcfc3b052963e5a2d3fd53d,2015-08,Essex Police,Essex Police,1.146196,51.789968,On or near Supermarket,E01022038,Tendring 017E,Investigation complete; no suspect identified
c10fdc528e2ccc321c72c6e51a3cd046e61bd4ae4e6eaa9c76bc4140dbf09682,2015-08,Essex Police,Essex Police,1.045095,51.938108,On or near Petrol Station,E01022013,Tendring 003B,Investigation complete; no suspect identified
d0f02c3c71c8aa8da1719ae8d7f78a5cd4c80f8f1b1e1e74e0066a35b9681b8c,2015-08,Essex Police,Essex Police,0.285907,51.477510,On or near CHARLOTTE PLACE,E01016011,Thurrock 015B,Investigation complete; no suspect identified
a945ff45d455a156b7b7e2dcbf7b3696d570e94b0356cf68513e8ae0297b82a6,2015-08,Essex Police,Essex Police,0.324934,51.477776,On or near CLARENCE ROAD,E01015956,Thurrock 016B,Investigation complete; no suspect identified
ea9f97ddaec615f20b3338b22b9d64a36a29751294e1656159186dc54e842c58,2015-08,Essex Police,Essex Police,0.027258,51.692173,On or near AMESBURY,E01021814,Epping Forest 007C,Investigation complete; no suspect identified
2b80bf53c7369d507893ab507c748217b53560f1cb26d3d10f963c0530e42cdf,2015-08,Essex Police,Essex Police,0.132255,51.638759,On or near Park/Open Space,E01021770,Epping Forest 010A,Investigation complete; no suspect identified
bf6e68a21f50db146fca45158721daa3a1713e93863bf8e3b141faf4c0b630ee,2015-08,Essex Police,Essex Police,0.895423,51.877961,On or near CIRCULAR ROAD SOUTH,E01021651,Colchester 013A,Investigation complete; no suspect identified
4420d520298ceaa7968f08e7d7579efc831ff9d3b02c3f7ecdee4a663c2ea114,2015-08,Essex Police,Essex Police,0.132511,51.766089,On or near Supermarket,E01021827,Harlow 005D,Investigation complete; no suspect identified
c16abcc1e0ff430416fce6135dbb16dc639b42a9bd907c3f57ceb44faff2e7f9,2015-08,Essex Police,Essex Police,0.643144,51.799195,On or near Shopping Area,E01021416,Braintree 017B,Investigation complete; no suspect identified
86b2f7ccdbb7e77487de8cb289a5c5f910a66ce49617bacddf3aff4f80890481,2015-08,Essex Police,Essex Police,0.353142,51.488293,On or near GRANGEWOOD AVENUE,E01015965,Thurrock 010C,Investigation complete; no suspect identified
090294bdb455c432172af9e001b12ebe591dd7e21469b43a91c4bb67d21993e9,2015-08,Essex Police,Essex Police,1.142386,51.808382,On or near MIDDLETON CLOSE,E01021976,Tendring 013B,Investigation complete; no suspect identified
ac91685290d14ce3ef237e2755457cd4e9b8af2a72cb3faff68e3972baf9b0a2,2015-08,Essex Police,Essex Police,0.281531,51.509871,On or near DERRY AVENUE,E01015972,Thurrock 006C,Investigation complete; no suspect identified
71f94b30477115c86fe6da5081ca2ce7a7a3c9ebbd21459dd35a9959660ac81d,2015-08,Essex Police,Essex Police,0.931071,51.888940,On or near ASHDOWN WAY,E01021699,Colchester 008D,Investigation complete; no suspect identified
a4d70d8d28a03882ce8e794a176f30dcd386e56a117027e4bb4856d4d3506ddc,2015-08,Essex Police,Essex Police,0.284952,51.639168,On or near CATHERINE CLOSE,E01021462,Brentwood 006B,Investigation complete; no suspect identified
1458564abdf65d88f27ce12787b328ed1dfe9802ca0e4ecda7549f2d34dd7a26,2015-08,Essex Police,Essex Police,0.404696,51.573060,On or near BROOKLANDS PARK,E01021277,Basildon 014D,Investigation complete; no suspect identified
6aafb2e4308ad7bc3c66936d5d432fafa7fbcb2db18d726107d87417dc866fc3,2015-08,Essex Police,Essex Police,0.606697,51.587524,On or near BELLINGHAM LANE,E01021964,Rochford 008E,Investigation complete; no suspect identified
06d4117f02cd19ccb14f0f680143fa93a1f5e937203e3ba0281bfc967a10bb06,2015-08,Essex Police,Essex Police,0.916470,51.896444,On or near ROMFORD CLOSE,E01021702,Colchester 022D,Investigation complete; no suspect identified
0dd4e73cf7d3a834ea33271c2778ffc335e5d19970fba4d0bf1841af194275f7,2015-08,Essex Police,Essex Police,0.605828,51.585708,On or near Shopping Area,E01021962,Rochford 008C,Investigation complete; no suspect identified
4bde02b667fc34bdd3dec75c233cc92d5e39e21ef791ec86fe65985b3413eceb,2015-08,Essex Police,Essex Police,0.640820,51.808078,On or near Petrol Station,E01021416,Braintree 017B,Investigation complete; no suspect identified
a15f17c627f4845c0749e0108b495e8ce7694cceae03a3f6ffc38da805ad5725,2015-08,Essex Police,Essex Police,0.432618,51.580551,On or near POUND LANE,E01021279,Basildon 010E,Investigation complete; no suspect identified
f3071a984acfff160197727629fd17814dad61985bfe638226eb3ab4c3293cbe,2015-08,Essex Police,Essex Police,0.855337,51.882394,On or near WOODLAND DRIVE,E01021691,Colchester 014C,Investigation complete; no suspect identified
51638255cee162e67b676f9e399e08102e586e562541f658c747e5e93fecf19e,2015-08,Essex Police,Essex Police,0.679549,51.731622,On or near OLD MILL CLOSE,E01021890,Maldon 004B,Investigation complete; no suspect identified
ba50fb625cc7a48d4f542b120d21d61d713600e6fea6940098256390a6fa1e00,2015-08,Essex Police,Essex Police,0.324019,51.478460,On or near Theatre/Concert Hall,E01015956,Thurrock 016B,Investigation complete; no suspect identified
9a2a9bc0073539b354530943f93ca972efb98ee8c7a9b833fcfbcd94c92e3204,2015-08,Essex Police,Essex Police,1.258017,51.844825,On or near BRAMBLES,E01022012,Tendring 008H,Investigation complete; no suspect identified
c6aecb20505685e2285bb3638719d1576daf9d068a70f78954beedecfab4f4aa,2015-08,Essex Police,Essex Police,0.629401,51.548921,On or near Petrol Station,E01015911,Southend-on-Sea 008D,Investigation complete; no suspect identified
512e24d7dcbf834fc003829e33ce8d426e9f1579b6965c3d6370dccce440be85,2015-08,Essex Police,Essex Police,1.260356,51.940955,On or near Petrol Station,E01022007,Tendring 002D,Investigation complete; no suspect identified
bdc0a6be8c8503f09d64e8801b0e0710be0dbb9d40243ed557fb52adead9a76c,2015-08,Essex Police,Essex Police,0.345558,51.495748,On or near JESMOND ROAD,E01015963,Thurrock 010A,Investigation complete; no suspect identified
f925fab0b15b929d71afad33f61aa83ff34ec5ffbae801df9e7ae061d394ed84,2015-08,Essex Police,Essex Police,0.493343,51.754311,On or near CLEMATIS TYE,E01021620,Chelmsford 004D,Investigation complete; no suspect identified
82e62348fc6b75568a9b367effae83ff9f40f50b14fe644e84f38e62976e321a,2015-08,Essex Police,Essex Police,0.432839,51.612769,On or near BRIAR CLOSE,E01021259,Basildon 009C,Investigation complete; no suspect identified
930263a8e454fd5aba27576c2aea7636278e8fed73963c86da8416c22e6e2c26,2015-08,Essex Police,Essex Police,0.579261,51.882172,On or near ROCHESTER CLOSE,E01021351,Braintree 007B,Investigation complete; no suspect identified
7212e6c9a58c5977f8103888e3392f6f6ee362157b5b0b145b6a7ca7322b852f,2015-08,Essex Police,Essex Police,0.907575,51.864054,On or near STANSTED ROAD,E01021638,Colchester 018B,Investigation complete; no suspect identified
bffb05bea8df60b9a6adcf8ddc13b8ce6eb0a79c96e80093c5aede1612ea7882,2015-08,Essex Police,Essex Police,0.699078,51.588448,On or near Petrol Station,E01021930,Rochford 007A,Investigation complete; no suspect identified
b254afbbc5e637bb534e82d422d8dab08df42847dc9193a83c0ebf2b60115a59,2015-08,Essex Police,Essex Police,0.324019,51.478460,On or near Theatre/Concert Hall,E01015956,Thurrock 016B,Investigation complete; no suspect identified
6d344458092e5648e18bc5de9ccb7e17c8835064331641eef13d6a30c41a8b94,2015-08,Essex Police,Essex Police,0.486976,51.582083,On or near Parking Area,E01021267,Basildon 012B,Investigation complete; no suspect identified
e540efe03590580fe9a76ada01f4433539936263de24fadb9889fd2a1cc5c3c6,2015-08,Essex Police,Essex Police,0.576071,51.530022,On or near CONCORD ROAD,E01021505,Castle Point 008D,Investigation complete; no suspect identified
0078dd690fb29883268be5bbc70b580ac8b71f5690b56ddbb2a5d50b11ce1274,2015-08,Essex Police,Essex Police,0.910367,51.885911,On or near GEORGE WILLIAMS WAY,E01021686,Colchester 011D,Investigation complete; no suspect identified
50e4f7eda8e37a9b47f0ba3156ee459b00031eb8c7138def8b86dd1580b3a2bb,2015-08,Essex Police,Essex Police,0.084387,51.655113,On or near HANSON GREEN,E01021777,Epping Forest 011D,Investigation complete; no suspect identified
bfd1e6517d1486e1ec93b6aa791a0791335ec7b8da0f75bbd6a17b856a37c3c5,2015-08,Essex Police,Essex Police,0.647710,51.552960,On or near EASTWOOD ROAD,E01015815,Southend-on-Sea 003B,Investigation complete; no suspect identified
f839555602baf75431b2192d1af1181f69778f9e6939c832abaeaed2dc5f7e55,2015-08,Essex Police,Essex Police,-0.008518,51.686706,On or near GROVE COURT,E01021817,Epping Forest 008E,Investigation complete; no suspect identified
28d1f142bdb353def72a22875ec6ba922ba82509d8c3397a7ecef4606dac9eae,2015-08,Essex Police,Essex Police,0.695119,51.541061,On or near Supermarket,E01015855,Southend-on-Sea 015E,Investigation complete; no suspect identified
ea98a87a475b8ab45abded63347e125e0a6ccf64276fdb211b0b289edacdb1cd,2015-08,Essex Police,Essex Police,0.133681,51.756464,On or near JACK STEVENS CLOSE,E01021835,Harlow 008C,Investigation complete; no suspect identified
cc50c059e992bd09efe10b6c1b45662ecd7477fd8640a87234be8c36f17ce02f,2015-08,Essex Police,Essex Police,0.346604,51.630974,On or near BROOKFIELD CLOSE,E01021448,Brentwood 003A,Investigation complete; no suspect identified
98bb735b0dd9459dba2a58611efdf810a33dc89b2794ba814c5f972c0bfcabc1,2015-08,Essex Police,Essex Police,0.488796,51.747240,On or near Supermarket,E01021624,Chelmsford 004F,Investigation complete; no suspect identified
64081212e5e9cb2fc63f810620095d6d6ccafc8f773b8cd0952c1e42a8eac46b,2015-08,Essex Police,Essex Police,0.233165,51.495721,On or near LONDON ROAD,E01015925,Thurrock 008D,Investigation complete; no suspect identified
41ffee00043aa33fa88eef147ce637fd4d73e75d9d02aac1c2614826f9c846ad,2015-08,Essex Police,Essex Police,0.000786,51.685766,On or near RUE DE ST LAWRENCE,E01021818,Epping Forest 009C,Investigation complete; no suspect identified
5cf46fcdd7b439af17e27c7b7c23d5116f284b18c5276a36562072ced786b3e2,2015-08,Essex Police,Essex Police,0.698574,51.549247,On or near GAINSBOROUGH DRIVE,E01015862,Southend-on-Sea 004F,Investigation complete; no suspect identified
b2086399dca8d50ff0eb36a7fda8d50385e6484879b088ef287ec0c9d621fa3c,2015-08,Essex Police,Essex Police,1.154354,51.788616,On or near COLNE ROAD,E01022025,Tendring 016B,Investigation complete; no suspect identified
14a4de78ac62541fc2c9d17c1e740fb6a653590ac66951397c3c49ec2fd8d6a0,2015-08,Essex Police,Essex Police,0.717984,51.542359,On or near Supermarket,E01015895,Southend-on-Sea 010A,Investigation complete; no suspect identified
41e60e3ca1630b534086a603a12450ba06e6a67a4140b6fdf77a4232c65b8a44,2015-08,Essex Police,Essex Police,0.585713,51.595803,On or near Petrol Station,E01021958,Rochford 006D,Investigation complete; no suspect identified
56cda01dfe75834c717b377034ac21b6b818edf5a6f015844f6ebfabccb99b6f,2015-08,Essex Police,Essex Police,0.078086,51.655800,On or near SWANSHOPE,E01021779,Epping Forest 011F,Investigation complete; no suspect identified
15788d64e232e0834ba15318a286c58c0e916f74a338bf5997527b6ec71213f8,2015-08,Essex Police,Essex Police,0.277973,51.867782,On or near HUBBERD ROAD,E01022091,Uttlesford 006C,Investigation complete; no suspect identified
43eece380a7238f52aa8e43ecdbb308129eff3c2825761d23fdc328dc32bd3d8,2015-08,Essex Police,Essex Police,0.677578,51.548145,On or near EASTWOOD LANE SOUTH,E01015905,Southend-on-Sea 007E,Investigation complete; no suspect identified
8ae1f1463e061f588cec7d6e6d8ced4419c8c05a03b717aec8a7a2324a1a0f7b,2015-08,Essex Police,Essex Police,0.505657,51.565066,On or near HIGH ROAD,E01021316,Basildon 018D,Investigation complete; no suspect identified
ab1b2782e02e37e9df4323c18f5bd2723192d6d92bab8b776d7c1f0b5030189d,2015-08,Essex Police,Essex Police,0.562910,51.524168,On or near ST CHRISTOPHERS CLOSE,E01021503,Castle Point 010D,Unable to prosecute suspect
d87f44d99a4ef32449a6ba9740effea6c4e708fae3125b8cc0252c1136fccb8c,2015-08,Essex Police,Essex Police,0.915602,51.872264,On or near Supermarket,E01021667,Colchester 016F,Suspect charged
0a4c25254d9ca9dc75a9ff040a18cc10ef6077bc39eb3d2414ba5133c67d9509,2015-08,Essex Police,Essex Police,0.579302,51.879330,On or near LIE FIELD CLOSE,E01021369,Braintree 012D,Formal action is not in the public interest
83b5a70d7181561ea1f9548bf16ca9ebb913965ec1eee65af0a4afb252969d69,2015-08,Essex Police,Essex Police,1.132407,51.797981,On or near TULIP WAY,E01022023,Tendring 015A,Formal action is not in the public interest
3b487ce0a11da8cd2b9fb88cfa88395536ab3c63c3767b8964fe4aec7e6cbf70,2015-08,Essex Police,Essex Police,0.494311,51.745585,On or near REDRUTH CLOSE,E01021625,Chelmsford 007D,Unable to prosecute suspect
5dcf6b916edbae9fe77e787447c4bd356e5768c79b54435152eafcf6908bffb0,2015-08,Essex Police,Essex Police,1.154318,51.800363,On or near BERKELEY ROAD,E01022043,Tendring 014B,Unable to prosecute suspect
9c72f940a4396d5c936aab9ed806f4fdea5d506489252ecc450c7fd7df78c435,2015-08,Essex Police,Essex Police,0.634446,51.943649,On or near BRIDGE STREET,E01021387,Braintree 004A,Suspect charged
f453c59a683a33df481398a10256852f1db5604b52a6a7dcc9784e4bb3db41ce,2015-08,Essex Police,Essex Police,0.560839,51.522972,On or near ST MICHAELS ROAD,E01021503,Castle Point 010D,Formal action is not in the public interest
93909edf56a57cee4a5cced6ffc94da47830e6b052bece28c1008452a668311f,2015-08,Essex Police,Essex Police,0.285272,51.488728,On or near Parking Area,E01016011,Thurrock 015B,Offender given a caution
22d9704e861257c0aac5456fb3c083771f3d299b1987e87e0d9231798a9c5048,2015-08,Essex Police,Essex Police,0.715320,51.534677,On or near Shopping Area,E01015852,Southend-on-Sea 015B,Formal action is not in the public interest
9988519f15a789be278f95abe9b27a54e2265466a54c60ffe48f01c18809e3a0,2015-08,Essex Police,Essex Police,0.138018,51.757797,On or near POTTERS FIELD,E01021834,Harlow 008B,Formal action is not in the public interest
dd537acb3142dbec2ae5c60b7aed2250b1881437a68f03e5372e1738a31b0441,2015-08,Essex Police,Essex Police,0.441899,51.573812,On or near TEAGLES,E01021291,Basildon 016E,Suspect charged
8bdcb75078be2424f91e717b6f9a3fadd7b89c53ec3ab074d7afe1dfd1f6086d,2015-08,Essex Police,Essex Police,0.056189,51.634208,On or near SUTTON CLOSE,E01021785,Epping Forest 014D,Formal action is not in the public interest
7c83f4a63ea84391adb34aeff98807ef10b6ea8739459f282f53d0ffe74e03e1,2015-08,Essex Police,Essex Police,0.852598,51.875851,On or near BALE CLOSE,E01021690,Colchester 014B,Formal action is not in the public interest
94773faab96c3d4d57b3c83a54acc54222993e7d2c1a6b3873e7c0a5a7759ac5,2015-08,Essex Police,Essex Police,0.758482,51.684979,On or near KATONIA AVENUE,E01021873,Maldon 007A,Offender given a drugs possession warning
edaf7271501cead5c0a69ce090fba5f25ce66ac53ee829dc7d70c82bc3e02089,2015-08,Essex Police,Essex Police,1.153985,51.796630,On or near HARROW ROAD,E01022043,Tendring 014B,Unable to prosecute suspect
6f391ce0eaad1cd0f54d559c8b859f1cdca2cefe68da12c1d157b73beb284a53,2015-08,Essex Police,Essex Police,0.202535,52.063930,On or near HIGH STREET,E01022094,Uttlesford 001D,Unable to prosecute suspect
cff328ba8015b0302ac78880b370224cfd2e365116bf7a32d30ca4ad1354690c,2015-08,Essex Police,Essex Police,0.202535,52.063930,On or near HIGH STREET,E01022094,Uttlesford 001D,Offender given a caution
a9dd0d4454024adabb31ed2375e2f5847255cc38a453a28229524273c1be9ea8,2015-08,Essex Police,Essex Police,0.370296,51.465761,On or near BURNS PLACE,E01016009,Thurrock 018G,Formal action is not in the public interest
d5a19b62a2932abd7b45febf963e39f643f298f0fdeba507acc48bbc830a9d81,2015-08,Essex Police,Essex Police,1.187478,51.807311,On or near NANSEN ROAD,E01022033,Tendring 012B,Formal action is not in the public interest
c017ea020ba9a3576b698c69b67baa407344d5b0ba9a84618192b61669522cef,2015-08,Essex Police,Essex Police,0.556586,51.868495,On or near CHALLIS LANE,E01021372,Braintree 011C,Offender given a caution
82ed8b31bccdda734234af78c3f8edfa03b6439b7800a75596e6b89a4c91852c,2015-08,Essex Police,Essex Police,0.475387,51.732801,On or near Shopping Area,E01033140,Chelmsford 010F,Local resolution
09a811b3c2438be0c5668a69f7c27871d0931292be77db39c7531f2ee6760673,2015-08,Essex Police,Essex Police,0.382292,51.670310,On or near NORTON ROAD,E01021458,Brentwood 002B,Unable to prosecute suspect
b1c7297b24df544c12d921a222fd94b18e28f698ab74857b8c5a6b689ff901fa,2015-08,Essex Police,Essex Police,0.239236,52.010418,On or near WARDS CROFT,E01022074,Uttlesford 002A,Unable to prosecute suspect
c70d20ae2692164a87ffd5cfd38a3324286686b44e3a49c2c4c0d4c1ccec2d7d,2015-08,Essex Police,Essex Police,0.606909,51.638107,On or near TIGHFIELD WALK,E01021607,Chelmsford 020C,Suspect charged
b5a47afbc1e6518599020e45a088915d799cf6abe8cbda44d4637ff08b2e3d50,2015-08,Essex Police,Essex Police,0.092811,51.774150,On or near Supermarket,E01021843,Harlow 004E,Local resolution
c339cfa848a9da59a043f896d6a7df03319c6bc50a3e9fbd53862b335fabf1c3,2015-08,Essex Police,Essex Police,0.923286,51.913201,On or near DERWENT ROAD,E01021669,Colchester 002B,Formal action is not in the public interest
83a2ebf78de70d5ee45a813593f7c45e9bda7d9048e7703f070a64a6301cf28a,2015-08,Essex Police,Essex Police,0.674172,51.549590,On or near SHANKLIN DRIVE,E01015823,Southend-on-Sea 005D,Unable to prosecute suspect
f9fcc74d4ed09b0ba350f20060c109c226caa297989a70c7666b40f709569a21,2015-08,Essex Police,Essex Police,1.148025,51.787913,On or near Police Station,E01022037,Tendring 017D,Offender given a caution
ed7778c19f114f958392ef915a4f9b44bba9e6572a4652098ca54d7255d7e673,2015-08,Essex Police,Essex Police,0.129253,51.784008,On or near BROADWAY AVENUE,E01021856,Harlow 001C,Local resolution
af52681592f8cb5499650280b0585e1708363d6bdf0544e0b80dc43b6b2554ac,2015-08,Essex Police,Essex Police,0.827316,51.890437,On or near A1124,E01021718,Colchester 012A,Offender given a drugs possession warning
3fd797715dae923b85dc539b3e3e90ed8159ebce4aff99d101ea57214678294b,2015-08,Essex Police,Essex Police,0.485923,51.953436,On or near SILVER STREET,E01021413,Braintree 005D,Unable to prosecute suspect
10ba872f44b1359238af572412b8a8b1b86e4445f9d9706eb6ad8e79de11e31a,2015-08,Essex Police,Essex Police,0.852003,51.877007,On or near TWINING ROAD,E01021690,Colchester 014B,Unable to prosecute suspect
99d52702a881c7d076c07c4dc87da0218c0c2dddf3d3131b65ff5e1b307bf586,2015-08,Essex Police,Essex Police,0.450803,51.522535,On or near THAMES CLOSE,E01015983,Thurrock 002B,Suspect charged
6ba5763ac2dfa3f6c8611ce8be416f782251518cdd5812c0d01c29c096cddc9d,2015-08,Essex Police,Essex Police,1.157555,51.791462,On or near HIGH STREET,E01022027,Tendring 016D,Offender given a caution
75e90132db57d895ec464a05a23f2ad41a988b67541574daf0d86cf90aa0f9a0,2015-08,Essex Police,Essex Police,1.083978,51.799559,On or near ROCHFORD ROAD,E01022045,Tendring 018D,Unable to prosecute suspect
52ef1d7e0382177c2b5c28e78d10a2f8736c6c7196c4d98ae5ed7700d6851e98,2015-08,Essex Police,Essex Police,0.940890,51.887292,On or near CYRIL CHILD CLOSE,E01021700,Colchester 008E,Suspect charged
258e8af6d3b59d2ef602a1473d3a729b9f76074e29dc4aa44e721882d1c4517d,2015-08,Essex Police,Essex Police,0.935973,51.887442,On or near AFFLECK ROAD,E01021699,Colchester 008D,Suspect charged
2d2545a3eea29decda2a3290d1e18f9e44412c9138fa053b855ba3a8562b2c1d,2015-08,Essex Police,Essex Police,1.153340,51.787393,On or near Nightclub,E01022025,Tendring 016B,Suspect charged
08ec3f6144af318d9cbe04a2df1a1e76145d4f90257c9ec2339b3edc4b3b6c87,2015-08,Essex Police,Essex Police,1.153340,51.787393,On or near Nightclub,E01022025,Tendring 016B,Suspect charged
bdf522cd6a1c3c02c678e1d4455fd90af5a7e9b1c35957d2c61387bca176c187,2015-08,Essex Police,Essex Police,0.594395,51.522108,On or near Parking Area,E01021498,Castle Point 011B,Unable to prosecute suspect
3972cdbe5df47582157f4fc70d2b9a2a17edf052f78d529a83ad03b4c0d0f2db,2015-08,Essex Police,Essex Police,0.465684,51.724291,On or near ROTHESAY AVENUE,E01021580,Chelmsford 012D,Formal action is not in the public interest
da305283e3af0d3d8d541d4a44df4b63829f4c311410688b4c7843a8b07fa666,2015-08,Essex Police,Essex Police,0.749264,51.810169,On or near CAXTON CLOSE,E01021723,Colchester 020A,Unable to prosecute suspect
eb2c888678852645ba963a49da73a9fe5b7c58d7d7b5f95b6e3575ee77273842,2015-08,Essex Police,Essex Police,0.801000,51.693326,On or near GARDEN FIELDS,E01021901,Maldon 006A,Formal action is not in the public interest
99bd5fc1a676e5fbffb3ed69f91ab918af11699fadd98e542fa39097ef7d44f2,2015-08,Essex Police,Essex Police,0.074118,51.643937,On or near CROSSFIELDS,E01021771,Epping Forest 013A,Offender given a drugs possession warning
3dba025126c5b9da7b2d5cff010212d62057b35cde60b7d491e32f0fdd8c239b,2015-08,Essex Police,Essex Police,0.448188,51.524586,On or near Supermarket,E01015983,Thurrock 002B,Offender given penalty notice
b7d020c98e8924181e45b03e8eab4893437dc51f632379583f3075b118cd1eb7,2015-08,Essex Police,Essex Police,0.117097,51.756629,On or near SOUTHERN WAY,E01021823,Harlow 006D,Local resolution
897de4a5ede916193229269e2e4d4b5878378cf527040bbc16e70426a984bc02,2015-08,Essex Police,Essex Police,0.981270,51.924867,On or near GERNON ROAD,E01021972,Tendring 005B,Formal action is not in the public interest
57f76eab5580a6c8171c00bd67bb33548e379e7eccf3edda1b64dc8d10433a41,2015-08,Essex Police,Essex Police,0.572469,51.528788,On or near CENTRAL AVENUE,E01021505,Castle Point 008D,Formal action is not in the public interest
862a2a2a0cec8d20dcefe67bb23a16d81b61df8a66f9a0468cde34f4532cead0,2015-08,Essex Police,Essex Police,0.709439,51.547108,On or near CROWBOROUGH ROAD,E01015899,Southend-on-Sea 010E,Unable to prosecute suspect
bf7051a61340d2f9ce714ede33fd468c12fb0675072840dd31c657610a8f7221,2015-08,Essex Police,Essex Police,0.397253,51.509757,On or near Petrol Station,E01015979,Thurrock 004C,Suspect charged
f0998623f198d9d0895da19c348851f1aba6fc5ea8cdb5f2e81cd20b856d26f3,2015-08,Essex Police,Essex Police,0.087399,51.758959,On or near WOODWARDS,E01021831,Harlow 007A,Suspect charged
086d06e0a61766db8a79bd844120f2674ad5bf93e41b06525d9faaf340eff7c9,2015-08,Essex Police,Essex Police,0.295154,51.602494,On or near FLEMINGS,E01021473,Brentwood 008D,Formal action is not in the public interest
7aad6f0f02bf2fb0fab20f3799b668c0e49ccaa60e4661aec24ba314bbadccdc,2015-08,Essex Police,Essex Police,0.908485,51.866001,On or near MERSEA ROAD,E01021640,Colchester 018D,Unable to prosecute suspect
2a44f4a9a660e4ebd27f92659ff4ab512daea803cc311026725e1410f2bca78f,2015-08,Essex Police,Essex Police,0.450040,51.754457,On or near WARDLE WAY,E01021601,Chelmsford 003E,Unable to prosecute suspect
78c0ec10e3f88153d163bea40ae982d7ed51319cbd78c8433301be6fe50b7f0d,2015-08,Essex Police,Essex Police,0.716176,51.536213,On or near YORK ROAD,E01015852,Southend-on-Sea 015B,Unable to prosecute suspect
b52f70dba6d6dc8b02abf46c0bf458edbdf16c22e6bb6e331a81f80869c2928f,2015-08,Essex Police,Essex Police,1.064349,51.945415,On or near HIGH STREET,E01022020,Tendring 003F,Suspect charged
73b2384de8430daa1a7c52d7c0fdd760b250b63c4e9640401a5ff7e702d8c0ee,2015-08,Essex Police,Essex Police,0.683758,51.729574,On or near TAIT MEWS,E01021890,Maldon 004B,Formal action is not in the public interest
7b7eaf16daf8c0fba90ed5168a4ab415c50dd6e737819f9d263149615b642d87,2015-08,Essex Police,Essex Police,0.659766,51.541014,On or near ASHLEIGH DRIVE,E01015848,Southend-on-Sea 011D,Investigation complete; no suspect identified
1aa6f94927c8e8ca745b3ce944e08a1f58665351017b42857e846d1510fec2e0,2015-08,Essex Police,Essex Police,0.491982,51.571481,On or near ROSE ACRE,E01021326,Basildon 022D,Investigation complete; no suspect identified
db3bca7336731548e37b71aa1fb0f66f89d1bb40e3bc7d9c5fed7b41f68a181d,2015-08,Essex Police,Essex Police,0.323260,51.487909,On or near DEXTER CLOSE,E01015957,Thurrock 009A,Investigation complete; no suspect identified
62972f4a63c619d0834e6616ed200c9a2bf64aae64f41db7b0c34a866367d747,2015-08,Essex Police,Essex Police,0.367091,51.479496,On or near LEA ROAD,E01015935,Thurrock 012C,Investigation complete; no suspect identified
827e2d10f3ea979d26bc3f2e711e5e5976987a39b28aef8f918cc47407ceecad,2015-08,Essex Police,Essex Police,0.774491,51.534713,On or near DELAWARE ROAD,E01015916,Southend-on-Sea 017C,Investigation complete; no suspect identified
a635fc54be8b0f04619838d1054f5085c279de5858be1e7e34cd4a95eb8f5257,2015-08,Essex Police,Essex Police,0.076800,51.649483,On or near Further/Higher Educational Building,E01021790,Epping Forest 012E,Investigation complete; no suspect identified
e6d2709f3f80328ae27b65f3a23bf9b5205c083261bc96b82d38fae21a13aca3,2015-08,Essex Police,Essex Police,1.154883,51.790382,On or near HIGH STREET,E01022025,Tendring 016B,Investigation complete; no suspect identified
dff306c424a99e85ed49c14dea8bffea7fa0ade0cd1ba9e6bc6b138aefd0fe23,2015-08,Essex Police,Essex Police,0.655495,51.541965,On or near WEST STREET,E01015849,Southend-on-Sea 011E,Investigation complete; no suspect identified
3237ac4627e8cda617599b94b047c02a5d8fb7ee877a36ed57e6a8e1489655a5,2015-08,Essex Police,Essex Police,0.243915,51.698737,On or near COOPERS HILL,E01021754,Epping Forest 004B,Investigation complete; no suspect identified
026f469aad268deaa7a919c3a81c263e800170c262f59e45ee5c2d0149ff6c60,2015-08,Essex Police,Essex Police,0.674887,51.547271,On or near SILVERSEA DRIVE,E01015823,Southend-on-Sea 005D,Investigation complete; no suspect identified
baade8ce547e91cad7a0afa6b68e26998aa2da6dc1d67d7fcca0ec9b2827228d,2015-08,Essex Police,Essex Police,1.119841,51.778600,On or near JASMINE WAY,E01021990,Tendring 018C,Investigation complete; no suspect identified
c6b9baba85007d15b508c34bdb1a32444b3ad4f092425f81a8637cebb3828b9a,2015-08,Essex Police,Essex Police,1.159404,51.813754,On or near SHALFLEET COURT,E01022040,Tendring 010C,Investigation complete; no suspect identified
789167033764b6741fe71744f10daaea2e3086c25ded522525cc154bfafb8716,2015-08,Essex Police,Essex Police,0.303257,51.621059,On or near Shopping Area,E01021433,Brentwood 007A,Investigation complete; no suspect identified
9a520ffc69f4901cc8da3ead74bed5079bf6ba20fceca1dda926c905957fcfad,2015-08,Essex Police,Essex Police,0.912484,51.882027,On or near GRANVILLE ROAD,E01021688,Colchester 011F,Investigation complete; no suspect identified
7aca2a0d918a6b5122b407ad5d677f73a0c563e3b816c146e24aa00d08209c63,2015-08,Essex Police,Essex Police,0.283467,51.508808,On or near Police Station,E01015976,Thurrock 007F,Investigation complete; no suspect identified
f3aef86cf13837f949b04f6a08c604bc50e9b6d49335a9193e797b6481a16a75,2015-08,Essex Police,Essex Police,0.758832,51.540245,On or near BURLESCOOMBE CLOSE,E01015883,Southend-on-Sea 009A,Investigation complete; no suspect identified
04be5a22d5129722aef1d14137a232cd0c839b22d65508af356538cb58303129,2015-08,Essex Police,Essex Police,0.876501,51.880647,On or near IRVINE ROAD,E01021653,Colchester 013C,Investigation complete; no suspect identified
b18b3f91d49d78dd0039585d49de9a649ace2bf495133f18623ac9398b35cd40,2015-08,Essex Police,Essex Police,0.063427,51.675222,On or near B172,E01021806,Epping Forest 009A,Investigation complete; no suspect identified
325dde0cc9e4b593f2e04ef2dd7917420dd1b1e37de4a04e20a54858d36ea038,2015-08,Essex Police,Essex Police,1.182383,51.803357,On or near Supermarket,E01022034,Tendring 012C,Investigation complete; no suspect identified
1bb1eb7c779d63338369af95ea3330eddab9d6cb1eb608f2fde3ab1344f7ae85,2015-08,Essex Police,Essex Police,0.695119,51.541061,On or near Supermarket,E01015855,Southend-on-Sea 015E,Investigation complete; no suspect identified
934cabf4746a548ec4e84dd9c403d250c7bd267c864fc04830f2a52b4eafb666,2015-08,Essex Police,Essex Police,0.068922,51.607564,On or near NEW FOREST LANE,E01021766,Epping Forest 017C,Investigation complete; no suspect identified
47ab7d6d90eca77c02ef1f51c8219348f0eda51de711eb01a2133f452f057d1e,2015-08,Essex Police,Essex Police,1.156341,51.788832,On or near BEACH ROAD,E01022025,Tendring 016B,Investigation complete; no suspect identified
2bbf38725952a3d074ef363510d1b8102288c559f22a1ac441795795e23f70a2,2015-08,Essex Police,Essex Police,0.284143,51.486609,On or near Shopping Area,E01016011,Thurrock 015B,Investigation complete; no suspect identified
8318c87cb503d2451fb5369975c6cca3911f17c62f5749ee9aff43c1118c45d9,2015-08,Essex Police,Essex Police,0.720040,51.544677,On or near CENTRAL AVENUE,E01015898,Southend-on-Sea 010D,Investigation complete; no suspect identified
f20805e8c675686538ce52ac8112577f26d9cc93c88776bcbcf083ddea5d84dd,2015-08,Essex Police,Essex Police,0.502267,51.562719,On or near Supermarket,E01021310,Basildon 022B,Investigation complete; no suspect identified
83b46fcc9ceb30f973d8650cf2b08a35231dfd03730b241e5770ba834f1f79f6,2015-08,Essex Police,Essex Police,0.617481,51.643493,On or near Queen Elizabeth Way,E01021613,Chelmsford 019C,Investigation complete; no suspect identified
5cd75298e01762667b9368805a5cd30644e1adeda5c02f99d80749f229260c70,2015-08,Essex Police,Essex Police,0.850780,51.876057,On or near BECKER ROAD,E01021690,Colchester 014B,Investigation complete; no suspect identified
c0b73187c5b0c6a8d9a29e386206164cea14cd13777ff9c1c18eb6323cfc2917,2015-08,Essex Police,Essex Police,0.664324,51.720250,On or near Supermarket,E01021896,Maldon 005D,Investigation complete; no suspect identified
076eb37bdc476d6456cd259c395535a1072b0f1a58e3942a4f464efc05119f7f,2015-08,Essex Police,Essex Police,0.903381,51.907174,On or near WRYNECK CLOSE,E01021679,Colchester 004A,Investigation complete; no suspect identified
8c79c04d5ed9ed8c4d37485a6403dc3b12d7aa8512da444a32c995bec8ab6e17,2015-08,Essex Police,Essex Police,0.008813,51.646493,On or near BURY ROAD,E01021806,Epping Forest 009A,Investigation complete; no suspect identified
289e8b141f9bc926187bfb3bd9f86d7b6b57c0e64337e994bfdc406fed86ecac,2015-08,Essex Police,Essex Police,0.896616,51.895829,On or near ALBERT STREET,E01021650,Colchester 007E,Investigation complete; no suspect identified
907906188862d5317ca687130c256f3d07d0bcace31e400d0402cc7540a8a457,2015-08,Essex Police,Essex Police,0.915602,51.872264,On or near Supermarket,E01021667,Colchester 016F,Investigation complete; no suspect identified
a017d4d9c156de80912a4436c752b3e5bdbd3c568f2ae94823cf0bef3529d8cd,2015-08,Essex Police,Essex Police,0.409326,51.624019,On or near EVEREST RISE,E01021244,Basildon 004A,Investigation complete; no suspect identified
3a0c4007886f8789de783e48cae3a7bbad8c1f695f615cbabf6a311e39bbdd30,2015-08,Essex Police,Essex Police,0.845774,51.894327,On or near CHITTS HILL,E01021675,Colchester 009C,Investigation complete; no suspect identified
098c0ff809875a11a8400eab240d8fd9b1f0510b89ff20626f83d8dbe40b46fb,2015-08,Essex Police,Essex Police,0.665118,51.551640,On or near KENT AVENUE,E01015820,Southend-on-Sea 005A,Investigation complete; no suspect identified
9ace17779e19e7f9d6d6b053279d4d7037bdd6a39c19f92eba3e01e9c146eeb8,2015-08,Essex Police,Essex Police,0.296350,51.523989,On or near PEARTREE CLOSE,E01015971,Thurrock 006B,Investigation complete; no suspect identified
0221b33cd18da55e2b5dc06a0beb9d9b1414ea6f6e28a84ff92e54489e000c59,2015-08,Essex Police,Essex Police,0.349676,51.628340,On or near BYRON ROAD,E01021448,Brentwood 003A,Investigation complete; no suspect identified
a7f36a954f9264f3e8fdcfbf07e7278f3a16aae6f053ded8f7566d6311963c64,2015-08,Essex Police,Essex Police,0.897934,51.888970,On or near Shopping Area,E01021649,Colchester 007D,Investigation complete; no suspect identified
25641792b5d247bbb6b7f9d29813f6517922f66ccfbcbb9424390528a655bc9a,2015-08,Essex Police,Essex Police,0.099619,51.664050,On or near THEYDON PARK ROAD,E01021803,Epping Forest 010B,Investigation complete; no suspect identified
7bf497d961771ea86cc589418e368ac782752e6bb48bdc2533b9cd489000fa13,2015-08,Essex Police,Essex Police,1.121422,51.775455,On or near BADMINTON ROAD,E01021988,Tendring 018A,Investigation complete; no suspect identified
3cf1cf9701a69f5124a1a9ed9fd644b27f0a43a00b9206f71ee70a528ab8243c,2015-08,Essex Police,Essex Police,0.083474,51.651271,On or near ROCHFORD AVENUE,E01021775,Epping Forest 011B,Investigation complete; no suspect identified
d295abc18a2d97023b1862229069f93d162f3078a3bd8ebdcd4ffc33523930b8,2015-08,Essex Police,Essex Police,0.292158,51.513999,On or near MOSS ROAD,E01015932,Thurrock 006A,Investigation complete; no suspect identified
fe0d55eca2ba9d429c0aa220a24040b9343218db5061c050e26fd6a6f1102971,2015-08,Essex Police,Essex Police,0.586130,51.531959,On or near Supermarket,E01021504,Castle Point 008C,Investigation complete; no suspect identified
76f7c12c3a294018097cd9134feb0963ac422fb504841c5ded9154469b1392e1,2015-08,Essex Police,Essex Police,0.649095,51.540797,On or near NEW ROAD,E01015848,Southend-on-Sea 011D,Investigation complete; no suspect identified
5e1c4d617378d34bc7c8447b5144510c16e31003990d92bbeb0ea1572aaff2d5,2015-08,Essex Police,Essex Police,0.453480,51.570171,On or near Parking Area,E01021318,Basildon 015C,Investigation complete; no suspect identified
93d7df5ac3b8c970b5f5ef23905a8a789f97ae683316f33d8deb56b2856d5df7,2015-08,Essex Police,Essex Police,0.494646,51.715631,On or near GOWERS AVENUE,E01021565,Chelmsford 014C,Investigation complete; no suspect identified
76ac77d3e7a21c4d5cc82aa7a9c7a0d4651fbdeda8a105804a9cf2be07a7c984,2015-08,Essex Police,Essex Police,0.365288,51.461915,On or near CIVIC SQUARE,E01016004,Thurrock 018B,Investigation complete; no suspect identified
e570dea5604b005abdde5879c6c46114522edcd471b120b6e15beda33a8caa72,2015-08,Essex Police,Essex Police,0.324019,51.478460,On or near Theatre/Concert Hall,E01015956,Thurrock 016B,Investigation complete; no suspect identified
a9f4537fd4ebb286cfc4a571336e6642755da30c3b9de6e26508cad6bac40c65,2015-08,Essex Police,Essex Police,0.419386,51.481117,On or near PRINCESS AVENUE,E01015948,Thurrock 013B,Investigation complete; no suspect identified
af760a9d6f71c6bd64faa5bf0fc071208bdd01d7a38b6cc6938ba4b9bb0844e2,2015-08,Essex Police,Essex Police,0.675837,51.799183,On or near LEA LANE,E01021882,Maldon 002A,Investigation complete; no suspect identified
f710510bb2a920a28496d7604f6b7d5aa060bcd36cde154599624e2751fec906,2015-08,Essex Police,Essex Police,0.724776,51.550296,On or near SELBOURNE ROAD,E01015871,Southend-on-Sea 006C,Investigation complete; no suspect identified
d6748d578fcb641fbba8aefd45375a23669bb4f6a5763e1bdfb9688a763be3a7,2015-08,Essex Police,Essex Police,0.891763,51.887710,On or near CROUCH STREET,E01021649,Colchester 007D,Investigation complete; no suspect identified
0cfca0bc730b94f1e0dc7cf7938d696986aac0020c7e72b5e8e0abcb0ac01729,2015-08,Essex Police,Essex Police,0.323432,51.476835,On or near Shopping Area,E01015954,Thurrock 017D,Investigation complete; no suspect identified
814cfe822899e29a5cd4dfeb57d85f8a222770c5690f92c58f7c08576625ca8f,2015-08,Essex Police,Essex Police,0.484709,51.570961,On or near SOUTH RIDING,E01021322,Basildon 019A,Investigation complete; no suspect identified
9617d98a8b13930aa32ca29a601f525b507a2ad7d7b6497d8c26380028f4c9d1,2015-08,Essex Police,Essex Police,1.263256,51.932600,On or near ELIZABETH ROAD,E01022006,Tendring 002C,Investigation complete; no suspect identified
ff63b2ee377b1077e56e4b6014b1bac579dc5941d96ac7d797e77996314e7267,2015-08,Essex Police,Essex Police,0.501215,51.592707,On or near SOUTHEND ARTERIAL ROAD,E01021330,Basildon 006C,Investigation complete; no suspect identified
c5667744d4db5e6522dc08a1fdf1d1fbbd09c4aa5ea8e7cef8ec2e0dbb9d6332,2015-08,Essex Police,Essex Police,0.465849,51.756590,On or near SOMERSET PLACE,E01021588,Chelmsford 006B,Investigation complete; no suspect identified
9db2be3a3e8f482fd8720f5fe08ebd4db6b989acbbf16ca28bdfdff053f7833e,2015-08,Essex Police,Essex Police,0.593705,51.520379,On or near OAK ROAD,E01021498,Castle Point 011B,Investigation complete; no suspect identified
471b5468d73f231e021b06b3fa82e55370321c41db44a23133f73284125b39d3,2015-08,Essex Police,Essex Police,0.501215,51.592707,On or near SOUTHEND ARTERIAL ROAD,E01021330,Basildon 006C,Investigation complete; no suspect identified
6df78c23618622a7538045fddd8bbc5d02cbfb265549949052409c39ac0e2ebf,2015-08,Essex Police,Essex Police,0.550641,51.569807,On or near RUSH CLOSE,E01021513,Castle Point 001A,Investigation complete; no suspect identified
a3616a95baec09f1ce5f545a662666356cce24557b4f8fab145da83b1239d733,2015-08,Essex Police,Essex Police,0.714146,51.537250,On or near PITMANS CLOSE,E01015852,Southend-on-Sea 015B,Investigation complete; no suspect identified
576eee9536ee983960e1e117b164e32086242df020c8b79cd799116ba42d62cd,2015-08,Essex Police,Essex Police,0.093027,51.753436,On or near Supermarket,E01021859,Harlow 010C,Investigation complete; no suspect identified
67be8a36f48f4d4c3122c787540ad59603f5c5b77a54d77ab6b042273a304204,2015-08,Essex Police,Essex Police,0.919154,51.871933,On or near POPPY GARDENS,E01021666,Colchester 016E,Investigation complete; no suspect identified
d8b8609867d2c3df9d4e70a855e4c987d375e999042bda62eb39da619e6b01ae,2015-08,Essex Police,Essex Police,0.912379,51.883999,On or near WINSLEY ROAD,E01021687,Colchester 011E,Investigation complete; no suspect identified
13567609d18706d1a13b0b7a9805d119ab093ec1bdec4fb1aa6a0a02ba57188b,2015-08,Essex Police,Essex Police,0.138642,51.761491,On or near BURLEY HILL,E01021825,Harlow 005B,Investigation complete; no suspect identified
c382dbd2071c1aa7af603e5e2c4afb17734d39ac9ed4c3c7856c62f6df844fd6,2015-08,Essex Police,Essex Police,0.073161,51.753717,On or near A1169,E01021830,Harlow 009B,Investigation complete; no suspect identified
b7f6bc77c945218e9cae794edd303037ef5ae301aa96d1859f95e424f69b62ef,2015-08,Essex Police,Essex Police,0.906126,51.897672,On or near COWDRAY AVENUE,E01021647,Colchester 007B,Investigation complete; no suspect identified
c80cab7a53b24162f7bda5020dc0b3eb0f2a0442eb9e084c6fde5072a6667deb,2015-08,Essex Police,Essex Police,0.094481,51.770766,On or near EAST GATE,E01021872,Harlow 007E,Investigation complete; no suspect identified
7e4939fbd4738886fa021a89d5af10dce6b3581c834cd5b6b8a97693f261586d,2015-08,Essex Police,Essex Police,0.665046,51.606898,On or near HAMPSTEAD GARDENS,E01021940,Rochford 003H,Investigation complete; no suspect identified
4764ac188f692a92c7a666cbd10d4ba65767e7bef4c003b9c573d99c5ef9d4b6,2015-08,Essex Police,Essex Police,0.583730,51.517334,On or near BERKELEY LANE,E01021499,Castle Point 011C,Investigation complete; no suspect identified
4c4ce3c8b3c6a7c9cb3db11a25b9a04ae5c27bb6b78312182e78c167b5f6c7a4,2015-08,Essex Police,Essex Police,0.305190,51.622145,On or near Nightclub,E01021433,Brentwood 007A,Investigation complete; no suspect identified
b2d585ee57afe415e095a39bc881e4f2236e6c386e52dad775e41fc9621f498d,2015-08,Essex Police,Essex Police,0.468192,52.069851,On or near DILLESTONE COURT,E01021376,Braintree 001B,Investigation complete; no suspect identified
49ff495b9434b8234755801806874381ebb5e426f19826d68c2d6c453ee4fce8,2015-08,Essex Police,Essex Police,1.131911,51.803787,On or near ORCHARD CLOSE,E01022024,Tendring 015B,Investigation complete; no suspect identified
eaaf68f9c638250f92f690ad3628d0f94af9865061001386759f18417a3bd359,2015-08,Essex Police,Essex Police,0.704937,51.584760,On or near POLLARDS CLOSE,E01021955,Rochford 004D,Investigation complete; no suspect identified
47f204845dd8445689e0d22b1ef8b102ea90662db6857f90c0a5597255142bde,2015-08,Essex Police,Essex Police,0.712013,51.538486,On or near Nightclub,E01015852,Southend-on-Sea 015B,Investigation complete; no suspect identified
298738e0fdd6e588fe501f717c1d8a783c77336b0e34e63c0218784e15a1a3c4,2015-08,Essex Police,Essex Police,0.902706,51.887692,On or near VINEYARD STREET,E01021649,Colchester 007D,Investigation complete; no suspect identified
c32085e86eb3f6a47083db31a7d08c80dfeafb12248f316a9b9534839a93454a,2015-08,Essex Police,Essex Police,0.519420,51.600231,On or near Petrol Station,E01021344,Basildon 008D,Investigation complete; no suspect identified
7d016ce22afb4d347df504eb16bb650ee5138ea4e486b8fc5c1322b6085a2f5b,2015-08,Essex Police,Essex Police,0.718637,51.542191,On or near SUTTON ROAD,E01015895,Southend-on-Sea 010A,Investigation complete; no suspect identified
9445bb2a0a8f860ca000a1d9706ca46d7e38b50966b30902e3fd1c3b0475c398,2015-08,Essex Police,Essex Police,0.845734,51.878068,On or near Petrol Station,E01021721,Colchester 012D,Investigation complete; no suspect identified
98ddb43984d0e98883ccea4ea131a1bf9084a6382f5e28816b82761397d23da7,2015-08,Essex Police,Essex Police,0.684100,51.561163,On or near Supermarket,E01015868,Southend-on-Sea 002F,Investigation complete; no suspect identified
08c31c2e332afe00ee68e8d1ec8c67f20ebc1fa6757f8d0137f8c85452ffbc53,2015-08,Essex Police,Essex Police,0.718637,51.542191,On or near SUTTON ROAD,E01015895,Southend-on-Sea 010A,Investigation complete; no suspect identified
5aed0044f605b58f7ebe1830f436bc84be3f6922f49a42bda6ebab1333e47f76,2015-08,Essex Police,Essex Police,0.605828,51.585708,On or near Shopping Area,E01021962,Rochford 008C,Investigation complete; no suspect identified
94f6f2e218b4c50eabe5245c7fd5d3d99920a77323ccceec0d6c01834a43bfce,2015-08,Essex Police,Essex Police,0.215646,51.987745,On or near WATER LANE,E01022072,Uttlesford 003C,Investigation complete; no suspect identified
3f0e584ab91a6fc9689bb26846859b66c48f00f37e16e8990598ccbabb31ddba,2015-08,Essex Police,Essex Police,0.934897,51.889888,On or near VERONICA WALK,E01021699,Colchester 008D,Investigation complete; no suspect identified
559e552e6d752f329bc056ad1fe7654b9748a877eace2f60cded7fb1a3075eac,2015-08,Essex Police,Essex Police,1.131911,51.803787,On or near ORCHARD CLOSE,E01022024,Tendring 015B,Investigation complete; no suspect identified
da9f2c788c031f9152ee4a933232c48a95db9b663556026a9a33dec4d7d42577,2015-08,Essex Police,Essex Police,0.387333,51.672374,On or near WOODLAND CLOSE,E01021458,Brentwood 002B,Investigation complete; no suspect identified
5a29763d01ddd0bbdc53a873558dbb1d5bc1b0c55a8233fe41ab2fdeb4f3a1d0,2015-08,Essex Police,Essex Police,0.670917,51.562966,On or near EXFORD AVENUE,E01015824,Southend-on-Sea 005E,Investigation complete; no suspect identified
d4f2d1beb638eb05882a4ff25a837638345098e5ecb370d2b3a22d91a844f51c,2015-08,Essex Police,Essex Police,0.261741,51.889938,On or near Airport/Airfield,E01022090,Uttlesford 006B,Investigation complete; no suspect identified
c1f7e5cc535af41c4c10b9429f300049a268ab87ced7ae1204db2af1c5c417c2,2015-08,Essex Police,Essex Police,1.082324,51.794017,On or near ST CLERES HALL LANE,E01022045,Tendring 018D,Investigation complete; no suspect identified
e71e5a89a3e91a84e038723471d82e4b2a7dddd956ce9d2c080981f54c2a30f0,2015-08,Essex Police,Essex Police,0.786680,51.536187,On or near ANSON CHASE,E01015882,Southend-on-Sea 013G,Investigation complete; no suspect identified
9b7334c8ec433e6144a01118c71ac9ad294ba6a69bc2a536755131346f7788dc,2015-08,Essex Police,Essex Police,0.078720,51.643100,On or near OAKWOOD HILL INDUSTRIAL ESTATE,E01021771,Epping Forest 013A,Investigation complete; no suspect identified
fde9378e955d74cd94b1f4dc2e9533c8e2db9896a9ba5253422108ca7ca76b35,2015-08,Essex Police,Essex Police,0.843933,51.755762,On or near WOODROLFE FARM LANE,E01021908,Maldon 001A,Investigation complete; no suspect identified
a9689677792d16d1e9306cc5d49f5e00169bd2c539889e99314a684016948dc9,2015-08,Essex Police,Essex Police,0.030938,51.624693,On or near Petrol Station,E01021745,Epping Forest 015D,Investigation complete; no suspect identified
cc0abc79b138075536bc398887c5c9e5117974ef6249efcbe678e9aad144d8bd,2015-08,Essex Police,Essex Police,0.757167,51.746625,On or near ST PETERS CLOSE,E01021909,Maldon 001B,Investigation complete; no suspect identified
48fffbcec95b1bfb3b0f54c200ba58972cb3551a3eb89139222f6565e4b99e47,2015-08,Essex Police,Essex Police,0.344899,51.569307,On or near CHAFFORD GARDENS,E01021446,Brentwood 009B,Investigation complete; no suspect identified
2af723f5a8337cf5002d6d902ef6aa8fc0e43c4c4a31b6f2408cee73beee45cb,2015-08,Essex Police,Essex Police,0.344899,51.645253,On or near Petrol Station,E01021467,Brentwood 005F,Investigation complete; no suspect identified
9cf9af350ff3f2e159902b3b6e61a263d8de36d580aeca7062d0d224e83737a2,2015-08,Essex Police,Essex Police,0.552316,51.877733,On or near Supermarket,E01033459,Braintree 009F,Investigation complete; no suspect identified
92d6651e321ed1f4c60f34dc9ab51faf7752c71cd6e9cc171333a00431102e23,2015-08,Essex Police,Essex Police,0.605400,51.579755,On or near CLYDE CRESCENT,E01021965,Rochford 009E,Investigation complete; no suspect identified
9bc8bdf06ba5348d142d345b2e578e696c69e51e4dd73d7ccc509144fd3e5e2a,2015-08,Essex Police,Essex Police,0.296041,51.517259,On or near NURSERY CLOSE,E01015975,Thurrock 006F,Investigation complete; no suspect identified
42bbfb76ba96ac8632f9c31927b875cd9ace816b057bf328fb8fa128a6c7a959,2015-08,Essex Police,Essex Police,0.455972,51.594715,On or near Sports/Recreation Area,E01021260,Basildon 009D,Investigation complete; no suspect identified
1778b4be549ee3bc155b63e6ff2424018f5ac1f4958cc272e18ee03994a52014,2015-08,Essex Police,Essex Police,0.679909,51.545583,On or near LONDON ROAD,E01015832,Southend-on-Sea 012F,Investigation complete; no suspect identified
c649fceefdff8f1241951255df8bf5f52483b97c099a4bc7f217bad64fa7a679,2015-08,Essex Police,Essex Police,0.462023,51.737390,On or near SOUTH PRIMROSE HILL,E01021575,Chelmsford 009B,Investigation complete; no suspect identified
e308586ee07bfaa9a5e30331d1ebfbeead55c1f027899e47aff2e668ded5c263,2015-08,Essex Police,Essex Police,0.305652,51.621290,On or near HIGH STREET,E01021436,Brentwood 007B,Investigation complete; no suspect identified
aeb962472e37aa2548948d3b1d0b77bf35fb984840033dadfd46c5aaa281a07f,2015-08,Essex Police,Essex Police,0.462023,51.737390,On or near SOUTH PRIMROSE HILL,E01021575,Chelmsford 009B,Investigation complete; no suspect identified
9537e9a2411f23a2d81cb6a82dff27d6a11a78c209e0926beec2e476e42fb053,2015-08,Essex Police,Essex Police,1.153340,51.787393,On or near Nightclub,E01022025,Tendring 016B,Investigation complete; no suspect identified
1ec14070b8ec8371a5a67357a164752f95def1a4d275a85b1c38b60a3bdee7a3,2015-08,Essex Police,Essex Police,0.419134,51.579409,On or near BRIAR MEAD,E01021273,Basildon 014A,Investigation complete; no suspect identified
04abd055fe62d58983a8ec2c54e0c458fed1d45ba91ee1c956398b5db1980c91,2015-08,Essex Police,Essex Police,0.462023,51.737390,On or near SOUTH PRIMROSE HILL,E01021575,Chelmsford 009B,Investigation complete; no suspect identified
a62d9fa56032ab151a28996f56cfd020ce593411cdf5fbde4354d7acfe3d9f12,2015-08,Essex Police,Essex Police,0.325332,51.474261,On or near SHERFIELD ROAD,E01015954,Thurrock 017D,Investigation complete; no suspect identified
aec5d9166084752ec5bcaeb8f1a1a4e98fe3e5687d575c7f7bea6296f096289c,2015-08,Essex Police,Essex Police,0.835371,51.886106,On or near TOLLGATE EAST,E01021719,Colchester 012B,Investigation complete; no suspect identified
097896737ec410d8119de27b9ce6bf0f94129d7635dd89f10e7aa9984681d9a8,2015-08,Essex Police,Essex Police,0.780211,51.532041,On or near WATERLOO ROAD,E01015918,Southend-on-Sea 017E,Investigation complete; no suspect identified
ff07f51b6e921fed0bff7ee79f0a8269d13f7f3c9809f70b0559a3c0740448f4,2015-08,Essex Police,Essex Police,0.706187,51.583436,On or near ROCHE CLOSE,E01021955,Rochford 004D,Investigation complete; no suspect identified
f2c215d3660eb0f2aab4d454fe7801c073c46f5fd5945a6aaa54663b5bab8d61,2015-08,Essex Police,Essex Police,0.097001,51.781044,On or near Parking Area,E01021853,Harlow 003E,Investigation complete; no suspect identified
6608bc5e6a3c4a827db3175dac89bd7c71b516fe4a44e193220f858442617a1c,2015-08,Essex Police,Essex Police,0.294127,51.491792,On or near Supermarket,E01015982,Thurrock 019A,Investigation complete; no suspect identified
8990050367e40637eb73c5cd85b946b302e3b9ad357650dd01dcc382b4542c8a,2015-08,Essex Police,Essex Police,0.610962,51.550367,On or near BRANCH ROAD,E01021518,Castle Point 006B,Investigation complete; no suspect identified
f5ca82adfde35809a3ebe4208d8662e733fbd22bb2f46b0593c3ae88da2a1b34,2015-08,Essex Police,Essex Police,0.353555,51.480659,On or near DOCK APPROACH ROAD,E01015967,Thurrock 014B,Investigation complete; no suspect identified
a7be62c4b5b541c11a64c7f7af44d2cb78166e82321624597eef66b919c95152,2015-08,Essex Police,Essex Police,0.419664,51.480383,On or near GLOUCESTER AVENUE,E01015948,Thurrock 013B,Investigation complete; no suspect identified
c25b009c2bf307140ca80488ab66c5c6205800f1d8d4f3dfd5d55fa42002831a,2015-08,Essex Police,Essex Police,0.875770,51.866455,On or near LITTLEFIELD ROAD,E01021714,Colchester 015D,Investigation complete; no suspect identified
8071c4e3523f0cb027e2bdb246eedd97cceaaa1b213957859880ba30223a63a5,2015-08,Essex Police,Essex Police,0.329122,51.812150,On or near Park/Open Space,E01022096,Uttlesford 009D,Investigation complete; no suspect identified
3dcdf039bccaff3d03b5677fcc663311be74510b6d5319a9901c837a01aa4056,2015-08,Essex Police,Essex Police,1.164591,51.798315,On or near BOLEY DRIVE,E01022049,Tendring 014D,Investigation complete; no suspect identified
eac15a897b3c3291a07ef99daaf1e5487da84348039e24e1a104ddef337c2367,2015-08,Essex Police,Essex Police,0.662280,51.562335,On or near Petrol Station,E01015818,Southend-on-Sea 003E,Investigation complete; no suspect identified
8281dd2c6e15aaad5c5ffbc64074636623441996ad6d92272597d69b854aaf31,2015-08,Essex Police,Essex Police,0.716257,51.540241,On or near SOUTHCHURCH ROAD,E01015852,Southend-on-Sea 015B,Investigation complete; no suspect identified
73a453d764b306392fef4835be2a9e1b0f2be0e5563e4669df130626e8661c32,2015-08,Essex Police,Essex Police,0.423863,51.583655,On or near Petrol Station,E01021274,Basildon 010D,Investigation complete; no suspect identified
498df0ae4a504e57381b5323d1d127da7f6d62d31ff5659b597fae13ea1a7ccc,2015-08,Essex Police,Essex Police,0.397253,51.509757,On or near Petrol Station,E01015979,Thurrock 004C,Investigation complete; no suspect identified
124b59c90b30f1b7ee2c77e96c0efef61432fd96f9bd2d49bdc04336427d236d,2015-08,Essex Police,Essex Police,0.361679,51.461709,On or near CALCUTTA ROAD,E01016009,Thurrock 018G,Investigation complete; no suspect identified
c2483d7eed4749a7c5b7e518451bee429302496bdc0533d47a0de195ca33054e,2015-08,Essex Police,Essex Police,1.142265,51.793095,On or near FORD ROAD,E01021968,Tendring 017A,Investigation complete; no suspect identified
13b5ce9c785ebae123b515b867d54184a8855f7f7c892ea67d1c62681d96d51d,2015-08,Essex Police,Essex Police,0.696089,51.558451,On or near ROCHFORD ROAD,E01015859,Southend-on-Sea 004C,Investigation complete; no suspect identified
1d708e694592b2d971c74ead7e649d6e106eac68118def7d17cc75bd83645462,2015-08,Essex Police,Essex Police,0.694077,51.540276,On or near Supermarket,E01015855,Southend-on-Sea 015E,Investigation complete; no suspect identified
d271f67bc6e8b9cf5681cfbf30de725e55b94ad9568f45edc020eb54f35d3aa9,2015-08,Essex Police,Essex Police,0.513170,51.751784,On or near White Hart Lane,E01033144,Chelmsford 005F,Investigation complete; no suspect identified
1ec1b6289c876d3c6af300b2c62415a4ac16e6f23cd43107cc370d8ee7c32dac,2015-08,Essex Police,Essex Police,0.462621,51.571346,On or near Parking Area,E01021318,Basildon 015C,Investigation complete; no suspect identified
773723638d9f357f9f425491c43494406567472bc1ed6d26f2ec758f00ea4517,2015-08,Essex Police,Essex Police,0.455711,51.732648,On or near Petrol Station,E01033138,Chelmsford 009F,Investigation complete; no suspect identified
bf5c923fb23d06fa5f0f05ab5a5f6dae16478a62449c6207cf1127a0e94b5436,2015-08,Essex Police,Essex Police,0.426911,51.514318,On or near THE GREEN,E01015992,Thurrock 005C,Investigation complete; no suspect identified
4990300e4d7ee907f57e72db86a0feb5232470746dd46925fc8b2e1245139ea3,2015-08,Essex Police,Essex Police,0.468921,51.751535,On or near Supermarket,E01021589,Chelmsford 006C,Investigation complete; no suspect identified
549732e371f1555b482c0a95cdd03411ef93b1c768895310913dc5d2d448ee5f,2015-08,Essex Police,Essex Police,0.566320,51.537385,On or near Parking Area,E01021503,Castle Point 010D,Investigation complete; no suspect identified
d83c4e43e8120732b214ff21f33c58f9d14ab835ee7a45bb611865d103f02965,2015-08,Essex Police,Essex Police,1.116215,51.780900,On or near THE APPROACH,E01021990,Tendring 018C,Investigation complete; no suspect identified
46b9ada990d4600bcbb168ba584a3e26c4bf73db7e0826a7a14d0593accbaec7,2015-08,Essex Police,Essex Police,0.910820,51.926191,On or near Petrol Station,E01021682,Colchester 004D,Investigation complete; no suspect identified
c537956be9ccea70872bf8a0b3df4ff8d07562e460e6a40965bb78ca7c019482,2015-08,Essex Police,Essex Police,0.406204,51.564180,On or near JASMINE CLOSE,E01021280,Basildon 021A,Investigation complete; no suspect identified
0fe7ea22693770a9f2d8fd575eb154870789b2aa9c6ea09f94cc69ccd6e0c607,2015-08,Essex Police,Essex Police,0.611552,51.590626,On or near HOCKLEY ROAD,E01021961,Rochford 005E,Investigation complete; no suspect identified
f630e35386e0b7835813a6502dab2871c5205116432d8ac1ec66b1ed64d8d952,2015-08,Essex Police,Essex Police,0.519420,51.600231,On or near Petrol Station,E01021344,Basildon 008D,Investigation complete; no suspect identified
5f99069a80e7767b386e0cd7361f9cba57aa39af4c40e4f138bdfa0c05b3e577,2015-08,Essex Police,Essex Police,0.245310,51.713485,On or near Petrol Station,E01021802,Epping Forest 004D,Investigation complete; no suspect identified
a394f4fd91198a29ecc4dce68eba35b35ac822e13a7d37600f3f1cee40e6bcfc,2015-08,Essex Police,Essex Police,0.477081,51.569207,On or near AMPERS END,E01021320,Basildon 015D,Investigation complete; no suspect identified
7ddf4b5c543d1c4f07621317d62acf2d201263930c9b3319bdb24b06a8ad83a4,2015-08,Essex Police,Essex Police,0.609897,51.568557,On or near THORINGTON AVENUE,E01021531,Castle Point 002E,Investigation complete; no suspect identified
a4ca8f80b67e5e7585016e97065540141e80ebf8829cd9cbf98f9f22b4178753,2015-08,Essex Police,Essex Police,0.916006,51.914416,On or near GRASSMERE,E01021668,Colchester 002A,Investigation complete; no suspect identified
b673bac9132334fb4dc21c4cb91fd1bb6a0310c9efce86e1b367acd7148d1c8e,2015-08,Essex Police,Essex Police,0.463364,51.728764,On or near BRADFORD STREET,E01021582,Chelmsford 010D,Investigation complete; no suspect identified
7d22d01cbf844f40322fca1fdaa41b5b38b93b7fffe72d17bbba7608907582cf,2015-08,Essex Police,Essex Police,1.066906,51.945771,On or near THE WALLS,E01022020,Tendring 003F,Investigation complete; no suspect identified
cf757dbd8010384e77d7b11fce4cb213bcf2fb4db97c1fcb941a773825addeb9,2015-08,Essex Police,Essex Police,0.502267,51.562719,On or near Supermarket,E01021310,Basildon 022B,Investigation complete; no suspect identified
a34d1dd740f45ad330f24acd0c83513e5a821d08e9fe6412edc10042b6e33ab5,2015-08,Essex Police,Essex Police,0.896354,51.904181,On or near BRADFORD DRIVE,E01021679,Colchester 004A,Investigation complete; no suspect identified
b017910a2b8617ce1e048df244721fca37b62fecaa73cc4e62448842b0a091e1,2015-08,Essex Police,Essex Police,0.129177,51.762984,On or near OAKLANDS DRIVE,E01021836,Harlow 008D,Investigation complete; no suspect identified
dc94c1a5ef2f6d83a188de67808977c3ad9b300fe7139d60e5cf29daf0d02cce,2015-08,Essex Police,Essex Police,0.275564,51.489033,On or near Supermarket,E01016012,Thurrock 015C,Investigation complete; no suspect identified
2244df9e96945bbb0da81df5620bc058b35bd079571fb3b633b20b04419e6cb5,2015-08,Essex Police,Essex Police,0.560540,51.576462,On or near WOODSIDE VIEW,E01021515,Castle Point 001C,Investigation complete; no suspect identified
69f71c2b49f139dcfb28e2de8a88b968fb58b39daa0c32a64b63acb30cc78744,2015-08,Essex Police,Essex Police,0.443114,51.583274,On or near Pipps Hill Retail Park,E01021268,Basildon 015B,Investigation complete; no suspect identified
3ed6ca001d2993b6337e365834bbaf308923170b3e7df43cd9109d0459654ea2,2015-08,Essex Police,Essex Police,0.030884,51.690429,On or near OXLEYS ROAD,E01021815,Epping Forest 007D,Investigation complete; no suspect identified
cede7774d625e37ce3decff5d1b6778d2c086040cd231a3353e799c78e2a4af0,2015-08,Essex Police,Essex Police,1.115348,51.773791,On or near FIR WAY,E01021988,Tendring 018A,Investigation complete; no suspect identified
66c7c4c9d884db404588c0626669422886b29146290f3b563234742952512288,2015-08,Essex Police,Essex Police,0.063427,51.675222,On or near B172,E01021806,Epping Forest 009A,Investigation complete; no suspect identified
c0d8f3045ce4de3d598db5e326c512a3088db37bf61c2f1efd4e4655a54237cc,2015-08,Essex Police,Essex Police,0.462621,51.571346,On or near Parking Area,E01021318,Basildon 015C,Investigation complete; no suspect identified
12c4bdf41c9e2f840d56b157de87d529ffd1e72179ff124d8a7d142a48a879fb,2015-08,Essex Police,Essex Police,0.255495,51.498900,On or near HIGH STREET,E01015921,Thurrock 015A,Investigation complete; no suspect identified
69cec03dd5d9f6439df7ceaa0424aa5e8dec87af5a0d6bbd837a938d37b030e5,2015-08,Essex Police,Essex Police,0.694083,51.604796,On or near NEWTON HALL GARDENS,E01021914,Rochford 002A,Investigation complete; no suspect identified
0897a4cc6b37377ede51c4ac2c8920accb2282726e4b132793bddd2b968cdf42,2015-08,Essex Police,Essex Police,0.448800,51.566599,On or near WETHERLAND,E01021298,Basildon 017D,Investigation complete; no suspect identified
d05ccb64ff161f696053cbf5800b13f59d721c064f226f0c5baad07bf4fe7cb3,2015-08,Essex Police,Essex Police,0.450839,51.723720,On or near WESTWAY,E01033138,Chelmsford 009F,Investigation complete; no suspect identified
a5dd39bdb7dcd783d6dfb32dd168dd81b6d1bf92cb6e26345341ce5dbe236456,2015-08,Essex Police,Essex Police,0.261741,51.889938,On or near Airport/Airfield,E01022090,Uttlesford 006B,Investigation complete; no suspect identified
c5fdb93076dbf48f4276043a392f00b883e8845645d1ded061ef0e4bc13c973c,2015-08,Essex Police,Essex Police,0.535918,51.878619,On or near Petrol Station,E01021358,Braintree 008C,Investigation complete; no suspect identified
afd65476ceee85f4ed2155080e0a766e2515980a11f0e0c32086e93b1deac21a,2015-08,Essex Police,Essex Police,1.151293,51.796927,On or near CAMBRIDGE ROAD,E01021970,Tendring 016A,Investigation complete; no suspect identified
5aaeea6690ae84e1695afb2752b1e3305703d34c3b987da1e2231f100a0a170a,2015-08,Essex Police,Essex Police,0.504052,51.566305,On or near Supermarket,E01021316,Basildon 018D,Investigation complete; no suspect identified
82959938957ae18e4ddb13c9e2b81f9184aaf688021710e33bd15c45b1a8d7ed,2015-08,Essex Police,Essex Police,0.335203,51.736661,On or near SILVER LANE,E01021769,Epping Forest 003A,Investigation complete; no suspect identified
3682fea5d387bf06f8c088fd956a049d02142e962e90d237324ec8442fa2244d,2015-08,Essex Police,Essex Police,0.571591,51.875074,On or near Sports/Recreation Area,E01021368,Braintree 011A,Investigation complete; no suspect identified
9f68c384bdff16a088b0f448065ace873bcad9560fc42d9d3d0e137b93000f61,2015-08,Essex Police,Essex Police,0.088630,51.650532,On or near AUSTEN CLOSE,E01021775,Epping Forest 011B,Investigation complete; no suspect identified
6095979e44f104d332ede91ba4f008cb1dea658b70f0e38d633ad053d7c25fcb,2015-08,Essex Police,Essex Police,0.596881,51.602994,On or near PRIORY CHASE,E01021920,Rochford 006A,Investigation complete; no suspect identified
04fc2103d977cb73c1e52e68796e23114f051df87877ef761516c48b2a8d4792,2015-08,Essex Police,Essex Police,0.462621,51.571346,On or near Parking Area,E01021318,Basildon 015C,Investigation complete; no suspect identified
77649b02c69f311578ed866066e5495ff85c30cfe6654555606a399038570542,2015-08,Essex Police,Essex Police,0.934588,51.885147,On or near ALEFOUNDER CLOSE,E01033722,Colchester 008H,Investigation complete; no suspect identified
965f39a2b749483f9ce51e4410abb0c14dc53c728a1da6d1e441014fbce048d8,2015-08,Essex Police,Essex Police,0.077775,51.664169,On or near DEBDEN ROAD,E01021788,Epping Forest 012C,Investigation complete; no suspect identified
fa7ce4930ede7e0a577cfdf538b973750c6c15693137b846e7ab85db5f6f0c12,2015-08,Essex Police,Essex Police,0.111105,51.699284,On or near Nightclub,E01021762,Epping Forest 005C,Investigation complete; no suspect identified
efd3cd8f888881d4220229c9a20901ae809cb2ff7a6a2d0d9201160c92e1e078,2015-08,Essex Police,Essex Police,0.122640,51.772536,On or near LADYSHOT,E01021846,Harlow 002C,Investigation complete; no suspect identified
363f298c4b6f9c95bee85d2c9754e7d6e14abbf2b0dac9a2635673b30a1c4ebc,2015-08,Essex Police,Essex Police,0.135588,51.706889,On or near GARNON MEAD,E01021756,Epping Forest 006A,Investigation complete; no suspect identified
91cac08d8b729923f3d91d663df2bd629ab4c67346c0b55e90ee9b757bcf7e80,2015-08,Essex Police,Essex Police,0.583009,51.916605,On or near GOSFIELD ROAD,E01021381,Braintree 007F,Investigation complete; no suspect identified
be026a177daf1b2894743b711f08c4294062ffbb1093fa9ea6fbd82e25b3a5d5,2015-08,Essex Police,Essex Police,0.264850,51.609036,On or near Petrol Station,E01021468,Brentwood 006D,Investigation complete; no suspect identified
ed4a1cd023e00a95900a3393e867018699ad24c931d7a57d9f2077fc1e77f274,2015-08,Essex Police,Essex Police,1.120520,51.847837,On or near CRAVENWOOD CLOSE,E01022018,Tendring 007E,Investigation complete; no suspect identified
d59acb85b1d32e3e73575599ca5712edd995d70e2f9d0bc41349ecacd1690f51,2015-08,Essex Police,Essex Police,0.563635,51.549127,On or near Police Station,E01021480,Castle Point 007A,Investigation complete; no suspect identified
5d24a822221fbb6accc9f0bb02cb31dfbc374a0a1c5de447ceb4dbb68023c00d,2015-08,Essex Police,Essex Police,0.551053,51.892131,On or near NORMANDY WAY,E01021359,Braintree 008D,Investigation complete; no suspect identified
7fbff11972954d860abf293410b3bb96a277bf18be2514d1d5f8134bfc3f288c,2015-08,Essex Police,Essex Police,0.365241,51.461268,On or near CIVIC SQUARE,E01016004,Thurrock 018B,Investigation complete; no suspect identified
f37d04ec10be4513bbc291ac48ae870e0bddcbf66021623ca111883fb1e1a777,2015-08,Essex Police,Essex Police,0.565368,51.854076,On or near BEDELLS AVENUE,E01021347,Braintree 013A,Investigation complete; no suspect identified
da0c9519a4a1482381c1f3c0d64edc48a6da4a0af859c1f64aedbe19e9330a6e,2015-08,Essex Police,Essex Police,0.289670,51.489685,On or near Supermarket,E01015982,Thurrock 019A,Investigation complete; no suspect identified
5db77af105db03a38e31f469c6cf47d0d9e4bdb8145ce3c98a9c752be8ed0b19,2015-08,Essex Police,Essex Police,0.644631,51.839199,On or near PARK ROAD,E01021362,Braintree 015A,Investigation complete; no suspect identified
a234a40834e0c3f21155be27522d1e3205d11c6ee4c5a764920ed0fea8c0465a,2015-08,Essex Police,Essex Police,0.662021,51.542339,On or near MAPLE AVENUE,E01015846,Southend-on-Sea 011B,Investigation complete; no suspect identified
039395e4767789ae4a7424e5c047206b0d6a3bae561f944ed076409413ff2b80,2015-08,Essex Police,Essex Police,0.596881,51.602994,On or near PRIORY CHASE,E01021920,Rochford 006A,Investigation complete; no suspect identified
bda513955f6ce224036f64755e408accf760cafd5346234263334e8f39f1b658,2015-08,Essex Police,Essex Police,0.903575,51.888768,On or near Theme/Adventure Park,E01021648,Colchester 007C,Investigation complete; no suspect identified
45c5fce59b4f12ddf8d95e971f191b14dc86c0e216749f43041cde66d9d75034,2015-08,Essex Police,Essex Police,0.093567,51.769182,On or near Shopping Area,E01021872,Harlow 007E,Investigation complete; no suspect identified
9b61ea087d3eca3e4f0fcb8e18a88101f449cc635a9d001176ed1bf994742775,2015-08,Essex Police,Essex Police,0.537660,51.815621,On or near BRAINTREE ROAD,E01021348,Braintree 018A,Investigation complete; no suspect identified
57a3660ee19004e5823b44a4aa84cee09ff0cd85e5b871c0545d19c20e035b79,2015-08,Essex Police,Essex Police,0.282488,51.487496,On or near Shopping Area,E01016011,Thurrock 015B,Investigation complete; no suspect identified
56c570f04a1a4725bbf7efa85b5dbec6d3bba86ccfa5f9404329d710121787b6,2015-08,Essex Police,Essex Police,0.691416,51.562632,On or near FEECHES ROAD,E01015865,Southend-on-Sea 002C,Investigation complete; no suspect identified
27d9984e4b979a5fbc121156ee4b268cac3248c2c007d033e2c3b2bd9c1cddfa,2015-08,Essex Police,Essex Police,0.861649,51.873086,On or near SHRUB END ROAD,E01021692,Colchester 014D,Investigation complete; no suspect identified
dae04297c1c7ad8c2cfc9ee5199ffcd92c460a921f8f1fae4d0832cb78eb819e,2015-08,Essex Police,Essex Police,0.017217,51.687310,On or near NEWHALL COURT,E01021807,Epping Forest 008A,Investigation complete; no suspect identified
2d1bdb11d0a74933e370ec0fd27427d7c49910fc931b749c1f498ddda9ea39b2,2015-08,Essex Police,Essex Police,1.182383,51.803357,On or near Supermarket,E01022034,Tendring 012C,Investigation complete; no suspect identified
1a68f54cc80f38a6d5570257cbf3c339cf1a74858e0be8da265a05b649b5d06b,2015-08,Essex Police,Essex Police,0.365925,51.488692,On or near HEATH ROAD,E01015937,Thurrock 012E,Investigation complete; no suspect identified
842ca098aa50f91274c33d70207eb0fa3dc5c7dac80dacc1ea5a6a98dcec9394,2015-08,Essex Police,Essex Police,1.153340,51.787393,On or near Nightclub,E01022025,Tendring 016B,Investigation complete; no suspect identified
751e8bc6e689f0d17eb1f90467a813836b0bb62cb30ea39317f79dbf3b6a4c95,2015-08,Essex Police,Essex Police,0.092373,51.766253,On or near LUTHER KING ROAD,E01021868,Harlow 007B,Investigation complete; no suspect identified
92a9316169f24162c7e78c277cf6607b86f52f2c1db8e5ef8b23894434485f97,2015-08,Essex Police,Essex Police,0.434880,51.946967,On or near HIGH STREET,E01021411,Braintree 005B,Investigation complete; no suspect identified
878cee08532b5206bf6dc9004ced3b707746bc3450ad1f4d122184edb4454f77,2015-08,Essex Police,Essex Police,0.731899,51.547117,On or near GROVELANDS,E01015870,Southend-on-Sea 006B,Investigation complete; no suspect identified
072c1f40d4305533e9a6ce8d7abfd63037eec5acf6ab681b17560de3c79fc9ec,2015-08,Essex Police,Essex Police,0.087894,51.749895,On or near PLOYTERS ROAD,E01021859,Harlow 010C,Investigation complete; no suspect identified
a48be58102919086ec4e0b025ddfe6b1f280aed9441a2cb27390c9e138ab6dbe,2015-08,Essex Police,Essex Police,0.283014,51.510418,On or near Supermarket,E01015976,Thurrock 007F,Investigation complete; no suspect identified
56b4a299f705195b30c199d973c641d60312c0c6a3d8878fde5acfbc5d106978,2015-08,Essex Police,Essex Police,0.956880,51.864524,On or near SPRING CHASE,E01021740,Colchester 017E,Investigation complete; no suspect identified
44081f9f968edd2b9f51cd4c0e177a101a2e4e31ee5a95d002421f13dbbbd070,2015-08,Essex Police,Essex Police,0.485313,51.753725,On or near Capio Springfield Hospital,E01021620,Chelmsford 004D,Investigation complete; no suspect identified
b33cd19bddc89ec5fb093dfb9b93fd45047c0933b7dc2155d89f6cbbcb8fc0da,2015-08,Essex Police,Essex Police,0.360627,51.466163,On or near Parking Area,E01016006,Thurrock 018D,Investigation complete; no suspect identified
a46b9b5474dd08041f69f14c1eeb4ebf4929a3cedb5ac8d9d191998cf1b444df,2015-08,Essex Police,Essex Police,0.104773,51.747426,On or near SIBNEYS GREEN,E01021858,Harlow 010B,Investigation complete; no suspect identified
e48f5aa0a13adddbffe70c9c56f55a65fe64b7d319fd192a397c3b294e47b775,2015-08,Essex Police,Essex Police,0.241925,51.487226,On or near LONDON ROAD,E01015921,Thurrock 015A,Investigation complete; no suspect identified
00ded3a4664358abb4d38f94a4d1894246ef1435e462a3e301bba259faa157a0,2015-08,Essex Police,Essex Police,1.105138,51.772676,On or near BROOKLANDS,E01021988,Tendring 018A,Investigation complete; no suspect identified
e28a8dc14b2d783c24087531aba41aa121f0596ff92e9d03207016f1ac8e67ac,2015-08,Essex Police,Essex Police,1.153340,51.787393,On or near Nightclub,E01022025,Tendring 016B,Investigation complete; no suspect identified
b1dd99daae0a4110ed18b1a5b197c87d20a2fb8e0c13127451ce41ea96364178,2015-08,Essex Police,Essex Police,1.079471,51.802816,On or near BOTANICAL WAY,E01022047,Tendring 018E,Investigation complete; no suspect identified
cfaf44c4bdbfbef18c0f8aea1b9e5e360295334e109b2d644e8b7f2a08dde72b,2015-08,Essex Police,Essex Police,0.112455,51.757441,On or near Supermarket,E01021823,Harlow 006D,Investigation complete; no suspect identified
010cda4766a68b020a9b623db16a3b01ffd5c83fdd28e54b98da377e1e8f95d4,2015-08,Essex Police,Essex Police,0.270445,51.486039,On or near Parking Area,E01016012,Thurrock 015C,Investigation complete; no suspect identified
6f10c5a7def0129a64b94cd90affd40d6ccf82ccbb24200fcfb32ab6931558d0,2015-08,Essex Police,Essex Police,0.362496,51.459417,On or near WELLINGTON ROAD,E01016004,Thurrock 018B,Investigation complete; no suspect identified
f8d6e259733b456bf1ae28010f6b532d072caa5ae13ef6600359f4eb9c6a12ed,2015-08,Essex Police,Essex Police,0.515180,51.582291,On or near ORLANDO DRIVE,E01021309,Basildon 011E,Investigation complete; no suspect identified
e8bad7823e3953e9468280b43e8689f7ef30ff580ebadb1d61d60eecadf13fdd,2015-08,Essex Police,Essex Police,0.448800,51.566599,On or near WETHERLAND,E01021298,Basildon 017D,Investigation complete; no suspect identified
5500e33500b7271660b5f70df7c3d61a49eac8a21b3d9a49e6959f8f3aa1291f,2015-08,Essex Police,Essex Police,0.642065,51.798859,On or near THE RETREAT,E01021416,Braintree 017B,Investigation complete; no suspect identified
2e0444a639abd9cb10516e55cf3c7671996c0174870502274bddc9d8156aca0d,2015-08,Essex Police,Essex Police,0.595813,51.563753,On or near KINGSMERE,E01021529,Castle Point 006D,Investigation complete; no suspect identified
8b217232f860094680db0b28d44a660971e9b6da23e74d4934ad755c787a06f3,2015-08,Essex Police,Essex Police,0.929766,51.866210,On or near FULLERS ROAD,E01021667,Colchester 016F,Investigation complete; no suspect identified
4efbea677376e6b824d5a28aeb64a269e4f737b82db3513424d8a0eeb4bb695d,2015-08,Essex Police,Essex Police,0.502267,51.562719,On or near Supermarket,E01021310,Basildon 022B,Investigation complete; no suspect identified
5ebed41ecb3fb5074b47eaa82a2ec558f786c6188f0c022aab5acdaaa8d38558,2015-08,Essex Police,Essex Police,0.585713,51.595803,On or near Petrol Station,E01021958,Rochford 006D,Investigation complete; no suspect identified
816d53dcfd21baff7da5e55d2b20f25b2fed3a3e0c71ce6b7a5bfd4fb810ccbf,2015-08,Essex Police,Essex Police,0.688443,51.743353,On or near HUNT AVENUE,E01021888,Maldon 003E,Investigation complete; no suspect identified
824be18c7b140135de29cc174e428988871cc3b92e50761e62d3b91325cde5d4,2015-08,Essex Police,Essex Police,0.761816,51.536874,On or near Parking Area,E01015890,Southend-on-Sea 016B,Investigation complete; no suspect identified
553f074bd0cc5a1769464261eff62d7fee545e660fe7292d238a794c4d80edb7,2015-08,Essex Police,Essex Police,0.121634,51.724804,On or near Sports/Recreation Area,E01021761,Epping Forest 005B,Investigation complete; no suspect identified
4c0a412a10b54a11bf13eab93144168cd85ed354e1eb6c2cfe152033d6f8d61d,2015-08,Essex Police,Essex Police,1.123224,51.800276,On or near MELTON CLOSE,E01021977,Tendring 013C,Investigation complete; no suspect identified
34b1f9832e76e3094d4aa9b3fb5a1689efca97203b7cae44690ce0c618f2fd6b,2015-08,Essex Police,Essex Police,0.371105,51.488300,On or near DEFOE PARADE,E01015936,Thurrock 012D,Investigation complete; no suspect identified
fcc4cdfcb2a5c0fb21871ea2ff5617724ab003b8718e084e53dba2381511d55f,2015-08,Essex Police,Essex Police,0.477029,51.572769,On or near FAIRLOP GARDENS,E01021321,Basildon 015E,Investigation complete; no suspect identified
45e68996d3f9d4783c09b2d282839b0d40c144b19735156c33bbd6c2751f7fa1,2015-08,Essex Police,Essex Police,0.277434,51.486092,On or near Shopping Area,E01016012,Thurrock 015C,Investigation complete; no suspect identified
270105a3161fbd94624b0a8a243127daef7b2b15e31bb6af6f408354057a6335,2015-08,Essex Police,Essex Police,0.784991,51.879405,On or near Petrol Station,E01021678,Colchester 010E,Investigation complete; no suspect identified
aae3a4a451916d8df301485b0f06dfb5c70b1faa4e2015984911eac60bf3921d,2015-08,Essex Police,Essex Police,1.273035,51.936411,On or near Supermarket,E01022000,Tendring 002A,Investigation complete; no suspect identified
cf48291be9ad5f92cc25fb0e1d2a483db80e2fc6c6e8bba0f16ae6fbbbf81c5f,2015-08,Essex Police,Essex Police,0.906862,51.865618,On or near QUEEN ELIZABETH WAY,E01021638,Colchester 018B,Investigation complete; no suspect identified
502c38798a6ac2fc9b8155646000bbd98284ce7efee3986faaa304435ab65d46,2015-08,Essex Police,Essex Police,1.280609,51.936911,On or near KINGSWAY,E01022001,Tendring 001D,Investigation complete; no suspect identified
a32dacbbc696464422e9499244adfff3c6e94faeb467b83714c25400a726c342,2015-08,Essex Police,Essex Police,0.551596,51.573968,On or near PATTERDALE,E01021514,Castle Point 001B,Investigation complete; no suspect identified
794f6b4b41de52552df887ce2fd3d56673861fca41d8d555c755b55d43d97ef7,2015-08,Essex Police,Essex Police,0.556979,51.880015,On or near Petrol Station,E01033459,Braintree 009F,Investigation complete; no suspect identified
94a20ab8176765f56c42a2c1bb3a465f3d9fc48dfde9075403559e2de6c5c71e,2015-08,Essex Police,Essex Police,0.902706,51.887692,On or near VINEYARD STREET,E01021649,Colchester 007D,Investigation complete; no suspect identified
fe29d275365e11f51d74a20974718affe58c51c2df2ba9f00bee023f4732d093,2015-08,Essex Police,Essex Police,0.270445,51.486039,On or near Parking Area,E01016012,Thurrock 015C,Investigation complete; no suspect identified
5dd3196c55ffd930db324b648000fccfd7e2a37907660ec726b1979771963ae8,2015-08,Essex Police,Essex Police,0.677199,51.731325,On or near Supermarket,E01021890,Maldon 004B,Investigation complete; no suspect identified
86b8d3848194d82edc62c73152347ddb2c77bdc46b99f4a2113df0393f9416fb,2015-08,Essex Police,Essex Police,0.731456,51.550806,On or near PEARTREE CLOSE,E01015875,Southend-on-Sea 006G,Investigation complete; no suspect identified
4f6f196a48640d97c5001a53a2ee7e958a0eb947e27cfb333e5818649e418197,2015-08,Essex Police,Essex Police,0.540114,51.883987,On or near LAMBERTS ORCHARD,E01021358,Braintree 008C,Investigation complete; no suspect identified
33be5de96c9ad455b14664ef00c25b1a69ccbd7287b99b0bf8ca771433c14907,2015-08,Essex Police,Essex Police,0.326501,51.632057,On or near CROSSWAYS,E01021467,Brentwood 005F,Investigation complete; no suspect identified
7e05aaa9768aae413b890b1ed099a439422eff13e262af9f502e36070754559b,2015-08,Essex Police,Essex Police,0.295458,51.605950,On or near WATER TOWER ROAD,E01021472,Brentwood 008C,Investigation complete; no suspect identified
502f0f21203c6992e78ac72fb2bc57cb7cab5012c1be6bf7ae9f58964734fcff,2015-08,Essex Police,Essex Police,0.111098,51.698807,On or near HIGH STREET,E01021762,Epping Forest 005C,Investigation complete; no suspect identified
626ca746195da302a68dde03f24b9eba7a790891e17331cd36be289cfac52829,2015-08,Essex Police,Essex Police,0.112325,51.620100,On or near MAYPOLE DRIVE,E01021749,Epping Forest 016A,Investigation complete; no suspect identified
7b7c362b28a06e74938d785bc2d5e7faee2feaecd4d0f42e6efc61e2e73d839f,2015-08,Essex Police,Essex Police,0.053376,51.644553,On or near Parking Area,E01021781,Epping Forest 014B,Investigation complete; no suspect identified
0445ac9b220cfd65f57934b6379916b6cc3f03a83cab17642bbe8ed41abcde0e,2015-08,Essex Police,Essex Police,0.461228,51.569334,On or near Pedestrian Subway,E01021318,Basildon 015C,Investigation complete; no suspect identified
f3cbcb661dad1a8e35f4cb309377a092df1c6de38bbed1a96fbda7d1aae9f71a,2015-08,Essex Police,Essex Police,1.142791,51.791894,On or near ESTUARY CRESCENT,E01021968,Tendring 017A,Investigation complete; no suspect identified
de5b0ab93224f89d70823529e3e8bb72fb54a1c5f3ec644ccc3373d56668b02b,2015-08,Essex Police,Essex Police,0.014834,51.742780,On or near PECK'S HILL,E01021792,Epping Forest 002B,Investigation complete; no suspect identified
06b57a388bcb46c2442e903e5ec38306cde54f56e7092eb8ae240ecea578dcb6,2015-08,Essex Police,Essex Police,0.702180,51.550693,On or near Hospital,E01015862,Southend-on-Sea 004F,Investigation complete; no suspect identified
cf2d11b485d8d27d4023108ec51ab10e00c33f5e2021958f37899d7301a33634,2015-08,Essex Police,Essex Police,0.090927,51.768833,On or near Parking Area,E01021872,Harlow 007E,Investigation complete; no suspect identified
28a49e53eff0d7a33ceb3192f3738dbec8a35603a1b7f2576bec5c153d2ae1fb,2015-08,Essex Police,Essex Police,0.712497,51.540310,On or near Bus/Coach Station,E01015895,Southend-on-Sea 010A,Investigation complete; no suspect identified
ce06d7c29bd9f243cf065b8be1e5d2484353ce3c35d6eb66a90939e3c9a58ac4,2015-08,Essex Police,Essex Police,0.717799,51.671251,On or near Petrol Station,E01021874,Maldon 007B,Investigation complete; no suspect identified
3b472238ab28b9ed628c225f709bfedad8731586711ede16a1ef2814b3bd97c8,2015-08,Essex Police,Essex Police,0.058657,51.636062,On or near THE MEADWAY,E01021784,Epping Forest 013E,Investigation complete; no suspect identified
5649edc3c2221ca066fd0061433e7458fe80fd02aee63d96f777487c1bf7a9cf,2015-08,Essex Police,Essex Police,0.442102,51.749119,On or near HOMEFIELD CLOSE,E01021597,Chelmsford 003B,Investigation complete; no suspect identified
1794044afdd33c79af930cce0945d6e101f0027c06f4da9cabd120c4e7622c5a,2015-08,Essex Police,Essex Police,0.906130,51.862156,On or near TERLING CLOSE,E01021641,Colchester 018E,Investigation complete; no suspect identified
4af69291403dd2933a2a6b834c494a714b56fe7fb8611b71897defcd1310572c,2015-08,Essex Police,Essex Police,0.710081,51.539700,On or near Further/Higher Educational Building,E01015854,Southend-on-Sea 015D,Investigation complete; no suspect identified
2fbf347566aa815e20e8f01ed3e2bac5c4cd3fbc79cbed6fb219cb439ffd9596,2015-08,Essex Police,Essex Police,0.387174,51.916740,On or near Sports/Recreation Area,E01022088,Uttlesford 008E,Investigation complete; no suspect identified
b435e8b3210def045428965e64ed156e3f621cd44ea72de71e1e4c7612c204e2,2015-08,Essex Police,Essex Police,0.356213,51.463491,On or near DUNLOP CLOSE,E01016003,Thurrock 018A,Investigation complete; no suspect identified
016d3e275bc7e4b22fc3f7a481ba2ffd93f996dde4d81df7301b2cead18bc505,2015-08,Essex Police,Essex Police,0.599190,51.576161,On or near Petrol Station,E01021531,Castle Point 002E,Investigation complete; no suspect identified
b9b14dce12c494e29778cff99e9510658e3689754146341d280b3dbf12500c52,2015-08,Essex Police,Essex Police,0.638049,51.802610,On or near COLLINGWOOD ROAD,E01021416,Braintree 017B,Investigation complete; no suspect identified
eb172d02420e819d0504fd19511eeb5fe1e1e3a0876334d9be8260bf9c393b55,2015-08,Essex Police,Essex Police,0.505906,51.575879,On or near PLUMLEYS,E01021304,Basildon 013C,Investigation complete; no suspect identified
d117541b0ad6a5d3e3113dd497c1bbc583bcc1db9837144d6da2d4198080309e,2015-08,Essex Police,Essex Police,0.094481,51.770766,On or near EAST GATE,E01021872,Harlow 007E,Investigation complete; no suspect identified
4abbc89a6a70ff86aac9026f1084328f0b12804eeace3be1c218ddcaefca6511,2015-08,Essex Police,Essex Police,0.631768,51.868814,On or near FIVEASH LANE,E01021361,Braintree 012B,Investigation complete; no suspect identified
96d041a8f773487acf0568d6d61aaba8357dc88e4e7a234ae3de106023c9ff85,2015-08,Essex Police,Essex Police,0.297974,51.524452,On or near Supermarket,E01015971,Thurrock 006B,Investigation complete; no suspect identified
83eed591c0c77325375452a10e1a19fafeb182b4f90d4b906b10217999b26fb2,2015-08,Essex Police,Essex Police,0.614321,51.640829,On or near LITTLECROFT,E01021608,Chelmsford 020D,Investigation complete; no suspect identified
b082b57c8b02bfdbb85798d15aa35cb89946fe435c45bd753bed62f6086fe712,2015-08,Essex Police,Essex Police,0.364648,51.868572,On or near HASLERS LANE,E01022067,Uttlesford 007B,Investigation complete; no suspect identified
0ac72a6684d50098b202f74a0f79ae9f13348d6ce76dd936ef4289a408b763ff,2015-08,Essex Police,Essex Police,0.443114,51.583274,On or near Pipps Hill Retail Park,E01021268,Basildon 015B,Investigation complete; no suspect identified
4d60779010aaff7069c7295332a0b9d0b0e67a4b5ac6c0225843222317b8f7c5,2015-08,Essex Police,Essex Police,0.771709,51.535921,On or near GOLDMER CLOSE,E01015916,Southend-on-Sea 017C,Investigation complete; no suspect identified
e6f9a125ed943467575c236e3ca8d4a561103fe91fc24db4f8b8f4ad0af0672c,2015-08,Essex Police,Essex Police,0.297974,51.524452,On or near Supermarket,E01015971,Thurrock 006B,Investigation complete; no suspect identified
07e704b37ed213299b978003dcf58502e1aefd433c1fdb9f8dc473123c754719,2015-08,Essex Police,Essex Police,0.236950,52.024183,On or near MYDDYLTON PLACE,E01022076,Uttlesford 002B,Investigation complete; no suspect identified
1045632c348c0e4a70671f2c91a20c20794f9aad679fc01c74b2ba171871f2c9,2015-08,Essex Police,Essex Police,0.674783,51.565891,On or near Sports/Recreation Area,E01015864,Southend-on-Sea 002B,Investigation complete; no suspect identified
4ad0ec7fbe55fa348023f72b684dd9d602142de482fa479837ffa6d590cc926d,2015-08,Essex Police,Essex Police,0.365747,51.553672,On or near BULPHAN BY-PASS,E01015978,Thurrock 004B,Investigation complete; no suspect identified
af7e2a8cd1ef1d4608ceaca8075c13991c88f88775d2efd16134a2bbe3407f52,2015-08,Essex Police,Essex Police,0.093027,51.753436,On or near Supermarket,E01021859,Harlow 010C,Investigation complete; no suspect identified
6421f4d10caaaf972168d36b0e287965c82aa240126dd549f820fd76ad6d4f69,2015-08,Essex Police,Essex Police,1.155426,51.805424,On or near Supermarket,E01022044,Tendring 013E,Investigation complete; no suspect identified
9d3c7c0951c8c9af9104007a5525d369cd7357a952f1fe21d895176b3bc8da1c,2015-08,Essex Police,Essex Police,0.701155,51.546310,On or near AVEBURY ROAD,E01015900,Southend-on-Sea 010F,Investigation complete; no suspect identified
3b1cbca760c92b985222ed153684d084117b7b088ca4da9b310a1d72aafa2129,2015-08,Essex Police,Essex Police,0.366991,51.467267,On or near ELGAR GARDENS,E01016010,Thurrock 018H,Investigation complete; no suspect identified
f0f7d5796c4037a3fc8e1582fd2b32987892fab2f2878614195aee5af53ca52d,2015-08,Essex Police,Essex Police,0.475214,51.731744,On or near Shopping Area,E01033140,Chelmsford 010F,Investigation complete; no suspect identified
f0a9b6379bb7b95ec988b43167da596b3ee5e59071f41336e85bbdc582176731,2015-08,Essex Police,Essex Police,0.482306,51.741172,On or near HILL VIEW ROAD,E01021627,Chelmsford 010E,Investigation complete; no suspect identified
a3136c0db4e79e1203d2994772b8ed503813d861a8ebaf905a936f3c0f44827a,2015-08,Essex Police,Essex Police,0.446663,51.574630,On or near UPPER MAYNE,E01021319,Basildon 017E,Investigation complete; no suspect identified
a3835a82b008c4047ca080312ec530e1b90b662f4b47dc0f40a189c7d79e281f,2015-08,Essex Police,Essex Police,0.080313,51.766836,On or near HELIONS ROAD,E01021842,Harlow 004D,Investigation complete; no suspect identified
7407ff8effd788aff7a7e710994199d6ad169565183ae6fa3e030bb9b815da00,2015-08,Essex Police,Essex Police,0.804376,51.554490,On or near OLIVERS CRESCENT,E01021922,Rochford 010C,Investigation complete; no suspect identified
22419bcf0a35a3a0e575977efb873ff04779810f36cec9c5c36259b30117651c,2015-08,Essex Police,Essex Police,1.144721,51.792319,On or near UPPER PARK ROAD,E01021968,Tendring 017A,Investigation complete; no suspect identified
5ad2f67bdbd3984b26624ce54a162960f4c20d3b4a7392360782859bd1a35d11,2015-08,Essex Police,Essex Police,0.463270,51.572142,On or near Parking Area,E01021318,Basildon 015C,Investigation complete; no suspect identified
fe24a85ae6f8942e063414622eec7ef7ff9b5e65a20f0fbf421556c09b7fb463,2015-08,Essex Police,Essex Police,0.885570,51.868634,On or near BEECHWOOD CLOSE,E01033723,Colchester 015G,Investigation complete; no suspect identified
755fdd975c93eb2a64b0fa4e6aa312e2c4eb71fa499aad0dff046601adcc6920,2015-08,Essex Police,Essex Police,0.904292,51.884343,On or near FAIRFAX ROAD,E01021683,Colchester 011A,Investigation complete; no suspect identified
157ed1aa8704d36c350211a2bc2092d27726cff47d046ed9907ea56bf72ae913,2015-08,Essex Police,Essex Police,0.341136,51.493516,On or near BROADVIEW AVENUE,E01015966,Thurrock 010D,Investigation complete; no suspect identified
e3b779d95318df7bd752f39fe7091d486af61d67055809f98fb69e366d91e2aa,2015-08,Essex Police,Essex Police,1.128238,51.806268,On or near PURLEY WAY,E01021977,Tendring 013C,Investigation complete; no suspect identified
aa35561975589e5ac0fa70e6aa3b9c86f50f7d9936bdd6d480f92e53aca87467,2015-08,Essex Police,Essex Police,0.477914,51.563560,On or near SOUTH COLNE,E01021323,Basildon 019B,Investigation complete; no suspect identified
a7abc8a313234ac8f5152b442c6d566573e7cb86dc57aef178b957259aa8e81d,2015-08,Essex Police,Essex Police,0.931829,51.878938,On or near BALLANTYNE DRIVE,E01033719,Colchester 008G,Investigation complete; no suspect identified
aa3bd8858d255140734968b95d1d429925c59c03b4b004c07872632a4ee3831d,2015-08,Essex Police,Essex Police,0.096141,51.747797,On or near PARINGDON ROAD,E01021859,Harlow 010C,Investigation complete; no suspect identified
df3324ea6ce1d0adc52944f7f2b914d26fb85ddd7da76a83ff55a12d69080dba,2015-08,Essex Police,Essex Police,0.905583,51.879797,On or near Supermarket,E01021684,Colchester 011B,Investigation complete; no suspect identified
06ea7601e172701abf8515be7b370a8b0734137f74fe72de5017be219108f599,2015-08,Essex Police,Essex Police,0.276799,51.503407,On or near STIFFORD ROAD,E01015929,Thurrock 007C,Investigation complete; no suspect identified
b8b83a544593f263d3cfa7677789585094e5a0d7a6c45f2a1bf3de5795daeb48,2015-08,Essex Police,Essex Police,0.672744,51.569013,On or near COLLINS WAY,E01015863,Southend-on-Sea 002A,Investigation complete; no suspect identified
b9ae7a9c014c2204492b0f70bf15f8ea829cea652999c7ee4a26400c6cb86a45,2015-08,Essex Police,Essex Police,0.603191,51.519359,On or near MAURICE ROAD,E01021497,Castle Point 012D,Investigation complete; no suspect identified
c9d2646b53257d9639762d138f10f931da9eca6959f28f6faaeeba0622aed4ea,2015-08,Essex Police,Essex Police,0.353983,51.637840,On or near CHANCERY GATE,E01021452,Brentwood 003E,Investigation complete; no suspect identified
afb9eb03499143efa5a17711b318895ca615bac92cc48f630efc03a2bfebe594,2015-08,Essex Police,Essex Police,0.684702,51.545167,On or near LONDON ROAD,E01015832,Southend-on-Sea 012F,Investigation complete; no suspect identified
025de1d3f47e317fd2cf9f37fd8b5e554868ef9934da08b5d57a3b703be6ed8e,2015-08,Essex Police,Essex Police,0.565974,51.523282,On or near SECOND AVENUE,E01021486,Castle Point 010B,Investigation complete; no suspect identified
fbbe93a62b8c230750939960843be24fe4e01b624708b48c28683b59912ba9d2,2015-08,Essex Police,Essex Police,0.716176,51.536213,On or near YORK ROAD,E01015852,Southend-on-Sea 015B,Investigation complete; no suspect identified
9d032002e19c7ed8d87dd42e1c03ee61a36b4ea86703db9652d4adb130e09988,2015-08,Essex Police,Essex Police,0.476706,51.589656,On or near Sports/Recreation Area,E01021267,Basildon 012B,Investigation complete; no suspect identified
f3805f277feeaee1a26f9140c6aea8a93df25220adf6e1d06af8f4e5ec4753e2,2015-08,Essex Police,Essex Police,0.053376,51.644553,On or near Parking Area,E01021781,Epping Forest 014B,Investigation complete; no suspect identified
535eaebdd0c3c66aad566f87401b93b442252458d4d9a8669b78d06e08b74f62,2015-08,Essex Police,Essex Police,0.063427,51.675222,On or near B172,E01021806,Epping Forest 009A,Investigation complete; no suspect identified
b6d45aeaf137e8276e10b995133f1f5da312e4593a815973dbb02b1333fd0175,2015-08,Essex Police,Essex Police,0.094846,51.771452,On or near ADAMS HOUSE,E01021872,Harlow 007E,Investigation complete; no suspect identified
4484b552bee7eaf064203bb4d8db31e18626daad1d8ca7d1687706a20a62d1e8,2015-08,Essex Police,Essex Police,0.918776,51.893455,On or near Supermarket,E01021704,Colchester 022F,Investigation complete; no suspect identified
8f474d26d6220f09d8d8eae535a2d9792c3cf5191036948ec3d0b8eb6a0a4c2e,2015-08,Essex Police,Essex Police,0.658685,51.555365,On or near HARRIDGE ROAD,E01015826,Southend-on-Sea 005G,Investigation complete; no suspect identified
504674602aa2e8b3e2d64ddeac246134a2a142d29acbd5391bafa26566b5b6ae,2015-08,Essex Police,Essex Police,0.917521,51.924991,On or near SEVERALLS LANE,E01033720,Colchester 002F,Investigation complete; no suspect identified
3fb8bd2d8b94ae340dd8ecc0576301c7890a7715f9ef0e9b8be2c263ae4fbd02,2015-08,Essex Police,Essex Police,0.468593,51.736218,On or near DUKE STREET,E01033141,Chelmsford 010G,Investigation complete; no suspect identified
860dce0dec581dbca8b717ad40cb9d387ab8e4a3fe5d8759c7452988ab31d754,2015-08,Essex Police,Essex Police,1.142265,51.793095,On or near FORD ROAD,E01021968,Tendring 017A,Investigation complete; no suspect identified
5724af07b7a82faaed80ac8dc3f9e39b30e3aa9b1d24835165610b1d86acd03d,2015-08,Essex Police,Essex Police,0.132924,51.782232,On or near Supermarket,E01021856,Harlow 001C,Investigation complete; no suspect identified
e8a94826581ea70576f4c02b81cbd179d75f3425edd7cb6eaaba326c80231bc1,2015-08,Essex Police,Essex Police,0.301164,51.620236,On or near BANK PLACE,E01021433,Brentwood 007A,Investigation complete; no suspect identified
c05813c8c564bf3502a2e0b5a4d9114854b41bc942131f9cbc45fe36ee0670e5,2015-08,Essex Police,Essex Police,0.192378,51.881962,On or near BIRCHANGER LANE,E01022087,Uttlesford 005F,Investigation complete; no suspect identified
44c34f3d5c357f9189bba686ea87020f78b9514c65b6471f6dd3ae406e28468e,2015-08,Essex Police,Essex Police,0.924668,51.910972,On or near CLEVELAND CLOSE,E01021670,Colchester 002C,Investigation complete; no suspect identified
952860a44da5fc74f4a05af0bebdde02c25349d3e750ea24e1d1f9c1b0f623b4,2015-08,Essex Police,Essex Police,1.101711,51.773234,On or near RILEY AVENUE,E01021988,Tendring 018A,Investigation complete; no suspect identified
5e2ec87b4bb046ef051189b922f336cc5491aa4611abf43c0fcb2b5b08245c7a,2015-08,Essex Police,Essex Police,0.094481,51.770766,On or near EAST GATE,E01021872,Harlow 007E,Investigation complete; no suspect identified
fd2ae23bde459f04a1a618ed967b406d7db1bd0b2b4ada45f456b438b72bc830,2015-08,Essex Police,Essex Police,0.575618,51.532460,On or near Petrol Station,E01021505,Castle Point 008D,Investigation complete; no suspect identified
1fa3ee1b17471f0c9827d4de51cabba61ff3e1fa1978d9dee50a3c15070dcc07,2015-08,Essex Police,Essex Police,0.376015,51.491861,On or near ALEXANDRA CLOSE,E01015938,Thurrock 012F,Investigation complete; no suspect identified
9b9874f964b70f4014c10cae3d41734e209db2a720aa325dec9db652370ef822,2015-08,Essex Police,Essex Police,0.474503,51.716075,On or near Parking Area,E01021586,Chelmsford 015E,Investigation complete; no suspect identified
8620a4e8894d206695022607078ef0885dd98625bfa0d74474cadd829f75f947,2015-08,Essex Police,Essex Police,1.151768,51.806017,On or near HIGH VIEW CLOSE,E01022042,Tendring 014A,Investigation complete; no suspect identified
f8564ff9b8632c50e517ee3d229a2c0baa2ebcb2a7e3bba4da9f301cac25b9bb,2015-08,Essex Police,Essex Police,0.428020,51.638311,On or near Supermarket,E01021250,Basildon 001D,Investigation complete; no suspect identified
afe3d5d0bd280c22c13e4c6dff651e7faff466298f415b9597b7be500b9e58f3,2015-08,Essex Police,Essex Police,0.717404,51.535043,On or near CHANCELLOR ROAD,E01015852,Southend-on-Sea 015B,Investigation complete; no suspect identified
0db3dca271559b35fcfdeeb573b22988640e63a53fa5920dba26e3235507729c,2015-08,Essex Police,Essex Police,0.408678,51.490286,On or near HAMPSHIRE GARDENS,E01015950,Thurrock 013D,Investigation complete; no suspect identified
a06a4d304879f4e7a81dc07764f74da7a218c1160e829f5d66ced8221bdb3403,2015-08,Essex Police,Essex Police,0.108431,51.784581,On or near Shopping Area,E01021845,Harlow 002B,Investigation complete; no suspect identified
980367085438bf76bf60781b7fdfb97fe838b0fc1227b26f6d3cef52229bbddf,2015-08,Essex Police,Essex Police,0.088758,51.607410,On or near COPPERFIELD,E01021764,Epping Forest 017A,Investigation complete; no suspect identified
fd28f0b08e3d2a28febf1782783a8f7a71782aba17987642223a97b0ebc07b79,2015-08,Essex Police,Essex Police,1.010652,51.936566,On or near FOXWOOD CLOSE,E01022013,Tendring 003B,Investigation complete; no suspect identified
5db486122c88ed970d09774af47a8b5b90d57a5193b24ad29a66cb5557a462ba,2015-08,Essex Police,Essex Police,0.911199,51.883048,On or near NEW TOWN ROAD,E01021687,Colchester 011E,Investigation complete; no suspect identified
86abed49a50bbdbc1be9ede769925f24f168c4210f0455103e97703bf478b501,2015-08,Essex Police,Essex Police,0.476686,51.579459,On or near LITTLE SPENDERS,E01021272,Basildon 012E,Investigation complete; no suspect identified
5f048ee43c9b20fd95d44e096f46ba097273c7425eb4c84e8e4e0a3b25c3bdf2,2015-08,Essex Police,Essex Police,0.908511,51.893188,On or near INVERNESS CLOSE,E01021647,Colchester 007B,Investigation complete; no suspect identified
be3b871da4906dd1d02195fe06c4019f9c140eeea1ab7c431da4c9e367bd3187,2015-08,Essex Police,Essex Police,0.592050,51.522960,On or near WAARDEN ROAD,E01021498,Castle Point 011B,Investigation complete; no suspect identified
b4c1171a76d9f07c24e3c9258750feffb5a59e0a60ea3dcf4748bbdba68a42dc,2015-08,Essex Police,Essex Police,0.500271,51.585496,On or near REPTON CLOSE,E01021307,Basildon 011C,Investigation complete; no suspect identified
fb485c269875eb6863dc8d6ccd39c04a9c84c073ec6bd498d94e5cd29ad1b502,2015-08,Essex Police,Essex Police,0.712497,51.540310,On or near Bus/Coach Station,E01015895,Southend-on-Sea 010A,Investigation complete; no suspect identified
2fadc836b025defa531513a77567f88752af2ceb2210367700d5d305f7acd9df,2015-08,Essex Police,Essex Police,0.282026,51.488629,On or near Parking Area,E01016011,Thurrock 015B,Investigation complete; no suspect identified
69a93c3c8fd1f542a5acb3382ba395d1da683386761326df0607555db00a5d71,2015-08,Essex Police,Essex Police,0.546429,51.569071,On or near BARTLEY ROAD,E01021516,Castle Point 003D,Investigation complete; no suspect identified
ffb56cbeb294857e870395b5f9ea942c1756b664c80bdf8cb6d6a4ca08dcfb2a,2015-08,Essex Police,Essex Police,0.112455,51.757441,On or near Supermarket,E01021823,Harlow 006D,Investigation complete; no suspect identified
91799fef18939364d7c534d3258f2eef827ae0a026b93a40f5fd5bb301aa3c5d,2015-08,Essex Police,Essex Police,0.730798,51.540290,On or near Petrol Station,E01015844,Southend-on-Sea 014F,Investigation complete; no suspect identified
1c7f4c019cc943c063ea22f08755755d44a581f9371debafc06a17d3d6b90ef5,2015-08,Essex Police,Essex Police,0.117149,51.749677,On or near RADBURN CLOSE,E01021837,Harlow 008E,Investigation complete; no suspect identified
a2fc5fbb9aa0eea7494a44c6da2d9afe272d2ae17859bb18229d6a95897a2654,2015-08,Essex Police,Essex Police,0.871980,51.871494,On or near Supermarket,E01021711,Colchester 015A,Investigation complete; no suspect identified
ed044cae1e0f7508ed725a5c4d0720b03fb87046877b08ef17f3df2424d08828,2015-08,Essex Police,Essex Police,0.323432,51.476835,On or near Shopping Area,E01015954,Thurrock 017D,Investigation complete; no suspect identified
691857c4e03ac5fb36eec13f626556b3d8e5e0541e21cb0be14b81bff495783c,2015-08,Essex Police,Essex Police,0.786921,51.529508,On or near WESTGATE,E01015876,Southend-on-Sea 013A,Investigation complete; no suspect identified
bc4b427d2b1a6bed5372e74ab01067652c798031481560c2ad635b64e6986083,2015-08,Essex Police,Essex Police,0.324934,51.477776,On or near CLARENCE ROAD,E01015956,Thurrock 016B,Investigation complete; no suspect identified
f7eb7ca3363d3c4beb94f9f5bb67e9743ee935ca73d784914fcc4f2649fbe99c,2015-08,Essex Police,Essex Police,0.473026,51.741008,On or near Further/Higher Educational Building,E01021574,Chelmsford 010A,Investigation complete; no suspect identified
a81df257ab7aebb30eb8475224c992a009f5a2802ff3a2ec7290de03c3632334,2015-08,Essex Police,Essex Police,1.151280,51.792583,On or near WELLESLEY ROAD,E01022026,Tendring 016C,Investigation complete; no suspect identified
1e3d14c8a26469de423d92b2f17b65b118a2db710944d69e7d94b8cd55ebf6d8,2015-08,Essex Police,Essex Police,1.087300,51.775566,On or near Seawick Holiday Park,E01022045,Tendring 018D,Investigation complete; no suspect identified
a82bdca31453da98c0fcbbbe4ba9f9be9a20204c85eefe20178cd02a625e4c11,2015-08,Essex Police,Essex Police,0.473026,51.741008,On or near Further/Higher Educational Building,E01021574,Chelmsford 010A,Investigation complete; no suspect identified
3f855fb03c624fa3bd52c190d56e561837367c4e9ffed6cccfd67ccabd4d1fd8,2015-08,Essex Police,Essex Police,0.717736,51.534325,On or near HERBERT GROVE,E01015852,Southend-on-Sea 015B,Investigation complete; no suspect identified
ec9f7691bf6af7159a371831af1dec9e34f75f27355dd579042755860d6bcfc4,2015-08,Essex Police,Essex Police,0.526793,51.864381,On or near SHERINGHAM DRIVE,E01021384,Braintree 013C,Investigation complete; no suspect identified
f9597eab2f85e1f629fa5db7ac36bfb064b661cbcec9db9a83d8b96310d822bc,2015-08,Essex Police,Essex Police,0.498070,51.746755,On or near WALLASEA GARDENS,E01021625,Chelmsford 007D,Investigation complete; no suspect identified
fa1d3d6b7ed588f4e40025cb95b1008eea57db7ce6acf7f795e3338cfd9e7b80,2015-08,Essex Police,Essex Police,0.907575,51.864054,On or near STANSTED ROAD,E01021638,Colchester 018B,Investigation complete; no suspect identified
8a00511a8f6d256cb47ac785e0ff398cf51bdb4de08fc9990051174d000c1c94,2015-08,Essex Police,Essex Police,0.296350,51.523989,On or near PEARTREE CLOSE,E01015971,Thurrock 006B,Investigation complete; no suspect identified
8f584c7c0210c81f82b8ac13f47400adf2fa6aa8bee9afcafe6c5eaa27ba0c7d,2015-08,Essex Police,Essex Police,0.766909,51.528363,On or near BURGES CLOSE,E01015893,Southend-on-Sea 016E,Investigation complete; no suspect identified
042a9baaf5fd65589114d64dfd1bc810db16618b44f3269b8a0ce4202636413f,2015-08,Essex Police,Essex Police,-0.001630,51.665718,On or near BUTLERS DRIVE,E01021806,Epping Forest 009A,Investigation complete; no suspect identified
5357d057e28de8854765a6fe556e15d652a8e966f7efd9f357bdcb2848c610f5,2015-08,Essex Police,Essex Police,0.475214,51.731744,On or near Shopping Area,E01033140,Chelmsford 010F,Investigation complete; no suspect identified
072f1617aaf4a6b173d752a0b2e2696ebda0b0a1bbf777087c9a60f144836dac,2015-08,Essex Police,Essex Police,0.145837,51.690102,On or near BANKS LANE,E01021800,Epping Forest 003C,Investigation complete; no suspect identified
5b6863032129adff809ae7dc8c1aebf6defd8025d5d4d4bc0c0f90a718ec8ba0,2015-08,Essex Police,Essex Police,0.747730,51.542925,On or near SOUTHCHURCH BOULEVARD,E01015888,Southend-on-Sea 009F,Investigation complete; no suspect identified
f39e1d5d06ae71bc53d0679df7b192ecf264289e9fb05e33d12ed3d6d4981248,2015-08,Essex Police,Essex Police,0.141390,51.764741,On or near PILKINGTONS,E01021826,Harlow 005C,Investigation complete; no suspect identified
410f7c2c18bc0a77ecde5770512ee0e1c7fbd713524cc3cfa08e2ab8a670e7ca,2015-08,Essex Police,Essex Police,0.648045,51.544067,On or near GRANGE ROAD,E01015909,Southend-on-Sea 008B,Investigation complete; no suspect identified
9217b2060dc680cb9b151dc63efae9775f4d2d815e2bd807bb40490b2fad6e7b,2015-08,Essex Police,Essex Police,0.638404,51.798249,On or near Shopping Area,E01021416,Braintree 017B,Investigation complete; no suspect identified
38ab170cb998ca51e014d9042d18d48edbbd7eef2155fff34ebe39e49881c8ec,2015-08,Essex Police,Essex Police,0.080638,51.742380,On or near MARKWELL WOOD,E01021867,Harlow 011E,Investigation complete; no suspect identified
af2c257e6ed62143735efbc795308d3ac9dbdf5d8894a4791379e1055dbdead9,2015-08,Essex Police,Essex Police,0.467958,51.739450,On or near VICTORIA CRESCENT,E01021574,Chelmsford 010A,Investigation complete; no suspect identified
6b79507ce49c06e41d5f6e8a755f08cce8f59c3c2879e6fb319460ad3b0863b5,2015-08,Essex Police,Essex Police,0.118950,51.783196,On or near SOUTH PLACE,E01021848,Harlow 002E,Investigation complete; no suspect identified
2120fa34928f9a24555969dc639b7d5cbf5633be37f1ec73e5f92b0262532b79,2015-08,Essex Police,Essex Police,0.024529,51.688740,On or near FULLERS CLOSE,E01021816,Epping Forest 007E,Investigation complete; no suspect identified
769e1fbf4db19cb213fe78af015be260f6fffe0dc60266ed7674c1100a7d2a1b,2015-08,Essex Police,Essex Police,0.906722,51.884841,On or near Sports/Recreation Area,E01021686,Colchester 011D,Investigation complete; no suspect identified
339c03bbcdb7f1b41438aa3d8e42435b3f5f237ecb6d24733363f0ebba2e61ed,2015-08,Essex Police,Essex Police,0.355201,51.654093,On or near ROMAN CLOSE,E01021460,Brentwood 002D,Investigation complete; no suspect identified
7b660a07345ecd5c9e90a006c8668ef865f19305f396df21251d91efd4fa788c,2015-08,Essex Police,Essex Police,0.111098,51.698807,On or near HIGH STREET,E01021762,Epping Forest 005C,Investigation complete; no suspect identified
6966cbc4ee31f24dfd0785e3e89a806f71287dd1df776511be006b9cdb496bce,2015-08,Essex Police,Essex Police,0.397253,51.509757,On or near Petrol Station,E01015979,Thurrock 004C,Investigation complete; no suspect identified
7721c7d41c56be494e73adc159bd6ec10c1a6559678d33fc9e4db86d15cef0b9,2015-08,Essex Police,Essex Police,0.550842,51.878655,On or near Shopping Area,E01021365,Braintree 009D,Investigation complete; no suspect identified
35f80afac23ad998bb82d295726cb7ad146c031dbea01c71b7d62c790fc8e161,2015-08,Essex Police,Essex Police,0.245310,51.713485,On or near Petrol Station,E01021802,Epping Forest 004D,Investigation complete; no suspect identified
19962422d92104ef5d47fcc715ff15248b1206af9d2cffaeafb87b159e2d4bd1,2015-08,Essex Police,Essex Police,0.715320,51.534677,On or near Shopping Area,E01015852,Southend-on-Sea 015B,Investigation complete; no suspect identified
78cb5227d9248dac2be685f7ffbae1e07d5d7a46c35c4345d5d62a4fde615092,2015-08,Essex Police,Essex Police,1.159181,51.804549,On or near PUFFINSDALE,E01022041,Tendring 010D,Investigation complete; no suspect identified
38f02328f000f81298278fea45cd6f2b682660bbc92ccf2776697412edecbb74,2015-08,Essex Police,Essex Police,0.636609,51.786139,On or near Parking Area,E01021424,Braintree 018E,Investigation complete; no suspect identified
a344424ef116c88368ab86d4654f52818cbd06fb719bede8cdfdd4a4ad0f61dc,2015-08,Essex Police,Essex Police,1.156341,51.788832,On or near BEACH ROAD,E01022025,Tendring 016B,Investigation complete; no suspect identified
cf7e69c1101ab130499dbc066a7ec1c7ec10fa4dc7a63b62efd4310db0262428,2015-08,Essex Police,Essex Police,0.261741,51.889938,On or near Airport/Airfield,E01022090,Uttlesford 006B,Investigation complete; no suspect identified
4386633158bedefe5ba875cb8b4eb1b4ae6488e443a526e46ff7a16e6a1eeee1,2015-08,Essex Police,Essex Police,0.322008,51.478851,On or near QUARRY HILL,E01015956,Thurrock 016B,Investigation complete; no suspect identified
98863420a2a71b84069f2793dd43fcbbda3dafe1bef02cf5f5f7036443357e8e,2015-08,Essex Police,Essex Police,0.453480,51.570171,On or near Parking Area,E01021318,Basildon 015C,Investigation complete; no suspect identified
f1b88a12a19dbe0d10d37ddc3fce8ba538ee18ce67b0b23ffa4874c6ab896e3d,2015-08,Essex Police,Essex Police,0.129177,51.762984,On or near OAKLANDS DRIVE,E01021836,Harlow 008D,Investigation complete; no suspect identified
879adc4a08941333f334a6058a7e8b43044646f13166c8f30e65a80ff695f91f,2015-08,Essex Police,Essex Police,0.637426,51.935911,On or near SOUTH CLOSE,E01021393,Braintree 004E,Investigation complete; no suspect identified
1a882a7a14960561d14544130e05d62bf8f82fabbf84f6bc0ee9fd7410695565,2015-08,Essex Police,Essex Police,0.072354,51.783568,On or near A414,E01023492,East Hertfordshire 009B,Investigation complete; no suspect identified
70f7673fcd7d22a48c88a985afcea93c8b4c55034c68c56e7661478e6af9c15d,2015-08,Essex Police,Essex Police,0.227402,51.921150,On or near OLD MEAD ROAD,E01022063,Uttlesford 005B,Investigation complete; no suspect identified
707478ba228197a06d6b674a8a022fadfd0b763704478bfed86d7050dcd01a55,2015-08,Essex Police,Essex Police,0.705914,51.840224,On or near FEERING HILL,E01021402,Braintree 014E,Investigation complete; no suspect identified
6f41071027c563daf9e3d5799cad2e81308cebfbc46b04d0249948f15f054fd3,2015-08,Essex Police,Essex Police,0.552410,51.879134,On or near Tofts Walk,E01021365,Braintree 009D,Investigation complete; no suspect identified
fb7878bc4afcf3b0dc2166397367ae004c6265623d2744289a3fd23e3b6afec6,2015-08,Essex Police,Essex Police,0.447531,51.523890,On or near Parking Area,E01015983,Thurrock 002B,Investigation complete; no suspect identified
984f714a418e9db98ab97876960c01e38948020feb2cb7e0aa8603675664e738,2015-08,Essex Police,Essex Police,0.475214,51.731744,On or near Shopping Area,E01033140,Chelmsford 010F,Investigation complete; no suspect identified
c8e8a4c2cafd7697e801f329670466ce77c4e9db90751372254684fa0f5e783b,2015-08,Essex Police,Essex Police,1.154354,51.788616,On or near COLNE ROAD,E01022025,Tendring 016B,Investigation complete; no suspect identified
ab3677ff7a717c798f2524d1146bd5720d2b7287265c8bf8d8235eac07d61fcb,2015-08,Essex Police,Essex Police,0.082968,51.661055,On or near CHESTER CLOSE,E01021774,Epping Forest 011A,Investigation complete; no suspect identified
9a3b9bafd34aa8342c129233478987f79a3f375971fd056777bcc56d192c091c,2015-08,Essex Police,Essex Police,0.095357,51.767783,On or near Shopping Area,E01021872,Harlow 007E,Investigation complete; no suspect identified
e1226e7ab1dcb2ec55f5bb5e5d00aa40fd0923ed7bfc27f119971d097a22c16d,2015-08,Essex Police,Essex Police,0.369246,51.482447,On or near Parking Area,E01015934,Thurrock 012B,Investigation complete; no suspect identified
99b7822f0f61e0e9547008c7fcc3eee434a40684b6797d7b5110b3a6b6ccf37d,2015-08,Essex Police,Essex Police,0.901260,51.888708,On or near Shopping Area,E01021649,Colchester 007D,Investigation complete; no suspect identified
23e5faf950b62fca875d75a7959cdafb8eab4404504b6beb295a3fd5c4567600,2015-08,Essex Police,Essex Police,0.505403,51.563326,On or near A132,E01021310,Basildon 022B,Investigation complete; no suspect identified
aaa2aaff9b7e70586255d5d57ed5e3b62c01efec92ce936d8d24d822a2839d2a,2015-08,Essex Police,Essex Police,0.929648,51.885162,On or near Supermarket,E01033722,Colchester 008H,Investigation complete; no suspect identified
3bc280d6be67d42082bbe9e0d1c2d9d44de00da7f5f0d9258f0f8cd0a619f862,2015-08,Essex Police,Essex Police,0.296350,51.523989,On or near PEARTREE CLOSE,E01015971,Thurrock 006B,Investigation complete; no suspect identified
be58a7557f0b477740987d1295cb803b1a5d84740b0d7df3d7c4acd7c1da0e26,2015-08,Essex Police,Essex Police,0.294127,51.491792,On or near Supermarket,E01015982,Thurrock 019A,Investigation complete; no suspect identified
faa3266f19c528d69fc2b9e0f42e8dfd0ce5ce3e736b2569c6f1cc912705b0f6,2015-08,Essex Police,Essex Police,0.460714,51.722642,On or near MOULSHAM STREET,E01021578,Chelmsford 010B,Investigation complete; no suspect identified
9d57f284c0ed93b3c8c3da4c2bd0c75f3d4a961dfbf9d80a40b7fce54b338290,2015-08,Essex Police,Essex Police,0.664324,51.720250,On or near Supermarket,E01021896,Maldon 005D,Investigation complete; no suspect identified
ebf8ad7864a5ea6101e24bce4adc8a737eb67bf245e9a9c7358e1e7d18711865,2015-08,Essex Police,Essex Police,0.830150,51.888121,On or near ESSEX YEOMANRY WAY,E01021718,Colchester 012A,Investigation complete; no suspect identified
52e823a9a12bd82913feeb7b0d91521cfa80ead0be1e287957675728826f37e0,2015-08,Essex Police,Essex Police,0.555775,51.574624,On or near FAIRVIEW CLOSE,E01021513,Castle Point 001A,Investigation complete; no suspect identified
d40c7384b1c7f1c06ffc0c914917184a6fd579348a87183dfffea3e3d14ff477,2015-08,Essex Police,Essex Police,0.094133,51.767643,On or near Shopping Area,E01021872,Harlow 007E,Investigation complete; no suspect identified
7ead6fb5e14dbf015f3be838fcaba4f160f500520f0ce2849d733e78fe6ea7a5,2015-08,Essex Police,Essex Police,0.275564,51.489033,On or near Supermarket,E01016012,Thurrock 015C,Investigation complete; no suspect identified
68706a90e751262bff0052bf5c01eab9dacafd1d3bca73990c87c114eecedea3,2015-08,Essex Police,Essex Police,0.243639,51.486627,On or near A1306,E01015921,Thurrock 015A,Investigation complete; no suspect identified
de02b015bb5ac9d232b607c6643b96b7c72986390f1893304f60d05041d3a718,2015-08,Essex Police,Essex Police,1.153340,51.787393,On or near Nightclub,E01022025,Tendring 016B,Investigation complete; no suspect identified
30707b547acff56dddef3537433352f41737e058480580815ae89ee08e63cbaa,2015-08,Essex Police,Essex Police,0.102611,51.752645,On or near AYLETS FIELD,E01021858,Harlow 010B,Investigation complete; no suspect identified
c4523ca53bff19d403b13ea43eea8a694428899fd014faec46a7c6368dd89066,2015-08,Essex Police,Essex Police,0.473041,51.529866,On or near THE AVENUE,E01015946,Thurrock 001C,Investigation complete; no suspect identified
58b824831404fff84f902bf29c88aac86ac174947f9cae0f1e0858e74521e238,2015-08,Essex Police,Essex Police,0.712497,51.540310,On or near Bus/Coach Station,E01015895,Southend-on-Sea 010A,Investigation complete; no suspect identified
054bcba71cd8afa9fbe481ef6513d97ba3ae83b5b8714cd03507fe68b77ed7c0,2015-08,Essex Police,Essex Police,0.667456,51.543286,On or near Supermarket,E01015829,Southend-on-Sea 012C,Investigation complete; no suspect identified
2ff6c09b1e7e52e43eba1fb8266886a943c40f02703a3e6a6d30224403c51452,2015-08,Essex Police,Essex Police,0.535272,51.610781,On or near RECTORY GROVE,E01021340,Basildon 007C,Investigation complete; no suspect identified
0f3b0fe9a10e4c061147556aefeac9cb9049cdb4ea21aac7952acfb10556538d,2015-08,Essex Police,Essex Police,0.605360,51.650921,On or near CORAL CLOSE,E01021614,Chelmsford 019D,Investigation complete; no suspect identified
69350b1306fdc2a3b3fcd53dcf94eaab607dd3a0ec7e6c4deae7b417c321ceff,2015-08,Essex Police,Essex Police,0.499978,51.583317,On or near EYNESHAM WAY,E01021307,Basildon 011C,Investigation complete; no suspect identified
ede10329f61226da4e9c19b94b95c73d547b60b3b3b62a309e887e102f6b319c,2015-08,Essex Police,Essex Police,0.446683,51.525283,On or near Supermarket,E01015983,Thurrock 002B,Investigation complete; no suspect identified
29d43077c0cabc9346b26def9146d5900d95dae9ffbbbea2eff4ca7009b52564,2015-08,Essex Police,Essex Police,1.164413,51.792051,On or near AMBLESIDE COURT,E01022048,Tendring 014C,Investigation complete; no suspect identified
b945e8cc3244593dc9d68d7e4c91b2b5d55ed101814c366bd6a33993eed9a033,2015-08,Essex Police,Essex Police,0.290441,51.622748,On or near BORROMEO WAY,E01021432,Brentwood 004B,Investigation complete; no suspect identified
a1a4972937f31f9bb4cb475f1c36ec515c7dbe76305f6886a89b8917eabbe1da,2015-08,Essex Police,Essex Police,0.244573,52.030873,On or near FAIR LEAS,E01022077,Uttlesford 001C,Investigation complete; no suspect identified
c295583b7bdc14fde8ee27891e0c99d21a16c1d21df5dedfab07786907824c4b,2015-08,Essex Police,Essex Police,0.866678,51.877676,On or near PLUME AVENUE,E01021689,Colchester 014A,Investigation complete; no suspect identified
49665bcb477eae94d4617f931f18598f4a2e87788204bd77f9da132eccc54966,2015-08,Essex Police,Essex Police,0.354407,51.595241,On or near GLEBE GARDENS,E01021445,Brentwood 009A,Investigation complete; no suspect identified
e014abc50810ad4153fcb788ee6d6b78b6c00ffabbeac2dbe602239c6b022ca1,2015-08,Essex Police,Essex Police,0.712497,51.540310,On or near Bus/Coach Station,E01015895,Southend-on-Sea 010A,Investigation complete; no suspect identified
555840a1908487776f4e7ee697cd8e0a946c47478bd55ab6f495c51a38262dc0,2015-08,Essex Police,Essex Police,0.353983,51.637840,On or near CHANCERY GATE,E01021452,Brentwood 003E,Investigation complete; no suspect identified
610c001e2e06845b607e352c5391c4e9392cf98664349c24f23498558a4e3e0a,2015-08,Essex Police,Essex Police,0.113571,51.775748,On or near Parking Area,E01021845,Harlow 002B,Investigation complete; no suspect identified
dc188a7b5c30af29be87e9c8036a9c898f1cd09812fd21147eee6b0e9f4097f8,2015-08,Essex Police,Essex Police,0.432689,51.518614,On or near Pedestrian Subway,E01015989,Thurrock 005A,Investigation complete; no suspect identified
d9ae3684b20950445b0478455e8123398bbea529fb1a9d4ba67421b0f475688d,2015-08,Essex Police,Essex Police,0.070517,51.643893,On or near PARKMEAD,E01021773,Epping Forest 013C,Investigation complete; no suspect identified
6aaf8210a27eaa96f5dfde08df1f29aa2c6e9c7033e731ad26328705a73de380,2015-08,Essex Police,Essex Police,0.694982,51.538267,On or near CANEWDON ROAD,E01015855,Southend-on-Sea 015E,Investigation complete; no suspect identified
cca557f227f0b893dfb0749d1f87357cb26e52b4c425052c1f580e109b48a66d,2015-08,Essex Police,Essex Police,0.919605,51.890323,On or near EAST STREET,E01021706,Colchester 022H,Investigation complete; no suspect identified
02634cb00df05028ae25026437d9470d58beafa119b4b766fd78abbc6468846e,2015-08,Essex Police,Essex Police,0.537515,51.600741,On or near ANGLESEY GARDENS,E01021345,Basildon 007E,Investigation complete; no suspect identified
977066b80cb531cc0b1084b2a3616c2bc784afbcc923603dc8a79eb0bdbdb7e4,2015-08,Essex Police,Essex Police,0.113165,51.754955,On or near LITTLE PYNCHONS,E01021823,Harlow 006D,Investigation complete; no suspect identified
41754e9b1b80412b23cc9a0e2a09924c7a4a64489d2e89956f88d94601dfe589,2015-08,Essex Police,Essex Police,1.131911,51.803787,On or near ORCHARD CLOSE,E01022024,Tendring 015B,Investigation complete; no suspect identified
70a5c19eef2cbcbbb973ff180940eddc66011800d8ba4f32f23c27a3d363e8d4,2015-08,Essex Police,Essex Police,0.292252,51.511847,On or near OAKLANDS DRIVE,E01015932,Thurrock 006A,Investigation complete; no suspect identified
8b3287851ab1e3991338940cb8c259c410291339d75bb01f956b4794d72b1f34,2015-08,Essex Police,Essex Police,0.324934,51.477776,On or near CLARENCE ROAD,E01015956,Thurrock 016B,Investigation complete; no suspect identified
b5ce694721596afa31012a41a5ba9e0d0e0d8ec0b5a8bec0927676cda4ace5cc,2015-08,Essex Police,Essex Police,0.906722,51.884841,On or near Sports/Recreation Area,E01021686,Colchester 011D,Investigation complete; no suspect identified
3434f1be8d4dbea228db945333db675b8086c44cd5cc02f020554fcd3a8b2992,2015-08,Essex Police,Essex Police,0.456604,51.567614,On or near Pedestrian Subway,E01021296,Basildon 020C,Investigation complete; no suspect identified
005e840a199b840fc9367af881d37a97c0628a619b2fb0d9506cd5baf45e6640,2015-08,Essex Police,Essex Police,0.686468,51.538175,On or near STATION ROAD,E01015828,Southend-on-Sea 012B,Investigation complete; no suspect identified
f7d20842cb24c3c77c5eaee212ecfac09d6389d1f63d4e436a9fbaca794679b6,2015-08,Essex Police,Essex Police,0.938831,51.887577,On or near STANLEY WOOSTER WAY,E01021700,Colchester 008E,Investigation complete; no suspect identified
633de84ab4fa9abdb66e8fe3af1ab5a180488bb6a8d4c00c0ca07da0a3870f9c,2015-08,Essex Police,Essex Police,0.140503,51.783057,On or near THE COURTYARD,E01021857,Harlow 001D,Investigation complete; no suspect identified
6787d501846196e8d8dc0605782fa4197a2b2c75b5f851b2a6c8399559322c55,2015-08,Essex Police,Essex Police,0.841355,51.888111,On or near Petrol Station,E01021719,Colchester 012B,Investigation complete; no suspect identified
9e77761713462f8d60ab68778d85ec9c38b36f39d489f11450a6ff87b5d48fa1,2015-08,Essex Police,Essex Police,1.153985,51.796630,On or near HARROW ROAD,E01022043,Tendring 014B,Investigation complete; no suspect identified
1b27e0d6a7be175a922f9c22cb1216e9e6a8acdbac357e21e1eef232ecca77bb,2015-08,Essex Police,Essex Police,0.094895,51.770021,On or near Nightclub,E01021872,Harlow 007E,Investigation complete; no suspect identified
bed0bc70b9f08a4fdb5cbd72061f7f30240f0553c56f6e85ba5a312e63cd3262,2015-08,Essex Police,Essex Police,0.917521,51.924991,On or near SEVERALLS LANE,E01033720,Colchester 002F,Investigation complete; no suspect identified
a4822c0261a4b7926ba87777707078937c0c6cae7e6090dd2cdd1154b489fb3e,2015-08,Essex Police,Essex Police,0.109490,51.753529,On or near SAKINS CROFT,E01021861,Harlow 010E,Investigation complete; no suspect identified
46216becd7ae495e1c8d87d230f6d593697094df140de4c145b5c4c667093221,2015-08,Essex Police,Essex Police,0.074961,51.646575,On or near LUCTON MEWS,E01021773,Epping Forest 013C,Investigation complete; no suspect identified
30801e78bbd77364399a1067de9295247633558c3d12b13fff89d128d4d693a6,2015-08,Essex Police,Essex Police,0.882645,51.854711,On or near BOUNSTEAD ROAD,E01021714,Colchester 015D,Investigation complete; no suspect identified
1b431af8d0ec5937766f83613f25fed9014cbd7bf8b2579db9b9a06de87e57cd,2015-08,Essex Police,Essex Police,0.512961,51.584991,On or near HARVEY ROAD,E01021309,Basildon 011E,Investigation complete; no suspect identified
d0c85c62a715a113c03ed9d56779abb40a8272de7f552b91af7e61483c58b6c4,2015-08,Essex Police,Essex Police,0.771709,51.535921,On or near GOLDMER CLOSE,E01015916,Southend-on-Sea 017C,Investigation complete; no suspect identified
3bcaf0531474d70b0b0fa35b1b642a0b62a493cc1e81c3a8e4a9dea3de7e4a5d,2015-08,Essex Police,Essex Police,0.571300,51.523130,On or near CHERRY CLOSE,E01021485,Castle Point 010A,Investigation complete; no suspect identified
9121f6567f8824b59efaea8189943cf6d56a58a09be4514f44e58f2db2f6b289,2015-08,Essex Police,Essex Police,0.808924,51.884996,On or near TURKEY COCK LANE,E01021654,Colchester 010A,Investigation complete; no suspect identified
6f6a64c4a208c8cd921c6ef0c85d692d94b628619e0dc9aca4f2522845b4fe5e,2015-08,Essex Police,Essex Police,0.502267,51.562719,On or near Supermarket,E01021310,Basildon 022B,Investigation complete; no suspect identified
24d350fe301a360f3b4d694656dcd8d3312b01d0b0efdd5b6951b8eff8ce5575,2015-08,Essex Police,Essex Police,0.261741,51.889938,On or near Airport/Airfield,E01022090,Uttlesford 006B,Investigation complete; no suspect identified
5e94984dbc1d8a12ac8880efa7e5188e750e6db5d4473257d54ce7d7f02e2a83,2015-08,Essex Police,Essex Police,0.290865,51.616841,On or near Petrol Station,E01021438,Brentwood 006A,Investigation complete; no suspect identified
40c4de56ccf95c19e267cd398cfcdee08289655347721be2b13fafc9eaa57f5b,2015-08,Essex Police,Essex Police,0.688903,51.555738,On or near COMMERCIAL ROAD,E01015859,Southend-on-Sea 004C,Investigation complete; no suspect identified
423440edb6df6eea15e584cebe777efe4b7e267609b91b7aee53a56ad716c0c9,2015-08,Essex Police,Essex Police,0.111905,51.688487,On or near CROSSING ROAD,E01021759,Epping Forest 006D,Investigation complete; no suspect identified
c770e17edf08194a010b0ecb669e002eaedbc971b126cc9691661b8db764fe64,2015-08,Essex Police,Essex Police,0.718808,51.537070,On or near TOLEDO ROAD,E01015841,Southend-on-Sea 014C,Investigation complete; no suspect identified
fbf05366cdcde560e6ef3a0f52bdb51bf6ccabaeec74f4246b56786b849b8369,2015-08,Essex Police,Essex Police,0.791053,51.534122,On or near Parking Area,E01015877,Southend-on-Sea 013B,Investigation complete; no suspect identified
89fdb33e2a2dc63b185f2995fd8c7619ce0becba5977adcef635686a7b3c2ed6,2015-08,Essex Police,Essex Police,0.519982,51.611929,On or near Supermarket,E01021331,Basildon 008A,Investigation complete; no suspect identified
77964641dc40f4e689c1f91533f3db3dbc6b3c209693faaa4cd43aa2d499f67a,2015-08,Essex Police,Essex Police,0.316734,51.476815,On or near Supermarket,E01015953,Thurrock 017C,Investigation complete; no suspect identified
3442da6eb71f803561c01011f94da0a22baa5cf5e84ded43dd82b5fcf32ac38d,2015-08,Essex Police,Essex Police,0.638737,52.014229,On or near CHURCH STREET,E01021398,Braintree 002A,Investigation complete; no suspect identified
2fa3b3cdbf0de83626aea1a83e7f2a1c7388f1b59b8671af77518a3539cc8141,2015-08,Essex Police,Essex Police,0.904233,51.885226,On or near PORTLAND ROAD,E01021683,Colchester 011A,Investigation complete; no suspect identified
bea4d71375c2b1a33f82d17dd955cf56d7e03d24824a55928f715aba271050c3,2015-08,Essex Police,Essex Police,0.267655,51.508468,On or near M25,E01015928,Thurrock 007B,Investigation complete; no suspect identified
442579e958b396e7b51e7b8139be8c2641268e639bae2b8afe32f9653029162f,2015-08,Essex Police,Essex Police,0.703284,51.548401,On or near ROOTS HALL AVENUE,E01015861,Southend-on-Sea 004E,Investigation complete; no suspect identified
87f8e3876743613d6094bb431f65551a0ca22e53089925745c14884518bb135a,2015-08,Essex Police,Essex Police,0.283014,51.510418,On or near Supermarket,E01015976,Thurrock 007F,Investigation complete; no suspect identified
4207218465b0db6273f76b832dcdd52f22f375d7b41ad7a2bb206588075f7deb,2015-08,Essex Police,Essex Police,0.455711,51.732648,On or near Petrol Station,E01033138,Chelmsford 009F,Investigation complete; no suspect identified
b9590dc02a2bfaff40d36bbacfd29f3e4ea6526cae477ddce7667a376c00956d,2015-08,Essex Police,Essex Police,1.167645,51.819108,On or near Shopping Area,E01021984,Tendring 010A,Investigation complete; no suspect identified
54c69110ff14a48f1c55f41d0cb782f968fcf0338c029cc2b4e22a4612b498ea,2015-08,Essex Police,Essex Police,0.349683,51.633781,On or near CLAUGHTON WAY,E01021451,Brentwood 003D,Investigation complete; no suspect identified
379b5f5012d72f3775722af2c6c4ae181fb3e2baaa6e497cfdf1d025a3619862,2015-08,Essex Police,Essex Police,0.507249,51.567235,On or near ST GABRIELS COURT,E01021316,Basildon 018D,Investigation complete; no suspect identified
c192b04c7c7ce1a9c6bb70d6544ad7339066388b311e4e161bfa1de07f9af31f,2015-08,Essex Police,Essex Police,0.733725,51.535959,On or near BRUNSWICK ROAD,E01015892,Southend-on-Sea 016D,Investigation complete; no suspect identified
305127800fdb8f6b3523b80d2870b535a1fe20142cc8e95f57aae015f2b88c40,2015-08,Essex Police,Essex Police,0.095787,51.770176,On or near TERMINUS STREET,E01021872,Harlow 007E,Investigation complete; no suspect identified
c42ef2bdcae96d17689afcdd8786064cd555381cc8a7bc3fa3560ecd3c97ee13,2015-08,Essex Police,Essex Police,0.487141,51.581396,On or near QUENDON ROAD,E01021267,Basildon 012B,Investigation complete; no suspect identified
af145df7f1e61a24f0704eecd29ac00ab071a4836a45e0f34c316aba3fadb569,2015-08,Essex Police,Essex Police,0.191617,51.903945,On or near CANNONS MEAD,E01022085,Uttlesford 005E,Investigation complete; no suspect identified
7c527a326c1183a03d6bf3e6c7db45e58fd434c23e275111f2f8c6fcd794a2cd,2015-08,Essex Police,Essex Police,0.568709,51.522953,On or near THE WEALD,E01021486,Castle Point 010B,Investigation complete; no suspect identified
b21c7be310c24f236c85de97c104177bd7fd7439fe5d780e9b938d77e5385a8c,2015-08,Essex Police,Essex Police,0.600653,51.521367,On or near OXFORD ROAD,E01021497,Castle Point 012D,Investigation complete; no suspect identified
e0b2ffb6490500994863e1a8bc0c12a318b85a84ccb1142f216a45d8464063e8,2015-08,Essex Police,Essex Police,0.341638,51.491779,On or near Parking Area,E01015966,Thurrock 010D,Investigation complete; no suspect identified
7a6b35427dec8aadb7c4527d454888eea67ceae21d57c71c9b53847624f517b0,2015-08,Essex Police,Essex Police,0.323992,51.477085,On or near Shopping Area,E01015954,Thurrock 017D,Investigation complete; no suspect identified
39b50ee89d98b01a23f8ee8bf227bf04221d3fa0de3b249ab5a2fba319ebb321,2015-08,Essex Police,Essex Police,0.517309,51.603568,On or near STEVENSON WAY,E01021342,Basildon 008B,Investigation complete; no suspect identified
af1ed03d0f2a5183442bed55ac73ee8b1c1aa0ee6c7fc321cb0cbf031d2e2cfe,2015-08,Essex Police,Essex Police,0.290904,51.605842,On or near GREENSLEEVES DRIVE,E01033063,Brentwood 007F,Investigation complete; no suspect identified
0144ad475e1cae475f9186920d8afbd8448e37ca478196a5f659a6fd7e282951,2015-08,Essex Police,Essex Police,0.341342,51.568047,On or near Parking Area,E01021446,Brentwood 009B,Investigation complete; no suspect identified
0b15ce83d9590c1728817d9883f86847630c04f0fcd09f49269ac3e9804781f8,2015-08,Essex Police,Essex Police,0.341790,51.569468,On or near PETRESFIELD WAY,E01021446,Brentwood 009B,Investigation complete; no suspect identified
9a8deddcb929477cde4c6be62db4f034d6e653eacf53d8a4a7934b765e1c298d,2015-08,Essex Police,Essex Police,0.527923,51.862244,On or near HARNHAM DRIVE,E01021384,Braintree 013C,Investigation complete; no suspect identified
a6039080c468ea83f21b78f5e9434894e36822a24e17d80997138aed6d31c799,2015-08,Essex Police,Essex Police,0.364274,51.487134,On or near ORSETT HEATH CRESCENT,E01015937,Thurrock 012E,Investigation complete; no suspect identified
619f08dda8f3e7c14b004792386b9453bdca64be1627eb95884a89fba86ff027,2015-08,Essex Police,Essex Police,0.434819,51.576900,On or near WEYMARKS,E01021289,Basildon 016C,Investigation complete; no suspect identified
447c55edc5854e2bce1dee61b5b244d47e62ae757312356ad41735312046bdf7,2015-08,Essex Police,Essex Police,0.417980,51.619659,On or near SCHOOL ROAD,E01021255,Basildon 004C,Investigation complete; no suspect identified
9d3f1386262a192b07301153b18f50d5559fb5a28abdb4ac6cf48b056a32f776,2015-08,Essex Police,Essex Police,0.557601,51.555482,On or near MELCOMBE ROAD,E01021522,Castle Point 007C,Investigation complete; no suspect identified
2a7805d34e8f5ad9bd49a026d8c19b538f84a37f02d8a0ed337181e7c75fd400,2015-08,Essex Police,Essex Police,0.710096,51.557192,On or near STOCK CLOSE,E01015874,Southend-on-Sea 006F,Investigation complete; no suspect identified
cbaa7130106b160fffe899b86b9932c01c0d2a52a9b62337f482d52fcad472f8,2015-08,Essex Police,Essex Police,0.442166,51.663522,On or near BACK LANE,E01033143,Chelmsford 018E,Investigation complete; no suspect identified
c854a9f517744f20cd00ef3c68c7020c6d36582678f96f6c4b9a9db203c953d7,2015-08,Essex Police,Essex Police,0.001181,51.688160,On or near CROOKED MILE,E01021812,Epping Forest 009B,Investigation complete; no suspect identified
f94c623c7edebd24126bc8a6b44bb1ac33cb46b753a8bd9683934ae402d8ad8d,2015-08,Essex Police,Essex Police,0.421108,51.574737,On or near BYRON COURT,E01021273,Basildon 014A,Investigation complete; no suspect identified
03a6d9d7444c8860df0a6339efdd4082e258a69d1f6238e0f5c917d87c584a99,2015-08,Essex Police,Essex Police,0.517023,51.622415,On or near HASLEMERE ROAD,E01021338,Basildon 005C,Investigation complete; no suspect identified
7640a5edc5ed158f7bd9a47287fa3de3d101fc42155539e093d9e91e9e062d66,2015-08,Essex Police,Essex Police,0.912338,51.926046,On or near Petrol Station,E01021682,Colchester 004D,Investigation complete; no suspect identified
5b6bd9303a9bc5a4e801a5cce7d219ca434beb55c48b091f0ee72f909eddd849,2015-08,Essex Police,Essex Police,0.717086,51.575926,On or near ROSE WAY,E01021956,Rochford 007E,Investigation complete; no suspect identified
d9bd370b183b3e1001ae1a472d49874a841d884d5622c794747a3849987ad20f,2015-08,Essex Police,Essex Police,0.688232,51.535805,On or near THE LEAS,E01015851,Southend-on-Sea 015A,Investigation complete; no suspect identified
d53455c29faf67d34fc58a0a6ef8187abdd0312c5e18fb14f9aa0b037828cdb1,2015-08,Essex Police,Essex Police,0.496694,51.734931,On or near BINLEY ROAD,E01021547,Chelmsford 008D,Investigation complete; no suspect identified
54f0f65d939facbc4ab70706d8eeb72509846be48c7c70c5f221ed5a70595569,2015-08,Essex Police,Essex Police,0.548841,51.892854,On or near CAMBERTON ROAD,E01021354,Braintree 008A,Investigation complete; no suspect identified
12e07774208de93f48adb51a86cb40cca0018fd5f034a59f537e8d8bcbdf0bfe,2015-08,Essex Police,Essex Police,0.717799,51.671251,On or near Petrol Station,E01021874,Maldon 007B,Investigation complete; no suspect identified
08f495e85ff78a5622cc46dab141e1ea235c095cd2a47c92a6ca57164e80f3ae,2015-08,Essex Police,Essex Police,0.094408,51.671454,On or near AVENUE ROAD,E01021803,Epping Forest 010B,Investigation complete; no suspect identified
4254aa5d000e22e22682faaac189ede0f255666f12e89cb368f2110819807d20,2015-08,Essex Police,Essex Police,0.678142,51.736249,On or near Supermarket,E01021890,Maldon 004B,Investigation complete; no suspect identified
14df4648bfe86b4150c9f9f4bcde25e0b82a09b3500274f061d47be77cb8e9c0,2015-08,Essex Police,Essex Police,0.485254,51.571156,On or near Parking Area,E01021322,Basildon 019A,Investigation complete; no suspect identified
fad41f23a69fc246505e73e6c9a0faf11ea2d498a906342cb3fecc81062e6730,2015-08,Essex Police,Essex Police,1.152226,51.789923,On or near ROSEMARY ROAD,E01022025,Tendring 016B,Investigation complete; no suspect identified
f9ba4db2ad0251cf337fdaf91190fb621d3d47c467fe767eee7c5aa6d591870a,2015-08,Essex Police,Essex Police,0.600065,51.576825,On or near CLAYDONS LANE,E01021966,Rochford 008F,Investigation complete; no suspect identified
2e1ee53b7133df9a0c20136af44d13dab273a5741182c7c624d92e4583002909,2015-08,Essex Police,Essex Police,0.597778,51.777076,On or near THE STREET,E01021394,Braintree 018B,Investigation complete; no suspect identified
11764561a717b29c10d9667f652f35b0e2c31a3c9a258e50c39441361143fce6,2015-08,Essex Police,Essex Police,0.607303,51.555754,On or near NEW ROAD,E01021530,Castle Point 005C,Investigation complete; no suspect identified
8773ff42251eafe6676ab2fd99ee920f50fac94538b2f4551b701dc40d857967,2015-08,Essex Police,Essex Police,0.239155,51.716642,On or near SHORTLANDS AVENUE,E01021802,Epping Forest 004D,Investigation complete; no suspect identified
391c08696f7cc34cd524c3ac7ccd0ee57e6c16a7956c80704578d7e54059de98,2015-08,Essex Police,Essex Police,0.622747,51.794391,On or near DEFORD ROAD,E01021423,Braintree 016A,Investigation complete; no suspect identified
35d908b3ad06ae65884d1a2c8f361f010a216a7119e4406e9263e5282f37a4f8,2015-08,Essex Police,Essex Police,0.297242,51.638983,On or near MARCONI GARDENS,E01021462,Brentwood 006B,Investigation complete; no suspect identified
a6d66916a6180f82c33ab77afd081339f2baba147cfd3a3e1efa042dd30823cb,2015-08,Essex Police,Essex Police,1.279473,51.937104,On or near Supermarket,E01022001,Tendring 001D,Investigation complete; no suspect identified
0b669027f32e47b61063949f76cb4b6fc58d64a20d4fd49424ba5f3f617a0240,2015-08,Essex Police,Essex Police,0.664324,51.720250,On or near Supermarket,E01021896,Maldon 005D,Investigation complete; no suspect identified
c0c31cdf08fe6cfe3e0981150659e0c71f2ff8975a01b6bff44b6c8a90531393,2015-08,Essex Police,Essex Police,0.270445,51.486039,On or near Parking Area,E01016012,Thurrock 015C,Investigation complete; no suspect identified
edad1f92cd4657f14bb74461b6c98af3fcc3bd1a8c6220ee09a2d9267c194c82,2015-08,Essex Police,Essex Police,0.680284,51.552463,On or near WESTBOURNE GROVE,E01015822,Southend-on-Sea 005C,Investigation complete; no suspect identified
e92c8be899b23eee43ce927366dcad7963cb37807ed6e72dbea76829c8aeb306,2015-08,Essex Police,Essex Police,0.695194,51.593321,On or near HOLT FARM WAY,E01021932,Rochford 007B,Investigation complete; no suspect identified
b2413ae783c819f4054e6c0deb4a267ba2bf9fe3dfd2ddd4ee4068d635cbcd2c,2015-08,Essex Police,Essex Police,0.096835,51.753081,On or near Pedestrian Subway,E01021871,Harlow 007D,Investigation complete; no suspect identified
797a824c789865ad55e88843f7b04711dcdc7a2b2fab6dc7ef3fe9e55d02e2bc,2015-08,Essex Police,Essex Police,0.243639,51.486627,On or near A1306,E01015921,Thurrock 015A,Investigation complete; no suspect identified
aa376bf28d9996324b48c1ba01f82c0e676fa58073d7d7244e8049000b2c82dd,2015-08,Essex Police,Essex Police,0.660721,51.554914,On or near SCHOOL WAY,E01015820,Southend-on-Sea 005A,Investigation complete; no suspect identified
e1429e22ce1ab700d5225ac09e8c6da5b72dd18ba6a4afbfe55fc42a37288ca8,2015-08,Essex Police,Essex Police,0.512647,51.585574,On or near RIDLEY ROAD,E01021309,Basildon 011E,Investigation complete; no suspect identified
3177e9c97f6b4d8469154130c569278bbfbc8b7297f6e80a46e8692c1dd3b129,2015-08,Essex Police,Essex Police,0.505401,51.751734,On or near ALYSSUM CLOSE,E01021618,Chelmsford 007A,Investigation complete; no suspect identified
afd35c7498ae925d615758dd142ef97ac027a6edb1294180c1fa9c48c4e3e5b2,2015-08,Essex Police,Essex Police,0.510894,51.575521,On or near Pedestrian Subway,E01021303,Basildon 011B,Investigation complete; no suspect identified
d738735358bc6bc458d9550419cfe375c47e8c3f193c74479332c799c6458110,2015-08,Essex Police,Essex Police,0.254796,51.495829,On or near HALL TERRACE,E01015922,Thurrock 008A,Investigation complete; no suspect identified
1cbbe3958fd7ff04b4e5a9d8b1a3a58705c9a31b2b87dc4b686aef382f156a6c,2015-08,Essex Police,Essex Police,0.918776,51.893455,On or near Supermarket,E01021704,Colchester 022F,Investigation complete; no suspect identified
2a28f16a65c10eaafe631651cdaa042b64eb8196e08a8988009221040490dbdb,2015-08,Essex Police,Essex Police,0.790067,51.535693,On or near Pedestrian Subway,E01015877,Southend-on-Sea 013B,Investigation complete; no suspect identified
3e381ad7680b2f5dbeab4dcc7997cc8cd1ec00a3e5024322889f8e8a11eebf7f,2015-08,Essex Police,Essex Police,0.897877,51.888090,On or near Shopping Area,E01021649,Colchester 007D,Investigation complete; no suspect identified
31da6aa087beefb84f97fb945dd05fa4d3eff3c73c230c3e148b45331da37fad,2015-08,Essex Police,Essex Police,0.839130,51.702996,On or near ST LAWRENCE HILL,E01021901,Maldon 006A,Investigation complete; no suspect identified
7ef8c30e89686e3350853ad66659f3d807c95fcefb2ad52f14b7625a26418503,2015-08,Essex Police,Essex Police,0.695174,51.541519,On or near Parking Area,E01015855,Southend-on-Sea 015E,Investigation complete; no suspect identified
704c7058107ac7d92f8b05976679221acb97f098e989bde89eb2e0a1d223f1af,2015-08,Essex Police,Essex Police,0.297322,51.628261,On or near ROBIN HOOD ROAD,E01021431,Brentwood 004A,Investigation complete; no suspect identified
b12378e6bc44dd9ede36788d01b445b7f44b2c617d0fb4f30edca0539867780e,2015-08,Essex Police,Essex Police,0.501215,51.592707,On or near SOUTHEND ARTERIAL ROAD,E01021330,Basildon 006C,Investigation complete; no suspect identified
e6a0a2aa49cfce6af4264a26f2b1fde8167bda2b3751f4b9b61927470e0021d4,2015-08,Essex Police,Essex Police,0.674389,51.642974,On or near CHURCH ROAD,E01021902,Maldon 007F,Investigation complete; no suspect identified
65cd8cd47f58ea8cec0c1dfd3514dc58ac2a780c87f58aa69814c279ba909892,2015-08,Essex Police,Essex Police,0.713572,51.873628,On or near COLCHESTER ROAD,E01021379,Braintree 014C,Investigation complete; no suspect identified
68e7c2eb42584ea90cbf070f3c72b5de45766765202bad243d50363a3c4ac52b,2015-08,Essex Police,Essex Police,1.151124,51.789089,On or near Parking Area,E01022025,Tendring 016B,Investigation complete; no suspect identified
57c0831e21cc763c6fec16446bdefd8c52322c771a80755f84d3797e53446ac6,2015-08,Essex Police,Essex Police,0.598558,51.665956,On or near THE STREET,E01021535,Chelmsford 016B,Investigation complete; no suspect identified
bee155a12872e3496d9030cda4dd4104ff6770545a4f1c8d77cdd0abe1a7280b,2015-08,Essex Police,Essex Police,0.548082,51.878913,On or near Supermarket,E01021365,Braintree 009D,Investigation complete; no suspect identified
5ea658fa402b9b1fbbc6c45ae8050032d41b8b40447126cf46f77620357c010e,2015-08,Essex Police,Essex Police,0.461459,51.569868,On or near Shopping Area,E01021318,Basildon 015C,Investigation complete; no suspect identified
ee9afc2cb52aa760442e0b79eb5cf1a914e80335ce3445c7b9d34bfa846d8969,2015-08,Essex Police,Essex Police,0.523808,51.599921,On or near SHAW CLOSE,E01021344,Basildon 008D,Investigation complete; no suspect identified
5bdb7b09e7b0015f1402ee3d4187fa79d54dc2921d9540bebe81500dfee45004,2015-08,Essex Police,Essex Police,0.567095,51.525263,On or near THIRD AVENUE,E01021507,Castle Point 010E,Investigation complete; no suspect identified
13bd3cc9cbca654f296c94516e7d473f862dfe711d4262b04083053329da9d22,2015-08,Essex Police,Essex Police,0.713596,51.539394,On or near Nightclub,E01015852,Southend-on-Sea 015B,Investigation complete; no suspect identified
552e426581b0e26f18a2c281882c2dffe2a4998f1e6aa9ea4ed3feb6cbae81d9,2015-08,Essex Police,Essex Police,0.095336,51.766695,On or near Parking Area,E01021868,Harlow 007B,Investigation complete; no suspect identified
4ae4cc28d26737fc2c06c218e427969c359d160154d619dde954026847e80714,2015-08,Essex Police,Essex Police,0.683177,51.725882,On or near HORTON CLOSE,E01021889,Maldon 004A,Investigation complete; no suspect identified
bf149a72f205b762ae8e34a6666908ac33a38dcfc3e507488f9db9a6836b0183,2015-08,Essex Police,Essex Police,0.552410,51.879134,On or near Tofts Walk,E01021365,Braintree 009D,Investigation complete; no suspect identified
9671d2087ae90851a72602b05314e3d71a2769c80a6dde799568c90dcde7bb7d,2015-08,Essex Police,Essex Police,0.343882,51.469539,On or near THURROCK PARK WAY,E01016003,Thurrock 018A,Investigation complete; no suspect identified
ba70c53f3ba261aa32db803127eb2a85ac5c06034491b481457b51dca3988256,2015-08,Essex Police,Essex Police,0.523808,51.599921,On or near SHAW CLOSE,E01021344,Basildon 008D,Investigation complete; no suspect identified
47a5662a0172e187981d9e5608e3dbc54c75a36f4a83f2b1b20354b9f6d700e1,2015-08,Essex Police,Essex Police,0.475075,51.716216,On or near Supermarket,E01021586,Chelmsford 015E,Investigation complete; no suspect identified
269bdb86386355a25ae0cffb04a353bb6ff8b6cf695975bd8bcb30337ae62118,2015-08,Essex Police,Essex Police,0.094846,51.771452,On or near ADAMS HOUSE,E01021872,Harlow 007E,Investigation complete; no suspect identified
144a04bab36f609dadfd16d4e54a83da3eaa7350e57a5609c36aa05e329295ec,2015-08,Essex Police,Essex Police,0.705140,51.545642,On or near HARCOURT AVENUE,E01015899,Southend-on-Sea 010E,Investigation complete; no suspect identified
b1f288d457aa223e31dc94bf48fd2dea43c9178830b074adbe3521cc95427745,2015-08,Essex Police,Essex Police,0.477843,51.581637,On or near SPENDERS CLOSE,E01021267,Basildon 012B,Investigation complete; no suspect identified
3f6e9ca6bccc17d27d01e643c64fb0da2b3d7724b51f9fe52454744b2cd35c76,2015-08,Essex Police,Essex Police,0.698801,51.540896,On or near LONDON ROAD,E01015855,Southend-on-Sea 015E,Investigation complete; no suspect identified
1d295a89d23683cb286408577b18ad30a419eb8ac1579cae7a5bb246fefd091d,2015-08,Essex Police,Essex Police,1.060285,51.945575,On or near STATION ROAD,E01022020,Tendring 003F,Investigation complete; no suspect identified
def614e49f82a5a06be7dc91cb86b0f2638af81fa4db582716965b89e0eeeac8,2015-08,Essex Police,Essex Police,0.550842,51.878655,On or near Shopping Area,E01021365,Braintree 009D,Investigation complete; no suspect identified
d5c84a0187c298bfbf82d363709ccff3821b60e87e6a691673a3de275a692ee5,2015-08,Essex Police,Essex Police,0.297846,51.600607,On or near BECKET CLOSE,E01021473,Brentwood 008D,Investigation complete; no suspect identified
eadf64cde91c704aaaaf42ace04f86204eeae447c5605ee63b4ce42faebe4346,2015-08,Essex Police,Essex Police,0.907575,51.864054,On or near STANSTED ROAD,E01021638,Colchester 018B,Investigation complete; no suspect identified
daae16c93e4cfcc830a91290f92de064df904876f8356249698f02412ae18b93,2015-08,Essex Police,Essex Police,0.463491,51.677564,On or near Petrol Station,E01033143,Chelmsford 018E,Investigation complete; no suspect identified
03fd3d6332907e913986db7e47a64d1c7a28e3212d808d4d773d8d7a634aa3c3,2015-08,Essex Police,Essex Police,0.468593,51.736218,On or near DUKE STREET,E01033141,Chelmsford 010G,Investigation complete; no suspect identified
b4d2f88b89099df5ef910f2b8e174649f805fd8ec5b6794ae2c8d7407dffbabf,2015-08,Essex Police,Essex Police,1.168518,51.815829,On or near GORSE LANE,E01021984,Tendring 010A,Investigation complete; no suspect identified
50720f7152bbd362afe3135a77183dccb41c0b93a0181e90e1c9918ae4bd0408,2015-08,Essex Police,Essex Police,0.426897,51.512978,On or near RECTORY ROAD,E01015992,Thurrock 005C,Investigation complete; no suspect identified
3feedffb8cbbd8fa28da238700c3be111a5cb8866bc658402fe74d95c12fbb2b,2015-08,Essex Police,Essex Police,0.354029,51.463292,On or near Parking Area,E01016003,Thurrock 018A,Investigation complete; no suspect identified
85f22c371697936b21593587c01236d8c00b36e0184b227e989e2fb9a289e6d0,2015-08,Essex Police,Essex Police,0.090817,51.759231,On or near KINGSLAND,E01021868,Harlow 007B,Investigation complete; no suspect identified
cffa092bc336ce92eb3da0c7adc8ef48f73c8c99b81480d8cfc6ff076959bc9c,2015-08,Essex Police,Essex Police,1.144810,51.795275,On or near DUDLEY ROAD,E01021968,Tendring 017A,Investigation complete; no suspect identified
51e1069adb446fab970366180ba1a0c2b91b18cbbbb95451d3ac9817d5946e36,2015-08,Essex Police,Essex Police,0.286534,51.488604,On or near Parking Area,E01016011,Thurrock 015B,Investigation complete; no suspect identified
b535c0fb23fe069f781ab36a22812190f0a893aa297784ffd46f3cb907a31062,2015-08,Essex Police,Essex Police,0.717984,51.542359,On or near Supermarket,E01015895,Southend-on-Sea 010A,Investigation complete; no suspect identified
268fcefa67de0c77eabcc4dbae357732298863d0dce11630f01b47a7ec5cc8e2,2015-08,Essex Police,Essex Police,0.462457,51.585127,On or near Nightclub,E01021268,Basildon 015B,Investigation complete; no suspect identified
69059b88f8f6dd491103fe9b12950562117ece0252b89c42d07b395e9c7652a4,2015-08,Essex Police,Essex Police,0.282488,51.487496,On or near Shopping Area,E01016011,Thurrock 015B,Investigation complete; no suspect identified
bc1c05b54d7bbd62dd6c0f3193ecd73150499dc9b1553082069600d86fdd33f1,2015-08,Essex Police,Essex Police,0.703500,51.537927,On or near PARK CRESCENT,E01015856,Southend-on-Sea 015F,Investigation complete; no suspect identified
034cb8403ff8089f10060914e5e16bfe36d793d57a142422d7b19833eb1aab09,2015-08,Essex Police,Essex Police,0.786680,51.536187,On or near ANSON CHASE,E01015882,Southend-on-Sea 013G,Investigation complete; no suspect identified
9e23de1625c266e637928d9c8f3303c471a7e573f918b08a6cfb611e9c78bd65,2015-08,Essex Police,Essex Police,0.088758,51.607410,On or near COPPERFIELD,E01021764,Epping Forest 017A,Investigation complete; no suspect identified
bf857a515ff9a298799c0c045c540a67b3b499d191bbda3b5cb7153d425e994c,2015-08,Essex Police,Essex Police,0.507143,51.566095,On or near CHURCH PARK ROAD,E01021316,Basildon 018D,Investigation complete; no suspect identified
6c3cc4fb4c03a8bea320d96510f3facf2917828e4bffe0a9455e50478ac84b3f,2015-08,Essex Police,Essex Police,0.573768,51.881393,On or near WHEATLEY AVENUE,E01021369,Braintree 012D,Investigation complete; no suspect identified
ae89ce07c1c80ea1af1a04325791710ae62c2100d8e471c706794ab2b799d35d,2015-08,Essex Police,Essex Police,0.277554,51.476647,On or near THIRD AVENUE,E01016012,Thurrock 015C,Investigation complete; no suspect identified
f1f695715f9fa42ca0593b450101c028a41ed4354573a17f4dc7e05aba369bd8,2015-08,Essex Police,Essex Police,0.674783,51.565891,On or near Sports/Recreation Area,E01015864,Southend-on-Sea 002B,Investigation complete; no suspect identified
2b4bb5e8fdc2352c4760c5db3f39085deadc8927bd7feae75576697a438fb578,2015-08,Essex Police,Essex Police,0.478873,51.726370,On or near GOLDLAY AVENUE,E01021577,Chelmsford 012B,Investigation complete; no suspect identified
ad6c9cc15632e90b8f2e16b6d38f2a8c90a4b31d0599b4424e400d9b9a85fc56,2015-08,Essex Police,Essex Police,0.720655,51.802498,On or near PRIORY ROAD,E01021725,Colchester 020C,Investigation complete; no suspect identified
0a1e13c51dab08e489c930ff1fac5c60529e068cc3bd10db1d39fc7b1ad2de58,2015-08,Essex Police,Essex Police,0.351371,51.502601,On or near A1089,E01015977,Thurrock 004A,Investigation complete; no suspect identified
d082add6e8f7fb4d90ba148ac68f37f13e89b460c436b9fc90e4ed37a2304941,2015-08,Essex Police,Essex Police,0.509598,51.576097,On or near BRISCOE ROAD,E01021303,Basildon 011B,Investigation complete; no suspect identified
ee399d72949c1d3183ccb8202575e6d4382f87f43eb939988cb203ecd711e536,2015-08,Essex Police,Essex Police,0.637096,51.799951,On or near GUITHAVON STREET,E01021415,Braintree 017A,Investigation complete; no suspect identified
c00d0dd24795e47496d7a8caf419f1db62fbd1b53962b50cbe17baeda2b2b12e,2015-08,Essex Police,Essex Police,0.319222,51.481001,On or near Petrol Station,E01015956,Thurrock 016B,Investigation complete; no suspect identified
e5d20c7b4294dafee90829d5b6e6de0ffe431906f057c8e438d0fc235b3547c4,2015-08,Essex Police,Essex Police,0.659766,51.541014,On or near ASHLEIGH DRIVE,E01015848,Southend-on-Sea 011D,Investigation complete; no suspect identified
77514fc742e3fb64f74ec7fc09b8a1a7436857282354a4d05c2b27c981478534,2015-08,Essex Police,Essex Police,0.709094,51.540820,On or near Supermarket,E01015895,Southend-on-Sea 010A,Investigation complete; no suspect identified
903ec08a9957da69c1e1ab911c318181debdb011a88b6d6f0b1cfbe8e2bca69c,2015-08,Essex Police,Essex Police,1.136862,51.794444,On or near JAMESON ROAD,E01021969,Tendring 017B,Investigation complete; no suspect identified
89baebc999242e591e299d952ca3cb71b3b17c0c843b23f980f0284563fb2bff,2015-08,Essex Police,Essex Police,0.280536,51.482444,On or near Parking Area,E01016011,Thurrock 015B,Investigation complete; no suspect identified
2a038632d680fde1663da02a3ddafbe6f3433f10c2426e4257a656cdc6562bdd,2015-08,Essex Police,Essex Police,0.667432,51.564079,On or near KENT ELMS CLOSE,E01015864,Southend-on-Sea 002B,Investigation complete; no suspect identified
b4a7aae4193a41a95be79a0756910f2eda08f53945227acb451c69b2e7797885,2015-08,Essex Police,Essex Police,0.800623,51.553752,On or near MORELAND CLOSE,E01021922,Rochford 010C,Investigation complete; no suspect identified
c1b732fa22e93aa74e5f3a6063b35a250da00cde1642ff8f120b9dbd19da4aec,2015-08,Essex Police,Essex Police,0.592889,51.528077,On or near HELDEN AVENUE,E01021494,Castle Point 008B,Investigation complete; no suspect identified
86dd3d0c7cb4b272574539f671180e00341d237c394ae04bb7e31533b96a0ea4,2015-08,Essex Police,Essex Police,0.294127,51.491792,On or near Supermarket,E01015982,Thurrock 019A,Investigation complete; no suspect identified
427ad8b9a312df8c4b8972a09f46f827188e898bd2a1ed5f62ccace6dc349dfe,2015-08,Essex Police,Essex Police,0.900874,51.891524,On or near TAYLOR COURT,E01021649,Colchester 007D,Investigation complete; no suspect identified
8ef1f5682d3d83e754fe3ef29d8d48579e71dc7f87ccd90894c90bfad5cfa8ad,2015-08,Essex Police,Essex Police,0.548163,51.896025,On or near BLADON CLOSE,E01021354,Braintree 008A,Investigation complete; no suspect identified
a0bbfdae3c01ba9220f52386654aba8463da8c019172aff73c44d72fc5c374a7,2015-08,Essex Police,Essex Police,1.196999,51.805100,On or near EDISON ROAD,E01022008,Tendring 012A,Investigation complete; no suspect identified
de6c053592e2f263b32fac8a2e1476cbfd740d30f5865401b74d34f29a7e1dd3,2015-08,Essex Police,Essex Police,0.024939,51.684318,On or near PEREGRIN ROAD,E01021810,Epping Forest 008D,Investigation complete; no suspect identified
eaf0f7aa6babebf39d59109ef2d134f4d1e0a115444fabc695426a14fa4a646b,2015-08,Essex Police,Essex Police,0.330438,51.497020,On or near THE PINES,E01015993,Thurrock 009C,Investigation complete; no suspect identified
71d535d5cf04bcbdb07f8becf37ccf7d195a1986647b843fbf2608eacbac2ed3,2015-08,Essex Police,Essex Police,0.492619,51.636894,On or near SCHOOL ROAD,E01033143,Chelmsford 018E,Investigation complete; no suspect identified
002fb15bab4fa9279f57698453e77e2151f201d6451604357984fa7c00172694,2015-08,Essex Police,Essex Police,0.887168,51.878164,On or near CAMBRAI ROAD,E01021717,Colchester 013D,Investigation complete; no suspect identified
1ac310507bf5b1880cba5cfea6b1bcccd1f9ed7c4369e5a30f0a7b2f9e71a162,2015-08,Essex Police,Essex Police,0.608312,51.962721,On or near HALSTEAD ROAD,E01021397,Braintree 003B,Investigation complete; no suspect identified
e1669523608d84d887ec0f90f5192f801814da50c8d35c3a468b3a98d79fe571,2015-08,Essex Police,Essex Police,1.142453,51.782027,On or near Parking Area,E01022036,Tendring 017C,Investigation complete; no suspect identified
f64f4ffddf0fc6e343d249c507ff955bafa3d6122c75f0c625e56860108daab2,2015-08,Essex Police,Essex Police,0.351155,51.465077,On or near MELBOURNE ROAD,E01016003,Thurrock 018A,Investigation complete; no suspect identified
97a691ffd1bddc895c8101d857c3c30daa1efdf289d4a5471d2d142bad9dc712,2015-08,Essex Police,Essex Police,0.654275,51.568578,On or near STEEPLEFIELD,E01015834,Southend-on-Sea 001B,Investigation complete; no suspect identified
0fbc8fe196467e52c61da9829e665b0f4f01451e28a01b03f2698a21e135388b,2015-08,Essex Police,Essex Police,0.718808,51.537070,On or near TOLEDO ROAD,E01015841,Southend-on-Sea 014C,Investigation complete; no suspect identified
a9b6f459920eb3722966419fd93d5aa0b47d7b2d532551a45efd9c2d35f7b582,2015-08,Essex Police,Essex Police,0.832437,51.713087,On or near THE SPINNAKER,E01021901,Maldon 006A,Investigation complete; no suspect identified
7ae2f81f0a53b331cd3fd142c2ffcd44098221918093cbcf598e52a77e33e2a6,2015-08,Essex Police,Essex Police,0.343882,51.469539,On or near THURROCK PARK WAY,E01016003,Thurrock 018A,Investigation complete; no suspect identified
05ff98668eeb28f37c917654655519ce8d2b9cdd61f03e74f2aeefdc6fbb5072,2015-08,Essex Police,Essex Police,0.425673,51.503767,On or near MUCKING WHARF ROAD,E01015992,Thurrock 005C,Investigation complete; no suspect identified
7e7261dcb18d3c31bdfef8a1f24035b1bbd80c82ea530e1608da9767f8159d18,2015-08,Essex Police,Essex Police,0.579366,51.515353,On or near AZALEA MEWS,E01021502,Castle Point 011E,Investigation complete; no suspect identified
5c996f86037045695146887bd711502bf950c126aec159780e3abf0879599af0,2015-08,Essex Police,Essex Police,0.069736,51.758660,On or near BYNGHAMS,E01021832,Harlow 009C,Investigation complete; no suspect identified
fe5a7c646b249cb9a68a84fa45b6476fcb72cb7448a9eda411b1de4097c581f9,2015-08,Essex Police,Essex Police,0.405155,51.523238,On or near CHURCH CLOSE,E01015980,Thurrock 004D,Investigation complete; no suspect identified
52c4d9fda4ac087a8408a2ff34a096c4c84a25e5095879bdbc1ef26859830bb2,2015-08,Essex Police,Essex Police,0.663281,51.599941,On or near KENT GREEN CLOSE,E01021936,Rochford 003D,Investigation complete; no suspect identified
5029b97aa53230557ea4822c836d52ed5607c3fb76afd53c52812c4fd6fb32c0,2015-08,Essex Police,Essex Police,0.281531,51.509871,On or near DERRY AVENUE,E01015972,Thurrock 006C,Investigation complete; no suspect identified
46867a53883eabc518bc8a3da5acffa4bd4682cd379fcefe66665e61c262dc7f,2015-08,Essex Police,Essex Police,0.709427,51.537916,On or near GORDON PLACE,E01015852,Southend-on-Sea 015B,Investigation complete; no suspect identified
02f54e3d41d64f16e4f535bb3d2ef8ea1e24ab33288f27840b26c4204e9c7eaf,2015-08,Essex Police,Essex Police,0.501770,51.582560,On or near ILMINGTON DRIVE,E01021307,Basildon 011C,Investigation complete; no suspect identified
fd2fbbd50cdcf4ff999159ac9563f2558c07dd068ef736c7be3f71ac79e63236,2015-08,Essex Police,Essex Police,0.676392,51.568966,On or near LUNDY CLOSE,E01015863,Southend-on-Sea 002A,Investigation complete; no suspect identified
886ee631bc5c0ec8fafda6f12638adab892289804f2f1550e6b66ddc02a3d013,2015-08,Essex Police,Essex Police,0.862774,51.873877,On or near GREYSTONES CLOSE,E01021692,Colchester 014D,Investigation complete; no suspect identified
73b9deaff71cd1ba1f1a04ac6ac541d5396bcdd57f9dd1bec62e74a6228b1a0f,2015-08,Essex Police,Essex Police,0.494965,51.581409,On or near HOLBECH ROAD,E01021269,Basildon 012C,Investigation complete; no suspect identified
92a9908bfe7a7a219874e2b76e6292196a93d821d8e295498993f8cbf3bdb5c0,2015-08,Essex Police,Essex Police,0.160991,51.811917,On or near THE MEADOWS,E01021795,Epping Forest 001B,Investigation complete; no suspect identified
ab6a2b3ac4b5ef369805237381668715a457f97b63d40597d2423602f7f67702,2015-08,Essex Police,Essex Police,0.910820,51.926191,On or near Petrol Station,E01021682,Colchester 004D,Investigation complete; no suspect identified
49d7efe957f7dbccaa978935a67f20843a63023658ce42d4c27602bd725afdac,2015-08,Essex Police,Essex Police,0.500380,51.741103,On or near MEARNS PLACE,E01021544,Chelmsford 008A,Investigation complete; no suspect identified
583989a5b1c4511454f0633267233e1206d5e67f5af2dce81839b1e8d6b193ce,2015-08,Essex Police,Essex Police,0.712497,51.540310,On or near Bus/Coach Station,E01015895,Southend-on-Sea 010A,Investigation complete; no suspect identified
baab2d234ff1541255aa82a487bd846d61913a9dbfd060442bee7065d933b1de,2015-08,Essex Police,Essex Police,0.500226,51.568374,On or near HARTFORD END,E01021317,Basildon 018E,Investigation complete; no suspect identified
f20ca8acea31899069d84eafcc90eae0b4356dc6bf16f0a9b78e095005359c35,2015-08,Essex Police,Essex Police,0.631905,51.547578,On or near DARENTH ROAD,E01015908,Southend-on-Sea 008A,Investigation complete; no suspect identified
530864901377384e35294f9c05680a6ac9e55e578e76f12bfb5fc9bf9e469f14,2015-08,Essex Police,Essex Police,0.914432,51.879119,On or near BECHE ROAD,E01021684,Colchester 011B,Investigation complete; no suspect identified
c39c411350b08a88520599a7b303ca6d8292a3c7969754e13b84dbba29ffd774,2015-08,Essex Police,Essex Police,0.583921,51.571345,On or near COMMON APPROACH,E01021510,Castle Point 002B,Investigation complete; no suspect identified
ec148a829dbdacc077b53ee2e07f93e854733dfeca624d02657d0a5d33a7348c,2015-08,Essex Police,Essex Police,1.123091,51.796457,On or near SHOTLEY CLOSE,E01022030,Tendring 015C,Investigation complete; no suspect identified
f4444af3aae533640adf73a66264838359c915c1e2f4f495aaabb2ce127d6d26,2015-08,Essex Police,Essex Police,1.142919,51.783723,On or near THE COPPICE,E01022037,Tendring 017D,Investigation complete; no suspect identified
a094946b383326aef71494dccbb0c26ed0578c8af04b890760049c963260a620,2015-08,Essex Police,Essex Police,0.459341,51.574742,On or near Supermarket,E01021318,Basildon 015C,Investigation complete; no suspect identified
9e72774b5716349f3b7913e07670fbb678241c6841a4801d4663279499bdcfb7,2015-08,Essex Police,Essex Police,0.489322,51.827104,On or near CHURCH LANE,E01021538,Chelmsford 001A,Investigation complete; no suspect identified
ff958856e639e113f4b5d61dbb942bff69a5a7a0ffb06fa696e8c7ca2aaeb7cc,2015-08,Essex Police,Essex Police,0.545146,51.883015,On or near Supermarket,E01021358,Braintree 008C,Investigation complete; no suspect identified
fe912117a144ba3bcb13e7151df9d26e0e239f9d514a1897ccdd79db8aa8605e,2015-08,Essex Police,Essex Police,0.071119,51.755317,On or near TITHELANDS,E01021829,Harlow 009A,Investigation complete; no suspect identified
f8b3449d6b3b69df28326d6ca0d5d7c400e7a2339fa5192cf2a055cf9f35f4b7,2015-08,Essex Police,Essex Police,0.904292,51.884343,On or near FAIRFAX ROAD,E01021683,Colchester 011A,Investigation complete; no suspect identified
56388489266144be0703ac4d6ff5ca8dcc53dc98890c1ab732146814f5c72eef,2015-08,Essex Police,Essex Police,-0.008518,51.686706,On or near GROVE COURT,E01021817,Epping Forest 008E,Investigation complete; no suspect identified
ee81204faa5c734dc36eaa923b4dc5723efe6938c932ea3533e68095eb174aa5,2015-08,Essex Police,Essex Police,0.360864,51.464900,On or near ADELAIDE ROAD,E01016010,Thurrock 018H,Investigation complete; no suspect identified
6a21fc37f80e3e2354f357a7cbbfc693893ce1a9a23d90b8b511d356cc0ce3e0,2015-08,Essex Police,Essex Police,0.502928,51.548207,On or near Park/Open Space,E01021310,Basildon 022B,Investigation complete; no suspect identified
fc5e7aac199dacf270255467a7f9afce04f30f3c4d75ffc1f1cd4b78c8decd8e,2015-08,Essex Police,Essex Police,0.411580,51.574151,On or near ROOSEVELT ROAD,E01021275,Basildon 014B,Investigation complete; no suspect identified
759335a7bfeabe19b2f5357336750f8dffea06225f21b0b069992f8695e3cdec,2015-08,Essex Police,Essex Police,0.369246,51.482447,On or near Parking Area,E01015934,Thurrock 012B,Investigation complete; no suspect identified
39cf45afeef5525e0d500cd53d75999667f0a3df17794d64b620216a38c53646,2015-08,Essex Police,Essex Police,0.474962,51.632177,On or near MANOR CLOSE,E01021604,Chelmsford 018D,Investigation complete; no suspect identified
85744177b464b73bd2c0718ca350019d541af807830e4fbd4d373846f9b43651,2015-08,Essex Police,Essex Police,0.158574,51.809614,On or near LAWRENCE MOORINGS,E01021795,Epping Forest 001B,Investigation complete; no suspect identified
b8e4206c11e85933be93e1372e17dc6e89fe9c73e22cb3f65b46aa42076f2495,2015-08,Essex Police,Essex Police,0.499544,51.747200,On or near OSEA WAY,E01021625,Chelmsford 007D,Investigation complete; no suspect identified
b4e7977e2449e877bf5a908e6027799958ea21a9bd0d5056f274133d28936d52,2015-08,Essex Police,Essex Police,0.765306,51.536648,On or near STATION ROAD,E01015890,Southend-on-Sea 016B,Investigation complete; no suspect identified
715042c0bbc9c2fb2ee6c3622f22ba7a02e716e16880d21daf76ae986a7f2532,2015-08,Essex Police,Essex Police,0.780740,51.539296,On or near Supermarket,E01015882,Southend-on-Sea 013G,Investigation complete; no suspect identified
9553de3c9c911ee531f530b5dea4dcbc57a152393b09f3e7dd06481ab965f43a,2015-08,Essex Police,Essex Police,0.639574,51.800651,On or near Parking Area,E01021416,Braintree 017B,Investigation complete; no suspect identified
1c93d167de603f716f18cd1e3b23e73490149d94ea240b382b89d36e1547e8c3,2015-08,Essex Police,Essex Police,0.060841,51.609307,On or near BRUNEL ROAD,E01021752,Epping Forest 016D,Investigation complete; no suspect identified
26fd7b39b58c021ce9040db5c3cada8733e075a736ba236134742591c5478353,2015-08,Essex Police,Essex Police,0.750288,51.833897,On or near SCHOOL ROAD,E01021643,Colchester 019A,Investigation complete; no suspect identified
5befb438a946a9f522f2971dd4a1f8d560e62951ef6f83b958e4eb1dd263b4a1,2015-08,Essex Police,Essex Police,0.655381,51.566268,On or near MANSEL CLOSE,E01015835,Southend-on-Sea 001C,Investigation complete; no suspect identified
b336af0157283818a661ad33f8f91b1af6274e530955aab24f35ccbfa57f0017,2015-08,Essex Police,Essex Police,0.655381,51.566268,On or near MANSEL CLOSE,E01015835,Southend-on-Sea 001C,Investigation complete; no suspect identified
2338a560751c02ff171df38305d3ca7189bba6d3ca830bb31facfad0d6f02fb3,2015-08,Essex Police,Essex Police,0.484710,51.722424,On or near GOODWIN CLOSE,E01033137,Chelmsford 014F,Investigation complete; no suspect identified
1f5492134db5f0423bd0cf24ec0481bcaf71855f8e5a1604b9d9ee448d5659ef,2015-08,Essex Police,Essex Police,1.154230,51.798063,On or near OXFORD CRESCENT,E01022043,Tendring 014B,Investigation complete; no suspect identified
14a15ff9ea0db29ae340b80186f9160a4b12bd7d60a1fe250139e4bf746e71d4,2015-08,Essex Police,Essex Police,0.717040,51.532569,On or near Theme/Adventure Park,E01015851,Southend-on-Sea 015A,Investigation complete; no suspect identified
6cd4f6d7470d04d4414bdf8eb3fa5cbd35072828eea23e07a96c159fbabd2541,2015-08,Essex Police,Essex Police,0.483829,51.556132,On or near GOLDINGS CRESCENT,E01021300,Basildon 022A,Investigation complete; no suspect identified
f0eb6eef371ebbf22c8f5a3f00d0ffb22401ee794151363de5837ad648e1f416,2015-08,Essex Police,Essex Police,1.257257,51.929726,On or near ALLFIELDS,E01022004,Tendring 004D,Investigation complete; no suspect identified
c5f1c2f99a5fc0fd84d4c78002ea1fccd894b8e3c87693654588ac11d9d88e83,2015-08,Essex Police,Essex Police,0.369246,51.482447,On or near Parking Area,E01015934,Thurrock 012B,Investigation complete; no suspect identified
83aee60c483c379f05123ddaac2f37f59bd351a22cbef3a29a22f3b089db16c5,2015-08,Essex Police,Essex Police,0.483487,51.566284,On or near Parking Area,E01021327,Basildon 019E,Investigation complete; no suspect identified
ad6ccf2ede61aa611851413dc3848341530120d43d1f5b86be8607c2c7a841ba,2015-08,Essex Police,Essex Police,0.851901,51.892146,On or near BEAVER CLOSE,E01021675,Colchester 009C,Investigation complete; no suspect identified
ad7a4eaa39e47c889dad2ed89ff042101bb6282b9b1fa4952697392f0a58b802,2015-08,Essex Police,Essex Police,0.502928,51.548207,On or near Park/Open Space,E01021310,Basildon 022B,Investigation complete; no suspect identified
4d829243cd4789e9d464b4dafdec9340a7150e6efb5b95ee0f8bac2f884a01c8,2015-08,Essex Police,Essex Police,0.471839,51.572348,On or near THISTLEDOWN,E01021318,Basildon 015C,Investigation complete; no suspect identified
8d9094761dea87534f759e70b343301d94c083e98ad845abb7b7bcdddbd4b14c,2015-08,Essex Police,Essex Police,0.910214,51.855885,On or near BOBER COURT,E01021658,Colchester 016B,Investigation complete; no suspect identified
5a000438f2743120648216769a863113470c5cf07e688054897137adb79f1358,2015-08,Essex Police,Essex Police,0.274448,51.479927,On or near EUCLID WAY,E01016012,Thurrock 015C,Investigation complete; no suspect identified
7312d0ab02e1103e11021a4dccbca7402766bb97c043c402ca01ae0ce3de225b,2015-08,Essex Police,Essex Police,0.243209,51.877938,On or near TAYLORS END ROAD,E01022090,Uttlesford 006B,Investigation complete; no suspect identified
4ff8eba5ce6541e7db1fa8b9005410e61db55619ef57fc111ff51f3f0a1ee6d8,2015-08,Essex Police,Essex Police,0.502928,51.548207,On or near Park/Open Space,E01021310,Basildon 022B,Investigation complete; no suspect identified
d217d6926c7cc4fd077c78ab60b34132a29766d22af7a29684d0baf62f83185f,2015-08,Essex Police,Essex Police,0.529481,51.621968,On or near LOCARNO AVENUE,E01021593,Chelmsford 021A,Investigation complete; no suspect identified
73e089ce31553111998887fde5bb243049e350b4fca2e9dbc74abe04cbb0330c,2015-08,Essex Police,Essex Police,0.356988,51.576771,On or near TILBURY ROAD,E01021446,Brentwood 009B,Investigation complete; no suspect identified
1e4295e090cea09722e2f2fce21d6c4705a0ca278eff1e6acb9c539c08b41bec,2015-08,Essex Police,Essex Police,0.553608,51.877975,On or near Parking Area,E01033459,Braintree 009F,Investigation complete; no suspect identified
a310011675794d81dede56af780bf81237c72429f118c8672f5b3b6d88b95bae,2015-08,Essex Police,Essex Police,1.113848,51.773264,On or near BEACH WAY,E01021988,Tendring 018A,Investigation complete; no suspect identified
7ca268564747a67bd1076ad44937771cdfbaa0ad77d9cc0d3a942d291c288a94,2015-08,Essex Police,Essex Police,0.087903,51.754804,On or near SHAWBRIDGE,E01021831,Harlow 007A,Investigation complete; no suspect identified
c084ed3f0a29ff90619b6088853f7945d89c8801bd152f302954e589c40682db,2015-08,Essex Police,Essex Police,0.455569,51.568490,On or near Further/Higher Educational Building,E01021318,Basildon 015C,Investigation complete; no suspect identified
eadb37202ca057a8464ec684f831b947353d8b420dcf06119be12f1a2b7c01bf,2015-08,Essex Police,Essex Police,0.261741,51.889938,On or near Airport/Airfield,E01022090,Uttlesford 006B,Investigation complete; no suspect identified
14e3107980a8427c1b36fd0e9b9451e6708ac8e86c9ed28376a013b8025c3be8,2015-08,Essex Police,Essex Police,0.550842,51.878655,On or near Shopping Area,E01021365,Braintree 009D,Investigation complete; no suspect identified
16b4612d9aea361f6fc3e0f12fa23b4b547a87f66a04e5cc74a2ddda14a3430e,2015-08,Essex Police,Essex Police,0.367623,51.463342,On or near SPENCER WALK,E01016009,Thurrock 018G,Investigation complete; no suspect identified
951587a634a4686597863b0ad26df387ddb4e562e09b4995a34d736eb0a78ff4,2015-08,Essex Police,Essex Police,1.185398,51.799416,On or near MADEIRA ROAD,E01022034,Tendring 012C,Investigation complete; no suspect identified
054dc1528535338709cfc3f729690711476f7f95e9c595001493b1e3d9e5a901,2015-08,Essex Police,Essex Police,0.372815,51.453255,On or near Park/Open Space,E01016004,Thurrock 018B,Investigation complete; no suspect identified
2f2f7252cb4157e8f8d7dd3a5734b4e1840e8ceefd67ad0e909e63ba792f5d68,2015-08,Essex Police,Essex Police,0.456959,51.570727,On or near Shopping Area,E01021318,Basildon 015C,Investigation complete; no suspect identified
a307adcd33568cea530f250d0a64bf5058828d079128bee26e93eff7c1d26a1f,2015-08,Essex Police,Essex Police,0.485775,51.562988,On or near CLAY HILL ROAD,E01021325,Basildon 019D,Investigation complete; no suspect identified
dbc35797f9a8c79aade92b6abeeda7217fd0f56a65096b5b228b60a2b2d49808,2015-08,Essex Police,Essex Police,0.460775,51.569775,On or near Parking Area,E01021318,Basildon 015C,Investigation complete; no suspect identified
874b0dca93bacc94d8202c831b3cb7f0ace487e204abb08815adc950d864af1d,2015-08,Essex Police,Essex Police,0.722696,51.536008,On or near OLD SOUTHEND ROAD,E01015841,Southend-on-Sea 014C,Investigation complete; no suspect identified
8c1d390ba1b5e58efb3fb9aca8ba3fd2cb9d549565b3cbca4560ecba0e7fd2f3,2015-08,Essex Police,Essex Police,0.461228,51.569334,On or near Pedestrian Subway,E01021318,Basildon 015C,Investigation complete; no suspect identified
1c34b696cf0d87adbd35bdb5bed224990e721b406b0b5c333a9df81c397450c2,2015-08,Essex Police,Essex Police,0.094492,51.776638,On or near TORKILDSEN WAY,E01021843,Harlow 004E,Investigation complete; no suspect identified
1d6ce6e869e9683a6ac5d451f9d28e897899130b518d350b288060936cbfe85e,2015-08,Essex Police,Essex Police,0.068922,51.607564,On or near NEW FOREST LANE,E01021766,Epping Forest 017C,Investigation complete; no suspect identified
f3b83124057c44bfa2169652fb64c9428cfbf94fa4919d85a08f0bceee2ad7fc,2015-08,Essex Police,Essex Police,0.427331,51.571533,On or near MELLOW PURGESS CLOSE,E01021286,Basildon 016A,Investigation complete; no suspect identified
0012038ae1ec1e9d8cfa289eae7ff7a41ce884c39339ff5fa46351e2de952ced,2015-08,Essex Police,Essex Police,1.267812,51.931619,On or near FRONK'S ROAD,E01022005,Tendring 004E,Investigation complete; no suspect identified
3904e769e18dc35c8d306eae87ef063eb9afbfe851cff35d22afd2e737e9c850,2015-08,Essex Police,Essex Police,1.157945,51.792899,On or near GRANVILLE ROAD,E01022027,Tendring 016D,Investigation complete; no suspect identified
bfb7d91e00fc9d38e18a9d9601c3101458ca27d0ad889086c44c1fbd2ba502d0,2015-08,Essex Police,Essex Police,0.697040,51.833125,On or near ST MARY'S SQUARE,E01021401,Braintree 014D,Investigation complete; no suspect identified
9cd3105a2923fd8100df453ea7e55ed51c936bb9e534d796f24584cec4dec59e,2015-08,Essex Police,Essex Police,0.061887,51.764499,On or near HORSECROFT PLACE,E01021840,Harlow 004B,Investigation complete; no suspect identified
3edb93f372d63531e939f8330d86e1249ad6d44972faeaf27899c118c42f71af,2015-08,Essex Police,Essex Police,0.716314,51.536840,On or near BALTIC AVENUE,E01015852,Southend-on-Sea 015B,Investigation complete; no suspect identified
dc6b8528394bde0faed0bdf851b500e9cbc5e12d615df9e4ec1c7e5842ab5b3d,2015-08,Essex Police,Essex Police,0.093567,51.769182,On or near Shopping Area,E01021872,Harlow 007E,Investigation complete; no suspect identified
1eadc17061c22ece3386351c681b4905e6a0e31829edbdf687dd842e7f99f519,2015-08,Essex Police,Essex Police,0.385404,51.664563,On or near HALL LANE,E01021458,Brentwood 002B,Investigation complete; no suspect identified
0b60973aa22fb39f50a9687180f877b87ffa7df8b269d5b5db4dcb92a7d41507,2015-08,Essex Police,Essex Police,0.405105,51.578340,On or near SABLE WAY,E01021278,Basildon 014E,Investigation complete; no suspect identified
c69c5011d745d41881cae0e69856e9227a5ceb62beee46dd038a7c20c977ae20,2015-08,Essex Police,Essex Police,0.495924,51.613639,On or near BRANKSOME AVENUE,E01021264,Basildon 006A,Investigation complete; no suspect identified
3c140de82f6b7650927c137af2d02ac780320185aa29c8c55b1d071f84b60f4c,2015-08,Essex Police,Essex Police,0.354930,51.503420,On or near BAKER STREET,E01015977,Thurrock 004A,Investigation complete; no suspect identified
d2ada2423acb9f67e05e8413ed500ea5b26b28224611eae5df26e646681f1257,2015-08,Essex Police,Essex Police,0.490336,51.581481,On or near BARRINGTON CLOSE,E01021269,Basildon 012C,Investigation complete; no suspect identified
4793005e22501c51a6de09fd65b3c6e0a3ab8a28813e7ad6233579177c626559,2015-08,Essex Police,Essex Police,0.500879,51.590268,On or near Cricketers Retail Park,E01021307,Basildon 011C,Investigation complete; no suspect identified
214705ae2c1143162f84850ee587cddb0cba7c897a659e4de21d0300dea8e015,2015-08,Essex Police,Essex Police,0.874179,51.865198,On or near RANGOON CLOSE,E01021714,Colchester 015D,Investigation complete; no suspect identified
4ed8f1de5de2026ec43925ca28be5ac6cf459a98e5670362e048e62c515f224a,2015-08,Essex Police,Essex Police,0.652445,51.542097,On or near BROADWAY WEST,E01015848,Southend-on-Sea 011D,Investigation complete; no suspect identified
8d9ae66479dc06bb5160ba791a342c0bae9567fc9fbbf6c491ec34324b464cc5,2015-08,Essex Police,Essex Police,0.249347,51.500753,On or near MANOR CLOSE,E01015926,Thurrock 008E,Investigation complete; no suspect identified
ac2d931312ad868f1bd556f5684c7f6144414167b3aed285f52f2968174aef77,2015-08,Essex Police,Essex Police,0.693269,51.551986,On or near HIGHFIELD WAY,E01015860,Southend-on-Sea 004D,Investigation complete; no suspect identified
19599288345c9e2e2b6f4ceaeffa33e9824b0499e98af882e99cdb98d992a774,2015-08,Essex Police,Essex Police,1.061656,51.856283,On or near LINNET WAY,E01021993,Tendring 009C,Investigation complete; no suspect identified
2dea1ef60efc468b65994bba578a2a690cb95e90c2ca40ca28361d1ddb59447f,2015-08,Essex Police,Essex Police,0.285222,51.484852,On or near Parking Area,E01016011,Thurrock 015B,Investigation complete; no suspect identified
f3eab3383df8b86bab2214ec183bfbe544b93df810133903518ad1b11c2f8497,2015-08,Essex Police,Essex Police,0.529481,51.621968,On or near LOCARNO AVENUE,E01021593,Chelmsford 021A,Investigation complete; no suspect identified
6ffece51745f058249adef265578f731dca423121edf6008096f79c0bbf7f695,2015-08,Essex Police,Essex Police,0.050934,51.639452,On or near THE AVENUE,E01021782,Epping Forest 014C,Investigation complete; no suspect identified
7d53c0bff3c20ddae5b5ebf2e99237789d027c4672d8bd0f9913323e7104ccae,2015-08,Essex Police,Essex Police,0.087903,51.754804,On or near SHAWBRIDGE,E01021831,Harlow 007A,Investigation complete; no suspect identified
8a3231dbfec045645e1063e1aa38d22e93725a716a1fa2f67b921a004ae098a6,2015-08,Essex Police,Essex Police,0.365311,51.866526,On or near ASH GROVE,E01022068,Uttlesford 007C,Investigation complete; no suspect identified
370412a1871e4016b03aeda4498938a0db604db7d878363b46e77d79f735e639,2015-08,Essex Police,Essex Police,0.462023,51.737390,On or near SOUTH PRIMROSE HILL,E01021575,Chelmsford 009B,Investigation complete; no suspect identified
c7fe58762a91d4e46a55320484357c284563d2b1250aa00ba9796b6f3050d357,2015-08,Essex Police,Essex Police,0.447985,51.562974,On or near GERNONS,E01021294,Basildon 020A,Investigation complete; no suspect identified
a32e6032178d83e6272e3f9a18f681e869bbb006142f1e9c6dd96988ed7a62b4,2015-08,Essex Police,Essex Police,0.072575,51.656365,On or near HILLYFIELDS,E01021779,Epping Forest 011F,Investigation complete; no suspect identified
68798918c4f6070fafca15f6f6b510b2485a8f18d2284fafde8a4bf386a79fda,2015-08,Essex Police,Essex Police,0.631673,51.796745,On or near SPINKS LANE,E01033462,Braintree 017H,Investigation complete; no suspect identified
d3e95eaff820336eb0b6e8717a1d714b805c3d8e462b68155a2be02cc30b9f00,2015-08,Essex Police,Essex Police,0.618473,51.586695,On or near HILARY CRESCENT,E01021951,Rochford 008B,Investigation complete; no suspect identified
8abed4fd0e335a36076415c94dacd76648182d1d48b8c70d6187c36496863a30,2015-08,Essex Police,Essex Police,0.454958,51.753761,On or near PEGGOTTY CLOSE,E01021590,Chelmsford 002D,Investigation complete; no suspect identified
edc704df3a2125a741299784d59f2e460d95d337b8f37bd4a3d06eacc8245820,2015-08,Essex Police,Essex Police,0.671033,51.543771,On or near LEIGH ROAD,E01015830,Southend-on-Sea 012D,Investigation complete; no suspect identified
3fc350877e54719b9980c9c17e8721b3208ebcaa7f69aad5538670bb10f80e1f,2015-08,Essex Police,Essex Police,0.295171,51.579912,On or near CODHAM HALL LANE,E01021473,Brentwood 008D,Investigation complete; no suspect identified
5f906377cd7b2fcfbe7ac7f7ac5ad97208be2b06cc7486bc69bfcad7c0cb682f,2015-08,Essex Police,Essex Police,0.058015,51.649958,On or near Sports/Recreation Area,E01021789,Epping Forest 012D,Investigation complete; no suspect identified
5c485e1d80814b4f515beee14fabafd9b600d2d7dd0a8596ab5fabc3c6fdd999,2015-08,Essex Police,Essex Police,0.301232,51.477830,On or near LONDON ROAD,E01016015,Thurrock 015F,Investigation complete; no suspect identified
3bc41d712279cb433ab7eee5b2cbf0888c08bfb9d039c2ed6be219e94f4a0ec6,2015-08,Essex Police,Essex Police,0.737271,51.540247,On or near CHINCHILLA ROAD,E01015884,Southend-on-Sea 009B,Investigation complete; no suspect identified
488e9ef38ab6ed45191ce60fb017d211498d52f72a8e3cb1d0979e01ab71a15e,2015-08,Essex Police,Essex Police,0.514102,51.575848,On or near TYEFIELDS,E01021314,Basildon 018B,Investigation complete; no suspect identified
eb7aed7ffdc6205a6339d909ad351f716a8a410eadfd11b067492436094f1e8c,2015-08,Essex Police,Essex Police,0.103241,51.776194,On or near SCHOOL LANE,E01021853,Harlow 003E,Investigation complete; no suspect identified
d3f0b7cedc5b0b293e90433315bd531d668dec33157cb50f9ab4b9c9ebabf58f,2015-08,Essex Police,Essex Police,0.327866,51.496874,On or near HARTY CLOSE,E01015994,Thurrock 009D,Investigation complete; no suspect identified
366652f15f4880a15b7e8046eb12f3e1dc6773309e491241f2903a0fd01b8d65,2015-08,Essex Police,Essex Police,0.777216,51.819261,On or near NEWBRIDGE ROAD,E01021643,Colchester 019A,Investigation complete; no suspect identified
03b9b661f4c10f9711fe1c909bb57f3c03054b05cf2f3a9822ba76cc56171595,2015-08,Essex Police,Essex Police,1.156341,51.788832,On or near BEACH ROAD,E01022025,Tendring 016B,Investigation complete; no suspect identified
a9a23f21ead7ad8a76783a84842d934420c6fe7d694e8e89df35531fd81f04e7,2015-08,Essex Police,Essex Police,0.678530,51.543969,On or near Parking Area,E01015832,Southend-on-Sea 012F,Investigation complete; no suspect identified
120907f03736d4d469cc4668ee5917eee6b9ace21fe16b369f329976a4f7547a,2015-08,Essex Police,Essex Police,0.473762,51.577191,On or near ORSETT END,E01021265,Basildon 012A,Investigation complete; no suspect identified
82d72ccf73c7043e9e7a1ed5dfa8fe769a3a755c19118d56a46c518c057012ba,2015-08,Essex Police,Essex Police,0.882529,51.904431,On or near CELANDINE COURT,E01021681,Colchester 004C,Investigation complete; no suspect identified
7c839e8ed5f7d5c506951746b08dff1334660fe5f336e41ce989ccdd960ec20d,2015-08,Essex Police,Essex Police,0.519679,51.611935,On or near WOODLANDS ROAD,E01021331,Basildon 008A,Investigation complete; no suspect identified
d21c4b4b6d83dd8d0e8d101fff1ca0f33f498e710b935fbe3c9b6ed9a5dc7bd9,2015-08,Essex Police,Essex Police,0.701555,51.546480,On or near TUDOR ROAD,E01015900,Southend-on-Sea 010F,Investigation complete; no suspect identified
300656196eb602960e903dec76a948c0710aab3ed09ed954c952da345eebdd31,2015-08,Essex Police,Essex Police,0.346788,51.473123,On or near SAMPHIRE COURT,E01016003,Thurrock 018A,Investigation complete; no suspect identified
c476b5293bf632c16de75b53f2d22cf840a597ae90af8b8f0b4045bd24887b66,2015-08,Essex Police,Essex Police,0.271332,51.491121,On or near Petrol Station,E01016012,Thurrock 015C,Investigation complete; no suspect identified
031b66141b98d1abcb1a97a0ef3a7af2f123e4d300492c4af9fbc1f4c6254507,2015-08,Essex Police,Essex Police,0.333747,51.481693,On or near PALMER'S AVENUE,E01015961,Thurrock 016D,Investigation complete; no suspect identified
6c240cb4e258da07aa5e58787598fdaef2fadd6c3a0c80da4b973713070a995f,2015-08,Essex Police,Essex Police,0.717736,51.534325,On or near HERBERT GROVE,E01015852,Southend-on-Sea 015B,Investigation complete; no suspect identified
c3f7b7a7c6703c27c66a36732525398eb1ac0ca54c56b1cf874c20f5027a9389,2015-08,Essex Police,Essex Police,0.272254,51.492281,On or near Motorway Service Area,E01016012,Thurrock 015C,Investigation complete; no suspect identified
3bdcdc78948e5a6d2a78a86d23b32bc8490bacb821c27d720c5deed0a45d267a,2015-08,Essex Police,Essex Police,0.002803,51.669176,On or near THE GRANGE,E01021806,Epping Forest 009A,Investigation complete; no suspect identified
4c2f1e41ff74d44fc8ab5b6a469353e2ff8026abf068a8a384a1dd83a411bbbd,2015-08,Essex Police,Essex Police,0.680115,51.553502,On or near PRITTLEWELL CHASE,E01015822,Southend-on-Sea 005C,Investigation complete; no suspect identified
e5078f483935852057d022e4adb5ecefaa2b994c76981037237167b7422ef779,2015-08,Essex Police,Essex Police,0.559418,51.521294,On or near VIKINGS WAY,E01021503,Castle Point 010D,Investigation complete; no suspect identified
13add50f0cf37adbbb97f64e780b509244cbe9fd6e3524b5223d9d27e4100483,2015-08,Essex Police,Essex Police,0.465674,51.756297,On or near WOODHALL ROAD,E01021588,Chelmsford 006B,Investigation complete; no suspect identified
f688f5d6857e8de7cf56ddd3e9dee7f7c578bd75df8951a343774bfa88de5a66,2015-08,Essex Police,Essex Police,0.446530,51.566521,On or near GREAT GREGORIE,E01021298,Basildon 017D,Investigation complete; no suspect identified
8d04ec83673b6edc5b4964f8eaa06de6592feb4c4dc6c8ebc6ea7574c21ac646,2015-08,Essex Police,Essex Police,0.436609,51.642692,On or near GLENCREE,E01021238,Basildon 001B,Investigation complete; no suspect identified
5e4bccfbdfd3a62262386316074eab3515f12c85e0f7d240f485e4be396b9ac7,2015-08,Essex Police,Essex Police,0.288664,51.514741,On or near ARCANY ROAD,E01015973,Thurrock 006D,Investigation complete; no suspect identified
f771cbd4c5223f81d93256bf3274c635da7f8eab378e4efaedea06da920cadfe,2015-08,Essex Police,Essex Police,0.501584,51.578651,On or near BOCKINGHAM GREEN,E01021302,Basildon 013B,Investigation complete; no suspect identified
211a10a9362a2ccef16828e0fbb3a4772634b744cb9fa4020830d0a3441e623b,2015-08,Essex Police,Essex Police,0.213291,51.982519,On or near BULLFIELDS,E01022073,Uttlesford 003D,Investigation complete; no suspect identified
4da9653e17860941e35cf3ba0c69427ae7d0223b4be7e2f1758e45ded8225740,2015-08,Essex Police,Essex Police,0.880897,51.863037,On or near ST MICHAELS ROAD,E01033723,Colchester 015G,Investigation complete; no suspect identified
c0923865672b9acf66270b39acf312958577c42ed182af40c4958aaf51dc1ea9,2015-08,Essex Police,Essex Police,0.114277,51.661772,On or near ABRIDGE ROAD,E01021804,Epping Forest 010C,Investigation complete; no suspect identified
f5d095f130102fd9c4c5948c0822a88e3c55b21ee51bd20da1a24f2412d7a9e7,2015-08,Essex Police,Essex Police,0.707614,51.580480,On or near Police Station,E01021955,Rochford 004D,Investigation complete; no suspect identified
602e618bf88fec97eb105fe4db941deb3b8f7f5e306b6e0629b6670067842132,2015-08,Essex Police,Essex Police,0.523431,51.567077,On or near ILFRACOMBE AVENUE,E01021313,Basildon 018A,Investigation complete; no suspect identified
358dcd6458bbc02f0ab02f6e44e8d42d38d9d1806e0eae6481649a126f47ec89,2015-08,Essex Police,Essex Police,0.320568,51.622264,On or near WORRIN CLOSE,E01021466,Brentwood 005E,Investigation complete; no suspect identified
48139503f668c914138a02b94a3f87f1b3cc15fcb09a1b2a38948b77547f31fc,2015-08,Essex Police,Essex Police,0.442562,51.716294,On or near Park/Open Space,E01021634,Chelmsford 011D,Investigation complete; no suspect identified
a0a8cb2f50a4d0f805d3c739d1f8bd9822a5846f4141ee6ff034e6ba12225e33,2015-08,Essex Police,Essex Police,0.600033,51.560826,On or near WEST WOOD CLOSE,E01021529,Castle Point 006D,Investigation complete; no suspect identified
7c6036d1697f469408a423e45119cfc2d6f47e68894e36b62f7e932322790272,2015-08,Essex Police,Essex Police,1.153340,51.787393,On or near Nightclub,E01022025,Tendring 016B,Investigation complete; no suspect identified
7d8ff7ecaa902247edf05f42496d1c191e53540c6a3dc17feb5b9c3b984adf97,2015-08,Essex Police,Essex Police,0.431108,51.527370,On or near SILVERDALE EAST,E01016002,Thurrock 005E,Investigation complete; no suspect identified
7b9bb078b81ec6fc77996cad8de130cf264a6603779c593beeb9f2b9c6b70ba2,2015-08,Essex Police,Essex Police,0.232629,51.482098,On or near HARRISONS WHARF,E01016014,Thurrock 015E,Investigation complete; no suspect identified
c1ab891c1757664cbab2c15dcef30e0a7ccb7fe6ea98c7f0fe94b1d7eaa12834,2015-08,Essex Police,Essex Police,0.201141,51.898336,On or near ST MARY'S DRIVE,E01022086,Uttlesford 006A,Investigation complete; no suspect identified
3bffe1a00ee9f817b60acdc1fbcfdcb74fdfcb0fc0adce917c1be601814142e9,2015-08,Essex Police,Essex Police,0.082224,51.649549,On or near DOUBLEDAY ROAD,E01021776,Epping Forest 011C,Investigation complete; no suspect identified
0cdb850ed4405117a029ebfd85870341c42e66786bdc9f2011e8d64e608d868f,2015-08,Essex Police,Essex Police,0.635152,51.816857,On or near VIRGIL ROAD,E01021418,Braintree 015C,Investigation complete; no suspect identified
829a96616ea44e34b9f60f4fb415b5c21e77b40675013aa5be96642351be34a1,2015-08,Essex Police,Essex Police,0.635806,51.940291,On or near PARK DRIVE,E01021393,Braintree 004E,Investigation complete; no suspect identified
a4353b4117c6a8330022d22cf0e0e292fe49c1a2ec94eecec4bf0d3a16aad933,2015-08,Essex Police,Essex Police,0.319731,51.477969,On or near Parking Area,E01015953,Thurrock 017C,Investigation complete; no suspect identified
52b7bf5600d32a7ec7f18ad4f6e4dc1ae086ac8779cfe35867d6aed6a1a22192,2015-08,Essex Police,Essex Police,1.148499,51.810323,On or near RAYCLIFF AVENUE,E01022044,Tendring 013E,Investigation complete; no suspect identified
47815683fbadd55bd45b6fb1e5cd45ca1a48d34922302363f3b5da912f8f5d96,2015-08,Essex Police,Essex Police,0.583665,51.883200,On or near TIDESWELL CLOSE,E01021351,Braintree 007B,Investigation complete; no suspect identified
85cb00cd0480adedc514fa7b4dda6805d896fddc5042e088b092e6f10c896f50,2015-08,Essex Police,Essex Police,0.447516,51.665668,On or near STOCK ROAD,E01021602,Chelmsford 018B,Investigation complete; no suspect identified
050ac692cb84631adefec0d5f937ff9c420ca78121eb5f99ae4e622f4edc9b89,2015-08,Essex Police,Essex Police,0.388280,51.671690,On or near Parking Area,E01021458,Brentwood 002B,Investigation complete; no suspect identified
853536ddeb3e9c458b36df0ba8d10808bd0b10a6411bc18169de6f3ea92b3a9b,2015-08,Essex Police,Essex Police,0.087539,51.611362,On or near MILLWELL CRESCENT,E01021765,Epping Forest 017B,Investigation complete; no suspect identified
4ad817f6d5adc15d3ed0df583762c165ad67e2c090514d741aa47c64a8d41f21,2015-08,Essex Police,Essex Police,0.277554,51.476647,On or near THIRD AVENUE,E01016012,Thurrock 015C,Investigation complete; no suspect identified
d777a89ebfdef595c30d4dc2a59bf570b81b3fbe5e1134545f6ed03146f1d535,2015-08,Essex Police,Essex Police,0.519983,51.585102,On or near WATKINS CLOSE,E01021309,Basildon 011E,Investigation complete; no suspect identified
4bab2e9ef7cd1437ca76f9481adf4b839376172f9c8e2a6798608770cbf90fea,2015-08,Essex Police,Essex Police,0.078096,51.775679,On or near ASH TREE FIELD,E01021840,Harlow 004B,Investigation complete; no suspect identified
4425390e473ae22435a6f030a6fabc1b93180ca989faf124cc84558c1ab7218c,2015-08,Essex Police,Essex Police,0.600065,51.576825,On or near CLAYDONS LANE,E01021966,Rochford 008F,Investigation complete; no suspect identified
abf90a0d5f917f53fc884fa64f291a4d76d1d130201d33d3e55659c4ea4eae51,2015-08,Essex Police,Essex Police,0.589048,51.856246,On or near Petrol Station,E01021380,Braintree 012E,Investigation complete; no suspect identified
fcb597c72bf1739f160b98e1a3f6c2aebe3544582b39cc24d4113324998d7b0d,2015-08,Essex Police,Essex Police,0.589048,51.856246,On or near Petrol Station,E01021380,Braintree 012E,Investigation complete; no suspect identified
4f96ffde1ea47295208d8d78c2b4a704945fc68ec6af29caf2f878f1b51c2bf5,2015-08,Essex Police,Essex Police,0.092379,51.613605,On or near MANOR ROAD,E01021765,Epping Forest 017B,Investigation complete; no suspect identified
3c1bb01306824f886d00c64a8cb884b0dd435bfe00e8d8ae6f77390656679594,2015-08,Essex Police,Essex Police,0.994059,51.962037,On or near DEDHAM ROAD,E01021656,Colchester 001B,Investigation complete; no suspect identified
59a9aad7f7e865c86621d6465abc96554cf90fc07bd987387ef0c8d4c74030e5,2015-08,Essex Police,Essex Police,0.519420,51.600231,On or near Petrol Station,E01021344,Basildon 008D,Investigation complete; no suspect identified
f8854995d87848881b99839b935785cabcc08b6c37a6d4ec119599c6602a978e,2015-08,Essex Police,Essex Police,0.550842,51.878655,On or near Shopping Area,E01021365,Braintree 009D,Investigation complete; no suspect identified
c32597f677b0ea0a6c115340039c519b3d2648fa88a8379b4a556b8136661c8e,2015-08,Essex Police,Essex Police,0.569097,51.520633,On or near MAPLE WAY,E01021485,Castle Point 010A,Investigation complete; no suspect identified
ed271d10328d429fbc0b57d21dd9cb1efac8d1139d5fec616e9a36b2108bf19b,2015-08,Essex Police,Essex Police,0.609368,51.552255,On or near ENDWAY,E01021518,Castle Point 006B,Investigation complete; no suspect identified
cbddafd57f34dc441b72ebb98f6a0507381c0be300834baca0eeed683ff74491,2015-08,Essex Police,Essex Police,0.642363,51.815112,On or near WILLOW RISE,E01021419,Braintree 015D,Investigation complete; no suspect identified
8bc4f2b7330d9be35aa76719dbcd3630094db3df32b039ac87550a243373c5de,2015-08,Essex Police,Essex Police,0.552316,51.877733,On or near Supermarket,E01033459,Braintree 009F,Investigation complete; no suspect identified
53fc2c5b09f8e08b7e7237214e267b24b295c19e0434e45c93ad85a665173a78,2015-08,Essex Police,Essex Police,0.083362,51.610672,On or near ST WINIFRED'S CLOSE,E01021767,Epping Forest 017D,Investigation complete; no suspect identified
75b2ead35651d1f1cfeeeec883ef2669421324fe4c23ace96cad991a44eb7f8b,2015-08,Essex Police,Essex Police,0.500223,51.589356,On or near HEADINGLEY CLOSE,E01021307,Basildon 011C,Investigation complete; no suspect identified
af3d215cd0ea2cd82903680a602801353f679837483ef4fe7193daaf615e37d8,2015-08,Essex Police,Essex Police,0.595422,51.604241,On or near SYCAMORE CLOSE,E01021920,Rochford 006A,Investigation complete; no suspect identified
3bd90f46e1f32bba9f6b279d9f39b86ccaff2873d885a8b9bb69368c5ad66ac2,2015-08,Essex Police,Essex Police,0.849654,51.890636,On or near HALSTEAD ROAD,E01021674,Colchester 009B,Investigation complete; no suspect identified
437664e0a0b0403a7921c7387077bdb2b9341b93004c20d71fedad55bc551ed0,2015-08,Essex Police,Essex Police,0.593556,51.594308,On or near LONDON ROAD,E01021926,Rochford 006B,Investigation complete; no suspect identified
b9683289f51a5e4f2a35d2f985b9442f1d3f37164da3f9e75f6383c13f763ebb,2015-08,Essex Police,Essex Police,0.489949,51.723419,On or near Supermarket,E01021563,Chelmsford 014B,Investigation complete; no suspect identified
80519c94691b9609f7095692fe6c6bbd09cc182c54c07ce460f65e8dc5ef5129,2015-08,Essex Police,Essex Police,0.482378,51.737204,On or near TURKEY OAKS,E01021627,Chelmsford 010E,Investigation complete; no suspect identified
cc67755291746935940f9aeb959d3f7f375f42f20a250a5ab611e1e74c1f52d2,2015-08,Essex Police,Essex Police,0.960008,51.859732,On or near Supermarket,E01021739,Colchester 017D,Investigation complete; no suspect identified
0054b4c104e3758de3d4106898089abe49de85cf954dd6d9f14eaaa20b23baed,2015-08,Essex Police,Essex Police,0.091665,51.773496,On or near BRAMBLE RISE,E01021843,Harlow 004E,Investigation complete; no suspect identified
3d4cabb523c129fdfeafad90a6bc359a70c27726a81530f17a720807efa20b4e,2015-08,Essex Police,Essex Police,0.713791,51.540730,On or near CHICHESTER ROAD,E01015895,Southend-on-Sea 010A,Investigation complete; no suspect identified
7abc4e38b273d4ad36e45c0335f2baac32f91aa1eaf03ae1f43b4fe09552f711,2015-08,Essex Police,Essex Police,0.502267,51.562719,On or near Supermarket,E01021310,Basildon 022B,Investigation complete; no suspect identified
ce48444feaa1c73502e854df3aedf2a1d87b50c0e8cba24d7ebd29361dc24125,2015-08,Essex Police,Essex Police,0.724922,51.532953,On or near Sports/Recreation Area,E01015842,Southend-on-Sea 014D,Investigation complete; no suspect identified
47f53aac7d0da3e80f5592329beaff178d7cbbda2625316f6c36362c694166ba,2015-08,Essex Police,Essex Police,0.490698,51.609739,On or near WOOLSHOTTS ROAD,E01021264,Basildon 006A,Investigation complete; no suspect identified
27841a2f498cde00293baad760de05d44b657a5e3004ba51affeff73b37a6b2b,2015-08,Essex Police,Essex Police,0.374278,51.669168,On or near A12,E01021457,Brentwood 002A,Investigation complete; no suspect identified
da9a447d2dcb4dec2abc57fbf338d169b884f202659462dae3eb2136ea9fbc3e,2015-08,Essex Police,Essex Police,0.720655,51.802498,On or near PRIORY ROAD,E01021725,Colchester 020C,Investigation complete; no suspect identified
a406867f08f1a0a727e70070346c2ff406450d705ad6cc13e2f2107aa4583d43,2015-08,Essex Police,Essex Police,-0.001476,51.687297,On or near Parking Area,E01021818,Epping Forest 009C,Investigation complete; no suspect identified
a11d07bfb532e5b5fc3eefe8feb5ce6c0661bde584750a64071c8a2776a7e1a6,2015-08,Essex Police,Essex Police,0.579366,51.515353,On or near AZALEA MEWS,E01021502,Castle Point 011E,Investigation complete; no suspect identified
55ac12dd9d04ecd89bdfb64c1f6f2cacd53e07188258532e87fd498ea0a72f0a,2015-08,Essex Police,Essex Police,0.684707,51.740461,On or near THE CAUSEWAY,E01021886,Maldon 003C,Investigation complete; no suspect identified
e5b0d059a7a8631c28de630817186648b2b34f9779a5e61c8de04b86dd7c8f5e,2015-08,Essex Police,Essex Police,0.556767,51.875514,On or near STATION APPROACH,E01033458,Braintree 009E,Investigation complete; no suspect identified
530f26acf89a4b78ff2d2eb58275e427e0b0d817d46fe3b61b03593b3b68cd65,2015-08,Essex Police,Essex Police,0.907575,51.864054,On or near STANSTED ROAD,E01021638,Colchester 018B,Investigation complete; no suspect identified
6957ee6a43a8d32cf3849028d4465e15f6873c5f23555ccd44e9eabe26d628d5,2015-08,Essex Police,Essex Police,0.081345,51.610779,On or near Petrol Station,E01021767,Epping Forest 017D,Investigation complete; no suspect identified
8f4056dae8193c8bdc5f068fc97c34dc31c499e064c4c8a88173c46f95f17a26,2015-08,Essex Police,Essex Police,0.261741,51.889938,On or near Airport/Airfield,E01022090,Uttlesford 006B,Investigation complete; no suspect identified
02ad0f5950c5cea3769b5e8ff22acbd5ffcbee78f9382fc627419fab15bb7e24,2015-08,Essex Police,Essex Police,0.280536,51.482444,On or near Parking Area,E01016011,Thurrock 015B,Investigation complete; no suspect identified
0bbdea7195dde9c5037fd72125962fb143f7f120c6994f99e454249ded58de87,2015-08,Essex Police,Essex Police,0.501202,51.580108,On or near LOXFORD,E01021302,Basildon 013B,Investigation complete; no suspect identified
f0c850b04d36786ec8e08b5f17075b9ba04f4b04421630862c642c6cc9987cc2,2015-08,Essex Police,Essex Police,1.244040,51.831595,On or near OLD ROAD,E01021987,Tendring 008A,Investigation complete; no suspect identified
66b5d81a1055cc31de90a47e7c12df4be91a88e5b327264f22181e3c793992e7,2015-08,Essex Police,Essex Police,1.150608,51.788761,On or near JACKSON ROAD,E01022025,Tendring 016B,Investigation complete; no suspect identified
a0c1342b3ed9a13eb2545b52cc3cc0d97b9f9c12c7179770de6e86d37a075396,2015-08,Essex Police,Essex Police,0.616540,51.520618,On or near ORRMO ROAD,E01021492,Castle Point 009A,Investigation complete; no suspect identified
c5b9b7bd1086b7726edf3b25d79563ade18a00c8960ce3c8df28660170d2f2dc,2015-08,Essex Police,Essex Police,0.714143,51.536234,On or near Shopping Area,E01015852,Southend-on-Sea 015B,Investigation complete; no suspect identified
d8b645718486151cce445f03d119415371af835e93b31e4841b8f98d4dfdfe08,2015-08,Essex Police,Essex Police,0.918776,51.893455,On or near Supermarket,E01021704,Colchester 022F,Investigation complete; no suspect identified
7228d70fe6c63c28bada787386041ee9b8d523f64259508b33fc1273598d63f0,2015-08,Essex Police,Essex Police,0.714143,51.536234,On or near Shopping Area,E01015852,Southend-on-Sea 015B,Investigation complete; no suspect identified
ee8735a77c9b9a0292d2d1408ceba7bec6cfa2c9742ca189fa97510be9f9c1ec,2015-08,Essex Police,Essex Police,0.730798,51.540290,On or near Petrol Station,E01015844,Southend-on-Sea 014F,Investigation complete; no suspect identified
3e1a80be53dae2d7ef2b13bcbdb0db1f6cdd434d555696a6c7db29db2594fbe6,2015-08,Essex Police,Essex Police,0.105174,51.770368,On or near MADDOX ROAD,E01021849,Harlow 003A,Investigation complete; no suspect identified
4b116a2da3cc0519f5863380dcf8a5faf6bbba460ba99cc2d90ca3bb29c3bf83,2015-08,Essex Police,Essex Police,0.106661,51.747842,On or near GIBB CROFT,E01021858,Harlow 010B,Investigation complete; no suspect identified
91b0ff53902dac8e57cd60f76b1cc01a5861b1f706ed46340daa754986c7e9c7,2015-08,Essex Police,Essex Police,0.457893,51.569044,On or near MARKET SQUARE,E01021318,Basildon 015C,Investigation complete; no suspect identified
9875d070c5fb12dd92090a834f1df27fc2b87dbcf30fd050f9ee22c61117dde3,2015-08,Essex Police,Essex Police,0.688940,51.598663,On or near AVON CLOSE,E01021928,Rochford 002C,Investigation complete; no suspect identified
8b1991db78bac201fad18b2e9be9b6cbe755950dae559732d8185f236d758a6f,2015-08,Essex Police,Essex Police,0.691150,51.544444,On or near Supermarket,E01015902,Southend-on-Sea 007B,Investigation complete; no suspect identified
1ab860165b2ac87ae3c3ccf72296baf429374f17b84a40fe7ad21e6f1e6ac838,2015-08,Essex Police,Essex Police,0.275564,51.489033,On or near Supermarket,E01016012,Thurrock 015C,Investigation complete; no suspect identified
cc5499528d3c7ee6a33f0508d2a10572d5f33f37fda94df85e39ade8c0352e17,2015-08,Essex Police,Essex Police,0.595833,51.574481,On or near STARLING CLOSE,E01021509,Castle Point 002A,Investigation complete; no suspect identified
e914542fd950a664c56e93a046cd8fc5f9cf408f900d832c812acec16f266c11,2015-08,Essex Police,Essex Police,0.222229,51.514364,On or near Park/Open Space,E01002344,Havering 029B,Investigation complete; no suspect identified
bbf7f9ad23c2001d006bb7be478252c31f90ce5f3b5465d5039911f971f59ab9,2015-08,Essex Police,Essex Police,0.448305,52.040276,On or near EDITH CAVELL WAY,E01021376,Braintree 001B,Investigation complete; no suspect identified
92ee652f1bdf7db4c0b41647db243d2dbe50a368a208ab9176d4dbf7d640f314,2015-08,Essex Police,Essex Police,0.434478,51.584290,On or near HORNBEAM WAY,E01021263,Basildon 010C,Investigation complete; no suspect identified
64f043bbca51524b5ec8b8d58c3c5bd94118d304d80023dfa931db3e4fb9732f,2015-08,Essex Police,Essex Police,0.509816,51.570355,On or near RECTORY ROAD,E01021315,Basildon 018C,Investigation complete; no suspect identified
d6ce2d7589d99764e966aee183b82fab85a010833c8324538afe05cd5efe4d11,2015-08,Essex Police,Essex Police,0.717040,51.532569,On or near Theme/Adventure Park,E01015851,Southend-on-Sea 015A,Investigation complete; no suspect identified
2ec2b364cb006cc3898172cfa1792d887824c416e7367cc9db4751c95324b4d8,2015-08,Essex Police,Essex Police,0.620376,51.518635,On or near BECK FARM CLOSE,E01021491,Castle Point 012C,Investigation complete; no suspect identified
9991557ae9e3c64b2531f87d4b75b3fb50aef99f213f5f673f93fc582dfe980a,2015-08,Essex Police,Essex Police,0.652747,51.811317,On or near EASTWAYS,E01021362,Braintree 015A,Investigation complete; no suspect identified
ab13067015da47264771498cae2d5d7c092f8750ec1f1a31f8fec0d91af7fe8e,2015-08,Essex Police,Essex Police,0.470335,51.571490,On or near PRIORS EAST,E01021321,Basildon 015E,Investigation complete; no suspect identified
47bf27f9db36b910b478e915f6850d9ed0fce7feb23030f6f8333d4001553866,2015-08,Essex Police,Essex Police,0.029272,51.688352,On or near WORMLEY COURT,E01021815,Epping Forest 007D,Investigation complete; no suspect identified
67858351d39ce96bbaa76dd48b6c1721f6bca304b4f9ccd27b774363b8bd92bc,2015-08,Essex Police,Essex Police,0.687405,51.550646,On or near FAIRFAX DRIVE,E01015904,Southend-on-Sea 007D,Investigation complete; no suspect identified
b256e3b5668735115472dc33dff4932dfb5b26122341f9293390c615b43ce3ce,2015-08,Essex Police,Essex Police,0.677935,51.736902,On or near Parking Area,E01021890,Maldon 004B,Investigation complete; no suspect identified
e4b3c7e60a3f0acd3b804594bf51baa56cd84f2c55c547cced1c3f48277d1cc3,2015-08,Essex Police,Essex Police,0.635627,51.943704,On or near Shopping Area,E01021387,Braintree 004A,Investigation complete; no suspect identified
674c66cedafc39df87727e571c88ff14f38a99a6ee2804b8cee0abd5b6bda916,2015-08,Essex Police,Essex Police,0.471085,51.762515,On or near Sports/Recreation Area,E01021543,Chelmsford 002B,Investigation complete; no suspect identified
a5538803296385d18fed5368f130d2e7b39d75b72797fed3d22bf83d0f537530,2015-08,Essex Police,Essex Police,0.612438,51.617119,On or near Supermarket,E01021944,Rochford 001C,Investigation complete; no suspect identified
20eed4068ea8af8ff717465ee20a6c2f7c50ce8ef16358d6c8c2ed9251384ed5,2015-08,Essex Police,Essex Police,0.658225,51.547974,On or near Supermarket,E01015821,Southend-on-Sea 005B,Investigation complete; no suspect identified
6bfb8f17bf2ff1ca0a9016e5629a0dc7a9cacbb4b9b8d76a8436840c0a80a684,2015-08,Essex Police,Essex Police,0.687405,51.550646,On or near FAIRFAX DRIVE,E01015904,Southend-on-Sea 007D,Investigation complete; no suspect identified
f764e49f73d3f244bf2ca8a665afdffc4e55bd4a920b27ef08bf56d6fd101fd8,2015-08,Essex Police,Essex Police,0.401581,51.570903,On or near BLACKMORES,E01021277,Basildon 014D,Investigation complete; no suspect identified
c67b279a00fa799878bdab1320bf22e284bca40a2734723d60cc3e9472ec274c,2015-08,Essex Police,Essex Police,0.454159,51.729137,On or near BILTON ROAD,E01033138,Chelmsford 009F,Investigation complete; no suspect identified
8b9052e1f92f28bdda5f617c534a3718045e9a6f00a5a6ee078a3a686ec17e29,2015-08,Essex Police,Essex Police,0.460775,51.569775,On or near Parking Area,E01021318,Basildon 015C,Investigation complete; no suspect identified
1897539e2f04f596d57ad6e45d595dbf309ed6dc9d85e6573b75f29b792c89da,2015-08,Essex Police,Essex Police,0.713596,51.539394,On or near Nightclub,E01015852,Southend-on-Sea 015B,Investigation complete; no suspect identified
9ae432b93d896cd726e0af2e6d7af14cd05c6435580f2a27c9fb73fac29265a4,2015-08,Essex Police,Essex Police,0.498307,51.573379,On or near CHESHUNTS,E01021306,Basildon 013E,Investigation complete; no suspect identified
536b03f0da530c4f95abd60b34746df4121ea3a0b9ee13e1448d985a9370d639,2015-08,Essex Police,Essex Police,0.583813,51.528727,On or near THE WITTERINGS,E01021506,Castle Point 008E,Investigation complete; no suspect identified
1a906587505c1840f12b13f6e13e0ab73fb6820a60693b1361eec654f69448b6,2015-08,Essex Police,Essex Police,0.553085,51.885406,On or near RANA DRIVE,E01021357,Braintree 008B,Investigation complete; no suspect identified
4dd3c38a33d1a8f77a31f31cee35a68529bd3084a4fbe5f6f1943e2cfe103bc5,2015-08,Essex Police,Essex Police,0.155661,51.713537,On or near HURRICANE WAY,E01021799,Epping Forest 001E,Investigation complete; no suspect identified
a9c96428c97bf83b8a5830ac9cbd3b6abfaa81e7b611157fdf025e573aa5b8ac,2015-08,Essex Police,Essex Police,0.729422,51.544783,On or near SOUTH AVENUE,E01015870,Southend-on-Sea 006B,Investigation complete; no suspect identified
22b2e0b6c6ed0f21a19f11d5a540bdd48b6bc68e11add04e9623004fcbd50489,2015-08,Essex Police,Essex Police,0.452184,51.569415,On or near Pedestrian Subway,E01021318,Basildon 015C,Investigation complete; no suspect identified
e716049091f6839378aac80a9e095bfb655dfa63569e938703115f4de7fbc4fd,2015-08,Essex Police,Essex Police,0.519982,51.611929,On or near Supermarket,E01021331,Basildon 008A,Investigation complete; no suspect identified
3a4e8887b584e4bd399b3ff5c8f5051845b4158ffe2c78b74a2bb4a2da225b96,2015-08,Essex Police,Essex Police,0.579439,51.717351,On or near Supermarket,E01021570,Chelmsford 016D,Investigation complete; no suspect identified
0da7ac699cbe12271a4af26b3de8a42f9f7858c2855f6e3d02d85ce838107d9a,2015-08,Essex Police,Essex Police,0.476706,51.589656,On or near Sports/Recreation Area,E01021267,Basildon 012B,Investigation complete; no suspect identified
c20d55bf9b0afc437ceb04c8e0bf5ae6cbf4f464363c572300945e6ddec86288,2015-08,Essex Police,Essex Police,1.148149,51.793234,On or near OLD ROAD,E01022026,Tendring 016C,Investigation complete; no suspect identified
2751a41520dfbae26cb628e80845b5b159b39d82a63158a067d9589f2891b860,2015-08,Essex Police,Essex Police,1.242990,51.830724,On or near FOURTH AVENUE,E01021987,Tendring 008A,Investigation complete; no suspect identified
5158e6b560fa580d74659806650a72bcf8f531ff5d55ea0f4fa527cfe8becc35,2015-08,Essex Police,Essex Police,0.332158,51.479908,On or near ALLENBY CRESCENT,E01015961,Thurrock 016D,Investigation complete; no suspect identified
11a5748dd4205a1839c65cf113ffbd2ace779b3b54041f6ad69087da329bd49f,2015-08,Essex Police,Essex Police,0.054540,51.636413,On or near DANBURY ROAD,E01021785,Epping Forest 014D,Investigation complete; no suspect identified
e86c5f9ce4896611e0e51c72d223a4f54e5e1a21ae163452101a1da5ba0709e0,2015-08,Essex Police,Essex Police,0.730798,51.540290,On or near Petrol Station,E01015844,Southend-on-Sea 014F,Investigation complete; no suspect identified
5641950967e335664058ab68cc38b36bae007724801371db0f56b7ede548097a,2015-08,Essex Police,Essex Police,0.117296,51.785653,On or near Petrol Station,E01021848,Harlow 002E,Investigation complete; no suspect identified
92270ee1569302a2f7c7a9fe420f896993c87302e6b0681b2467288118bdb8ee,2015-08,Essex Police,Essex Police,0.730798,51.540290,On or near Petrol Station,E01015844,Southend-on-Sea 014F,Investigation complete; no suspect identified
48ddb2d28de0bffcca6077217807bae260fb64776b83272ae39be995e2307518,2015-08,Essex Police,Essex Police,0.083956,51.774181,On or near PARK MEAD,E01021839,Harlow 004A,Investigation complete; no suspect identified
b654aca0ae803501859a02b10464959a1666fb1543f48ea6c9ce286e9d582803,2015-08,Essex Police,Essex Police,0.500879,51.590268,On or near Cricketers Retail Park,E01021307,Basildon 011C,Investigation complete; no suspect identified
959444500a6b52349a41e87c71d57c9d6433653ceb877bb0f970fb0714a923f2,2015-08,Essex Police,Essex Police,0.549741,51.878194,On or near Shopping Area,E01021365,Braintree 009D,Investigation complete; no suspect identified
9043c24270fdc234caedf3bfe7eb2a415be90421300a798bef3d6004e403f52a,2015-08,Essex Police,Essex Police,0.708006,51.550666,On or near ST BENET'S ROAD,E01015861,Southend-on-Sea 004E,Investigation complete; no suspect identified
39a27d5f6ecbd71fe922641de585abb384e17865282266bd5b7c2dfbf2e8b349,2015-08,Essex Police,Essex Police,0.488255,51.805643,On or near A131,E01021540,Chelmsford 001C,Investigation complete; no suspect identified
ce9670f0f0c51a166ac9b6a462348dc2a975978f26682ccc7b94da4ad77bb4f9,2015-08,Essex Police,Essex Police,0.504179,51.710778,On or near MALTINGS ROAD,E01021562,Chelmsford 014A,Investigation complete; no suspect identified
0db13c068f10ad0510c4a68816cc78454148b1f143db50f042115004bd114c1e,2015-08,Essex Police,Essex Police,0.506496,51.608359,On or near LEASWAY,E01021332,Basildon 006D,Investigation complete; no suspect identified
7fb71df6da027045ad2175417feebfd31dcaeb5e3c0bc97f812f5b3a725d90d9,2015-08,Essex Police,Essex Police,0.465424,51.774576,On or near Hospital,E01021542,Chelmsford 002A,Investigation complete; no suspect identified
bc8408340e53291053d0b2cbe2ac877014be3bdea6c2e96d8533dbaf1ad669a0,2015-08,Essex Police,Essex Police,0.055328,51.648719,On or near Parking Area,E01021791,Epping Forest 012F,Investigation complete; no suspect identified
06620b0d636d8c2be0d0a7a7f7c88994507b5c03c8e722b8d56df0e1b2bc9356,2015-08,Essex Police,Essex Police,1.214509,51.917060,On or near RECTORY ROAD,E01021992,Tendring 004B,Investigation complete; no suspect identified
944787a1489d9fc3fb43ba2270943982a076aca3832f6ce31818e97e3b9970a9,2015-08,Essex Police,Essex Police,0.636396,51.570348,On or near GROVE HILL,E01015837,Southend-on-Sea 001E,Investigation complete; no suspect identified
46bcef045fba9b37daa109350f1f8873f8aa35d61200c3207097d20436358a46,2015-08,Essex Police,Essex Police,0.566837,51.542986,On or near STATION ROAD,E01021480,Castle Point 007A,Investigation complete; no suspect identified
00dd08fbe108122c47fcc6c8398651e9012da50fb4b2243fbc88b9ee5185f56c,2015-08,Essex Police,Essex Police,0.459315,51.721942,On or near Pedestrian Subway,E01021578,Chelmsford 010B,Investigation complete; no suspect identified
997f36441ccd2192524736be8a5f4899ef93d9ae4ca0529e1efe371e55287064,2015-08,Essex Police,Essex Police,0.756444,51.540103,On or near THORPE HALL CLOSE,E01015883,Southend-on-Sea 009A,Investigation complete; no suspect identified
8146099129d46e43e472f1f189001a5615e9ae0109995090ecaad996e41dd2ae,2015-08,Essex Police,Essex Police,0.720655,51.802498,On or near PRIORY ROAD,E01021725,Colchester 020C,Investigation complete; no suspect identified
76f7d27116dcb6adcc47a5db6b49e7bddc0683bede3c8a6a73a97e46c0a3244e,2015-08,Essex Police,Essex Police,0.743673,51.819887,On or near ELM CLOSE,E01021726,Colchester 020D,Investigation complete; no suspect identified
4ce5dbdfe7d7ab79fcb8a92a29c1cab9f5599d79b73c7f310fe3ef0de783df4f,2015-08,Essex Police,Essex Police,0.245835,52.011245,On or near CROMWELL ROAD,E01022080,Uttlesford 002E,Investigation complete; no suspect identified
f153d341f71b9dd1a5b4440db39532f57c9c28aad68ba2f9648cfec3b368fa8d,2015-08,Essex Police,Essex Police,0.476186,51.564432,On or near COLLINGWOOD ROAD,E01021324,Basildon 019C,Investigation complete; no suspect identified
5d11d974bb5855712fd6814457cd6dbf4f4129d60f071190a3ccdf58bb9468d2,2015-08,Essex Police,Essex Police,0.550842,51.878655,On or near Shopping Area,E01021365,Braintree 009D,Investigation complete; no suspect identified
810acb8826a2f1471dadcea4da322bbfbc00dd0f29d272c17deb21297b04a3bf,2015-08,Essex Police,Essex Police,0.816578,51.632129,On or near DEVONSHIRE ROAD,E01021878,Maldon 008C,Investigation complete; no suspect identified
1363ba3a1f15d90ca99ed35a4e77b48ca02e80baa570fd1229c6483fd37322ee,2015-08,Essex Police,Essex Police,0.176616,51.862768,On or near BELDAMS LANE,E01023442,East Hertfordshire 005E,Investigation complete; no suspect identified
5458b1fb7bd07e07b749002e0e6c27435b472e8d872d75389b7ec91d30337387,2015-08,Essex Police,Essex Police,0.285907,51.477510,On or near CHARLOTTE PLACE,E01016011,Thurrock 015B,Investigation complete; no suspect identified
3699a023b1b088fa4f6b8e1c55bf404edfd453a19765fad9035cf9798cc8ff4e,2015-08,Essex Police,Essex Police,0.403910,51.603833,On or near CLOCK HOUSE ROAD,E01021254,Basildon 009A,Investigation complete; no suspect identified
314b042502d45a996125e656adc0415f19994ec865e5b83d65472a20d507e8ea,2015-08,Essex Police,Essex Police,0.948134,51.877838,On or near Park/Open Space,E01021736,Colchester 017A,Investigation complete; no suspect identified
60d7a6969add20f2ce33e9c1fb118341df5a0daba5a68df2355acecd1483254b,2015-08,Essex Police,Essex Police,0.415927,51.562487,On or near BARONS WAY,E01021282,Basildon 021C,Investigation complete; no suspect identified
b3d6d3dfab6cabddb7f76b15b23e8097bf2c71841502a9690734ccbc90050452,2015-08,Essex Police,Essex Police,1.257257,51.929726,On or near ALLFIELDS,E01022004,Tendring 004D,Investigation complete; no suspect identified
c2ff67ecdde59fa274e02d27db1af30933f392fc669018939343bab169a5d37b,2015-08,Essex Police,Essex Police,0.664271,51.543079,On or near LEIGH ROAD,E01015846,Southend-on-Sea 011B,Investigation complete; no suspect identified
b4daed0c745aba1144fd48ee6a334a7362ec53b6140c2db929422967a43a1070,2015-08,Essex Police,Essex Police,0.494965,51.581409,On or near HOLBECH ROAD,E01021269,Basildon 012C,Investigation complete; no suspect identified
3e6035bdf16ed7de7f00ec8bf0d9f74ddc29906c4f370c71fdf139201e1327d2,2015-08,Essex Police,Essex Police,0.934323,51.902260,On or near ST JUDES CLOSE,E01021709,Colchester 022B,Investigation complete; no suspect identified
c0a7596664291f80c5fc016ea1ebcb8ab19a7d93037824ce9f9488be3dad39e3,2015-08,Essex Police,Essex Police,0.470773,51.734229,On or near MARKET ROAD,E01033141,Chelmsford 010G,Investigation complete; no suspect identified
02bf4fec28031d6815564f8049b0bd6381348bb37a026088b8404be42160ddf5,2015-08,Essex Police,Essex Police,0.138018,51.757797,On or near POTTERS FIELD,E01021834,Harlow 008B,Investigation complete; no suspect identified
c576e08d0f69d127d2acc72ae4a31434124a4d93f0c9b568d1e33828d9da786e,2015-08,Essex Police,Essex Police,0.901260,51.888708,On or near Shopping Area,E01021649,Colchester 007D,Investigation complete; no suspect identified
f63b674ba930bdab6aa15802da024ca6f9ba4834c7d3d9ee534abc869e92a0c5,2015-08,Essex Police,Essex Police,0.285907,51.477510,On or near CHARLOTTE PLACE,E01016011,Thurrock 015B,Investigation complete; no suspect identified
a53d393c18fd4f3cfcba5c22c0ca1ae5348f8bb17ebec95fb93112e59dea432f,2015-08,Essex Police,Essex Police,0.239041,52.022570,On or near HIGH STREET,E01022076,Uttlesford 002B,Investigation complete; no suspect identified
3d1933179e5f3eeaeeb33287359e2970ec3dcb49ff65b5e924a452f5994ee61a,2015-08,Essex Police,Essex Police,0.712013,51.538486,On or near Nightclub,E01015852,Southend-on-Sea 015B,Investigation complete; no suspect identified
004a17dae552b667858051941c737b810ad3464066584c67b1a10e8c17442de3,2015-08,Essex Police,Essex Police,0.456604,51.567614,On or near Pedestrian Subway,E01021296,Basildon 020C,Investigation complete; no suspect identified
17048a8a357e600934b4c8b82373d59a3440e0dd740cacc17fa1e27ee0e6a496,2015-08,Essex Police,Essex Police,0.460775,51.569775,On or near Parking Area,E01021318,Basildon 015C,Investigation complete; no suspect identified
92c3c66db96119acb9fda09110e953b9c847c3d21ebea21c778414e0ac5b5904,2015-08,Essex Police,Essex Police,0.561894,51.544587,On or near HIGH STREET,E01021480,Castle Point 007A,Investigation complete; no suspect identified
bc6db62b24543382a1b65f1047d69ae157cbdd2405cf308f469bbd106dc2a2b8,2015-08,Essex Police,Essex Police,0.704289,51.836367,On or near DOCWRA ROAD,E01021402,Braintree 014E,Investigation complete; no suspect identified
0c61648ce957f9c4fc05ce0660760dc245de595ec3cc438f02d93a3d70302b2e,2015-08,Essex Police,Essex Police,1.168162,51.794837,On or near ALBANY GARDENS WEST,E01022048,Tendring 014C,Investigation complete; no suspect identified
40b0d340c765d0d625def63a0a6660110ee0c0acf8ce19e45e52af7124d4b280,2015-08,Essex Police,Essex Police,0.679909,51.545583,On or near LONDON ROAD,E01015832,Southend-on-Sea 012F,Investigation complete; no suspect identified
d7b11c9a2959799eb25acd14333199d4a64f55f7a13d751bcd7a28a9d1fba6e3,2015-08,Essex Police,Essex Police,0.515754,51.576226,On or near WILSNER,E01021301,Basildon 011A,Investigation complete; no suspect identified
0b625d45604ab332c981e3cf2204bfceae1db613a8ef980091a522bce1aa8ada,2015-08,Essex Police,Essex Police,1.062761,51.944107,On or near BROOK STREET,E01022020,Tendring 003F,Investigation complete; no suspect identified
b856650a924b9d4f5e52ccd5855fe4169005a52fdcfca949b3373523d1809fca,2015-08,Essex Police,Essex Police,0.548688,51.562763,On or near DOVESGATE,E01021476,Castle Point 003A,Investigation complete; no suspect identified
897c1e6fd8df33754595c480bb70f2dfd97b5cd41ae7f526aa6a70451ecfbe3f,2015-08,Essex Police,Essex Police,0.561894,51.544587,On or near HIGH STREET,E01021480,Castle Point 007A,Investigation complete; no suspect identified
c02e13175d8a06132e194ed66b1cd6c57915c0a7e537140828b2907a14d007d1,2015-08,Essex Police,Essex Police,0.099227,51.748110,On or near MAUNDS HATCH,E01021860,Harlow 010D,Investigation complete; no suspect identified
7c4f1ef10e6edae8b2678363bc750dc225859d770624151a3b3a3c7e1d57bd8c,2015-08,Essex Police,Essex Police,0.699078,51.588448,On or near Petrol Station,E01021930,Rochford 007A,Investigation complete; no suspect identified
4d39ce983cebfefc328fab16405b97a92919392905348972a5c5c0b82676fd99,2015-08,Essex Police,Essex Police,1.249494,51.844639,On or near LUFF WAY,E01022012,Tendring 008H,Investigation complete; no suspect identified
cfc14382f07977434ed73a391a3a05aea65df9feab4623ffe0237c412fc768be,2015-08,Essex Police,Essex Police,0.734768,51.540116,On or near SURBITON AVENUE,E01015884,Southend-on-Sea 009B,Investigation complete; no suspect identified
bf3eb06a4ed7f2462e7a502ed68a81ea1e8d6f1a93783fceafe5ac8f637d0bc0,2015-08,Essex Police,Essex Police,0.691224,51.540566,On or near VALKYRIE ROAD,E01015831,Southend-on-Sea 012E,Investigation complete; no suspect identified
ac7e933288e7d94309c01830539226f5cc0947e8bdcb36587820a9bfbd78031f,2015-08,Essex Police,Essex Police,0.242458,51.498071,On or near PURFLEET ROAD,E01015925,Thurrock 008D,Investigation complete; no suspect identified
b942867c293d2b07e2826e0b04fa4913a48300ae026af323f1c58dcbbb3f4761,2015-08,Essex Police,Essex Police,0.036139,51.654053,On or near Parking Area,E01021806,Epping Forest 009A,Investigation complete; no suspect identified
bfdf74e7d17b45519c0acb1c8128fdacf996046579948a91f1ba7f4e58b9b413,2015-08,Essex Police,Essex Police,0.178666,51.722321,On or near BLACKHORSE LANE,E01021797,Epping Forest 001C,Investigation complete; no suspect identified
23b6444519a92e9c686199e66bf83b29848e64f8e7f05bf98945763ff72b99ce,2015-08,Essex Police,Essex Police,0.261741,51.889938,On or near Airport/Airfield,E01022090,Uttlesford 006B,Investigation complete; no suspect identified
8f9decd5b5c2951262e9bfbf17b9c2b19d0d0017df2b009cbeb26815fb38143a,2015-08,Essex Police,Essex Police,0.709170,51.841255,On or near FEERING HILL,E01021403,Braintree 014F,Investigation complete; no suspect identified
3d8fc716f923f2dffc48b3faa7ce16325e501828767af9a255f782a35caccb45,2015-08,Essex Police,Essex Police,1.180507,51.804118,On or near WINDERMERE ROAD,E01022034,Tendring 012C,Investigation complete; no suspect identified
94c89a0894fb2227952bbdfd13a94591ad55cabc505e6f428048fb635da1ff84,2015-08,Essex Police,Essex Police,0.332048,51.621030,On or near BOWHAY,E01021456,Brentwood 009D,Investigation complete; no suspect identified
f947fa627575585dddf51d9ef7f347b5f9dc1302987233c1dca2b1f94178685c,2015-08,Essex Police,Essex Police,0.642125,51.546944,On or near LEIGH PARK CLOSE,E01015913,Southend-on-Sea 008F,Investigation complete; no suspect identified
a00cb026397d264c0bf88581857f95706ed168700de0a0ad815772ba6144abc9,2015-08,Essex Police,Essex Police,0.442562,51.716294,On or near Park/Open Space,E01021634,Chelmsford 011D,Investigation complete; no suspect identified
ad290a6a113dfe662d66cad8843d54e09a41a65c6f71207402fb0be4bd91cfef,2015-08,Essex Police,Essex Police,0.787288,51.706387,On or near Park/Open Space,E01021901,Maldon 006A,Investigation complete; no suspect identified
c93954f329b84ee788887fe7a142ebc4855e6a7e9cd901f46ba130e3cebaec94,2015-08,Essex Police,Essex Police,0.430447,51.724980,On or near PARADISE ROAD,E01021636,Chelmsford 011F,Investigation complete; no suspect identified
5335da8fe29bb8115d6a0c377b685e7d08ee4779d77bc3d71287991c1be7b8c2,2015-08,Essex Police,Essex Police,0.703294,51.544911,On or near CHELMSFORD AVENUE,E01015899,Southend-on-Sea 010E,Investigation complete; no suspect identified
c157ee1daf9a6869eaa9b97c73cb1af13620ec8bed94da33e4b1a495dff882b0,2015-08,Essex Police,Essex Police,0.409450,51.605077,On or near Park/Open Space,E01021254,Basildon 009A,Investigation complete; no suspect identified
8b058b11f0a141a5e51bbb2171c4181c74d86478bacdfb6e4191b80fb2a5f4d9,2015-08,Essex Police,Essex Police,0.521264,51.858232,On or near Petrol Station,E01021385,Braintree 013D,Investigation complete; no suspect identified
398297da7fb977374b72bd4c3ed7d7ccbd22e0559b3efdebe43d6bc0f7d89ab4,2015-08,Essex Police,Essex Police,0.590821,51.580249,On or near PENDOWER,E01021963,Rochford 008D,Investigation complete; no suspect identified
91335c1152d0494820d2bfeb7f051ad1080fa6552d4c553be636181e35deb5f4,2015-08,Essex Police,Essex Police,0.708784,51.581712,On or near LEVER LANE,E01021955,Rochford 004D,Investigation complete; no suspect identified
23fa139d6d4a42ad334d23455d76c1762499bcdebbb4d126978e3d7d82506d10,2015-08,Essex Police,Essex Police,0.882477,51.885690,On or near QUEEN'S ROAD,E01021652,Colchester 013B,Investigation complete; no suspect identified
69f14c1a7c34a82fb61ac75714b5f653f051829d7cd2bb8807af499b2f3103d8,2015-08,Essex Police,Essex Police,0.032615,51.689347,On or near ST THOMAS'S CLOSE,E01021815,Epping Forest 007D,Investigation complete; no suspect identified
d06f46312a5b46cd2a5f789111fd4932c7c3e543ec13864f7a245433260f8c4a,2015-08,Essex Police,Essex Police,0.899288,51.889233,On or near Shopping Area,E01021649,Colchester 007D,Investigation complete; no suspect identified
7e5de081de58217f4efce9575f1a43d7f0f14130c2207dfcc0a9a16f4c0dcbd3,2015-08,Essex Police,Essex Police,0.535908,51.879995,On or near BRADBURY DRIVE,E01021358,Braintree 008C,Investigation complete; no suspect identified
d9a75b80a7468e6744c0b63a3d6ad6aaba74ca829b00fbcb299348114aadb36a,2015-08,Essex Police,Essex Police,0.053397,51.646298,On or near Police Station,E01021781,Epping Forest 014B,Investigation complete; no suspect identified
01761c560a350d49ea2c272dd5137da44d149d9ba7d7e59002f5c54e76ab84f2,2015-08,Essex Police,Essex Police,0.434043,51.567500,On or near BOSTOCHE CLOSE,E01021288,Basildon 016B,Investigation complete; no suspect identified
7e4eda1db4fc9644413713298e7675deca8a7a8384feba5b06197f87bc9ceffd,2015-08,Essex Police,Essex Police,0.303257,51.621059,On or near Shopping Area,E01021433,Brentwood 007A,Investigation complete; no suspect identified
80595391ce94fd48cea956ad631d01dda9e2fbb33ffb8715b260ba48ec5ac9d9,2015-08,Essex Police,Essex Police,0.324584,51.479375,On or near Theatre/Concert Hall,E01015959,Thurrock 016C,Investigation complete; no suspect identified
9e49ca594e3ed6235f635bc91f4afae16f9fa48f029ebc3325122a2c2190f97c,2015-08,Essex Police,Essex Police,0.781888,51.527379,On or near NESS ROAD,E01015920,Southend-on-Sea 017G,Investigation complete; no suspect identified
8144069f8cd426fd46bb20832972f52aa7edba9a85d3e49e2a5ee30fb3c12901,2015-08,Essex Police,Essex Police,0.290109,51.632224,On or near WINDSOR ROAD,E01021464,Brentwood 004E,Investigation complete; no suspect identified
6509ba5bf3157b85100dde7783f8224eb6f1e044dd749f42c93392d74244e451,2015-08,Essex Police,Essex Police,0.454862,51.747720,On or near ANDERSON AVENUE,E01021596,Chelmsford 006E,Investigation complete; no suspect identified
0eac712431ae27cfb30c3184e0fe2157e2bf916c5818f8abf6f06baa51fe9f36,2015-08,Essex Police,Essex Police,0.450658,51.720361,On or near TATTERSALL WAY,E01033138,Chelmsford 009F,Investigation complete; no suspect identified
153823e53848d0eaa86110b3c83ed68ff683326321df9f08467136b064d5ccc4,2015-08,Essex Police,Essex Police,0.287729,51.868240,On or near HAMILTON ROAD,E01022090,Uttlesford 006B,Investigation complete; no suspect identified
9712e57760e188cbad557752caac8f1a6287862c2fa2bd22b28c11d16e5b01a4,2015-08,Essex Police,Essex Police,0.434043,51.567500,On or near BOSTOCHE CLOSE,E01021288,Basildon 016B,Investigation complete; no suspect identified
c60acdbb7b0eed71d78f6a80c4e291ba11905813a9c9ad19be4570adb1338aef,2015-08,Essex Police,Essex Police,0.471763,51.729820,On or near Supermarket,E01033140,Chelmsford 010F,Investigation complete; no suspect identified
0c34ce4f7075cf6ed9f7c429d709e8c42a584a5679f3af11d9dc70b0b67f50ca,2015-08,Essex Police,Essex Police,0.168780,51.804633,On or near BACK LANE,E01021795,Epping Forest 001B,Investigation complete; no suspect identified
742d2ec5f8370d3fac4ffbe0f3dddd47cd2cb2cfb1f90475f823a2541290fe78,2015-08,Essex Police,Essex Police,0.442562,51.716294,On or near Park/Open Space,E01021634,Chelmsford 011D,Investigation complete; no suspect identified
0cbfb90b29ac9d2760ee500214a52da796d2f1d55a82f21f704594024c3aeff5,2015-08,Essex Police,Essex Police,0.713962,51.534151,On or near Nightclub,E01015852,Southend-on-Sea 015B,Investigation complete; no suspect identified
510b23d4069397057e0402bc88739a731fa311fd1222184ba252afd9c1fe3013,2015-08,Essex Police,Essex Police,0.414759,51.630005,On or near RADFORD WAY,E01021247,Basildon 003E,Investigation complete; no suspect identified
5b7f4ef2ade56ac5e3f481f56f8ecf0927c4abb302a7cfb404b21023327961d6,2015-08,Essex Police,Essex Police,0.931994,51.893747,On or near JUNIPER WAY,E01021697,Colchester 008B,Investigation complete; no suspect identified
46498770a1790e553f998d7a74f6fb58e9689976838c307e963a6099e331e8e9,2015-08,Essex Police,Essex Police,0.359937,51.465350,On or near HOBART ROAD,E01016006,Thurrock 018D,Investigation complete; no suspect identified
4171416836f3cffd74129c1d507b22a45520d1a48e8aed7af215ef304b43748e,2015-08,Essex Police,Essex Police,0.135468,51.758734,On or near RED LION LANE,E01021834,Harlow 008B,Investigation complete; no suspect identified
0152ae081fce8ba970668b91ad21590e5ed4d9e4518828bfd7d63eb07d1aa8fd,2015-08,Essex Police,Essex Police,0.638404,51.798249,On or near Shopping Area,E01021416,Braintree 017B,Investigation complete; no suspect identified
333534ed9a32a83093dd69cb1730ac1ff69f15b82d57a4d63142f6d09f3c123f,2015-08,Essex Police,Essex Police,0.684922,51.771915,On or near FOSTER ROAD,E01021883,Maldon 002B,Investigation complete; no suspect identified
18f28a99e839f6563b731893a9da5bdeb6b2040b444d62e179bcd46cc02bd58b,2015-08,Essex Police,Essex Police,0.511187,51.575065,On or near CHARLTON CLOSE,E01021314,Basildon 018B,Investigation complete; no suspect identified
c32779596aa5adb85b77e59a6b6b7016207e653ee2d143077b9fe340a31859f2,2015-08,Essex Police,Essex Police,1.128032,51.817318,On or near ST OSYTH ROAD,E01021975,Tendring 013A,Investigation complete; no suspect identified
5f07fce98d8a3d660f73b493a336f29f07147aaa24bc500e951c5543a91b4d97,2015-08,Essex Police,Essex Police,0.351371,51.502601,On or near A1089,E01015977,Thurrock 004A,Investigation complete; no suspect identified
524846f0af685b53e4750400330e77c5aab1d3850460e6e2db4be1ea8192a611,2015-08,Essex Police,Essex Police,0.044622,51.635039,On or near WOODCOTE MEWS,E01021780,Epping Forest 014A,Investigation complete; no suspect identified
c9a7b697912fdc1def629b5f4a00833557e8b526dfc77419dbbbf29a6b7c9216,2015-08,Essex Police,Essex Police,0.519975,51.865831,On or near URBAN HIVE,E01021383,Braintree 010C,Investigation complete; no suspect identified
273c715fae76ad1f65ec3f8695b1f4832a9bafee8914cd7065cdcc4ed6c86edc,2015-08,Essex Police,Essex Police,0.882477,51.885690,On or near QUEEN'S ROAD,E01021652,Colchester 013B,Investigation complete; no suspect identified
6bff4930cfbf23fa2328a4ef75e3e41d9fb8969202adf50d0ddee317fbdd89f7,2015-08,Essex Police,Essex Police,0.920374,51.916286,On or near HANNINGFIELD WAY,E01033720,Colchester 002F,Investigation complete; no suspect identified
500686e8df99dbba1e468ba959845cd4cdd0e9d0e1a5b1f052948d956b9c6793,2015-08,Essex Police,Essex Police,1.165387,51.857664,On or near Police Station,E01021973,Tendring 007A,Investigation complete; no suspect identified
689fe74b60b090ba1dfc5c47e2c404adb129e6fdff82076fadbcf0cc716a63d0,2015-08,Essex Police,Essex Police,0.670560,51.726313,On or near ACACIA DRIVE,E01021898,Maldon 005F,Investigation complete; no suspect identified
9edcc5da8b1eb89301c7a416d2b6d86b338482459a7358341cabc001db8cee10,2015-08,Essex Police,Essex Police,0.499508,51.717695,On or near PALMERSTON LODGE,E01021560,Chelmsford 013B,Investigation complete; no suspect identified
c8d9b866d1475dc1c45dbec5d0d611a9e6e40554e3495d5d50225c2641466e05,2015-08,Essex Police,Essex Police,0.462186,51.721478,On or near Petrol Station,E01021556,Chelmsford 012A,Investigation complete; no suspect identified
a087e0ec3d238812f83fad39b4f6cdefd6808e3f4eb997abcb06cf22b2fc2403,2015-08,Essex Police,Essex Police,0.346690,51.873239,On or near Supermarket,E01033055,Uttlesford 007E,Investigation complete; no suspect identified
d24fb90e47a40f661ed94928517dd3b50cdda50e294ac354580c7f1394a911b5,2015-08,Essex Police,Essex Police,0.309363,51.477158,On or near ROSEBERY ROAD,E01015951,Thurrock 017A,Investigation complete; no suspect identified
69c09aa9a4766fea72015360fe3a3eb406dc9598aa8890d43480515a65f172e2,2015-08,Essex Police,Essex Police,0.406972,51.633591,On or near CARPENTER CLOSE,E01021246,Basildon 002B,Investigation complete; no suspect identified
5420800c375d8c5e2e744cb4782bc8277a1a99fbf608ddd26f0113edf31818cf,2015-08,Essex Police,Essex Police,0.572578,51.879135,On or near CUNNINGTON ROAD,E01021370,Braintree 011B,Investigation complete; no suspect identified
d32a3ea1571f32efcd26a495c72665f1d12444686585de382f72104b60c43bd1,2015-08,Essex Police,Essex Police,0.554544,51.882955,On or near THE CAUSEWAY,E01021357,Braintree 008B,Investigation complete; no suspect identified
bdf38e4b2fafd1736dbbaddd452570029d07af80d50d4be2e4d39b04216eb2ca,2015-08,Essex Police,Essex Police,0.689585,51.544327,On or near SHOE LANE,E01015831,Southend-on-Sea 012E,Investigation complete; no suspect identified
f791a437384a603971a014c9d63f35feaf3eaccf5b1ef14b9a0e8c83268fc2a4,2015-08,Essex Police,Essex Police,0.708846,51.542220,On or near Parking Area,E01015895,Southend-on-Sea 010A,Investigation complete; no suspect identified
70945b2d13f9a33ff9c2599e99c5706661a82e4cb5731d8922a6ad66d255b507,2015-08,Essex Police,Essex Police,0.886007,51.883858,On or near HONYWOOD ROAD,E01021652,Colchester 013B,Investigation complete; no suspect identified
7fe76aa889021722ee9232dd20086199a18838a00d477a7b8c3a774c0e48b636,2015-08,Essex Police,Essex Police,0.514137,51.743624,On or near MEGGY TYE,E01033142,Chelmsford 005E,Investigation complete; no suspect identified
161d3ed78cb3b7b4a8850434c91de55e8a5ded6b0bac74fbe27476bcd1665753,2015-08,Essex Police,Essex Police,0.327955,51.613872,On or near EAST HAM CRESCENT,E01021437,Brentwood 008B,Investigation complete; no suspect identified
00cee5e5552cb8ede5f69a7ef36943d2ad688e9a824c311206907081943a210c,2015-08,Essex Police,Essex Police,0.506326,51.879523,On or near SHALFORD ROAD,E01021405,Braintree 010D,Investigation complete; no suspect identified
3236d6f67326de8a17bc817ee5bbad8a18b9defd65c84580c9b0adaf943f7119,2015-08,Essex Police,Essex Police,0.078046,51.742731,On or near HOLMES MEADOW,E01021866,Harlow 011D,Investigation complete; no suspect identified
e4df60f9b2e8aa5006f67056a7b4b08821a71bbff4b9ea9ca372b6657da7273d,2015-08,Essex Police,Essex Police,0.782261,51.878723,On or near HARVEST CLOSE,E01021678,Colchester 010E,Investigation complete; no suspect identified
6940bedf971f8968cbb3b083b780cc51289a67d9903a0196ec5ae76a8c327eda,2015-08,Essex Police,Essex Police,0.442273,51.710130,On or near Parking Area,E01021634,Chelmsford 011D,Investigation complete; no suspect identified
2e769dab555695ceb494457e5b3d147fca5a43051029b0ab067f8a13492b3abf,2015-08,Essex Police,Essex Police,0.428875,51.612932,On or near GANELS CLOSE,E01021258,Basildon 004E,Investigation complete; no suspect identified
a0ab16ccf4dca9109954ad55cff55ebda540ec180163362db672cb3809624d8f,2015-08,Essex Police,Essex Police,0.238860,51.962891,On or near CHURCH LANE,E01022072,Uttlesford 003C,Investigation complete; no suspect identified
6f62b1352e4e17b5b1c2d71ce4dcf5dc2320e87c545016222b0d6cb870a9d33d,2015-08,Essex Police,Essex Police,0.513236,51.574005,On or near KENNETH ROAD,E01021314,Basildon 018B,Investigation complete; no suspect identified
44bff9e33c6d29ef2372da1d02caa489bac1d6f74f5a57e26ab5f0adb6c26d41,2015-08,Essex Police,Essex Police,0.549137,51.875221,On or near KENWORTHY ROAD,E01021365,Braintree 009D,Investigation complete; no suspect identified
ae823a7bed3025253d5b52350ed2d7a0cfcb0444277f46caed87a83ae1e51605,2015-08,Essex Police,Essex Police,0.655329,51.551016,On or near ELMSLEIGH DRIVE,E01015814,Southend-on-Sea 003A,Investigation complete; no suspect identified
e516a2523fb1ef86910fb616a1d91bee26ecaa8976690a6466c3a1da992dc5b1,2015-08,Essex Police,Essex Police,0.716176,51.536213,On or near YORK ROAD,E01015852,Southend-on-Sea 015B,Investigation complete; no suspect identified
b528c39a3c8ad17c46f4ced794f6898427bbfdf4575276894c577c8d564184a7,2015-08,Essex Police,Essex Police,0.732972,51.540950,On or near LOVELACE GARDENS,E01015839,Southend-on-Sea 014A,Investigation complete; no suspect identified
b9dd3199d20ae7dd6a7219fec637e6d6e59c6bf242abeeabe7ae5c7ff352da10,2015-08,Essex Police,Essex Police,0.494875,51.873471,On or near Parking Area,E01021405,Braintree 010D,Investigation complete; no suspect identified
e456f5aa3c7a9e36675366d89bf8a1dcac409097c9cedd0f9f22c71160380fbd,2015-08,Essex Police,Essex Police,0.692616,51.857508,On or near COGGESHALL ROAD,E01021377,Braintree 014A,Investigation complete; no suspect identified
b11466e707543be106ce1497e20163b7087625a91d7281bdbdc8441012f5d971,2015-08,Essex Police,Essex Police,0.325373,51.623563,On or near ABBOTS CLOSE,E01021466,Brentwood 005E,Investigation complete; no suspect identified
13fe88bc03ee2ade76bdf2ee4aee65629960a4eac49c934b7383043a9f26921a,2015-08,Essex Police,Essex Police,0.329524,51.614047,On or near NORMAN CRESCENT,E01021437,Brentwood 008B,Investigation complete; no suspect identified
8ae2b2becf12ca4ab4ece7585191ec2a30b44629ce56c20bd92477095449d09b,2015-08,Essex Police,Essex Police,0.634316,51.945900,On or near Shopping Area,E01021387,Braintree 004A,Investigation complete; no suspect identified
f1e4c403c4855cfd70f8488576bac14dab16e3c6f298e97694908829099852b2,2015-08,Essex Police,Essex Police,0.192177,51.873055,On or near Sports/Recreation Area,E01023440,East Hertfordshire 005C,Investigation complete; no suspect identified
312852cdfa157e0859cd568c0ceb768f9fb592e2ff4a0e71af42d15881800bfd,2015-08,Essex Police,Essex Police,0.511112,51.874654,On or near MAKEMORES,E01021405,Braintree 010D,Investigation complete; no suspect identified
c570e89a371b1000b6b1e34f0f0682369004081061a664b276f70ead5ce7895f,2015-08,Essex Police,Essex Police,0.105043,51.748564,On or near LODGE HALL,E01021858,Harlow 010B,Investigation complete; no suspect identified
95bdf43273c2bddfc62f7f7e6e706b301b1ae60919e333a313c78817b6b1e13f,2015-08,Essex Police,Essex Police,0.356988,51.576771,On or near TILBURY ROAD,E01021446,Brentwood 009B,Investigation complete; no suspect identified
8187df6a91f63855f52057083523a3912b2f714de5bac9758f792721264c834e,2015-08,Essex Police,Essex Police,0.573768,51.881393,On or near WHEATLEY AVENUE,E01021369,Braintree 012D,Investigation complete; no suspect identified
3997effd3440278bf384547faea17d95d4a8903330d1058e6f419a89c2101e75,2015-08,Essex Police,Essex Police,0.917545,51.883206,On or near ARTILLERY STREET,E01021685,Colchester 011C,Investigation complete; no suspect identified
81c52b497f70c67eea76f12fe30d3799041645b6e842dc97f1599c0fdc4c8253,2015-08,Essex Police,Essex Police,0.512267,51.578162,On or near DALTONS FEN,E01021301,Basildon 011A,Investigation complete; no suspect identified
d9f237ea1c4e3c0fc4eb10e27d0dfd5bc0a2a3d7d2c9513ccdb663d113c8354b,2015-08,Essex Police,Essex Police,0.936388,51.890687,On or near CLEMATIS WAY,E01021696,Colchester 008A,Investigation complete; no suspect identified
70f56c73bc718c95aee078f2f35da6060cb6916c3be531d9d58067a8b0ee3edb,2015-08,Essex Police,Essex Police,0.328450,51.612540,On or near PLASHET GARDENS,E01021437,Brentwood 008B,Investigation complete; no suspect identified
985ffda0a37bea090795ff0745aabf9c7e228fc18a2233d507637cce0698ac40,2015-08,Essex Police,Essex Police,0.110153,51.775189,On or near HALLING HILL,E01021850,Harlow 003B,Investigation complete; no suspect identified
9a5c12f4dbc1a953d72559e8c8f0d263d5df76a368eef17d693a66b729e08f31,2015-08,Essex Police,Essex Police,0.285222,51.484852,On or near Parking Area,E01016011,Thurrock 015B,Investigation complete; no suspect identified
bc47a1cb1525ab5c1b5e7f2d5447136ff34f6dcd3a07be4f1087e6afae8caa7b,2015-08,Essex Police,Essex Police,0.511640,51.577007,On or near WINFIELDS,E01021303,Basildon 011B,Investigation complete; no suspect identified
491974f483d1ec2b7d414dbf87649b92ecac9e4679ef74d6518814c86a27fec0,2015-08,Essex Police,Essex Police,0.712493,51.536371,On or near WESTON ROAD,E01015852,Southend-on-Sea 015B,Investigation complete; no suspect identified
2ce2226e87f4776807c266dc87f763fd8f25a2a1127a5fb4ae628808b9f3034e,2015-08,Essex Police,Essex Police,0.455569,51.568490,On or near Further/Higher Educational Building,E01021318,Basildon 015C,Investigation complete; no suspect identified
14f8b91a04aa3628c3c628dd08096700bda8872014d87ef312eedb9730673867,2015-08,Essex Police,Essex Police,0.545275,51.876294,On or near NEWNHAM CLOSE,E01021365,Braintree 009D,Investigation complete; no suspect identified
f62e2b8e22933ea11ac4c48130fdec3ca8faa23cdd729c3b8ce2dd58bbc27c88,2015-08,Essex Police,Essex Police,0.434705,51.521009,On or near WILLS HILL,E01015986,Thurrock 003C,Investigation complete; no suspect identified
d2ad70ee7feb885f31a0b2a5f316d54bda4d5f3b5c96f51809ed0f2b472ee731,2015-08,Essex Police,Essex Police,0.501202,51.580108,On or near LOXFORD,E01021302,Basildon 013B,Investigation complete; no suspect identified
dded8b8e4ffd6b2ec8c4f164b442ffb4af6a67f21502f73ca6ceb1c480e5581e,2015-08,Essex Police,Essex Police,0.639005,51.569552,On or near CORNEC AVENUE,E01015837,Southend-on-Sea 001E,Investigation complete; no suspect identified
d3331d866a4f60d1da7949a32bc4b13728fbe256d66b6c043ca366211f60ae3a,2015-08,Essex Police,Essex Police,0.442562,51.716294,On or near Park/Open Space,E01021634,Chelmsford 011D,Investigation complete; no suspect identified
78d0186df0ab3c65ff50c6f4635624058ca134f730b8debae96d630e526ffd92,2015-08,Essex Police,Essex Police,0.513170,52.058244,On or near MILL ROAD,E01021414,Braintree 001C,Investigation complete; no suspect identified
acf04c330bef77c6919a8a3f9460e4b45f73762b412834c913a24056f87d7f4e,2015-08,Essex Police,Essex Police,1.102765,51.773377,On or near ALVIS AVENUE,E01021988,Tendring 018A,Investigation complete; no suspect identified
29ae737a6b2c774cafa97ea623ac1fc121d76def073548706f06da19abbaf84f,2015-08,Essex Police,Essex Police,0.442562,51.716294,On or near Park/Open Space,E01021634,Chelmsford 011D,Investigation complete; no suspect identified
d6c8c79c204af781f921d7bba6979580543fa876031ce0e9f15251fea03dc99b,2015-08,Essex Police,Essex Police,0.712186,51.548672,On or near KENWAY,E01015897,Southend-on-Sea 010C,Investigation complete; no suspect identified
957347a8e85a65555cdbea8063f0e38bfa3824bfed2d690f623be91d32ee1111,2015-08,Essex Police,Essex Police,0.688604,51.876432,On or near CHURCHFIELD ROAD,E01021379,Braintree 014C,Investigation complete; no suspect identified
ab06d225f803bd0fd1eea47a6c47ffedb6e9ca48b6a516ca6cd83ad093dacdd4,2015-08,Essex Police,Essex Police,0.079972,51.756591,On or near ROSEMOUNT,E01021833,Harlow 009D,Investigation complete; no suspect identified
c9f1aa4b7e177fc252a516cbaed3e5bd05e99fa1eb12f34779b25d4d96188147,2015-08,Essex Police,Essex Police,0.716140,51.539731,On or near WARRIOR SQUARE EAST,E01015852,Southend-on-Sea 015B,Investigation complete; no suspect identified
35186ccb9578fdf332dd7839d6d66f09db6d819396f05048ac9d0bce3b653720,2015-08,Essex Police,Essex Police,0.741996,51.549265,On or near SHERWOOD WAY,E01015886,Southend-on-Sea 009D,Investigation complete; no suspect identified
9170578e16febe7a04ba0b605a0238db8f250a091a2da6fe79a69243c3b611ad,2015-08,Essex Police,Essex Police,1.133099,51.805437,On or near COTTAGE GROVE,E01021976,Tendring 013B,Investigation complete; no suspect identified
8a08e737ecb039039f06e9152c125dee6336a483b43103bc09a389ddcc58141e,2015-08,Essex Police,Essex Police,0.503049,51.590599,On or near FENNERS WAY,E01021307,Basildon 011C,Investigation complete; no suspect identified
6b4321904436a810aee02adedd94ab60771ab3e32eb1c69432ae794f9f358cfe,2015-08,Essex Police,Essex Police,0.442562,51.716294,On or near Park/Open Space,E01021634,Chelmsford 011D,Investigation complete; no suspect identified
5820c176ba0efc4d03f0d39cbdbb928e954085b82aa2dbfd48cca13644a3dc98,2015-08,Essex Police,Essex Police,0.135652,51.704883,On or near COOPERSALE COMMON,E01021756,Epping Forest 006A,Investigation complete; no suspect identified
a652d410075847b6a309d82658f264ee9a15e89126948a96bd89320bceaa5d97,2015-08,Essex Police,Essex Police,0.262613,51.888213,On or near Parking Area,E01022090,Uttlesford 006B,Investigation complete; no suspect identified
431bd607a9a0d65048c9b3372ad893331748bfd2142538f9d0bf3a17bc12388c,2015-08,Essex Police,Essex Police,0.454062,51.565176,On or near GOBIONS,E01021297,Basildon 020D,Investigation complete; no suspect identified
66f2d9d693dde3865569a7a636b5a0f906a3cfdaff31d344f86f2220a4fabdbc,2015-08,Essex Police,Essex Police,0.442562,51.716294,On or near Park/Open Space,E01021634,Chelmsford 011D,Investigation complete; no suspect identified
45f964b54225ab1775582619d95dfa331ef5c76e60c2fc47d04179eb0a8e409e,2015-08,Essex Police,Essex Police,0.715061,51.539531,On or near WARRIOR SQUARE NORTH,E01015852,Southend-on-Sea 015B,Investigation complete; no suspect identified
d7aaf5abab486b76f499fac381098ba59142b38700f7c6381db52000dc2a1204,2015-08,Essex Police,Essex Police,0.626438,51.582110,On or near ALBANY ROAD,E01021947,Rochford 009B,Investigation complete; no suspect identified
236594fad401852839aba6ded5be7f3bf814a49bea3f54c1f18e7669d45e4a50,2015-08,Essex Police,Essex Police,0.442562,51.716294,On or near Park/Open Space,E01021634,Chelmsford 011D,Investigation complete; no suspect identified
0c1b01b5ec4672f1f9531bcf959f4f45df4b2b667f9f8c8d969923ae3b6c6763,2015-08,Essex Police,Essex Police,0.442562,51.716294,On or near Park/Open Space,E01021634,Chelmsford 011D,Investigation complete; no suspect identified
9b7cf006b286db432607bd92ad8948fec30f70f322d5234b38541c5a29e8b0cc,2015-08,Essex Police,Essex Police,0.442562,51.716294,On or near Park/Open Space,E01021634,Chelmsford 011D,Investigation complete; no suspect identified
63f00ad917463054a71b9cd1b85de0fb958f847f8cd6366e652ec9fc43107b34,2015-08,Essex Police,Essex Police,0.106661,51.747842,On or near GIBB CROFT,E01021858,Harlow 010B,Investigation complete; no suspect identified
71021b97f1bc3032423b52a13ce53659b9099ce44a4e1e78eede0f81d2b4c08c,2015-08,Essex Police,Essex Police,0.552410,51.879134,On or near Tofts Walk,E01021365,Braintree 009D,Investigation complete; no suspect identified
e2bfc705b2b53672fe22848f98f386910cc9f7295ad5897c4322bac05991ca79,2015-08,Essex Police,Essex Police,0.511640,51.577007,On or near WINFIELDS,E01021303,Basildon 011B,Investigation complete; no suspect identified
8a638177b9c334aae53696e7c89398ed13c235cbef6640aeac8652eeb33d6b58,2015-08,Essex Police,Essex Police,0.442562,51.716294,On or near Park/Open Space,E01021634,Chelmsford 011D,Investigation complete; no suspect identified
7608583d87eb226d465f36a219885d3086600d17233cb5ece1407aab63299269,2015-08,Essex Police,Essex Police,0.487667,51.583363,On or near BATTLESWICK,E01021267,Basildon 012B,Investigation complete; no suspect identified
694a1dfca47ab8b3fbf7b63d9b447e81d9089c5e07fbc34be31035512b87662c,2015-08,Essex Police,Essex Police,0.577385,51.878329,On or near BRAIDING CRESCENT,E01021369,Braintree 012D,Investigation complete; no suspect identified
124c88b8aa24756cc2cf304d90504da32be2c2bd46ebd90b959e427636f9b17a,2015-08,Essex Police,Essex Police,0.487303,51.711623,On or near GARDENERS,E01021566,Chelmsford 014D,Investigation complete; no suspect identified
36049c6badefce386b14a8d8e87ec4544707e676a1278c4ed81004d6ac90aeb3,2015-08,Essex Police,Essex Police,0.095928,51.771666,On or near Pedestrian Subway,E01021872,Harlow 007E,Investigation complete; no suspect identified
ed2122d61c2273c0b23269ce553e897d489c7f6ec226981788bb40e18bbdc751,2015-08,Essex Police,Essex Police,1.288202,51.939262,On or near Sports/Recreation Area,E01021998,Tendring 001B,Investigation complete; no suspect identified
6442a439e547baf64be28e0c8017678f4c5df9d245f827998e5c071763f0e516,2015-08,Essex Police,Essex Police,0.229701,51.486443,On or near MARINE COURT,E01016014,Thurrock 015E,Investigation complete; no suspect identified
04e994367d02d56514d0d9a7812e00508e52d447de75205f0dd23cdea84afa26,2015-08,Essex Police,Essex Police,0.081506,51.627880,On or near BRAMBLE CLOSE,E01021750,Epping Forest 016B,Investigation complete; no suspect identified
e3601cb526c8d4a858723d4e862206d6aa7d88a2bb0b8f1eeadb8523908b485b,2015-08,Essex Police,Essex Police,0.336294,51.496032,On or near Hospital,E01015995,Thurrock 009E,Investigation complete; no suspect identified
be0f2af4f2696ce150dd7c4813e3147e7c0267b287058fc21f7494b8290d049a,2015-08,Essex Police,Essex Police,0.442273,51.710130,On or near Parking Area,E01021634,Chelmsford 011D,Investigation complete; no suspect identified
411f9d02ab23c5433eb1e055535b9f8dcca35c36208dfe498f35aa2bde31d349,2015-08,Essex Police,Essex Police,0.442562,51.716294,On or near Park/Open Space,E01021634,Chelmsford 011D,Investigation complete; no suspect identified
d441f4ad2544ed07c0f06b4d72183397a2862b07b6deb9dd757cda695c66a411,2015-08,Essex Police,Essex Police,0.507961,51.574405,On or near EASTBROOKS,E01021304,Basildon 013C,Investigation complete; no suspect identified
fbcc7af2bd9c71693523680351c328578093dabacf3eb62bbf02b0f192ef1673,2015-08,Essex Police,Essex Police,0.225349,51.505924,On or near WENNINGTON ROAD,E01002344,Havering 029B,Investigation complete; no suspect identified
5977294fc2dd814063498b2864309f9a4fb83140ade0f29dc8a714857b26f477,2015-08,Essex Police,Essex Police,0.442562,51.716294,On or near Park/Open Space,E01021634,Chelmsford 011D,Investigation complete; no suspect identified
f86790b5626cb9d9fe8a94920c99de1c50dfa66dcd72a5227f0bee99c6f10733,2015-08,Essex Police,Essex Police,0.897778,51.887913,On or near SIR ISAAC'S WALK,E01021649,Colchester 007D,Investigation complete; no suspect identified
18e6dcd5eb8fed055132ba157f142262fee3ff84bd0eada0c2af9128d929e06a,2015-08,Essex Police,Essex Police,0.781609,51.879944,On or near STATION ROAD,E01021678,Colchester 010E,Investigation complete; no suspect identified
2980ebbc2f6f6f2cbed13945b27fa213e6410bbc1c34556da96f6dd1ef7eb54d,2015-08,Essex Police,Essex Police,0.351381,51.635051,On or near HARRISON CLOSE,E01021451,Brentwood 003D,Investigation complete; no suspect identified
bed56933eeccd6f9a36fa5553225f92d909d25d934a3986784958a934c4ffc9f,2015-08,Essex Police,Essex Police,0.703441,51.553964,On or near Parking Area,E01015861,Southend-on-Sea 004E,Investigation complete; no suspect identified
f25f320672df4f6783eaf118287a0cdffaa15bc7eb02a93814bdc9bc4df2827f,2015-08,Essex Police,Essex Police,0.718833,51.536035,On or near HORACE ROAD,E01015841,Southend-on-Sea 014C,Investigation complete; no suspect identified
cb7985c4bf135eda33a8eb98a3a8dc0f27554fb97494a06cf11c890bfb5abf3e,2015-08,Essex Police,Essex Police,0.442562,51.716294,On or near Park/Open Space,E01021634,Chelmsford 011D,Investigation complete; no suspect identified
6a0f0b694b2e268674b19dbfe96ad6a9304753212c68477240ae457c12d15a63,2015-08,Essex Police,Essex Police,0.430592,51.823972,On or near WHITE BARNS,E01021539,Chelmsford 001B,Investigation complete; no suspect identified
aae7faea2c3406daf4fa83f797ecb556b30c7d7d27fae1dfbab4b92940aa1d17,2015-08,Essex Police,Essex Police,0.262613,51.888213,On or near Parking Area,E01022090,Uttlesford 006B,Investigation complete; no suspect identified
d9b047c01cb06d73a2cedbb38b0b2b258f9309ebbe3f62efedc880b8393769e2,2015-08,Essex Police,Essex Police,0.442562,51.716294,On or near Park/Open Space,E01021634,Chelmsford 011D,Investigation complete; no suspect identified
5ef0131a741bb781440637cd73e76b04c75a5844702b882050b1e4142b021161,2015-08,Essex Police,Essex Police,0.455687,51.581672,On or near Pedestrian Subway,E01021268,Basildon 015B,Investigation complete; no suspect identified
95231e37acb9ff34cda3120190c50564d385198621b1ec74c1ed674c2de843ac,2015-08,Essex Police,Essex Police,0.476033,51.728444,On or near GOLDLAY ROAD,E01021579,Chelmsford 012C,Investigation complete; no suspect identified
da7d02800880b05b93ebaa4d66d298a73302748035bc86596112d9e8457e43ed,2015-08,Essex Police,Essex Police,0.348454,51.637681,On or near WOODLAND AVENUE,E01021452,Brentwood 003E,Investigation complete; no suspect identified
f0515dc4712649103272b739b0825c7f1ed4a3cc703a6276884a570ad3daa440,2015-08,Essex Police,Essex Police,0.480675,51.564454,On or near PITSEAVILLE GROVE,E01021324,Basildon 019C,Investigation complete; no suspect identified
5f0923a57bab9d76c527da8b32b61a0f926c146a3d9921be5b1878f1c29d387a,2015-08,Essex Police,Essex Police,0.521403,51.613859,On or near Pedestrian Subway,E01021334,Basildon 005A,Investigation complete; no suspect identified
3a5d79fdc809ab0f3cfe353506621bcfd8b08378e0a441d00c3e06e663035615,2015-08,Essex Police,Essex Police,0.348454,51.637681,On or near WOODLAND AVENUE,E01021452,Brentwood 003E,Investigation complete; no suspect identified
49f64e2989dba18715fdc2324377344b6c3192c0c5591760f099cb7e2327cc8a,2015-08,Essex Police,Essex Police,0.442562,51.716294,On or near Park/Open Space,E01021634,Chelmsford 011D,Investigation complete; no suspect identified
77ffb18264c0c5b4d343fe520fb9c62b01d82bea0c121b8d6e96f0ab7121ce02,2015-08,Essex Police,Essex Police,0.551052,51.888004,On or near WENTWORTH CRESCENT,E01021357,Braintree 008B,Investigation complete; no suspect identified
b221ef1d2d5ed9ddcb317d578a1ade4ea6f3835aacbcf3548804217213874886,2015-08,Essex Police,Essex Police,0.913033,51.878830,On or near BOURNE ROAD,E01021684,Colchester 011B,Investigation complete; no suspect identified
384fad71bbb6d13e61bfd27f5cf23c93b9b43509dec09b48aa1353a5d2b11aa9,2015-08,Essex Police,Essex Police,0.696712,51.587504,On or near STEEPLE CLOSE,E01021930,Rochford 007A,Investigation complete; no suspect identified
9e500d9a108867c276fc86a16b2d8abc629d69c1a125999a683dba5d9859d48e,2015-08,Essex Police,Essex Police,0.695571,51.925349,On or near THOMAS BELL ROAD,E01021410,Braintree 006E,Investigation complete; no suspect identified
5b90c512fa90dd556c49288a7dcc63f753108eecaecaf390bd555a176ce63178,2015-08,Essex Police,Essex Police,0.710081,51.539700,On or near Further/Higher Educational Building,E01015854,Southend-on-Sea 015D,Investigation complete; no suspect identified
330ba983f0a01382ac26bdc26a0a201cc7aa43bf503312cc1d60959e28f70c79,2015-08,Essex Police,Essex Police,0.439330,51.571374,On or near MYNCHENS,E01021292,Basildon 017B,Investigation complete; no suspect identified
faea26a0a9c36e6999075e0799a731cba1157bb72419ec42c46980cd4265d126,2015-08,Essex Police,Essex Police,0.678530,51.543969,On or near Parking Area,E01015832,Southend-on-Sea 012F,Investigation complete; no suspect identified
f375c5e5dca012d5ecd7bf89a18a49f5c2cead8a8a30319b48d33e5f26c2173b,2015-08,Essex Police,Essex Police,0.693976,51.539541,On or near HAMLET COURT ROAD,E01015855,Southend-on-Sea 015E,Investigation complete; no suspect identified
01f4c0abecf475c69d89d0c2862571a23880c5f25817fc8934fa7790f9af0067,2015-08,Essex Police,Essex Police,0.298832,51.601550,On or near CANTERBURY WAY,E01021472,Brentwood 008C,Investigation complete; no suspect identified
0b43e4cac0967983c3aaec9de168835174b98486b52de91e91aba1a556fdaeef,2015-08,Essex Police,Essex Police,0.638410,51.799355,On or near SCOTSFIELD MEWS,E01021415,Braintree 017A,Investigation complete; no suspect identified
bc16c309f312cacac5a6b8eca782089416eeb57389f8ba1774f55faa7ed35230,2015-08,Essex Police,Essex Police,0.084778,51.763079,On or near HARBERTS ROAD,E01021872,Harlow 007E,Investigation complete; no suspect identified
cd5c48f73841bf9f1681f88ba77651f7bcf25c566ac053452eaca53044a82fb5,2015-08,Essex Police,Essex Police,0.639653,51.808464,On or near Braintree Road,E01021416,Braintree 017B,Investigation complete; no suspect identified
239d6de8faecb451c2c7fe35cfdc600642c7c337bb77050b96463f4a199849ee,2015-08,Essex Police,Essex Police,0.442562,51.716294,On or near Park/Open Space,E01021634,Chelmsford 011D,Investigation complete; no suspect identified
0c9c12100d03fec3ad7fc9dfd52bf8005c32ad2edd270dac305d874d81a3db6b,2015-08,Essex Police,Essex Police,0.442562,51.716294,On or near Park/Open Space,E01021634,Chelmsford 011D,Investigation complete; no suspect identified
1ed222f3724fd220e066d7fcfba67e42c802a5dfd0daca691e9bb06a0f16c5fd,2015-08,Essex Police,Essex Police,0.466069,51.575590,On or near HORSLEY CROSS,E01021266,Basildon 015A,Investigation complete; no suspect identified
372477a551911239698a4cb5834d4c068e9f4618ddfb9b373a9f8e02c7b78085,2015-08,Essex Police,Essex Police,0.742911,51.545781,On or near POYNINGS AVENUE,E01015887,Southend-on-Sea 009E,Investigation complete; no suspect identified
9ddea2f15eb0925a08c290008e9b2f181477b02996d34ff6c51abbfe208937c2,2015-08,Essex Police,Essex Police,0.643144,51.799195,On or near Shopping Area,E01021416,Braintree 017B,Investigation complete; no suspect identified
f873e4b8bf9084811d67ace68814a94408906eac35973a7d037d4e365ec7835f,2015-08,Essex Police,Essex Police,0.108940,51.759438,On or near THE FORTUNES,E01021822,Harlow 006C,Investigation complete; no suspect identified
2f75490890a60070504a4da2b6543168ef4526f6bb09920bf73ad8de3e036be2,2015-08,Essex Police,Essex Police,0.097001,51.781044,On or near Parking Area,E01021853,Harlow 003E,Investigation complete; no suspect identified
7d044148aa0ecf111f5563cc767e0b7b1f1681f9e10cf7cbdc66a729103d0f1d,2015-08,Essex Police,Essex Police,0.622542,52.057766,On or near CHURCH STREET,E01021406,Braintree 002B,Investigation complete; no suspect identified
b9511e113a059106602e567deff8b16e8eb70133a201c2db1a28427e6af4a8b9,2015-08,Essex Police,Essex Police,1.182383,51.803357,On or near Supermarket,E01022034,Tendring 012C,Investigation complete; no suspect identified
972229eaf66f71c927fece5b0c074ba0a51c070ff4f1e18de18db215d06b6339,2015-08,Essex Police,Essex Police,0.808631,51.553300,On or near Supermarket,E01021923,Rochford 010D,Investigation complete; no suspect identified
4a38388a9a39a7b0fd521daef380a8afc41d64c152cbe9e5bcff89ab0f36c84f,2015-08,Essex Police,Essex Police,0.566320,51.537385,On or near Parking Area,E01021503,Castle Point 010D,Investigation complete; no suspect identified
02ebd170768f64b94f7eea5bfb52423c4e4f87dad02dc056326936ba71517117,2015-08,Essex Police,Essex Police,0.564475,51.544836,On or near SCHOOL LANE,E01021480,Castle Point 007A,Investigation complete; no suspect identified
68c4dcb4c42d804c6a5255021061ebcb39fdb430a5e6008739137c046c9b3120,2015-08,Essex Police,Essex Police,1.268668,51.845717,On or near SOUTHCLIFF,E01022056,Tendring 006E,Investigation complete; no suspect identified
91a26f0839a654c14ecd0c203910348ee4b55c724679369facca921c8fb0c782,2015-08,Essex Police,Essex Police,0.501861,51.716260,On or near Parking Area,E01021562,Chelmsford 014A,Investigation complete; no suspect identified
2672e9cdc575f891f205fde5adddd3a2f2e7b9cb769092378bb0d59795347fd7,2015-08,Essex Police,Essex Police,0.516423,51.573972,On or near CROWN AVENUE,E01021314,Basildon 018B,Investigation complete; no suspect identified
6a2a15dbc0bf32486fa8b5db8bb2cb386010206d3124b791848e56ac1bdd39b6,2015-08,Essex Police,Essex Police,0.501861,51.716260,On or near Parking Area,E01021562,Chelmsford 014A,Investigation complete; no suspect identified
de98731c2c5d9a0a96a42b75190a3872a584296bd5218781a70875a6c829dc92,2015-08,Essex Police,Essex Police,0.280536,51.482444,On or near Parking Area,E01016011,Thurrock 015B,Investigation complete; no suspect identified
75d0bd9056b78484300d70a89b637f3e93d53179dd7045cb787be4ef7d6dde40,2015-08,Essex Police,Essex Police,0.561190,51.522299,On or near ST JOHNS CRESCENT,E01021503,Castle Point 010D,Investigation complete; no suspect identified
70d3c639b0a85e61919f3601f781f1bc01b1d42092895719cf33fa931657a5e0,2015-08,Essex Police,Essex Police,0.550961,51.568829,On or near ELGAR CLOSE,E01021525,Castle Point 001D,Investigation complete; no suspect identified
72009843831ba3fc86f0acca232abcff416899788628294a93ad290b1208dc69,2015-08,Essex Police,Essex Police,0.567412,51.519635,On or near Petrol Station,E01021501,Castle Point 011D,Investigation complete; no suspect identified
a655cd795346054c1bdfc0862dd3c90a23d7e440232f2b05aacdbc24b6676611,2015-08,Essex Police,Essex Police,0.600679,51.642391,On or near GALADRIEL SPRING,E01021606,Chelmsford 020B,Investigation complete; no suspect identified
6634e297419934143fb83e8cdc25e8e0b47c6af4fd8d1982f73f979df61fa0c5,2015-08,Essex Police,Essex Police,0.905667,51.859919,On or near WETHERSFIELD ROAD,E01021641,Colchester 018E,Investigation complete; no suspect identified
84d57e880d75fcf4275032727aaebd574bbd054d8055cd015de2495efef3167f,2015-08,Essex Police,Essex Police,0.201250,51.937415,On or near PATMORE FIELDS,E01022083,Uttlesford 005C,Investigation complete; no suspect identified
c5c47decdb7e7fcfc4d44ebfeb29e5b0dd467ffd79ffde189d425d8df9172501,2015-08,Essex Police,Essex Police,0.466470,51.736073,On or near Bus/Coach Station,E01021574,Chelmsford 010A,Investigation complete; no suspect identified
0370f5e2f4556ff13413fa8c783c7204281b19476f53f1ca930e40022dd5f673,2015-08,Essex Police,Essex Police,0.706187,51.583436,On or near ROCHE CLOSE,E01021955,Rochford 004D,Investigation complete; no suspect identified
2b7c25537284708e45ac95c663cb5e8d12fd4ab3c790fc5ef653cf3534e8c167,2015-08,Essex Police,Essex Police,0.344302,51.954930,On or near ORCHARD CLOSE,E01022093,Uttlesford 004B,Investigation complete; no suspect identified
7d991ce96b3568b13d3e0dd8d1c4379406e93149fc95b53f4a2b694c57e96d87,2015-08,Essex Police,Essex Police,1.284066,51.942013,On or near CANNING STREET,E01021998,Tendring 001B,Investigation complete; no suspect identified
caac13721387d23ad26bea9b684250d61c859abcdb7506d3a6cc76e2d15eac23,2015-08,Essex Police,Essex Police,0.678375,51.731127,On or near CHEQUERS LANE,E01021890,Maldon 004B,Investigation complete; no suspect identified
2c7b2c72bc18e485d08ab0d9df473ad496f75903eb04691c87fe60e4bed3937f,2015-08,Essex Police,Essex Police,0.129375,51.947118,On or near BENSKINS CLOSE,E01022089,Uttlesford 005G,Investigation complete; no suspect identified
27e1e9489908bd769e8dfaf82d2563b33b688c4dc67bb925f4f18cfc5a6a69ca,2015-08,Essex Police,Essex Police,0.468812,51.770521,On or near CHURCH AVENUE,E01021541,Chelmsford 001D,Investigation complete; no suspect identified
704bd66c8453f1b077d58212fc66aee0710286a0f32235c8c5621f8cdf9d1a94,2015-08,Essex Police,Essex Police,0.345558,51.495748,On or near JESMOND ROAD,E01015963,Thurrock 010A,Investigation complete; no suspect identified
0260225c27b05cabd2b8293a896ba52cc1bbb0c9c4618bd2e2edff8c2a96ed2f,2015-08,Essex Police,Essex Police,0.109996,51.757224,On or near OAK END,E01021822,Harlow 006C,Investigation complete; no suspect identified
8df0d2fbdf627072aa7485dece52940a593b96625ecbdc4407b84f52cb60a395,2015-08,Essex Police,Essex Police,0.134047,51.751646,On or near LONDON ROAD,E01021768,Epping Forest 001A,Investigation complete; no suspect identified
c2e96e2babe681f352f71da77bee7cfe10902cffddfe56c5bff53047b6d43d65,2015-08,Essex Police,Essex Police,0.897988,51.883492,On or near Sports/Recreation Area,E01021651,Colchester 013A,Investigation complete; no suspect identified
2583a6ec3e24bb789c8732e8205553b42de6a6662342ecbb4949a7d07aecf7c6,2015-08,Essex Police,Essex Police,0.472536,51.736818,On or near COTTAGE PLACE,E01033141,Chelmsford 010G,Investigation complete; no suspect identified
77d44811b6ad9a002fab4a5f878f2f01478a13703d1dba38c8796dc3a6e760e2,2015-08,Essex Police,Essex Police,0.414943,51.608984,On or near Sports/Recreation Area,E01021254,Basildon 009A,Investigation complete; no suspect identified
97838674ddd625d731d280fe06874626b5295e565107e4253402614c14ce1843,2015-08,Essex Police,Essex Police,0.454862,51.747720,On or near ANDERSON AVENUE,E01021596,Chelmsford 006E,Investigation complete; no suspect identified
f93f9626b67880357f44e39fbffc93107be4e4d51ba9e085141eafad71264861,2015-08,Essex Police,Essex Police,0.485678,51.567550,On or near LINDSELL LANE,E01021327,Basildon 019E,Investigation complete; no suspect identified
c4d9e969435c7a4143657883544ea2936d17a5ab56baf476540a5fe8a64989b3,2015-08,Essex Police,Essex Police,0.504768,51.564104,On or near BROADWAY LINK,E01021316,Basildon 018D,Investigation complete; no suspect identified
f9efa79465c650e0279503923e965a8237dd9786702dd9ceb9aa959e14655334,2015-08,Essex Police,Essex Police,0.454994,51.574168,On or near ROODEGATE,E01021319,Basildon 017E,Investigation complete; no suspect identified
ae58715a9146fe32d15ca97c67d0a8136aae6d44c2389a1cc45bba15f69cc643,2015-08,Essex Police,Essex Police,0.596057,51.595134,On or near PEARSONS AVENUE,E01021959,Rochford 006E,Investigation complete; no suspect identified
1eb8cb6d1fb40320832337a541278c7652c1a11ef7442ecba2e60b82d67bbc08,2015-08,Essex Police,Essex Police,0.518621,51.604044,On or near THACKEREY ROW,E01021342,Basildon 008B,Investigation complete; no suspect identified
56637abe846571b8958693faf53196f26cb8554347cc682f7abeb437e5be0e79,2015-08,Essex Police,Essex Police,0.423845,51.585751,On or near QUEENS ROAD,E01021263,Basildon 010C,Investigation complete; no suspect identified
70f5adb9e3bee17e13e543ab949d0bdcebe5e57837ef158dd6327737f6f3e7a6,2015-08,Essex Police,Essex Police,0.905583,51.879797,On or near Supermarket,E01021684,Colchester 011B,Investigation complete; no suspect identified
f5738f215db5f87e1ddb7cbee276aba2522e2eb8ee6afd0c21d0070d5b799b41,2015-08,Essex Police,Essex Police,0.297846,51.600607,On or near BECKET CLOSE,E01021473,Brentwood 008D,Investigation complete; no suspect identified
b452c226e8c4f57c6c799f52664bdf1bc3b222100c4a9a1afabbd368358d3546,2015-08,Essex Police,Essex Police,0.132995,51.791727,On or near CAMBRIDGE ROAD,E01021854,Harlow 001A,Investigation complete; no suspect identified
6011a89815651b8787f046847867fbd477577cedb19ce0d4449770a9fd9e4f08,2015-08,Essex Police,Essex Police,0.063427,51.675222,On or near B172,E01021806,Epping Forest 009A,Investigation complete; no suspect identified
6187a819d64de2ee875953e602950f4b423225ac249b4a3fd4c4910ae1886f7e,2015-08,Essex Police,Essex Police,0.501861,51.716260,On or near Parking Area,E01021562,Chelmsford 014A,Investigation complete; no suspect identified
934da829e26a9289f793caec61bd901e722930aca964bb12419ccf025d371f07,2015-08,Essex Police,Essex Police,0.338431,51.488794,On or near Supermarket,E01015970,Thurrock 014E,Investigation complete; no suspect identified
fc1ea9f2edabcdeb49d41265d3114830f3bf20dc6bfc4364cb3877e2d59caca4,2015-08,Essex Police,Essex Police,0.331354,51.475176,On or near Parking Area,E01015962,Thurrock 016E,Investigation complete; no suspect identified
4aef2e1cdc82075eadcaacee789c13eac603c1a76871aeea81a57718e0c56ba5,2015-08,Essex Police,Essex Police,0.030473,51.683835,On or near STONEY BRIDGE DRIVE,E01021810,Epping Forest 008D,Investigation complete; no suspect identified
356f32553b7b984aeddb33ad67fd74c70bd293cc166fe58e0571ac7d3692ca3f,2015-08,Essex Police,Essex Police,0.447208,51.525119,On or near ST JOHN'S WAY,E01015983,Thurrock 002B,Investigation complete; no suspect identified
bb79121d9d42991a061031f95f1e0de0d50852ac78e4b806c2e4fc72a758ecc9,2015-08,Essex Police,Essex Police,0.691150,51.544444,On or near Supermarket,E01015902,Southend-on-Sea 007B,Investigation complete; no suspect identified
bfe70fe6e593bbdaeef283fac0ade3aff445cfdc2159378c660fcbd9bc9b386b,2015-08,Essex Police,Essex Police,0.902706,51.887692,On or near VINEYARD STREET,E01021649,Colchester 007D,Investigation complete; no suspect identified
2cc1a4af5fdc348eacd16c81aeb93badd6c8c6c719550f67bdeb41741e501a98,2015-08,Essex Police,Essex Police,0.592426,51.712029,On or near PEDLARS CLOSE,E01021572,Chelmsford 016E,Investigation complete; no suspect identified
3cfc80556728ae03fb052fee286a6146f879959ecbc801f72a90bd84702b3b21,2015-08,Essex Police,Essex Police,0.901742,51.896638,On or near JARMIN ROAD,E01021647,Colchester 007B,Investigation complete; no suspect identified
b7d234fede8fc1fdbb2461cbfc82caf682381ce101aef0c3c9a00580af819af7,2015-08,Essex Police,Essex Police,0.728227,51.539270,On or near CHASE ROAD,E01015839,Southend-on-Sea 014A,Investigation complete; no suspect identified
5ab95435940e3155d9e7b2e65bdb03e983973f00ecd030d7b398753eaa802b12,2015-08,Essex Police,Essex Police,0.459707,51.571362,On or near NORTH GUNNELS,E01021318,Basildon 015C,Investigation complete; no suspect identified
b1590c912ec2d2459405c993609f5fd22d0adffa0975ac038a21d299a0b3fc43,2015-08,Essex Police,Essex Police,0.029089,51.685874,On or near ABBOTTS DRIVE,E01021815,Epping Forest 007D,Investigation complete; no suspect identified
ba7aac90ef82e4227258cf45c62e894f6984c2ce2f0d711cb5a13dfe00d3a230,2015-08,Essex Police,Essex Police,0.474190,51.732359,On or near Shopping Area,E01033140,Chelmsford 010F,Investigation complete; no suspect identified
5654a2633c8fe503bb30c7740cffe20cef54809b12dbb7e85ecb6aa50dda24c9,2015-08,Essex Police,Essex Police,1.150049,51.812161,On or near Supermarket,E01022039,Tendring 010B,Investigation complete; no suspect identified
8f4de4e0be9e11160a4a59603f67a960797be53de5cd1fbcd481e5ae3ee5519e,2015-08,Essex Police,Essex Police,0.467307,51.588577,On or near ENDEAVOUR DRIVE,E01021268,Basildon 015B,Investigation complete; no suspect identified
4940f1e646755295744e5a55255ef3fa113644589a7e5f9ab1fb7bc1b5b09ecf,2015-08,Essex Police,Essex Police,0.114883,51.758548,On or near Petrol Station,E01021823,Harlow 006D,Investigation complete; no suspect identified
62f8d3c9a81e09dbf9853fc893b039097b0d462ead137d7b152afce99caae1aa,2015-08,Essex Police,Essex Police,0.465424,51.774576,On or near Hospital,E01021542,Chelmsford 002A,Investigation complete; no suspect identified
f303757667e080b87cc456c2e9c6cbf82950c4c2f362351dd61d77621aedd032,2015-08,Essex Police,Essex Police,0.807658,51.694048,On or near BRADWELL ROAD,E01021901,Maldon 006A,Investigation complete; no suspect identified
018e77066e42801a4010cee6cfdd3e3d91706b4b13cbcd3ace41c0f0b84630f4,2015-08,Essex Police,Essex Police,0.709094,51.540820,On or near Supermarket,E01015895,Southend-on-Sea 010A,Investigation complete; no suspect identified
9b8bc8145de8c5ff4dac493838a3ef2ef80cc27a12a2489b7c174326cf588327,2015-08,Essex Police,Essex Police,0.896616,51.895829,On or near ALBERT STREET,E01021650,Colchester 007E,Investigation complete; no suspect identified
f5a89f65127a8562a0cbc9d72b3ba8442d9955b9246bda7f992b4a97ec58e26f,2015-08,Essex Police,Essex Police,0.769138,51.679881,On or near MAYLAND GREEN,E01021900,Maldon 007E,Investigation complete; no suspect identified
ea6501ee130562bfe1de7b536f36054c2547612d3b88e7a4afb40e7537a5e17c,2015-08,Essex Police,Essex Police,0.726058,51.532423,On or near Parking Area,E01015841,Southend-on-Sea 014C,Investigation complete; no suspect identified
0a823e19659b088f3c94601fb48457bb69559b766074bfcdad122954f8cad94d,2015-08,Essex Police,Essex Police,0.604440,51.558669,On or near BERESFORD CLOSE,E01021529,Castle Point 006D,Investigation complete; no suspect identified
0ed2a878fd5244e34239a3066b12680958b5eff640b96e0f475645276ebb3f14,2015-08,Essex Police,Essex Police,0.236290,51.487757,On or near FANNS RISE,E01016013,Thurrock 015D,Investigation complete; no suspect identified
a7bbc9eecdbac268dbcd4cdb7e83cae50d018b685e0a167f85686b180a030d7d,2015-08,Essex Police,Essex Police,1.155299,51.788653,On or near ORWELL ROAD,E01022025,Tendring 016B,Investigation complete; no suspect identified
8d84d9f11a9868532a91c477a38ff6a9ffd784a43295f9221013c3f26b4e8199,2015-08,Essex Police,Essex Police,0.251352,51.499636,On or near Petrol Station,E01015926,Thurrock 008E,Investigation complete; no suspect identified
b8ea4eabe5f08e81ffe5c309e9d2e533b9f185471eecec98d4c92b36a003feca,2015-08,Essex Police,Essex Police,0.289670,51.489685,On or near Supermarket,E01015982,Thurrock 019A,Investigation complete; no suspect identified
f28c9ae1fd94c0aba74c97f313572c5c9cde56ba2be36287a66f853036903f2a,2015-08,Essex Police,Essex Police,0.431942,51.520833,On or near STRATFORD GARDENS,E01015986,Thurrock 003C,Investigation complete; no suspect identified
0b0b3ec53cf3c082f8eef25f2f4e6d12de2de4bbc0b85d80dd1eeebd4847460d,2015-08,Essex Police,Essex Police,0.477296,51.730630,On or near Parking Area,E01033140,Chelmsford 010F,Investigation complete; no suspect identified
17a3df77bd220ee5b91754768de09f9206b35e4a1f64ccd1bf5168c9b59b2ed0,2015-08,Essex Police,Essex Police,0.678142,51.736249,On or near Supermarket,E01021890,Maldon 004B,Investigation complete; no suspect identified
0267a2a5b0fbc44f1ba5955aafdd7f07a833bce950d9567a0efc5bd33c0dd50d,2015-08,Essex Police,Essex Police,0.481140,51.570614,On or near BEATTY LANE,E01021322,Basildon 019A,Investigation complete; no suspect identified
ada811b346eb8dce906d4d706240dd8d773a27ffa25d5f4c19d3c80335f1c274,2015-08,Essex Police,Essex Police,0.261741,51.889938,On or near Airport/Airfield,E01022090,Uttlesford 006B,Investigation complete; no suspect identified
4fbb731d1e49a2a18832fa9fe583c90c04c5efab0422859c395feba8f1cd7fff,2015-08,Essex Police,Essex Police,0.100397,51.780804,On or near EDINBURGH WAY,E01021853,Harlow 003E,Investigation complete; no suspect identified
f9028a115ed4395d77115273bb6d97afcab104c83fe98f84658b04330e776147,2015-08,Essex Police,Essex Police,0.256580,51.501622,On or near MARTIN ROAD,E01015923,Thurrock 008B,Investigation complete; no suspect identified
56b6c825fbbe2f3b03e867abac9a7c3b529a1f2843d5d930008eb424461d19bb,2015-08,Essex Police,Essex Police,0.450882,51.527759,On or near CASWELL CLOSE,E01015987,Thurrock 002C,Investigation complete; no suspect identified
33860836f9ec34509730d7305037c5d13b38ffa459af2db5561a65f99b1ebfb0,2015-08,Essex Police,Essex Police,0.454862,51.747720,On or near ANDERSON AVENUE,E01021596,Chelmsford 006E,Investigation complete; no suspect identified
e0147d7ab98d6465532123143abe23e34cfd8c57770ccf317e2afc40f584b57a,2015-08,Essex Police,Essex Police,0.070487,51.649568,On or near DURNELL WAY,E01021790,Epping Forest 012E,Investigation complete; no suspect identified
9685273c8f04f711f69ca54ffed00b9a27b00716b8f152ad24d9396221c2f5e9,2015-08,Essex Police,Essex Police,0.319334,51.495127,On or near NUTBERRY CLOSE,E01015994,Thurrock 009D,Investigation complete; no suspect identified
6d89f735229ed0b1f4488cd79cc152e6c1feaf7783622eca10e0feae99eca993,2015-08,Essex Police,Essex Police,0.550842,51.878655,On or near Shopping Area,E01021365,Braintree 009D,Investigation complete; no suspect identified
c93d844fef3158249c98a67eb5a7b65be5f3edb9e3a4b91028e0177ec47da05f,2015-08,Essex Police,Essex Police,0.134047,51.751646,On or near LONDON ROAD,E01021768,Epping Forest 001A,Investigation complete; no suspect identified
dfd1794a375a2040188a71b6086c850c94cc25d1acb3062aea95ef00c620c97d,2015-08,Essex Police,Essex Police,0.677757,51.550695,On or near CAVENDISH GARDENS,E01015905,Southend-on-Sea 007E,Investigation complete; no suspect identified
647785923092d54fbf2a3df384c6a1c2f03db06452cad07203d595c16f880d03,2015-08,Essex Police,Essex Police,0.675015,51.566893,On or near MAYFLOWER CLOSE,E01015863,Southend-on-Sea 002A,Investigation complete; no suspect identified
85c3503da4b64c2ab4c8cf57ef373633330e9378ceb7a406eadb9fe86973775a,2015-08,Essex Police,Essex Police,0.895390,51.894168,On or near MARKET CLOSE,E01021650,Colchester 007E,Investigation complete; no suspect identified
b07bb26accf53a86ee80d3f73c41fd4d9e3fe2069943229808a2e457944bb770,2015-08,Essex Police,Essex Police,0.886400,51.880008,On or near BUTT ROAD,E01021653,Colchester 013C,Investigation complete; no suspect identified
52b43fef5265114f5e1a4cb74fecd22ca489683d304566f3d6b922fb7ddcc6ea,2015-08,Essex Police,Essex Police,0.881274,51.889155,On or near SUSSEX ROAD,E01021676,Colchester 009D,Investigation complete; no suspect identified
45ff8c6ea5d06f3337451b411b9c84c85b8681da6bc7c1ea9d2d09994fa9fb12,2015-08,Essex Police,Essex Police,0.074942,51.764440,On or near Parking Area,E01021841,Harlow 004C,Investigation complete; no suspect identified
ec8fe8cc47dd0242004a08775d6cdab7ccff31d76ccf01cbce681949b0cdff88,2015-08,Essex Police,Essex Police,0.013762,51.686713,On or near HONEY BROOK,E01021807,Epping Forest 008A,Investigation complete; no suspect identified
312bde561e1bb188703c49c9b8b6034feea78fd85787237df52d49eaa45f2b08,2015-08,Essex Police,Essex Police,0.608490,51.598915,On or near BRIXHAM CLOSE,E01021919,Rochford 005B,Investigation complete; no suspect identified
b7d84ff9ae56f025fdcf0b4e165fd77b7d311c95986870bac9b152e59d6dd670,2015-08,Essex Police,Essex Police,0.701414,51.543614,On or near ALBANY AVENUE,E01015896,Southend-on-Sea 010B,Investigation complete; no suspect identified
c4c7ff6a0785a1709dfb1e7ac664170ae56defb0a9902d06d7dba6560784ff17,2015-08,Essex Police,Essex Police,0.770659,51.527897,On or near Supermarket,E01015919,Southend-on-Sea 017F,Investigation complete; no suspect identified
f193fa012eac71cb34c1ccc56778e85d37965476c1b999f576306df6b0e28f91,2015-08,Essex Police,Essex Police,0.907575,51.864054,On or near STANSTED ROAD,E01021638,Colchester 018B,Investigation complete; no suspect identified
2ced40138ebeb02afa61f54c0f656d9c83c7c6d79624f4c033635b8cd6738c50,2015-08,Essex Police,Essex Police,0.580727,51.523363,On or near TILBURG ROAD,E01021488,Castle Point 010C,Investigation complete; no suspect identified
0639f8eaa95db8738593e7624ff1ee2bbeb349a9a9b8a696daac0fb4be3f5187,2015-08,Essex Police,Essex Police,0.355019,51.483921,On or near WOOD VIEW,E01015965,Thurrock 010C,Investigation complete; no suspect identified
d90ecfda6825b15fba56dd752818303fc007a6b192539a0ecfb6f235bc21ca1c,2015-08,Essex Police,Essex Police,1.284066,51.942013,On or near CANNING STREET,E01021998,Tendring 001B,Investigation complete; no suspect identified
a8e95ed9a6b445912577f50ea361ae6c1218753cb0825098a1a21a90d9dda15c,2015-08,Essex Police,Essex Police,0.609026,51.582058,On or near RANDWAY,E01021966,Rochford 008F,Investigation complete; no suspect identified
8d65262c5b63571621549f59b1b8031c4a2aec6009ab85612234075faf8a158c,2015-08,Essex Police,Essex Police,0.851585,51.889689,On or near LONDON ROAD,E01021675,Colchester 009C,Investigation complete; no suspect identified
22552c94f31323fd3364ea9683480212c91674eefa611987cc778ca51aabd0ea,2015-08,Essex Police,Essex Police,0.243639,51.486627,On or near A1306,E01015921,Thurrock 015A,Investigation complete; no suspect identified
2af6fbc8d45c8254f37e182c2700b516a904713d9022a95a66cbecb6b461e632,2015-08,Essex Police,Essex Police,0.638082,51.573044,On or near LANGLEY CLOSE,E01015837,Southend-on-Sea 001E,Investigation complete; no suspect identified
d859129e4dcfe8e7f63c1b2c3383c74d089b628008a94205c0b7cab1244f9327,2015-08,Essex Police,Essex Police,0.631275,51.760763,On or near MALDON ROAD,E01021913,Maldon 002D,Investigation complete; no suspect identified
506c962170b89a50d8b972017f756d8e6293952a9ffa3212aae2f4b54165be14,2015-08,Essex Police,Essex Police,0.460283,51.572942,On or near AUDLEY WAY,E01021318,Basildon 015C,Investigation complete; no suspect identified
f8c42ece85ce8e6e904cad195854ce13130ce3bbcca264716986309b482f6041,2015-08,Essex Police,Essex Police,0.609835,51.554115,On or near Parking Area,E01021520,Castle Point 006C,Investigation complete; no suspect identified
7b39f9c50fa2633875d4ad9929e09ace24a1c2664d14fd5467032ada46966255,2015-08,Essex Police,Essex Police,0.714345,51.540114,On or near SOUTHCHURCH ROAD,E01015895,Southend-on-Sea 010A,Investigation complete; no suspect identified
5eee0c3d07b7168eb9c549ba173389d9a3a66f40eb88e59a955d63775378bc70,2015-08,Essex Police,Essex Police,0.642286,51.800653,On or near Further/Higher Educational Building,E01021416,Braintree 017B,Investigation complete; no suspect identified
5a3e54e2a96fddd9738f9a54bbdaf974ad8d94e9d97b11cf8d035f344ded3992,2015-08,Essex Police,Essex Police,0.301164,51.620236,On or near BANK PLACE,E01021433,Brentwood 007A,Investigation complete; no suspect identified
72a30e0702f0c9644994db43fbd57bc8b92148254130fa98e6100d34696e03ae,2015-08,Essex Police,Essex Police,0.371959,51.487824,On or near DELARGY CLOSE,E01015936,Thurrock 012D,Investigation complete; no suspect identified
94b70609b1ba906684de1dd867d17dc40eda50a03262e991d8a78fc29fb14f32,2015-08,Essex Police,Essex Police,0.566340,51.520558,On or near GREEN AVENUE,E01021486,Castle Point 010B,Investigation complete; no suspect identified
547ae746bcd9c27ad775f5992cd1474ff00dea813d39f4e2a72fed470970e372,2015-08,Essex Police,Essex Police,0.732150,51.533252,On or near NORTHUMBERLAND AVENUE,E01015892,Southend-on-Sea 016D,Investigation complete; no suspect identified
cc74cc74a0c92482db84909eb19601630518e01db2252e724026ad8e7f825c13,2015-08,Essex Police,Essex Police,0.062590,51.636110,On or near CRANLEIGH GARDENS,E01021785,Epping Forest 014D,Investigation complete; no suspect identified
6f36f46e8e723915c3b7b307dc14fc875ed02889b0bf24e8a2a35724b245da17,2015-08,Essex Police,Essex Police,1.246357,51.844024,On or near HASELMERE GARDENS,E01021996,Tendring 008D,Investigation complete; no suspect identified
3205a58c1e4ea8a321fce85467f57606fca4e8b2a92c4b34364f469969abb0df,2015-08,Essex Police,Essex Police,0.903944,51.886600,On or near BRITANNIA WAY,E01021683,Colchester 011A,Investigation complete; no suspect identified
3fd7ed7c14eed0f96dc5043b7b3f5b045a2ee7e177011d61408af989905811ca,2015-08,Essex Police,Essex Police,0.555900,51.905048,On or near Sports/Recreation Area,E01021355,Braintree 007D,Investigation complete; no suspect identified
18bc082c00a7aeaad6be72e4a2d47bc0210544e7fb28914b8485b82e9c98747b,2015-08,Essex Police,Essex Police,0.903944,51.886600,On or near BRITANNIA WAY,E01021683,Colchester 011A,Investigation complete; no suspect identified
90a886ae4392d9ae63022788cf2f17d64be2e58b506407b0177de35bae3e03ba,2015-08,Essex Police,Essex Police,0.562542,51.880757,On or near Petrol Station,E01021353,Braintree 009B,Investigation complete; no suspect identified
c8078b307d0e9036f2972c173e0dda217a4dbf17e6dca47a1933e0f4e7b9e79e,2015-08,Essex Police,Essex Police,0.701152,51.556239,On or near A127,E01015861,Southend-on-Sea 004E,Investigation complete; no suspect identified
cf0a6176b9e8004c035bff77933ca721dc332a2659df67a1fc59e94d2584f634,2015-08,Essex Police,Essex Police,0.910367,51.885911,On or near GEORGE WILLIAMS WAY,E01021686,Colchester 011D,Investigation complete; no suspect identified
37b5552a9d8753c9540fe24d2fb8e1c82a6f1d74e5e8176db00c43b24e4a588a,2015-08,Essex Police,Essex Police,0.014910,51.734704,On or near HYDE MEAD,E01021794,Epping Forest 002D,Investigation complete; no suspect identified
b9e3ad7eeed22fde1f5d8113253f37c0f648b73164b48fb6334b1a340b209768,2015-08,Essex Police,Essex Police,0.605909,51.518750,On or near TORSI ROAD,E01021489,Castle Point 012A,Investigation complete; no suspect identified
d26c2074482f3c336ed8f110b6eae094fe96e69cec3b6f406d05f7c4f7e90826,2015-08,Essex Police,Essex Police,0.938659,51.886961,On or near HUNWICKE ROAD,E01021700,Colchester 008E,Investigation complete; no suspect identified
75d78f749984b4e0dfef04b9f2f37e4758f9bcf8caa996c9dd32cc6d3815b922,2015-08,Essex Police,Essex Police,0.289806,51.503604,On or near CALLAN GROVE,E01015930,Thurrock 007D,Investigation complete; no suspect identified
54198fb77a720ccef381caf83f02ffdd5243f44449e879bb7e2a3fdcfd29da1d,2015-08,Essex Police,Essex Police,0.510857,51.915955,On or near WATER LANE,E01021404,Braintree 005A,Investigation complete; no suspect identified
39b31e2c38415a5eba0a098cd6eaf6c2e742b463854391c9b501bd31e2005259,2015-08,Essex Police,Essex Police,0.856421,51.888475,On or near BYRON AVENUE,E01021675,Colchester 009C,Investigation complete; no suspect identified
cacd2894f286b5adb0e8efdef937bd275fa855d3a373d3b6de8ecdac6b90d82c,2015-08,Essex Police,Essex Police,0.462343,51.777105,On or near Parking Area,E01021542,Chelmsford 002A,Investigation complete; no suspect identified
75a9b0739ee2dc81d863548eface80ac5b21d44f38673f4bf9f8d9c5473a622b,2015-08,Essex Police,Essex Police,0.482111,51.580756,On or near DANBURY DOWN,E01021267,Basildon 012B,Investigation complete; no suspect identified
31ffb12f93f71581f3c1562f2c81e096e34e0f4faf78ab6e8c97e5fc7dc6f70b,2015-08,Essex Police,Essex Police,0.902885,51.887993,On or near SHORT WYRE STREET,E01021649,Colchester 007D,Investigation complete; no suspect identified
4b1970e0ce9929cede1ff7bf6588bc054ea73f2a41b310be70a1c63dcfd678a9,2015-08,Essex Police,Essex Police,0.510857,51.915955,On or near WATER LANE,E01021404,Braintree 005A,Investigation complete; no suspect identified
d8d1e3f8a5c2ac509496fb23a52045f3ab6ea2569cf706558c27b155736fe475,2015-08,Essex Police,Essex Police,0.138677,51.964322,On or near PELHAM ROAD,E01022061,Uttlesford 003A,Investigation complete; no suspect identified
da4e7f808c6467f325eec8d2cb03a2c03078d38065cc0a39e5dc211cd3ba1e87,2015-08,Essex Police,Essex Police,0.791541,51.535505,On or near ELM ROAD,E01015877,Southend-on-Sea 013B,Investigation complete; no suspect identified
5884b7fb8a0f5907a0734afec131262da3e0628cf0a0176b935e7875c87bad03,2015-08,Essex Police,Essex Police,0.701275,51.834997,On or near Sports/Recreation Area,E01021402,Braintree 014E,Investigation complete; no suspect identified
50c29db7e3a1f9db4b040e9068987d0e751cd37539aa12b23e4b8a72ab2898c3,2015-08,Essex Police,Essex Police,0.337763,51.489257,On or near LODGE LANE,E01015964,Thurrock 010B,Investigation complete; no suspect identified
f6cb4669fae86606efa51437e42b025c19be133ad955de6a4a678f46e2b8a0bd,2015-08,Essex Police,Essex Police,0.705188,51.537448,On or near PARK LANE,E01015856,Southend-on-Sea 015F,Investigation complete; no suspect identified
0339ed1dd014ea9d471821ade095ef37a058ec3fa870befe66713eede731f50e,2015-08,Essex Police,Essex Police,0.236535,51.480971,On or near LONDON ROAD PURFLEET,E01016013,Thurrock 015D,Investigation complete; no suspect identified
e6fb0303a029fecad876d2c204bc12f6c0b822c9ff06446b69bfed44613ffdf6,2015-08,Essex Police,Essex Police,0.115396,51.752155,On or near COMMONSIDE ROAD,E01021838,Harlow 010A,Investigation complete; no suspect identified
4d3316ae333b8f437734c5ec9966f530a8eaea39df82a7989ec6d913424abfc3,2015-08,Essex Police,Essex Police,0.631962,51.570043,On or near THE GABLES,E01015816,Southend-on-Sea 003C,Investigation complete; no suspect identified
be8a66f3d918cbb3a964b127d23f74ed2e668ee211541661354f3c81b1c29732,2015-08,Essex Police,Essex Police,0.926199,51.884196,On or near HYTHE QUAY,E01021685,Colchester 011C,Investigation complete; no suspect identified
c7674c6cf8e268db3ad06ab6e2aa8d910409d3ef79c35034745f16c4e9e4b566,2015-08,Essex Police,Essex Police,0.232982,51.482253,On or near LONDON ROAD,E01016014,Thurrock 015E,Investigation complete; no suspect identified
03b1104d71893c5c64718fb33dfd5f80d4ad73bf7d73cf384daa77cf350bd0ea,2015-08,Essex Police,Essex Police,0.284490,51.487772,On or near Shopping Area,E01016011,Thurrock 015B,Investigation complete; no suspect identified
5f939f45dc8063e40155ff5c6130c90362a9936b7da5a73e5d0e2375d9e04ea4,2015-08,Essex Police,Essex Police,0.057030,51.649274,On or near HIGH ROAD,E01021791,Epping Forest 012F,Investigation complete; no suspect identified
4c19f87f12281ed4106d7107f0ae4b7982ac8e9c867ea61d586bd26e8acb61e2,2015-08,Essex Police,Essex Police,0.580711,51.533787,On or near HARDYS WAY,E01021504,Castle Point 008C,Investigation complete; no suspect identified
c39cf6e70b469376ecde193c6b82e51c2ef3f006988cc49ae9b1e9f43a9a9e9d,2015-08,Essex Police,Essex Police,0.495740,51.562363,On or near CHESTNUT COURT,E01021310,Basildon 022B,Investigation complete; no suspect identified
748f89e62e0816ab4893d510d45b5923fddc2661ea426748090604d39aacfe0b,2015-08,Essex Police,Essex Police,1.265097,51.935310,On or near PRINCES ROAD,E01022000,Tendring 002A,Investigation complete; no suspect identified
704661f18c2b135a1a70621d8bdeef51d4ea3c6309e1ade35667c5a88b46689d,2015-08,Essex Police,Essex Police,0.735950,51.551879,On or near HAMSTEL ROAD,E01015875,Southend-on-Sea 006G,Investigation complete; no suspect identified
4f809ac1e97642fe557ec7090d0dfc9dc8b2ad6d54e3df08e50fcf803139a2f7,2015-08,Essex Police,Essex Police,0.922635,51.879446,On or near SMITHS FIELD,E01021664,Colchester 016C,Investigation complete; no suspect identified
76c2a4774e41b205ace95986d183387a3e6f5599ae2807305c698c5adc280ea5,2015-08,Essex Police,Essex Police,0.630520,51.795377,On or near HALCYON CLOSE,E01033462,Braintree 017H,Investigation complete; no suspect identified
8f55e5c6906242afd5371016f9a7eee208f5215af4021b20e0140623c97d3b0b,2015-08,Essex Police,Essex Police,0.906740,51.888726,On or near Sports/Recreation Area,E01021648,Colchester 007C,Investigation complete; no suspect identified
a0201deeb6123bf3fec12ad61b1843f5de84e33cc37bbb80173749481cc47074,2015-08,Essex Police,Essex Police,0.028174,51.626872,On or near FAIRLANDS AVENUE,E01021745,Epping Forest 015D,Investigation complete; no suspect identified
dea6ee2c0138ecbfba4469834fb9bea67246747959ede704c9f9d1f2d668d7e9,2015-08,Essex Police,Essex Police,1.219816,51.844286,On or near Sports/Recreation Area,E01022010,Tendring 008F,Investigation complete; no suspect identified
d747807e94283324498d8cfc890e82b3acbb46e3f88c20015afa996cbb62c7e6,2015-08,Essex Police,Essex Police,0.118327,51.651565,On or near ABRIDGE ROAD,E01021770,Epping Forest 010A,Investigation complete; no suspect identified
1295abc3502b8f86d705cc3ac92ed86185307f2dff954ceb858a71af8bf0d3da,2015-08,Essex Police,Essex Police,0.428527,51.626969,On or near KELVEDON CLOSE,E01021240,Basildon 003B,Investigation complete; no suspect identified
256b5851ffbbdda11643920f1cb730c9f2be3ace7dcb73873c77a40ed691ba70,2015-08,Essex Police,Essex Police,0.683177,51.725882,On or near HORTON CLOSE,E01021889,Maldon 004A,Investigation complete; no suspect identified
b66caa91360a43c97db12edd2899903f2fd71d8d0da4017d77ba839a8408261c,2015-08,Essex Police,Essex Police,0.441103,51.581041,On or near ROYAL OAK CHASE,E01021279,Basildon 010E,Investigation complete; no suspect identified
aa51516f20633bc10bb94f741412bb8791716bc652eeea61fe369d2252da0b07,2015-08,Essex Police,Essex Police,0.477311,51.732761,On or near HIGH BRIDGE ROAD,E01033140,Chelmsford 010F,Investigation complete; no suspect identified
8dbd8ef44138ee06ab8b3a9e7b7a7a93f39e48911b17ac6ad45bd28a42946706,2015-08,Essex Police,Essex Police,1.221675,51.927360,On or near CHURCH HILL,E01022028,Tendring 004F,Investigation complete; no suspect identified
c4623efccf1e7090579f31635ca760e8c57dea644e07091559e22fcd4107256b,2015-08,Essex Police,Essex Police,0.902706,51.887692,On or near VINEYARD STREET,E01021649,Colchester 007D,Investigation complete; no suspect identified
62b3dd0bc8541a5722fd1546d194eeae0e1c45043d06c071150fd4dfd750c810,2015-08,Essex Police,Essex Police,1.221675,51.927360,On or near CHURCH HILL,E01022028,Tendring 004F,Investigation complete; no suspect identified
6ab546906e113960665b807314086e5eab45ee0bfec5564981f4de3ef9883a7c,2015-08,Essex Police,Essex Police,0.704284,51.582266,On or near WEST STREET,E01021955,Rochford 004D,Investigation complete; no suspect identified
117576d54c62193acea605dd3633e2f6e362061d7f7bb4b191ee043a19f1ee12,2015-08,Essex Police,Essex Police,1.154724,51.788722,On or near PALLISTER ROAD,E01022025,Tendring 016B,Investigation complete; no suspect identified
24c19bc40bdf3173dca52287f2bc76b9cbf0db3c0d35ca2087db74efedcb40f5,2015-08,Essex Police,Essex Police,0.016413,51.686155,On or near CHARTWELL CLOSE,E01021809,Epping Forest 008C,Investigation complete; no suspect identified
c73ae95d33435b7008b12ef91ea01383543874a9abfe383db8c78b76bf2c52f7,2015-08,Essex Police,Essex Police,0.653938,51.543233,On or near Police Station,E01015849,Southend-on-Sea 011E,Investigation complete; no suspect identified
6f46755a5cbc4b599a76f62d8b3b40cac1d4b8271175d435aca908e509df42e5,2015-08,Essex Police,Essex Police,0.475214,51.731744,On or near Shopping Area,E01033140,Chelmsford 010F,Investigation complete; no suspect identified
6314d49bb53b366b06cb420acb3c6a5f62fe8356378a83db4ac6d1f0edb293d2,2015-08,Essex Police,Essex Police,0.132577,51.757347,On or near CHAPEL LANE,E01021836,Harlow 008D,Investigation complete; no suspect identified
10d1cec31ce6510ea37ec910f76ae00f3da6e5082a7135b1d1a0fbffc53dd9cb,2015-08,Essex Police,Essex Police,0.706444,51.540387,On or near LONDON ROAD,E01015895,Southend-on-Sea 010A,Investigation complete; no suspect identified
163c989c8fd6f34d620b87d77920f8d648ef388fa0beaa3e009fe03a385ee6f7,2015-08,Essex Police,Essex Police,0.713214,51.535158,On or near Nightclub,E01015852,Southend-on-Sea 015B,Investigation complete; no suspect identified
aedeb9850d83c64593981d672294abf605e1fe6b80561bb560ca01b02d4d3d4d,2015-08,Essex Police,Essex Police,0.089248,51.756318,On or near Sports/Recreation Area,E01021831,Harlow 007A,Investigation complete; no suspect identified
3628cc1b6fc43d60c95ba40df2d1a2f03bc11a660898816f943cfd1208672ad1,2015-08,Essex Police,Essex Police,0.726058,51.532423,On or near Parking Area,E01015841,Southend-on-Sea 014C,Investigation complete; no suspect identified
2e6f2c92daab04a9268b3acffd78a29132d59528c74d64c3c71bad0fc15ca92a,2015-08,Essex Police,Essex Police,0.659766,51.541014,On or near ASHLEIGH DRIVE,E01015848,Southend-on-Sea 011D,Investigation complete; no suspect identified
4b1f4dceb030e57edb63412e0f92585e7f532eff6553c5303d106be83168f60c,2015-08,Essex Police,Essex Police,1.264578,51.933570,On or near MANOR ROAD,E01022006,Tendring 002C,Investigation complete; no suspect identified
74cb8e4997d2df72cb60ace06086c5efe6f95f2056b01fce44bb025d616eeaf0,2015-08,Essex Police,Essex Police,0.474744,51.636139,On or near DOVEDALE CLOSE,E01021604,Chelmsford 018D,Investigation complete; no suspect identified
b941709bdda72eeef75fef30600c697df4b876391d3571ab81318e5f3fa0c08b,2015-08,Essex Police,Essex Police,0.351137,51.953418,On or near BARNARDS FIELD,E01022093,Uttlesford 004B,Investigation complete; no suspect identified
92637e5d91a33e17d5115e5e5f5dfa096719c04cab361f9582287a1e34daae1a,2015-08,Essex Police,Essex Police,0.124229,51.785708,On or near Petrol Station,E01021848,Harlow 002E,Investigation complete; no suspect identified
937bda80cbcd85d777c0d6aa2a2ce66c23d5f62983b4ee169af2f8ba11330aa8,2015-08,Essex Police,Essex Police,1.146196,51.789968,On or near Supermarket,E01022038,Tendring 017E,Investigation complete; no suspect identified
9aa7f166451c33c37ff02357611fe99848ae3a4b812b9fb326b709a9e8cf337f,2015-08,Essex Police,Essex Police,0.760659,51.533016,On or near PARKANAUR AVENUE,E01015890,Southend-on-Sea 016B,Investigation complete; no suspect identified
429c79589b5d372187f697a15acd6520d43735633f99a09142b9792f73cccb2c,2015-08,Essex Police,Essex Police,0.872064,51.906540,On or near BURYWOODS,E01021681,Colchester 004C,Investigation complete; no suspect identified
f34a3d2ee4cf1a77117ef028aaa3aabbcdb4ef8d0628e4318cc31c4f29572d63,2015-08,Essex Police,Essex Police,0.683758,51.729574,On or near TAIT MEWS,E01021890,Maldon 004B,Investigation complete; no suspect identified
becbba29a2f197667b50e3517b54c79dfd70606ab296e3cdcbf8b1cb6d54bbf9,2015-08,Essex Police,Essex Police,0.123930,51.704286,On or near Hospital,E01021761,Epping Forest 005B,Investigation complete; no suspect identified
69b5a40964f45898b67feaee19ba9113cd1766e774b223719100d023db4afa6a,2015-08,Essex Police,Essex Police,1.261418,51.940359,On or near Iconfield Park,E01022007,Tendring 002D,Investigation complete; no suspect identified
69e6a4cd732fe0dc5c81ce13186657743864720248ca0b1e0f67d8f9b078ec63,2015-08,Essex Police,Essex Police,0.516402,51.576977,On or near ASHFIELDS,E01021301,Basildon 011A,Investigation complete; no suspect identified
6c8a001d518273cca99ddb701c63ee9727582182a672488f80aea09d4cc81fa4,2015-08,Essex Police,Essex Police,1.184084,51.801764,On or near BEDFORD ROAD,E01022035,Tendring 012D,Investigation complete; no suspect identified
cfb7cd555fc51d2a16b6bf4ffdc07315784381a2af5d81c96785a71f7ff43843,2015-08,Essex Police,Essex Police,1.157085,51.809427,On or near PEREGRINE CLOSE,E01022040,Tendring 010C,Investigation complete; no suspect identified
d498bd697ae834d8bb7ebee6cf790d88dbd40925e73e15e57050f78d13119ffe,2015-08,Essex Police,Essex Police,0.897315,51.891773,On or near NUNN'S ROAD,E01021649,Colchester 007D,Investigation complete; no suspect identified
50d9e511135625401ed74a4fcd857bd94e4f6701d13f7995ce46800a88c80048,2015-08,Essex Police,Essex Police,0.092636,51.771302,On or near Nightclub,E01021872,Harlow 007E,Investigation complete; no suspect identified
3791c5bac2a7e34698a7192e2a9075f2aa0cac375a9a9d40e8e07b27fee79343,2015-08,Essex Police,Essex Police,0.902263,51.889844,On or near MUSEUM STREET,E01021649,Colchester 007D,Investigation complete; no suspect identified
77b7b5ea4f2af6269262ec1ca0c5f4ba4be4a11b30e27cad5579841c62c1bb67,2015-08,Essex Police,Essex Police,0.445241,51.530655,On or near Supermarket,E01015998,Thurrock 002E,Investigation complete; no suspect identified
d591223c711e9e35376cd97f8c9b4d6bd8dfc9c280cdd2ba006502839d3e76b1,2015-08,Essex Police,Essex Police,0.640271,51.564244,On or near BELFAIRS PARK CLOSE,E01015816,Southend-on-Sea 003C,Investigation complete; no suspect identified
05de6dfaa8a33d46e1bb8a82316f3db17691fde4893dbd167a09a7da38606ee3,2015-08,Essex Police,Essex Police,0.519180,51.607629,On or near HYDE WAY,E01021331,Basildon 008A,Investigation complete; no suspect identified
0ad67974770bce38393a02d90a93021bbe8d8848a937036de0abd7077825a7fe,2015-08,Essex Police,Essex Police,0.512278,51.579151,On or near HOLGATE,E01021301,Basildon 011A,Investigation complete; no suspect identified
339504ff132f97a5c37f24eb4025200f099621db869fd17faeb83f00b5c1a3d9,2015-08,Essex Police,Essex Police,0.496986,51.715536,On or near PLUMTREE AVENUE,E01021566,Chelmsford 014D,Investigation complete; no suspect identified
4095e29b967ab304ff4247ac8542abf6b6483dcca6da631e06ef4c92adda882a,2015-08,Essex Police,Essex Police,0.470236,51.684536,On or near BAKERS LANE,E01033143,Chelmsford 018E,Investigation complete; no suspect identified
0fadd39d82ffb2ce996f1f3100ec01403d0a9c0e91857e274c790c4fb2dcefaa,2015-08,Essex Police,Essex Police,0.506301,51.738935,On or near LITTELL TWEED,E01021545,Chelmsford 008B,Investigation complete; no suspect identified
e7d92faee73ef409d304b6c460a388ee933b835161a949115d5b6937ae54b0a9,2015-08,Essex Police,Essex Police,0.308149,51.476211,On or near FLORENCE CLOSE,E01015951,Thurrock 017A,Investigation complete; no suspect identified
02738229b6faeb37137577e700e1133ac69d9907bf08c7732b0be17ff4e7d6bf,2015-08,Essex Police,Essex Police,0.514623,51.582932,On or near CALVERT DRIVE,E01021309,Basildon 011E,Investigation complete; no suspect identified
35b9ba35595d32c20f37dc3f85a63292b8ef0af07eb1ad6e52c8afcec95c2091,2015-08,Essex Police,Essex Police,0.406524,52.048367,On or near CHURCH HILL,E01021375,Braintree 001A,Investigation complete; no suspect identified
76166586c98769e0c51e69fd7850f2e081680638c944256d6f98a7cb764e5ce2,2015-08,Essex Police,Essex Police,0.333812,51.498203,On or near MEADOW ROAD,E01015995,Thurrock 009E,Investigation complete; no suspect identified
780f9e6ba09936b92ab8b1b931aca05560e82f3da0d2335ee48ff8b86f82b07e,2015-08,Essex Police,Essex Police,0.586793,51.982881,On or near OXFORD MEADOW,E01021399,Braintree 003C,Investigation complete; no suspect identified
17cae910d5a24d8ff8fb8a5d09ab7554cc3d5870beeb848efe0096bf675f2b55,2015-08,Essex Police,Essex Police,1.265604,51.937886,On or near LARKSFIELD CRESCENT,E01022000,Tendring 002A,Investigation complete; no suspect identified
6af9b37d1e4a9ba62cad16e182a5571b769e82a8318698efa5d529375c5ea584,2015-08,Essex Police,Essex Police,0.106661,51.747842,On or near GIBB CROFT,E01021858,Harlow 010B,Investigation complete; no suspect identified
93ee45ef80e198a41439f76ab7e0800d4e53dc88f0242cdd58719622fef25cd9,2015-08,Essex Police,Essex Police,0.497450,51.731579,On or near BARNES MILL ROAD,E01021547,Chelmsford 008D,Investigation complete; no suspect identified
488a393fccb7aafba78d3bcbb606efceb9a45f5262b256e2d7005dae76ddb123,2015-08,Essex Police,Essex Police,0.114475,51.776487,On or near Parking Area,E01021845,Harlow 002B,Investigation complete; no suspect identified
9a7d4647dd00d303c738c7dc91739eee822eabf78f799fca698d08e777e01ccd,2015-08,Essex Police,Essex Police,0.760013,51.529731,On or near BURGES ROAD,E01015893,Southend-on-Sea 016E,Investigation complete; no suspect identified
ecc43b86915e0ee0f8a7c01705d6a8db85a5ac15805ed42fdfbaf78e83bf7031,2015-08,Essex Police,Essex Police,0.498344,51.571166,On or near MORETONS,E01021306,Basildon 013E,Investigation complete; no suspect identified
471339e550837f645846b4116b9a51c4b36e7bc8bd601bc1173b96518dbbfd41,2015-08,Essex Police,Essex Police,0.462235,51.775920,On or near PUDDINGS WOOD LANE,E01021542,Chelmsford 002A,Investigation complete; no suspect identified
d5f8d75bf204a43202486e07952847036a0ca3760d77b9c24954ef5aa5cda15e,2015-08,Essex Police,Essex Police,0.895674,51.887964,On or near CHURCH WALK,E01021649,Colchester 007D,Investigation complete; no suspect identified
adf237a0521d8be6b1e0153f6d0e9e93bde179378b799b0dbb829bc33a9bc2d8,2015-08,Essex Police,Essex Police,0.282470,51.500968,On or near CRANELL GREEN,E01015929,Thurrock 007C,Investigation complete; no suspect identified
432213353e71865463c592e0405acc5e253c5573f0772da174707b4901f039d9,2015-08,Essex Police,Essex Police,0.510300,51.578870,On or near OAKDENE ROAD,E01021303,Basildon 011B,Investigation complete; no suspect identified
58220ac6510314147e80ee29dd54e1fb5bc1ba8bdc74287f26e7698ab6dc6a7d,2015-08,Essex Police,Essex Police,0.895674,51.887964,On or near CHURCH WALK,E01021649,Colchester 007D,Investigation complete; no suspect identified
4b5de1be0f775ca30a24745fb4e57abae3d6fd2ac7c0b53db3eeb21697d7bd2e,2015-08,Essex Police,Essex Police,0.295154,51.602494,On or near FLEMINGS,E01021473,Brentwood 008D,Investigation complete; no suspect identified
25789425142206f228ee4650752370e91c87b003460a9e34b4d2ecab7bebe2be,2015-08,Essex Police,Essex Police,0.515670,51.574699,On or near CLARENDON ROAD,E01021314,Basildon 018B,Investigation complete; no suspect identified
86b73c3f8edb3e5367f081e98d30ce73238e5d5c3e1152c0c69832a0a1e1ac84,2015-08,Essex Police,Essex Police,0.426036,51.615770,On or near LANGHAM CRESCENT,E01021258,Basildon 004E,Investigation complete; no suspect identified
21fe1c67cfd8c326c3cb339a413838286a42de09747d0ebf91312f5b7ee0f188,2015-08,Essex Police,Essex Police,0.384238,51.671565,On or near BAKERS LANE,E01021458,Brentwood 002B,Investigation complete; no suspect identified
a1f445b7e909edd4c1525ad56a539e1993f05179304e27173fb61613f0c52db3,2015-08,Essex Police,Essex Police,0.895984,51.886230,On or near WELLINGTON STREET,E01021683,Colchester 011A,Investigation complete; no suspect identified
acdb690f4d0e2fee2d6fc48472274be5b6d351af07a233fae12c78a5b461d1b2,2015-08,Essex Police,Essex Police,0.484709,51.570961,On or near SOUTH RIDING,E01021322,Basildon 019A,Investigation complete; no suspect identified
ddf4ba0867115d731f1a626ebf3d9ef6a73e7c53924a068e81ab46f87f8ef341,2015-08,Essex Police,Essex Police,0.661486,51.609497,On or near CHERRY CLOSE,E01021940,Rochford 003H,Investigation complete; no suspect identified
e8df6ef3335aa180f6bf00cfe2cca40c1b39e74a7b553d23f3e26d6ac1c12ccb,2015-08,Essex Police,Essex Police,0.110187,51.752320,On or near THE READINGS,E01021861,Harlow 010E,Investigation complete; no suspect identified
10a13019172568795c81ab3db736ea90ea025d45797be252379b0e7aa80b532e,2015-08,Essex Police,Essex Police,0.372825,51.691734,On or near INGATESTONE ROAD,E01021457,Brentwood 002A,Investigation complete; no suspect identified
1520ca337ab6e9b4a65c1d82e731be1b4618c36abd2a56ce23f8c3ca2cd26c8d,2015-08,Essex Police,Essex Police,0.436697,51.627636,On or near HOLBROOK CLOSE,E01021242,Basildon 001C,Investigation complete; no suspect identified
2e4ec5154f9cbdf53667263e1a23b565d1cc70e58de9abdcd3b9c15177ecbea8,2015-08,Essex Police,Essex Police,0.743905,51.550066,On or near VALLANCE CLOSE,E01015886,Southend-on-Sea 009D,Investigation complete; no suspect identified
d6d9f35b8b79766302dab5c711cdb7c49254a76fb00933647963cf1393aaad73,2015-08,Essex Police,Essex Police,0.955962,51.942828,On or near Petrol Station,E01021655,Colchester 001A,Investigation complete; no suspect identified
da15ba3e057178f393e33e3cf3eb7da8d4619340e345153a5d6eb3f6fdc27a21,2015-08,Essex Police,Essex Police,0.545275,51.876294,On or near NEWNHAM CLOSE,E01021365,Braintree 009D,Investigation complete; no suspect identified
76d6321a96e77c2e8acc7fb455e4b3b2f71b6e42e35f13bb603eda8b33bc8b03,2015-08,Essex Police,Essex Police,0.421887,51.582338,On or near ARCHER ROAD,E01021274,Basildon 010D,Investigation complete; no suspect identified
d8fc56c290f7292fc4f5e2981b00b8a276de784311bd52d4920dbecb56ada4a6,2015-08,Essex Police,Essex Police,0.896245,51.888706,On or near HEAD STREET,E01021649,Colchester 007D,Investigation complete; no suspect identified
34ea2cd44d21893c68b1d15fe755284edc24019159cc907b12d62615fa957085,2015-08,Essex Police,Essex Police,0.507506,51.575054,On or near Pedestrian Subway,E01021303,Basildon 011B,Investigation complete; no suspect identified
2cd608dba90dd6a4a7db985b99dd89a58a014a1d8ecd5e10eab1e9b104d57b8d,2015-08,Essex Police,Essex Police,0.056742,51.633326,On or near ROYDON CLOSE,E01021785,Epping Forest 014D,Investigation complete; no suspect identified
8f36d69d019a12bc1b170932da4d666652f9ec79446f03d583b1b397612d00be,2015-08,Essex Police,Essex Police,0.282026,51.488629,On or near Parking Area,E01016011,Thurrock 015B,Investigation complete; no suspect identified
6869a774449f8367a1362e1c8f24214b7504130de1615a9f56ad52149e544b6a,2015-08,Essex Police,Essex Police,0.717040,51.532569,On or near Theme/Adventure Park,E01015851,Southend-on-Sea 015A,Investigation complete; no suspect identified
df85ed480e6cff121b3d2b79297c0b7e19ce31e0a90ee3614de9390a63572482,2015-08,Essex Police,Essex Police,0.480520,51.580682,On or near MAPLESTEAD,E01021267,Basildon 012B,Investigation complete; no suspect identified
b477cea17101d3cd7a3dd8fbb45d3b3d48c278dec68528d4a995a91b651d67d2,2015-08,Essex Police,Essex Police,0.754550,51.812150,On or near ELWIN ROAD,E01021723,Colchester 020A,Investigation complete; no suspect identified
d3afaeee09392b8aa7d44d118b3371b642d90276efb82c5f29b62adbda090538,2015-08,Essex Police,Essex Police,0.513170,51.751784,On or near White Hart Lane,E01033144,Chelmsford 005F,Investigation complete; no suspect identified
5a73008f6e713d192b24529eef52fe01061b09e8c035bc6a24a9e74e397fa519,2015-08,Essex Police,Essex Police,0.515044,51.580360,On or near RIFFAMS COURT,E01021309,Basildon 011E,Investigation complete; no suspect identified
9d9e1f10ec3821a4ee7512454ce048718e43eff4a8a986ea16e2b93a165596ce,2015-08,Essex Police,Essex Police,0.537515,51.600741,On or near ANGLESEY GARDENS,E01021345,Basildon 007E,Investigation complete; no suspect identified
269bac5ec7c0828b5e148e3910dc021bfe46071bfb39a6f6eb6f7def17f74ffb,2015-08,Essex Police,Essex Police,0.844602,51.885218,On or near LONGSTRAW CLOSE,E01021720,Colchester 012C,Investigation complete; no suspect identified
5ba251995628de12538eb06f268bbaa6f406489998f6d7c09f94f4aa29148197,2015-08,Essex Police,Essex Police,0.741056,51.551158,On or near ARCHER AVENUE,E01015886,Southend-on-Sea 009D,Investigation complete; no suspect identified
98204d5c14dcfe458dc71ea48ce69383452fd5bc8515cd5dcd0381f19b125a07,2015-08,Essex Police,Essex Police,0.513170,51.751784,On or near White Hart Lane,E01033144,Chelmsford 005F,Investigation complete; no suspect identified
a21604d67b8c5421970df7eb661db97390bc6a59b1939e3ca557e0dd740a3786,2015-08,Essex Police,Essex Police,0.261741,51.889938,On or near Airport/Airfield,E01022090,Uttlesford 006B,Investigation complete; no suspect identified
4fb986f6b223447216208494866ae04ac7ef16a377b980deaa818b76c46348bf,2015-08,Essex Police,Essex Police,1.157734,51.805650,On or near MARTINSDALE,E01022041,Tendring 010D,Investigation complete; no suspect identified
26cb346ac1b04371f7831c010bd61a8a97081e0a85e69307ecec598038d5fd5b,2015-08,Essex Police,Essex Police,0.653938,51.543233,On or near Police Station,E01015849,Southend-on-Sea 011E,Investigation complete; no suspect identified
99fb0bfc95b312f75aca1cd914fa90f51b5c29aa5e4eca07d00458f693e89a8e,2015-08,Essex Police,Essex Police,0.505218,51.751045,On or near LOBELIA CLOSE,E01021618,Chelmsford 007A,Investigation complete; no suspect identified
d8488ac47b99068556a01212a50d1d000cc07ab608f8d424ce2b2f80ff65f8b8,2015-08,Essex Police,Essex Police,0.298143,51.606770,On or near ALBERT STREET,E01021472,Brentwood 008C,Investigation complete; no suspect identified
6965d2893a7eeece7374a62a6d375334301191a14b9d73c3cfa0bdc580267f9e,2015-08,Essex Police,Essex Police,1.140001,51.807465,On or near REIGATE AVENUE,E01021976,Tendring 013B,Investigation complete; no suspect identified
a12270514cee467564099d2f3425af17ffa0c1dbb3a11ff0320cd84124fdd5f4,2015-08,Essex Police,Essex Police,0.286191,51.637076,On or near MAIZEY COURT,E01021463,Brentwood 006C,Investigation complete; no suspect identified
41574152c4ead766d5b2c498fb2e4a49c51a5081ad06c650ad98ba8833fa6da9,2015-08,Essex Police,Essex Police,0.255580,51.506173,On or near Sports/Recreation Area,E01015923,Thurrock 008B,Investigation complete; no suspect identified
59dd3725770f37df082cac2e90c57de4a4170c05472d330a090f0fdc50a868d2,2015-08,Essex Police,Essex Police,0.326550,51.630186,On or near ROCKLEIGH COURT,E01021465,Brentwood 005D,Investigation complete; no suspect identified
20efc01e74a2bd84b6b1a912c3140f545c7cae569eacfb39b46069585ad10164,2015-08,Essex Police,Essex Police,1.052755,51.938845,On or near NICHOLS CLOSE,E01022014,Tendring 003C,Investigation complete; no suspect identified
45ac00468eb9d8901e2faefbd02e1f53b2dcd8dc9cd806dcf29a33f77fe035d3,2015-08,Essex Police,Essex Police,0.664742,51.595042,On or near SUDBURY CLOSE,E01021933,Rochford 003A,Investigation complete; no suspect identified
f8296dcffd8b98cfae185078752ae023f97211d1c12029af34cca04349908709,2015-08,Essex Police,Essex Police,0.446634,51.563353,On or near RENACRES,E01021294,Basildon 020A,Investigation complete; no suspect identified
58b3dc1164f975da09d42f17b7ea3c53e714729287057646305e8017646ce8d5,2015-08,Essex Police,Essex Police,0.677907,51.789801,On or near LEA LANE,E01021912,Maldon 002C,Investigation complete; no suspect identified
3b74d393c512a89efb79b284eabca3d40ba5b7570db24339290ca2b8d8d30e3f,2015-08,Essex Police,Essex Police,0.484601,51.742085,On or near HILLARY CLOSE,E01021622,Chelmsford 007C,Investigation complete; no suspect identified
6bfad487b6479643e0482ac1bafc98a2a155ac193dc486f4e784a0bb9e823d9b,2015-08,Essex Police,Essex Police,1.283255,51.937278,On or near ORWELL ROAD,E01022001,Tendring 001D,Investigation complete; no suspect identified
c8e605d70ed109b3616876b865b09074da1944069ffbce9db05f34c2851340e7,2015-08,Essex Police,Essex Police,0.471839,51.572348,On or near THISTLEDOWN,E01021318,Basildon 015C,Investigation complete; no suspect identified
2a79ec253db858c2df954e13f36dba7ec60d1e5871c53ac8cdcd6e00f751a62e,2015-08,Essex Police,Essex Police,0.502928,51.548207,On or near Park/Open Space,E01021310,Basildon 022B,Investigation complete; no suspect identified
dff28852b9e4905503fc81c692e5e8cc8abd5de33d1f30fb4451f2961742b4f5,2015-08,Essex Police,Essex Police,0.491610,51.569412,On or near ELSENHAM CRESCENT,E01021326,Basildon 022D,Investigation complete; no suspect identified
5489671f9aa12f1c7e2d793ded403d606918fcb80d47fb6c0f52c4343c1cbc6e,2015-08,Essex Police,Essex Police,0.301760,51.624020,On or near WATERLOO ROAD,E01021433,Brentwood 007A,Investigation complete; no suspect identified
1d14a8ccd33a4edf3236a9a715019f20cdf2470c41dfd3b3c77189417ecd21b8,2015-08,Essex Police,Essex Police,0.770499,51.529537,On or near PENTLAND AVENUE,E01015919,Southend-on-Sea 017F,Investigation complete; no suspect identified
d9f89c3a576d6d3c85800fd79f4e213f39b039c4b0cee1c8789529dc0f09bf5a,2015-08,Essex Police,Essex Police,1.221435,51.847228,On or near HALSTEAD ROAD,E01022009,Tendring 008E,Investigation complete; no suspect identified
01bbaabdbcfd39c8a067a947832df06791210ddfdd99a2995cc2d11ca9999428,2015-08,Essex Police,Essex Police,0.774593,51.528577,On or near STROMA GARDENS,E01015920,Southend-on-Sea 017G,Investigation complete; no suspect identified
5d130aa6fd612dd9699f45be37ad7c0ce372ed2cb0fe2b3d02c51a93fcbf4b34,2015-08,Essex Police,Essex Police,0.601720,51.589874,On or near STATION ROAD,E01021964,Rochford 008E,Investigation complete; no suspect identified
1193f7a818214bda3eaa09d10bb6c78a675d328938791d0fefde8ecec7f750b3,2015-08,Essex Police,Essex Police,0.472270,51.734594,On or near TINDAL STREET,E01033141,Chelmsford 010G,Investigation complete; no suspect identified
a461908732830089ee9833b62f152f9830238855f526291018d155c784b79e0c,2015-08,Essex Police,Essex Police,0.301597,51.618528,On or near Parking Area,E01021436,Brentwood 007B,Investigation complete; no suspect identified
a0d4d9f07f1aa583f9ed6da8c264cb7ea332a8be10e80366e9831e7d0dcd3ea5,2015-08,Essex Police,Essex Police,0.698573,51.536071,On or near WESTCLIFF AVENUE,E01015853,Southend-on-Sea 015C,Investigation complete; no suspect identified
a51ad3d18a6cdaba3a3e6edbc877e70f2548be922361a622de85f18e907c0e64,2015-08,Essex Police,Essex Police,0.481875,51.734904,On or near WEIGHT ROAD,E01033141,Chelmsford 010G,Investigation complete; no suspect identified
bf5987625319e5a6a8e7f101358996a845ff3636a333c3ec341fe397ce8bc986,2015-08,Essex Police,Essex Police,0.567054,51.876036,On or near CHAPEL HILL,E01021368,Braintree 011A,Investigation complete; no suspect identified
46ac196bf3eac1135dd450abed26306739085ada2f3b4c5b03fa378ba4a92cf2,2015-08,Essex Police,Essex Police,0.904292,51.884343,On or near FAIRFAX ROAD,E01021683,Colchester 011A,Investigation complete; no suspect identified
bfdb2e1a96c759262dd5d38c89ee6c1a979b9c1768b91fc77177d4a8225cd201,2015-08,Essex Police,Essex Police,0.262613,51.888213,On or near Parking Area,E01022090,Uttlesford 006B,Investigation complete; no suspect identified
f7e123f612867da19a973d655c4626e751eddefe6f2d9799cc5036e29d1771f2,2015-08,Essex Police,Essex Police,1.024285,51.818190,On or near LOVE LANE,E01021983,Tendring 009B,Investigation complete; no suspect identified
1a1fa2999ecd6d072e560ae0418d96ef4127840930eb7eea063a7188f7568f03,2015-08,Essex Police,Essex Police,0.713438,51.535279,On or near ALEXANDRA STREET,E01015852,Southend-on-Sea 015B,Investigation complete; no suspect identified
72d3eb9e394adeedd1bb082bb010e04a6e6b574697317f511a4b0093b67dd5cb,2015-08,Essex Police,Essex Police,0.777216,51.819261,On or near NEWBRIDGE ROAD,E01021643,Colchester 019A,Investigation complete; no suspect identified
b6820291725ca91bcfd881964554354ea9b13d39b001210d383466c2572b4fbd,2015-08,Essex Police,Essex Police,0.443114,51.583274,On or near Pipps Hill Retail Park,E01021268,Basildon 015B,Investigation complete; no suspect identified
1f384aaccb94737bb5b6f52deed6a59ef9decb58fc027d90d1317b2113f7ba75,2015-08,Essex Police,Essex Police,0.319731,51.477969,On or near Parking Area,E01015953,Thurrock 017C,Investigation complete; no suspect identified
6d37a9ca3e0b704b6a07b92756627f59f0c219d2afbe571a50a74e9a43405156,2015-08,Essex Police,Essex Police,0.785829,51.534768,On or near Parking Area,E01015882,Southend-on-Sea 013G,Investigation complete; no suspect identified
e81dd771ad504a0f0fe95858c8100cf2c913f7d29f790c236d84e9cbca0e4373,2015-08,Essex Police,Essex Police,0.294551,51.617731,On or near Police Station,E01021439,Brentwood 007C,Investigation complete; no suspect identified
e508c1f5abd8f76a917d04505a115d0a4c49ee9e0e3ef484c1e503a74e6b16f5,2015-08,Essex Police,Essex Police,0.063427,51.675222,On or near B172,E01021806,Epping Forest 009A,Investigation complete; no suspect identified
21c4cd14e10161463680efc57f17c6e28a3e9b4266b58897ba4bd07e58f46dad,2015-08,Essex Police,Essex Police,0.103241,51.776194,On or near SCHOOL LANE,E01021853,Harlow 003E,Investigation complete; no suspect identified
ac87ab2cef927a30465515b58b6e3722a5cce24211dad60b35a93522421dac0d,2015-08,Essex Police,Essex Police,1.172795,51.802564,On or near SHRUBLAND COURT,E01022050,Tendring 014E,Investigation complete; no suspect identified
27dff8f3f4e46312c2378d7854ad962f13e07f98bc4520d2b5b24da10f1a6696,2015-08,Essex Police,Essex Police,0.247641,51.504437,On or near B1335,E01015923,Thurrock 008B,Investigation complete; no suspect identified
6c84e97e7c5c16f8fb64c4498c04a3d0bc3e02725f3c82225efba0eb69247745,2015-08,Essex Police,Essex Police,0.643144,51.799195,On or near Shopping Area,E01021416,Braintree 017B,Investigation complete; no suspect identified
b57d23aa303e3b684d377cc4547af14790fb29ac708a9589993202bdbe575741,2015-08,Essex Police,Essex Police,0.442273,51.710130,On or near Parking Area,E01021634,Chelmsford 011D,Investigation complete; no suspect identified
0e744f937d6aed813e8c6841c5944a0e076b45dfe722012271b0d6e6f99548b2,2015-08,Essex Police,Essex Police,0.927139,51.912296,On or near BIGNALLS CROFT,E01033720,Colchester 002F,Investigation complete; no suspect identified
7aba526ac2286f191d9057a408595b1a615e416a2417af9c2ecf76fae31a3d3a,2015-08,Essex Police,Essex Police,0.231185,51.486442,On or near RAPIER CLOSE,E01016014,Thurrock 015E,Investigation complete; no suspect identified
6ae97f19f33a3c36260c4d4fc3a0184475ed7fc0a3508514faa2a043074899c9,2015-08,Essex Police,Essex Police,0.919605,51.890323,On or near EAST STREET,E01021706,Colchester 022H,Investigation complete; no suspect identified
930d81ebd5f6ff361d887c3355245eafb6470bcafdf33157aa795864aca11ecc,2015-08,Essex Police,Essex Police,0.736659,51.545441,On or near SOUTH AVENUE,E01015887,Southend-on-Sea 009E,Investigation complete; no suspect identified
e7c86ff69a51dc41a721c851127a0ce99159c4a9783cf8d7294e3b7d6682d80f,2015-08,Essex Police,Essex Police,0.129738,51.791220,On or near Bus/Coach Station,E01021848,Harlow 002E,Investigation complete; no suspect identified
e5d7f779000a0bdc6881ece369c6941a083b70f4d6d75d411a3152cafc9f499b,2015-08,Essex Police,Essex Police,0.082836,51.647128,On or near Supermarket,E01021776,Epping Forest 011C,Investigation complete; no suspect identified
b30aa1c5303acbbab5ab3b206d1b79bc8fc6e5fc1c56277e2e2033992bf22b1a,2015-08,Essex Police,Essex Police,0.810850,51.554434,On or near WEDDS WAY,E01021923,Rochford 010D,Investigation complete; no suspect identified
0a8a82a3f7d4870edeae6aa603862c76a9353fdfff8e52a8c62857183b16ae4e,2015-08,Essex Police,Essex Police,0.068665,51.617478,On or near CHIGWELL PARK DRIVE,E01021751,Epping Forest 016C,Investigation complete; no suspect identified
03b1f240ee603687b063b79a31b721a8e9de09e143af70676b7d590d113ef9af,2015-08,Essex Police,Essex Police,0.106661,51.747842,On or near GIBB CROFT,E01021858,Harlow 010B,Investigation complete; no suspect identified
2cf381713e30401afb1f003dc1a881882eaf8e55b3b8e8ad226f14fdf7fe2a72,2015-08,Essex Police,Essex Police,0.442562,51.716294,On or near Park/Open Space,E01021634,Chelmsford 011D,Investigation complete; no suspect identified
588d373fcb826cb89da6c73e7745ac94c62e089ecb4f754544d2302a3c1a090b,2015-08,Essex Police,Essex Police,0.690997,51.542100,On or near CRANLEY ROAD,E01015831,Southend-on-Sea 012E,Investigation complete; no suspect identified
9bfa91f9616fc604c2a38a140a14d1dd40d936e456414944aca2031a6b4d4f59,2015-08,Essex Police,Essex Police,0.442562,51.716294,On or near Park/Open Space,E01021634,Chelmsford 011D,Investigation complete; no suspect identified
75d35e4b01be447334c8e9da318cf4789cb94945a5b7abbfa6dd119fa6b68a53,2015-08,Essex Police,Essex Police,0.024157,51.682676,On or near EAGLE CLOSE,E01021810,Epping Forest 008D,Investigation complete; no suspect identified
b0e6470d57dfcebe6df933fd7ad80b8ab01d9178bd0ad22de83a03df5e754a11,2015-08,Essex Police,Essex Police,0.442562,51.716294,On or near Park/Open Space,E01021634,Chelmsford 011D,Investigation complete; no suspect identified
e4b9e187c2fb50a2f522356427df1028fd56599defe51d0ae2b3f41d8ad67794,2015-08,Essex Police,Essex Police,0.442273,51.710130,On or near Parking Area,E01021634,Chelmsford 011D,Investigation complete; no suspect identified
b47d1310d8d50cfee0507cfae9173439dbf833d99f97410988f2072f356a8881,2015-08,Essex Police,Essex Police,0.587428,51.982535,On or near Sports/Recreation Area,E01021399,Braintree 003C,Investigation complete; no suspect identified
b3603c803e44ba86365ab906c7ed37c3638f9bb5cabf48cae24d8a5dd17d9dac,2015-08,Essex Police,Essex Police,0.303127,51.866537,On or near CHURCH LANE,E01022090,Uttlesford 006B,Investigation complete; no suspect identified
1e127c3c442aa0cc5905af5a297aa4873b1dd195654fe7254024eb49e64664a4,2015-08,Essex Police,Essex Police,0.099227,51.748110,On or near MAUNDS HATCH,E01021860,Harlow 010D,Investigation complete; no suspect identified
39e152709b1ccf537c64882444e6a44a13260376c881ed293b0258a0c4a5c0d1,2015-08,Essex Police,Essex Police,0.231185,51.486442,On or near RAPIER CLOSE,E01016014,Thurrock 015E,Investigation complete; no suspect identified
7de22f0ae8fdbe1126cc8d2b8c8efcd77814e60546dc261dabaa6a1622f784fd,2015-08,Essex Police,Essex Police,0.619503,51.804239,On or near YARE AVENUE,E01021427,Braintree 016C,Investigation complete; no suspect identified
bf55d7fb79936917515e93b946ebedc246b4bc0e9460786434d9daa47712a388,2015-08,Essex Police,Essex Police,0.486281,51.558778,On or near RYEDENE CLOSE,E01021311,Basildon 022C,Investigation complete; no suspect identified
d7dc508c79f5eee44518009835a513954d9d597232c54dbd95ee9d3df9d4d6f0,2015-08,Essex Police,Essex Police,1.128869,51.803859,On or near ST JOHN'S ROAD,E01021977,Tendring 013C,Investigation complete; no suspect identified
2e7b67d8b7b1f7f9be74618e63444a3096c14bf6da2c86e7ceb82d46b715f2e6,2015-08,Essex Police,Essex Police,0.412395,51.728077,On or near CHEQUERS ROAD,E01021635,Chelmsford 011E,Investigation complete; no suspect identified
33c8e5059a67bd947bb0f5a7cbfc91f5795ede34855b6995bb7cbd61103a4000,2015-08,Essex Police,Essex Police,1.150195,51.799691,On or near Park/Open Space,E01021970,Tendring 016A,Investigation complete; no suspect identified
079fdf609aed13062da0876814d7a657ffa18b40b45d75aebe78d5e977da2e77,2015-08,Essex Police,Essex Police,0.681527,51.727853,On or near BARRELL CLOSE,E01021889,Maldon 004A,Investigation complete; no suspect identified
6d04a72055e6f48d59961146e1d86ac25ae9cca2b32fcc54a3cec39a826ba311,2015-08,Essex Police,Essex Police,,,No location,,,Investigation complete; no suspect identified
328c0d294bfae74fdccd102b8de077be382064f74ee19c85ddc36ca283ed1367,2015-08,Essex Police,Essex Police,0.442562,51.716294,On or near Park/Open Space,E01021634,Chelmsford 011D,Investigation complete; no suspect identified
def4ff4fa4547e9ffb3ccedede9af10655df9eff535fb53a0c97bb665cbd6e38,2015-08,Essex Police,Essex Police,0.573475,51.875500,On or near Sports/Recreation Area,E01021369,Braintree 012D,Investigation complete; no suspect identified
af36e9c63e4fec11080547362897f53f1124409f2bc097d1f8a015c89660c4c4,2015-08,Essex Police,Essex Police,0.442562,51.716294,On or near Park/Open Space,E01021634,Chelmsford 011D,Investigation complete; no suspect identified
98007a3c17545a0c7bfe7787911bdf091c084a0c3c4265ea9673b452fa761044,2015-08,Essex Police,Essex Police,0.962721,51.956400,On or near IPSWICH ROAD,E01021655,Colchester 001A,Investigation complete; no suspect identified
b718918f4fe5d4f1920e19eb16b967b5f61292dcdeff1bb4e5d62b32efd43787,2015-08,Essex Police,Essex Police,0.450666,51.818429,On or near Parking Area,E01021539,Chelmsford 001B,Investigation complete; no suspect identified
561b3101f3ef317e61aabceb2103e6bdd86fe47989c659896479e72faf1ae46b,2015-08,Essex Police,Essex Police,0.340598,51.634448,On or near HALSTEAD WAY,E01021453,Brentwood 005B,Investigation complete; no suspect identified
531f91da6bc896956c6099fea46110baab5790b81ccf12d1ee459bd5d9cec92e,2015-08,Essex Police,Essex Police,0.710469,51.844508,On or near SHERWOOD WAY,E01021403,Braintree 014F,Investigation complete; no suspect identified
389431defa0c8502d00227a6233dc2bffa98c4b4f1d978f9ff1d55dc78dbbfd2,2015-08,Essex Police,Essex Police,0.074243,51.755208,On or near Pedestrian Subway,E01021829,Harlow 009A,Investigation complete; no suspect identified
f5239df1b3f18cfff2f4360559ded457a662f72a5d38b746fc7c9b9dff8563f0,2015-08,Essex Police,Essex Police,0.555623,51.556226,On or near SOUTH VIEW ROAD,E01021524,Castle Point 007E,Investigation complete; no suspect identified
ba8cf9429a56ca26b7050825faa6839383a435d6a6f91e5fdb54ebfaacd68117,2015-08,Essex Police,Essex Police,0.474327,51.602720,On or near HIGH VIEW RISE,E01021260,Basildon 009D,Investigation complete; no suspect identified
9437c0d91be65ca6d61f5299cdcfd2c9484de893a85183deacf298aadaadb858,2015-08,Essex Police,Essex Police,0.128524,51.777456,On or near A414,E01021857,Harlow 001D,Investigation complete; no suspect identified
5e2c92a2687a1512c923554cece0453f846731d87b98f03f9f12d592667d2455,2015-08,Essex Police,Essex Police,0.326550,51.630186,On or near ROCKLEIGH COURT,E01021465,Brentwood 005D,Investigation complete; no suspect identified
3e26988f31f719cdb2b8eb7d25c1696a284c2eb068f30d5af231a9df6f6c3cd7,2015-08,Essex Police,Essex Police,0.889018,51.866445,On or near BERECHURCH ROAD,E01033723,Colchester 015G,Investigation complete; no suspect identified
1a8773a9b8a971b91865d20f8893975a20ee50f3db8a9926d4fa9ad5c081a418,2015-08,Essex Police,Essex Police,0.442562,51.716294,On or near Park/Open Space,E01021634,Chelmsford 011D,Investigation complete; no suspect identified
cb3d5efba593eb683a0d0b0eba0ab33baad2558d93a4ecf2a058aff41d469e0c,2015-08,Essex Police,Essex Police,0.155332,51.776923,On or near HOBBS CROSS ROAD,E01021857,Harlow 001D,Investigation complete; no suspect identified
447de7a375b8e307c09a503ea082b512e7488ce52515208164fbacef8edcc43e,2015-08,Essex Police,Essex Police,0.442562,51.716294,On or near Park/Open Space,E01021634,Chelmsford 011D,Investigation complete; no suspect identified
9a79746e88409b9a3d797a584a4c6b6f6ebaf25cddc50fa02e6a240ee77c68e9,2015-08,Essex Police,Essex Police,0.902108,51.780700,On or near THE LANE,E01021734,Colchester 021D,Investigation complete; no suspect identified
5edef461c705c2a0fe86e2318cd5249c698a00504a2d378dfa2002cf24ee8886,2015-08,Essex Police,Essex Police,0.442562,51.716294,On or near Park/Open Space,E01021634,Chelmsford 011D,Investigation complete; no suspect identified
07503c0f7f4c9e750747adc10a4afd2f0f9140b6cab61bc490e3a949e1c80130,2015-08,Essex Police,Essex Police,0.473482,51.731591,On or near BARRACK SQUARE,E01033140,Chelmsford 010F,Investigation complete; no suspect identified
86d3bfa83b5d0e1e018bc788ae1144852189fb91616c305ec219a66ebfadba74,2015-08,Essex Police,Essex Police,0.623101,51.802243,On or near DOUGLAS GROVE,E01021429,Braintree 016D,Investigation complete; no suspect identified
c30572ad3e62f133aba86213830442ead1b73161aada1d16be4d13b3d51c4100,2015-08,Essex Police,Essex Police,0.359020,51.461240,On or near MALTA ROAD,E01016003,Thurrock 018A,Investigation complete; no suspect identified
26cb475fbd340f9731d6f80750fd0d8e701450a350a9fe108eb1067da4397860,2015-08,Essex Police,Essex Police,0.687001,51.740058,On or near THE STREET,E01021886,Maldon 003C,Investigation complete; no suspect identified
e03ac6e6c0650eaed69360222d0a9286de06d066451c1978899cb3fceb0b9222,2015-08,Essex Police,Essex Police,0.231185,51.486442,On or near RAPIER CLOSE,E01016014,Thurrock 015E,Investigation complete; no suspect identified
128d796cc6f632cbda43d07abb7817ef55e188bf4ef3ca21bb03256152eac715,2015-08,Essex Police,Essex Police,0.665224,51.539892,On or near GRAND PARADE,E01015848,Southend-on-Sea 011D,Investigation complete; no suspect identified
84ba66b0a937aad8f2044fd7d7b62b7226ac7050fa47ff9976ae73763d3640ab,2015-08,Essex Police,Essex Police,0.442562,51.716294,On or near Park/Open Space,E01021634,Chelmsford 011D,Investigation complete; no suspect identified
4e8c88c59913aa8402ae57007699f5f32a7d0a19f97caccf2e859311569d9e3f,2015-08,Essex Police,Essex Police,0.287890,51.870566,On or near DRYVERS CLOSE,E01022090,Uttlesford 006B,Investigation complete; no suspect identified
586d6b871a9e6efe1e6fac51aea03e53bfd729225247f17adf57e17d919b8fb9,2015-08,Essex Police,Essex Police,0.122226,51.757535,On or near TRACYES ROAD,E01021821,Harlow 008A,Investigation complete; no suspect identified
4b4f8b794f951a4c81daa7ce327239efdf606dc0c4ea604dbe114614f1db90d7,2015-08,Essex Police,Essex Police,0.539000,51.617526,On or near WHIST AVENUE,E01021337,Basildon 007B,Investigation complete; no suspect identified
1e3377706db0344105703dc7929cf3d93b043a29fc46567acdcf71506d4151b8,2015-08,Essex Police,Essex Police,0.757140,51.532766,On or near TYRONE ROAD,E01015890,Southend-on-Sea 016B,Investigation complete; no suspect identified
a92a2763bb6eda222ddf6dbb02d66a4ab5df005c7b87817cb7debabe8fbf3328,2015-08,Essex Police,Essex Police,0.083956,51.774181,On or near PARK MEAD,E01021839,Harlow 004A,Investigation complete; no suspect identified
362180021cbedb0d0d96b7cac89da263ba8363d4c8aae7a6b916c256762c25e1,2015-08,Essex Police,Essex Police,0.178666,51.722321,On or near BLACKHORSE LANE,E01021797,Epping Forest 001C,Investigation complete; no suspect identified
8724941338291336bdc533bdf25cdfbb0ac64a982844a16b60c7b2c40bf4924f,2015-08,Essex Police,Essex Police,1.139374,51.791769,On or near WINDSOR ROAD,E01022032,Tendring 015E,Investigation complete; no suspect identified
d47481b6460386bd1c4ff0b567a250f3d1b44a877852ec0f5767d094a1992314,2015-08,Essex Police,Essex Police,0.668685,51.539633,On or near CLIFF GARDENS,E01015848,Southend-on-Sea 011D,Investigation complete; no suspect identified
638bdb1b1036f78a31743921d981c27ab2989bc855d97b18815ffcab429dbb54,2015-08,Essex Police,Essex Police,0.706444,51.540387,On or near LONDON ROAD,E01015895,Southend-on-Sea 010A,Investigation complete; no suspect identified
06fbb085b0230d330cdd60e484ba2831f0dc8a2dd75b72b1d79ee248da07c6e5,2015-08,Essex Police,Essex Police,0.455633,51.743756,On or near CHRISTY AVENUE,E01021573,Chelmsford 009A,Investigation complete; no suspect identified
640b85bc692516bf7e1161a9761ec7f0ce6fa2f1f82403a8815164e4ea2bdbe8,2015-08,Essex Police,Essex Police,0.514754,51.569098,On or near HALSTOW WAY,E01021313,Basildon 018A,Investigation complete; no suspect identified
dd673686ff2da70af37f61fd29cca63aaf0d1fa94da2b23c42ad36e1335df1d5,2015-08,Essex Police,Essex Police,0.442562,51.716294,On or near Park/Open Space,E01021634,Chelmsford 011D,Investigation complete; no suspect identified
3868c384f37aa4c6f35ffdac8fac34cb8dddbb0ee1d2c88c278e704d2b389e58,2015-08,Essex Police,Essex Police,-0.005443,51.735582,On or near GREEN LANE,E01021792,Epping Forest 002B,Investigation complete; no suspect identified
f3f2060743eb5af8251ceab47e1aca4fbac36e7259c0d0eee68a699e386a1c4c,2015-08,Essex Police,Essex Police,0.442562,51.716294,On or near Park/Open Space,E01021634,Chelmsford 011D,Investigation complete; no suspect identified
ecac7ec4b7ee2d4a3b2322866e654ff81399015685da16dcc642559822847a45,2015-08,Essex Police,Essex Police,0.728256,51.532273,On or near BURNABY ROAD,E01015841,Southend-on-Sea 014C,Investigation complete; no suspect identified
daf028c543dabd0f797dc40f9cdfcd5b6a5054375830e1f92d284a08e4990b03,2015-08,Essex Police,Essex Police,0.878844,51.881156,On or near AUDLEY ROAD,E01021653,Colchester 013C,Investigation complete; no suspect identified
2428479ea40a29f6cbdc41c7ec2335d35ba77b9f5b8f06904328794fddcf86e2,2015-08,Essex Police,Essex Police,0.881071,51.873484,On or near HOLLYTREE COURT,E01033723,Colchester 015G,Investigation complete; no suspect identified
c89fc9cc74e41e8d0192d086794d8be0f40b91115680bb50e89dc732c45da885,2015-08,Essex Police,Essex Police,0.907789,51.889653,On or near ST. JAMES' RISE,E01021648,Colchester 007C,Investigation complete; no suspect identified
5f10e49064d27210e90ca3937963741402f3aa9fcd11135ea396beb3ad296bd3,2015-08,Essex Police,Essex Police,0.724776,51.550296,On or near SELBOURNE ROAD,E01015871,Southend-on-Sea 006C,Investigation complete; no suspect identified
10792f993c67ef852d47e167dd01d32b35fc0cc5503638a8d3d8803a21f61bb3,2015-08,Essex Police,Essex Police,0.135652,51.704883,On or near COOPERSALE COMMON,E01021756,Epping Forest 006A,Investigation complete; no suspect identified
069bd0d6e5dd5183f3f17e92265aaf8d81eb28d42b44a63c4b417ea0bcabd80d,2015-08,Essex Police,Essex Police,0.319166,51.692752,On or near Supermarket,E01021469,Brentwood 001E,Investigation complete; no suspect identified
223ec0bdcff72a42aaa54fe8fecb583bd7cad38a81bfa7361dd35bcc2b7dec4b,2015-08,Essex Police,Essex Police,0.893532,51.917264,On or near Parking Area,E01021680,Colchester 004B,Investigation complete; no suspect identified
49b2b22b102553731fd914ba24a551309792a6ce26fbfbdfaab975eafc48377c,2015-08,Essex Police,Essex Police,0.079194,51.622184,On or near HIGH MEAD,E01021750,Epping Forest 016B,Investigation complete; no suspect identified
93bbeecc4510f1e5e79c8bc83f3e14682697a659309cee0869db6e0c59ef9293,2015-08,Essex Police,Essex Police,0.548101,51.559223,On or near WAVERTREE ROAD,E01021523,Castle Point 007D,Investigation complete; no suspect identified
d73ee697c21a6ddc8c446d1dc358cb58cf1512deb5fe844bfbeeabd80e2476cf,2015-08,Essex Police,Essex Police,0.290712,51.682042,On or near SOAMES MEAD,E01021470,Brentwood 001F,Investigation complete; no suspect identified
19339ad7c20d003c1756dc6a32b19795a491244844c4a6abfe317d4338a326fa,2015-08,Essex Police,Essex Police,0.045084,51.625382,On or near Supermarket,E01021748,Epping Forest 015G,Investigation complete; no suspect identified
b4a8159545a6369ce9d726c7031f3683b30a170be88ec183542ae89e5baa376c,2015-08,Essex Police,Essex Police,0.591181,51.519337,On or near Sports/Recreation Area,E01021498,Castle Point 011B,Investigation complete; no suspect identified
52b8341d61cc5ddb9615ace0e7f6061a2212e67d62e6ea2fa061470ef1ec7ac9,2015-08,Essex Police,Essex Police,0.800513,51.829410,On or near WINTER'S ROAD,E01021643,Colchester 019A,Investigation complete; no suspect identified
b466204a3fb67e04b20c1fecd5aa6f2063447a39a6271b1ffceb7256b258cfca,2015-08,Essex Police,Essex Police,0.893532,51.917264,On or near Parking Area,E01021680,Colchester 004B,Investigation complete; no suspect identified
abe9b31d3ab12d45a9584f2cfeaea49878f2e07fe44ce7ab2cd8cc9c8611140d,2015-08,Essex Police,Essex Police,0.442562,51.716294,On or near Park/Open Space,E01021634,Chelmsford 011D,Investigation complete; no suspect identified
af312e0bf85e8257b0b9905f23960ad009cfd07064269c7d387ad23cddacbe17,2015-08,Essex Police,Essex Police,0.851585,51.889689,On or near LONDON ROAD,E01021675,Colchester 009C,Investigation complete; no suspect identified
731a12003836ae4d92527731b977b8b0933ec1084f2d7de5652f2c781ab08869,2015-08,Essex Police,Essex Police,0.279535,51.867932,On or near BROADFIELD ROAD,E01022091,Uttlesford 006C,Investigation complete; no suspect identified
1e3371d5cc687e72cfa66f85f03f7eba990a4d3fedd5b74e97f7cca82763bd6b,2015-08,Essex Police,Essex Police,0.658506,51.572088,On or near KENDAL WAY,E01015838,Southend-on-Sea 001F,Investigation complete; no suspect identified
735d7267606a6d245aba6c25399febc1fd373eead3c738a5c40e0b3549166c40,2015-08,Essex Police,Essex Police,0.567357,51.885940,On or near ORION WAY,E01021353,Braintree 009B,Investigation complete; no suspect identified
564554ccf870518138954ad0799869c9d0464385e9a494728ab43aca66d82b6c,2015-08,Essex Police,Essex Police,0.840039,51.864715,On or near MALDON ROAD,E01021721,Colchester 012D,Investigation complete; no suspect identified
c66bdc9b65aa05ad9928e3f00afd125edefbd04b7848c6a206ad97a24045f260,2015-08,Essex Police,Essex Police,0.477646,51.571371,On or near BROWNLOW CROSS,E01021320,Basildon 015D,Investigation complete; no suspect identified
f9d064eb8c738ba233b3f9d3dafc3b40f875a89a91195781df96915fc3496a83,2015-08,Essex Police,Essex Police,0.648002,51.573135,On or near WREN AVENUE,E01015836,Southend-on-Sea 001D,Investigation complete; no suspect identified
70907421e2c0a15cd93f831191f03f95fb87dc06f8c37b8965f082d18fc2d9b2,2015-08,Essex Police,Essex Police,0.309437,51.673618,On or near WHITELANDS,E01021471,Brentwood 001G,Investigation complete; no suspect identified
8afbca8348cb986cc5861f650c3b6ecf0eb44d85f081fbd79bb5f60f0762dbd6,2015-08,Essex Police,Essex Police,0.041518,51.769486,On or near Parking Area,E01021801,Epping Forest 002E,Investigation complete; no suspect identified
7153a939ff4692840d4b9bed32fc91962d567c95121c4466043299e438f2f17f,2015-08,Essex Police,Essex Police,0.747579,51.532280,On or near COLBERT AVENUE,E01015889,Southend-on-Sea 016A,Investigation complete; no suspect identified
fc7be9c9934684bdb65eea900152e8d0e3aec21a700744ffd5490e60e6255065,2015-08,Essex Police,Essex Police,0.284551,51.869462,On or near HONEY ROAD,E01022090,Uttlesford 006B,Investigation complete; no suspect identified
3e0ebf4b5aa245ecc5b5007742f06ba432327c29d899a158075a3cac5142f364,2015-08,Essex Police,Essex Police,0.442562,51.716294,On or near Park/Open Space,E01021634,Chelmsford 011D,Investigation complete; no suspect identified
48e4af221c7c7fb8f807bb53b27d6238d5c0cfdd2fa59d21b7ac67354ad138ff,2015-08,Essex Police,Essex Police,0.486875,51.559089,On or near RYEDENE PLACE,E01021311,Basildon 022C,Investigation complete; no suspect identified
6d2e84793084659610080212b0c380ecc055db0d5fcb55079a97a9577ff4b8cd,2015-08,Essex Police,Essex Police,0.128948,51.760282,On or near CARTERS MEAD,E01021836,Harlow 008D,Investigation complete; no suspect identified
aff3346500a51a818de4b3798d5303589b28ab6e03494b28d96cc478677a8c90,2015-08,Essex Police,Essex Police,0.706444,51.540387,On or near LONDON ROAD,E01015895,Southend-on-Sea 010A,Investigation complete; no suspect identified
2e31817689c1e3370361088001890e5c3be74b064dc4d30c49be8aaed91ab6f9,2015-08,Essex Police,Essex Police,0.651781,51.570118,On or near THE MAZE,E01015835,Southend-on-Sea 001C,Investigation complete; no suspect identified
754725a14287f642c8b0c1b9699a04df71d796fad8c4ed6e48c9d9c81dc7f21e,2015-08,Essex Police,Essex Police,0.656597,51.572024,On or near NOBLES GREEN CLOSE,E01015838,Southend-on-Sea 001F,Investigation complete; no suspect identified
9861a4ec176fb439f31d22282d7a6c90078beda378de0826ffc386e8477f6463,2015-08,Essex Police,Essex Police,0.096120,51.641172,On or near Sports/Recreation Area,E01021750,Epping Forest 016B,Investigation complete; no suspect identified
04a7fe7f5d697420c64f61eb54893f45f8dfdcadfb8f757869053a5ea2159f2a,2015-08,Essex Police,Essex Police,0.456761,51.565983,On or near TAKELY RIDE,E01021297,Basildon 020D,Investigation complete; no suspect identified
52f048e3aa625cd745f9434db050c6d80089a6ef264ff73d0a679052ffaa6929,2015-08,Essex Police,Essex Police,0.506959,51.568266,On or near HARLECH ROAD,E01021316,Basildon 018D,Investigation complete; no suspect identified
14e90de5c61e99d815d0d8437fe20029fca64816a2c82324ce6bd775e4588696,2015-08,Essex Police,Essex Police,0.442562,51.716294,On or near Park/Open Space,E01021634,Chelmsford 011D,Investigation complete; no suspect identified
e0f7fccdcb2195ba94ff85009a11c56895a074dfb6085c5de6fc75420342c122,2015-08,Essex Police,Essex Police,1.103289,51.773417,On or near AUSTIN AVENUE,E01021988,Tendring 018A,Investigation complete; no suspect identified
6e77ba025d020abf0b4fc0327dd373f9a4986ce447a6b76b0991840f6b723ee7,2015-08,Essex Police,Essex Police,0.597725,51.943018,On or near HALSTEAD ROAD,E01021381,Braintree 007F,Investigation complete; no suspect identified
71aaaeddb30e2cc4f793e314410a65283c022340934117c1a36f70794af69e48,2015-08,Essex Police,Essex Police,0.442562,51.716294,On or near Park/Open Space,E01021634,Chelmsford 011D,Investigation complete; no suspect identified
50a34b5d06c8b8eb8041c909489c09e245106901c55a7eb614b55e2e9782bbeb,2015-08,Essex Police,Essex Police,0.498196,51.570045,On or near BROOMFIELDS,E01021305,Basildon 013D,Investigation complete; no suspect identified
5b15901615a99cf15159d2483e5a7dba30d55b05112f5dfe23599f8474772364,2015-08,Essex Police,Essex Police,0.877829,51.880497,On or near CAPEL ROAD,E01021653,Colchester 013C,Investigation complete; no suspect identified
7703d25f3a71c02240c3a158723fa65c5a703c00ac1b10a413e8c7681174ed07,2015-08,Essex Police,Essex Police,0.442562,51.716294,On or near Park/Open Space,E01021634,Chelmsford 011D,Investigation complete; no suspect identified
4e894b506cd119a13bdf5da5562bd8e56c78c222f6a52b1cefef0aed9e260b40,2015-08,Essex Police,Essex Police,0.439520,51.518319,On or near Pedestrian Subway,E01015985,Thurrock 003B,Investigation complete; no suspect identified
d1bfce0f88ccbead276d689939d6dcb36af5170d2f551f5ed38ace4db6613e84,2015-08,Essex Police,Essex Police,1.116152,51.831071,On or near RECTORY ROAD,E01022047,Tendring 018E,Investigation complete; no suspect identified
67045abbb4f3c653f2e47769690e77bd5dbf89330d25de7995b8d7bb950a701b,2015-08,Essex Police,Essex Police,0.387196,51.627682,On or near LONDON ROAD,E01021449,Brentwood 003B,Investigation complete; no suspect identified
c994dd286cd41ef4222071e7327ed3819ee698f49757bdce78b69170aebd67df,2015-08,Essex Police,Essex Police,0.923562,51.894173,On or near DILBRIDGE ROAD EAST,E01021704,Colchester 022F,Investigation complete; no suspect identified
14e98af18fd74e338b39e4b923acc8eb6b74f251300098a7a79d133231085aa1,2015-08,Essex Police,Essex Police,0.487094,51.558860,On or near RYEDENE,E01021311,Basildon 022C,Investigation complete; no suspect identified
5b07c9afec6cad34de8b5c5b2635bd005069375d86e470bd5589619e0bcb9e9a,2015-08,Essex Police,Essex Police,0.290403,51.682498,On or near BYRD MEAD,E01021470,Brentwood 001F,Investigation complete; no suspect identified
bf8fa0ad65d984b0ab2a920edbc52f2027dcca4f282aa123d34b59cc2318ed02,2015-08,Essex Police,Essex Police,0.520351,51.605032,On or near PARK DRIVE,E01021331,Basildon 008A,Investigation complete; no suspect identified
4bdd0f20c03e102752b0827a6f54d68b4f96040ddbb5d72b69cbe1bc801219c9,2015-08,Essex Police,Essex Police,0.699490,51.565684,On or near NIGHTINGALE CLOSE,E01015867,Southend-on-Sea 002E,Investigation complete; no suspect identified
1248a6f0b5cd73a218f501e58c741f238018cc998ffaa0aa6fe1ad80640d366f,2015-08,Essex Police,Essex Police,0.561246,51.553082,On or near Supermarket,E01021483,Castle Point 004C,Investigation complete; no suspect identified
3521a90c1cb1e0468ebb824dec2df901a342f164f7fa5cde5806b66b889228df,2015-08,Essex Police,Essex Police,0.575618,51.532460,On or near Petrol Station,E01021505,Castle Point 008D,Investigation complete; no suspect identified
60ffeb294d52ee6b65b90ea2c4f7ed215cd08c9d51066a83a8c90f42217e8d79,2015-08,Essex Police,Essex Police,0.441914,51.623328,On or near BALMORAL CLOSE,E01021241,Basildon 003C,Investigation complete; no suspect identified
08f0119881bb1b211853984d28d82b51e736e039b4defd6b2dd2d007abea1999,2015-08,Essex Police,Essex Police,0.289279,51.506591,On or near BROXBURN DRIVE,E01015931,Thurrock 007E,Investigation complete; no suspect identified
bd93e2d459c5c8139e2f59ca2b0af0b1fe92e128b89e2a2be64a26cdf0e6d78b,2015-08,Essex Police,Essex Police,0.565739,51.571384,On or near CHURCH ROAD,E01021528,Castle Point 002D,Investigation complete; no suspect identified
f936e263d677150862bbb5ae0df9f75cea8432cf9d55ce2fd64d9d27b9ea2e2b,2015-08,Essex Police,Essex Police,0.911994,51.873091,On or near SARGEANT CLOSE,E01021665,Colchester 016D,Investigation complete; no suspect identified
c694a2a1fafe820fbc0b2c9690cab0f4543ea9bb2b1d8ad89dee6f46bf8de450,2015-08,Essex Police,Essex Police,0.568429,51.534632,On or near SOMNES AVENUE,E01021503,Castle Point 010D,Investigation complete; no suspect identified
d2220cf8b2ce936f9e655eb32bb41ab1832839e82a144b9dfe28c2c4bceb86d7,2015-08,Essex Police,Essex Police,0.495567,51.568419,On or near Pedestrian Subway,E01021317,Basildon 018E,Investigation complete; no suspect identified
881632b25557e6712a553d2d95333845c287231c2754c4c713911150edcfbaf4,2015-08,Essex Police,Essex Police,0.536885,51.611978,On or near Supermarket,E01021339,Basildon 005D,Investigation complete; no suspect identified
d6149e5bb7e4d149c454633d07e8fc0227b9fe0911d412e6ad09b8bd3d23b6aa,2015-08,Essex Police,Essex Police,0.697691,51.559178,On or near HAMPTON CLOSE,E01015868,Southend-on-Sea 002F,Investigation complete; no suspect identified
dbdec845c057b11c64ceaf041f3031e2512c3ce468ca4d26754c37233435ab4d,2015-08,Essex Police,Essex Police,0.365288,51.461915,On or near CIVIC SQUARE,E01016004,Thurrock 018B,Investigation complete; no suspect identified
7f0f4d1f57ecc253497e293c00aa24b5388eb25093b94705de218fe38562f5e2,2015-08,Essex Police,Essex Police,0.346980,51.494811,On or near SPRINGFIELD ROAD,E01015963,Thurrock 010A,Investigation complete; no suspect identified
4e70689ff2f6119495fab4a72fb90d12bdcc36bcc8ed13d48d6ef195bdc02924,2015-08,Essex Police,Essex Police,0.715499,51.535743,On or near Bus/Coach Station,E01015852,Southend-on-Sea 015B,Investigation complete; no suspect identified
7f487c064b41f90be3ddbee931f6a6f8280747312a1a9bfd3df187066c5b1bda,2015-08,Essex Police,Essex Police,0.724922,51.532953,On or near Sports/Recreation Area,E01015842,Southend-on-Sea 014D,Investigation complete; no suspect identified
744138021240c349475b6db9a82e2d7fce2429e3628eb9270e91e23388114aa0,2015-08,Essex Police,Essex Police,1.167472,51.818087,On or near Pedestrian Subway,E01021984,Tendring 010A,Investigation complete; no suspect identified
eb3bc74c1c2827fc7025c61497404c24b7faa86be63804b6ad56bbe7f661fc84,2015-08,Essex Police,Essex Police,0.300242,51.620299,On or near Nightclub,E01021433,Brentwood 007A,Investigation complete; no suspect identified
1723caebb6c6989da9135d61aa95ef3632fd2c75884bd040ab9849431e38c61b,2015-08,Essex Police,Essex Police,0.442562,51.716294,On or near Park/Open Space,E01021634,Chelmsford 011D,Investigation complete; no suspect identified
b38f3cb045af483186792176f27b01d9a53fd992e318e5724dc820840ba1ab80,2015-08,Essex Police,Essex Police,0.000361,51.685638,On or near CLEALL AVENUE,E01021818,Epping Forest 009C,Investigation complete; no suspect identified
1b73baf208c02559eab3f06a91780c2b9623f66668671e6c2c0b353250ba9525,2015-08,Essex Police,Essex Police,0.288589,51.485920,On or near FLEMMING ROAD,E01033613,Thurrock 019D,Investigation complete; no suspect identified
903a13f11f5ef599b44cc2aeeaf55a961c1bc517149ae9ee548d99ec2289b19c,2015-08,Essex Police,Essex Police,0.442562,51.716294,On or near Park/Open Space,E01021634,Chelmsford 011D,Investigation complete; no suspect identified
9c1860c0e1491c97e64866c47ea3bfe44244cac7af66cb22e9067b1ee00cdfe3,2015-08,Essex Police,Essex Police,0.285907,51.477510,On or near CHARLOTTE PLACE,E01016011,Thurrock 015B,Investigation complete; no suspect identified
4b88aa0e51ce1ca1ad9b250c668707b2908126857061e5fd6566c85317557e27,2015-08,Essex Police,Essex Police,0.282488,51.487496,On or near Shopping Area,E01016011,Thurrock 015B,Investigation complete; no suspect identified
f638f250c8ee357f843e5f7d4ba62d8ca548663da658320233c7d569844b1bdf,2015-08,Essex Police,Essex Police,1.286640,51.947545,On or near EASTGATE STREET,E01021997,Tendring 001A,Investigation complete; no suspect identified
d8960eb6d394f6488e2c2c89f774f26c92d4bb73e8462aabfdb42bf8e6c145b6,2015-08,Essex Police,Essex Police,0.486875,51.559089,On or near RYEDENE PLACE,E01021311,Basildon 022C,Investigation complete; no suspect identified
4dde5cc44feb42fa62208a16fc4baa1c905b255fd116a0c154ec2b03c27bbcf0,2015-08,Essex Police,Essex Police,0.683522,51.559908,On or near PRINCE AVENUE,E01015868,Southend-on-Sea 002F,Investigation complete; no suspect identified
5ac247cde22e09fb4fb24006b144f84db45410b7e2b1075f7f521b3a71c175cc,2015-08,Essex Police,Essex Police,0.545275,51.876294,On or near NEWNHAM CLOSE,E01021365,Braintree 009D,Investigation complete; no suspect identified
17981bd1ff9bfc530841774d9931a32a474d4f84df717c4b3497a3ec6ea45f68,2015-08,Essex Police,Essex Police,0.486875,51.559089,On or near RYEDENE PLACE,E01021311,Basildon 022C,Investigation complete; no suspect identified
37ead1ab294ac881e50420d38f8a40f03320bd653279589d30f56bfda277d970,2015-08,Essex Police,Essex Police,0.895335,51.889691,On or near BALKERNE GARDENS,E01021646,Colchester 007A,Investigation complete; no suspect identified
3d02d21c6c337f6c4e601bf874729a3f03c9efa37fc4db3ca1a6f9efd3c7e019,2015-08,Essex Police,Essex Police,0.579404,51.532611,On or near ELSINOR AVENUE,E01021504,Castle Point 008C,Investigation complete; no suspect identified
a3c5131344aa1817439a2ea553f6a28781d57a8d8394adc3c851fc4f620998db,2015-08,Essex Police,Essex Police,0.791530,51.530837,On or near ROSEWOOD LANE,E01015877,Southend-on-Sea 013B,Investigation complete; no suspect identified
b86a0f9b7d28a8ebd774fbac0f8841df276e042fd12692dee5a37608a8ced760,2015-08,Essex Police,Essex Police,0.445755,51.567949,On or near LAINDON LINK,E01021287,Basildon 017A,Investigation complete; no suspect identified
64b543ea1eb43dc457330e8aec86e4b2e7295f9f19e13be505618ab66e4d4f04,2015-08,Essex Police,Essex Police,0.684721,51.740695,On or near B1018,E01021888,Maldon 003E,Investigation complete; no suspect identified
cbc36c8dd114b8988e54a590daee1c97cda5c1d94122f89a0a52e735428b3dc0,2015-08,Essex Police,Essex Police,0.417812,51.632262,On or near RUSKIN DENE,E01021247,Basildon 003E,Investigation complete; no suspect identified
3ff4b0cd8e79a0efd2910e0ef1c416d27c359a48735c3552b352e7a3dcced870,2015-08,Essex Police,Essex Police,0.285272,51.488728,On or near Parking Area,E01016011,Thurrock 015B,Investigation complete; no suspect identified
c5e6e994dd7c8248701d731e18674972ea7aa5b7ca4f088f1a0eb2f0d2d44c87,2015-08,Essex Police,Essex Police,0.449290,51.521470,On or near WARBURTONS,E01015983,Thurrock 002B,Investigation complete; no suspect identified
36a82e3c301764a51d4dbda7a7f57670e3f4381b3d004a871531c10d2b28eae7,2015-08,Essex Police,Essex Police,0.942969,51.875728,On or near VALLEY ROAD,E01021736,Colchester 017A,Investigation complete; no suspect identified
3ee348ee31d92a07e2114efc99c1e85398b031830b572652b35d23997a058f0d,2015-08,Essex Police,Essex Police,1.148750,51.787489,On or near BEATRICE ROAD,E01022037,Tendring 017D,Investigation complete; no suspect identified
7e0d6f0453962d71f81bf4ade9c2fb238e631140409173b231a2ffbf15e08764,2015-08,Essex Police,Essex Police,0.108443,51.768997,On or near PARSONAGE LEYS,E01021852,Harlow 003D,Investigation complete; no suspect identified
812b1a6c0b2730c853d0eee86201a990e8ad6276b85464ac5d41b0aff2bb7783,2015-08,Essex Police,Essex Police,0.688443,51.743353,On or near HUNT AVENUE,E01021888,Maldon 003E,Investigation complete; no suspect identified
21292772c5624758e1b7aaa9951648a9a1a8e37b658c45aa101317db2186d2d5,2015-08,Essex Police,Essex Police,0.442562,51.716294,On or near Park/Open Space,E01021634,Chelmsford 011D,Investigation complete; no suspect identified
e439d48a09d364852dda74069296763f29875e4ac4f64373e50e03d0ec1717ea,2015-08,Essex Police,Essex Police,0.446639,51.755059,On or near Supermarket,E01021600,Chelmsford 003D,Investigation complete; no suspect identified
23135790851d3dac0b8f53b2b86e90875146d23583254965f2319b8ae93e5acb,2015-08,Essex Police,Essex Police,0.301164,51.620236,On or near BANK PLACE,E01021433,Brentwood 007A,Investigation complete; no suspect identified
730242ed1c58c34ff7da5fda16445579807f28756d94c61d605baa0ebeddb093,2015-08,Essex Police,Essex Police,0.424242,51.481979,On or near ARUN,E01015949,Thurrock 013C,Investigation complete; no suspect identified
40f3cefe4c4bb3ffd14bd8dc633b249547c95f5479de04930e99607a58806f1b,2015-08,Essex Police,Essex Police,0.432823,51.824708,On or near B1008,E01021539,Chelmsford 001B,Investigation complete; no suspect identified
56bd1d5fccf5ae0f795bd987edf513f4b56e2a4e8f1be650e72a7facf8e537cd,2015-08,Essex Police,Essex Police,0.613513,51.643860,On or near HARVEST CLOSE,E01021613,Chelmsford 019C,Investigation complete; no suspect identified
15820647cb09676ba6aea8c2ab012edcb990a077e094ed774ab9c5364efe4b5e,2015-08,Essex Police,Essex Police,0.094895,51.770021,On or near Nightclub,E01021872,Harlow 007E,Investigation complete; no suspect identified
c1b9c5f7974d5ab4edce1b85d35086a8fd07e16aa44bee8b57da5d91cdacc235,2015-08,Essex Police,Essex Police,1.272293,51.848036,On or near THE PARADE,E01022056,Tendring 006E,Investigation complete; no suspect identified
05ec093b4b8f58bf69265bd481666e49a4dd099140963f2eaf6a100617a186e8,2015-08,Essex Police,Essex Police,0.442562,51.716294,On or near Park/Open Space,E01021634,Chelmsford 011D,Investigation complete; no suspect identified
65a6899f14b3554ed50099341bff95fa7866c01780743dd762eaaaca1145766c,2015-08,Essex Police,Essex Police,0.718800,51.547826,On or near SYCAMORE GROVE,E01015898,Southend-on-Sea 010D,Investigation complete; no suspect identified
d97df25f3944f0beef9c098686ad1647a5d197ea92e069e82a724404b7bd050d,2015-08,Essex Police,Essex Police,0.084421,51.614250,On or near DACRE GARDENS,E01021767,Epping Forest 017D,Investigation complete; no suspect identified
8e88f608f44212b5a00053a810a74680a36a74d0675a8aa08edd0ebc70c89f7b,2015-08,Essex Police,Essex Police,1.098529,51.772922,On or near BELSIZE AVENUE,E01021988,Tendring 018A,Investigation complete; no suspect identified
2246d5469d081010b5e8b874dc5aa2741251075984758067d0c58d862936efc9,2015-08,Essex Police,Essex Police,0.899084,51.885389,On or near WALSINGHAM ROAD,E01021683,Colchester 011A,Investigation complete; no suspect identified
21dd6a0ea73363fd030bb96d38dfaa1e1bcd6a08336f496a927c25dc1785698b,2015-08,Essex Police,Essex Police,1.288591,51.944576,On or near ST HELEN'S GREEN,E01021998,Tendring 001B,Investigation complete; no suspect identified
b26f2572dffe14edc852160a3f910740b99f79463463a45c967d6846e2966820,2015-08,Essex Police,Essex Police,0.577528,51.522624,On or near LITTLE GYPPS CLOSE,E01021488,Castle Point 010C,Investigation complete; no suspect identified
0c8db306d46b4ac1e63b43326c30298dbb777c31d65ea5f7a4fc230d97b2e8f1,2015-08,Essex Police,Essex Police,0.458379,51.567352,On or near CHERRYDOWN EAST,E01021296,Basildon 020C,Investigation complete; no suspect identified
b18a798e4d8cfa633438c57949722d8a29ccd104a5683802254eb002d416eb5e,2015-08,Essex Police,Essex Police,0.474941,51.695462,On or near LOWER GREEN,E01021554,Chelmsford 017C,Investigation complete; no suspect identified
e9cb4f2cefdd83c59bcaa78057790a6cd8c7d3917aba68e5ef423a6187ef4fe1,2015-08,Essex Police,Essex Police,0.755503,51.809223,On or near Supermarket,E01021723,Colchester 020A,Investigation complete; no suspect identified
f3ce979fb151c77d04b5395a72a851d72736f49e9c18f6132a767d906da0e12c,2015-08,Essex Police,Essex Police,0.434245,51.641734,On or near LONGTAIL,E01021238,Basildon 001B,Investigation complete; no suspect identified
ec66339643f8bb47fc58ec12438192e7ae01972531971a1c5c859783e6f5b787,2015-08,Essex Police,Essex Police,0.117149,51.749677,On or near RADBURN CLOSE,E01021837,Harlow 008E,Investigation complete; no suspect identified
18f9b79c644a7539e2de9285d73ead8918566db176fed24203d2b8dd0a557ea2,2015-08,Essex Police,Essex Police,0.286820,51.617126,On or near WEALD CLOSE,E01021438,Brentwood 006A,Investigation complete; no suspect identified
ad95b484c1152e41f8ad3b41437780f176d9999877d27eb4e1695d16582a90c2,2015-08,Essex Police,Essex Police,0.548875,51.879067,On or near Shopping Area,E01021365,Braintree 009D,Investigation complete; no suspect identified
274eabe8b2b494e196577f19da0db456699c6604ab077bc0d14344e8bf1d4f32,2015-08,Essex Police,Essex Police,0.742350,51.543168,On or near PELHAM ROAD,E01015884,Southend-on-Sea 009B,Investigation complete; no suspect identified
4c305e380b791263614c0004c0255b630f091c7f3ff742572e27b3d9bde58a4d,2015-08,Essex Police,Essex Police,0.691718,51.543810,On or near Theatre/Concert Hall,E01015831,Southend-on-Sea 012E,Investigation complete; no suspect identified
71601684ff5b75fbf92034b2d676291622635622edb0861db7b6f060b7147fbc,2015-08,Essex Police,Essex Police,0.129177,51.762984,On or near OAKLANDS DRIVE,E01021836,Harlow 008D,Investigation complete; no suspect identified
08aebd89903d59cc4a483fa8ae2aca3bd5a271f284d2d2fad50e4259915fe20a,2015-08,Essex Police,Essex Police,0.123385,51.754142,On or near LATTON HOUSE,E01021837,Harlow 008E,Investigation complete; no suspect identified
d080cea88d8e534faf552b37119fa5b6d475d5ff4ce61002a2c53b0b770952f3,2015-08,Essex Police,Essex Police,1.152215,51.788718,On or near Shopping Area,E01022025,Tendring 016B,Investigation complete; no suspect identified
ea77a129ddbfd9a98ab46f5c633f175d19594afe589233b9395035516ce73e4b,2015-08,Essex Police,Essex Police,0.493806,51.566298,On or near MEREDENE,E01021328,Basildon 022E,Investigation complete; no suspect identified
f9576a6c6384a2483b250b905a209b21df49ff33b6ef80507d0c75a983c00e82,2015-08,Essex Police,Essex Police,1.152215,51.788718,On or near Shopping Area,E01022025,Tendring 016B,Investigation complete; no suspect identified
55a339610397b622916bd6548f11203b1e9c43f6317949ac0b5586ea1f466b5e,2015-08,Essex Police,Essex Police,0.442562,51.716294,On or near Park/Open Space,E01021634,Chelmsford 011D,Investigation complete; no suspect identified
6cfcab6639d258867d085d43fd779216f442d7fe533b9d4816e3ababe75e1259,2015-08,Essex Police,Essex Police,0.649826,51.540726,On or near Parking Area,E01015848,Southend-on-Sea 011D,Investigation complete; no suspect identified
4f5072e16d61a897568500865eedeef5a732ca70e5bf2e19fbe6af11f1fe1096,2015-08,Essex Police,Essex Police,0.560583,51.635988,On or near MEADOW ROAD,E01021594,Chelmsford 021B,Investigation complete; no suspect identified
b0406ad250d3f7ca1f69968f7bbfe48d1e4483143fcbac10618d488e24372d38,2015-08,Essex Police,Essex Police,0.455364,51.569789,On or near Shopping Area,E01021318,Basildon 015C,Investigation complete; no suspect identified
0ee8d67567c4b1da2ecccfeaaf19c58343e6975f61521700f24c6ed8a18f135c,2015-08,Essex Police,Essex Police,0.431108,51.527370,On or near SILVERDALE EAST,E01016002,Thurrock 005E,Investigation complete; no suspect identified
b67e3008795e0d8176556412742875d55a3c1947e3d54b47c8ae71898b300707,2015-08,Essex Police,Essex Police,0.742901,51.593538,On or near CAGEFIELD ROAD,E01021915,Rochford 004A,Investigation complete; no suspect identified
8708a2081d6ad0b6f5d0059defe9fe2569034f7c3317f95ed889a6a04b4d7efe,2015-08,Essex Police,Essex Police,0.694182,51.550103,On or near HIGHFIELD CRESCENT,E01015907,Southend-on-Sea 007G,Investigation complete; no suspect identified
99ffc2dcbffbb68055787a4717c279e6e0a7ec7a27ecb2202419dda09c2a1407,2015-08,Essex Police,Essex Police,0.094133,51.767643,On or near Shopping Area,E01021872,Harlow 007E,Investigation complete; no suspect identified
19549bfd94200a83613bd010bffb23119def503a4b2ec49412dac0f9e848d5f1,2015-08,Essex Police,Essex Police,0.955962,51.942828,On or near Petrol Station,E01021655,Colchester 001A,Investigation complete; no suspect identified
4b38e38acaaa2b6d031e7a9dc9e3679c2af9bf744c5d4b3196ca1563c07d08ea,2015-08,Essex Police,Essex Police,0.117933,51.757774,On or near LONGFIELD,E01021823,Harlow 006D,Investigation complete; no suspect identified
3e17d4127ea3456c90ff06ed1b5522392e896dcec4fa7c4f19813180aecea112,2015-08,Essex Police,Essex Police,0.442562,51.716294,On or near Park/Open Space,E01021634,Chelmsford 011D,Investigation complete; no suspect identified
806e903e09bdbbd638ddb9562b8810fad57a917870705e9a79888493bf722387,2015-08,Essex Police,Essex Police,0.442562,51.716294,On or near Park/Open Space,E01021634,Chelmsford 011D,Investigation complete; no suspect identified
ddf18df8c6cf6b7be26b2c022c78f374c39430872d63cd86419c23935a37539e,2015-08,Essex Police,Essex Police,0.504899,51.577250,On or near MALYONS MEWS,E01021302,Basildon 013B,Investigation complete; no suspect identified
0f2204a5b4018ab398c97cb62307069d3d56395fdc55c0a1f3055afa27df621a,2015-08,Essex Police,Essex Police,0.931071,51.888940,On or near ASHDOWN WAY,E01021699,Colchester 008D,Investigation complete; no suspect identified
7b74297ddab10086fd98e6a3a3dba7d9c193cfe545eb80158614a8d461eb994a,2015-08,Essex Police,Essex Police,0.477998,51.575726,On or near THE HATHERLEY,E01021265,Basildon 012A,Investigation complete; no suspect identified
6f93b2245e9f85c816b30f97f105bbf432318f4d32202f2a410085e3fee5e975,2015-08,Essex Police,Essex Police,0.471694,51.698813,On or near GREY LADYS,E01021552,Chelmsford 017A,Investigation complete; no suspect identified
1a0b3d4b70f9e3084b4968efb74d6dee6940d2091c37f791b2ff9cf6b17845aa,2015-08,Essex Police,Essex Police,0.281531,51.509871,On or near DERRY AVENUE,E01015972,Thurrock 006C,Investigation complete; no suspect identified
80d2478c5d25c07b441753b4c2961f5098d9f1eb1df2e09c4db8b2ed808b072c,2015-08,Essex Police,Essex Police,0.713596,51.539394,On or near Nightclub,E01015852,Southend-on-Sea 015B,Investigation complete; no suspect identified
033721f26f760f44fd460625745861be92c43ce790b6264f44799bb4e17c0b06,2015-08,Essex Police,Essex Police,0.612092,51.563292,On or near DAWS HEATH ROAD,E01021531,Castle Point 002E,Investigation complete; no suspect identified
147d8bbc3a948efdec55d7ec5c12696030ed88c7984c61a5a2977a44af3828d4,2015-08,Essex Police,Essex Police,0.442562,51.716294,On or near Park/Open Space,E01021634,Chelmsford 011D,Investigation complete; no suspect identified
f7ed04be353e258f556f345fb07015d9126e17f3fa76252c7c7d281cab79ef44,2015-08,Essex Police,Essex Police,0.681081,51.726919,On or near QUEEN STREET,E01021894,Maldon 005B,Investigation complete; no suspect identified
9003c6995efe13ff7c228411d1ba108d4b85fdd7051bb36dfdb0e6ff3c282aa6,2015-08,Essex Police,Essex Police,0.471939,51.696677,On or near MORETONS,E01021554,Chelmsford 017C,Investigation complete; no suspect identified
dd8acb76a33cb89ad83e4e50012709f1134fa5f83e49b02bc050bafbd9912232,2015-08,Essex Police,Essex Police,0.572578,51.879135,On or near CUNNINGTON ROAD,E01021370,Braintree 011B,Investigation complete; no suspect identified
07359339d4618c2fc767d2589f90522ee4e767e971551428b6e862b49ba43cf6,2015-08,Essex Police,Essex Police,0.295873,51.488134,On or near HATTON CLOSE,E01015982,Thurrock 019A,Investigation complete; no suspect identified
d34715b9a0c29e88d5f8ed88b5d64232cb00712def3be808d49bbd06bb650235,2015-08,Essex Police,Essex Police,0.442562,51.716294,On or near Park/Open Space,E01021634,Chelmsford 011D,Investigation complete; no suspect identified
a8234feca8d5ecdb93968cf70b0674242a30fa9f94c336d8a007738afe992149,2015-08,Essex Police,Essex Police,0.435524,51.640799,On or near DOUBLET MEWS,E01021238,Basildon 001B,Investigation complete; no suspect identified
8c39bf83431a9419f0325e884c68c483d99ec63cbab3e7106fe2600e98fc48be,2015-08,Essex Police,Essex Police,0.354930,51.503420,On or near BAKER STREET,E01015977,Thurrock 004A,Investigation complete; no suspect identified
2f3d07cb869f0975cde7c4f648607a6f1a7d0a16ab097d2fab5ab9b13694fc15,2015-08,Essex Police,Essex Police,0.797526,51.539742,On or near RAPHAEL DRIVE,E01015881,Southend-on-Sea 013F,Investigation complete; no suspect identified
c60009b3f4f50e209567bb43b0b774cbc63866385c8e6a19b118d1c45c2fb9b0,2015-08,Essex Police,Essex Police,0.261741,51.889938,On or near Airport/Airfield,E01022090,Uttlesford 006B,Investigation complete; no suspect identified
6b2d91e9122f1755bdb5e3e636d82256d0068ca569499113271556fbf2310d2b,2015-08,Essex Police,Essex Police,0.490801,51.578647,On or near CANTERBURY CLOSE,E01021271,Basildon 013A,Investigation complete; no suspect identified
d5c2f6eace78bf8f97003db0649647fe4f589b0f5730051558e6e36a82b23b26,2015-08,Essex Police,Essex Police,0.888767,51.868204,On or near COTTONWOOD CLOSE,E01033723,Colchester 015G,Investigation complete; no suspect identified
b6a37bc707e86ab9def3686e7a5fbc63aa1b22971bcae2bb559fb86bd2fcbc12,2015-08,Essex Police,Essex Police,0.897177,51.898216,On or near POPLAR HALL CLOSE,E01021650,Colchester 007E,Investigation complete; no suspect identified
77c288ea64e812285e8eadaefd39755053e8e2e7179aee19dada827bf6bd5818,2015-08,Essex Police,Essex Police,1.057766,51.942771,On or near RIVERVIEW,E01022014,Tendring 003C,Investigation complete; no suspect identified
bca4b89a1482b8485717e65d8159340c0abe14f0e8931d41d42869505d56d1e4,2015-08,Essex Police,Essex Police,0.485374,51.721070,On or near ROSSETER CLOSE,E01033137,Chelmsford 014F,Investigation complete; no suspect identified
4e2dcd54db8bd6975f2202036929e164a980e1949d96361061cfa53c653c24ab,2015-08,Essex Police,Essex Police,0.827316,51.890437,On or near A1124,E01021718,Colchester 012A,Investigation complete; no suspect identified
fe7c340d3bae8f6d503af71a3d9f1484328a0c8ad061c3f91baaef82c313a7b4,2015-08,Essex Police,Essex Police,0.523083,51.607428,On or near SUTCLIFFE CLOSE,E01021331,Basildon 008A,Investigation complete; no suspect identified
3ad5cd1f4372eb079d5d59da778f372d13c08dd2e3c9d32e2fbbd145c0438426,2015-08,Essex Police,Essex Police,0.137415,51.785514,On or near ST JOHN'S AVENUE,E01021855,Harlow 001B,Investigation complete; no suspect identified
033ce1d5a1bc8ab4d2be5398ef76fa8c2349430eb54378536dccba0799979a6e,2015-08,Essex Police,Essex Police,0.194365,51.904847,On or near Supermarket,E01022084,Uttlesford 005D,Investigation complete; no suspect identified
5d5ed45c5ecaa10eed0634996ce3d83231db49a0c6578da5a20f3e43bdcb9e86,2015-08,Essex Police,Essex Police,0.259383,51.501775,On or near PARK LANE,E01015926,Thurrock 008E,Investigation complete; no suspect identified
9a472012147fc83fffcaefc3d03a3f6361ad06dc6d2c04c453539c8b2affb3bc,2015-08,Essex Police,Essex Police,0.881071,51.873484,On or near HOLLYTREE COURT,E01033723,Colchester 015G,Investigation complete; no suspect identified
67b536f2c62b033de0496c74fb2cd85c58a1922b63d24b6294df40a5fca94eb2,2015-08,Essex Police,Essex Police,0.746506,51.819452,On or near MAYPOLE ROAD,E01021726,Colchester 020D,Investigation complete; no suspect identified
968709860b245dfe11ce5545b1d6d4127176c7bbb5ad704de67bdad05ac6b617,2015-08,Essex Police,Essex Police,0.122239,51.762445,On or near NICHOLLS FIELD,E01021821,Harlow 008A,Investigation complete; no suspect identified
8946b27c5f879b9656b6412b9dd45f085ae3660b3d7c0c88ea1f744928f13d57,2015-08,Essex Police,Essex Police,0.745107,51.818163,On or near PIT LANE,E01021726,Colchester 020D,Investigation complete; no suspect identified
753973285ea63e5e99fd7075b66912e93a08ef21f3990e0b16c12efcf4957b1b,2015-08,Essex Police,Essex Police,0.412895,51.471107,On or near STATION ROAD,E01015949,Thurrock 013C,Investigation complete; no suspect identified
b63377e9d17c8418aaae95b919e26a0702e2beebdd472dd067cf6b366ebbd88e,2015-08,Essex Police,Essex Police,0.551039,51.524067,On or near Petrol Station,E01021503,Castle Point 010D,Investigation complete; no suspect identified
3d0449de6f26ef5bfb0ff6dcb1f1862dc6d3f3601e85a4e607d8adf0791fed7f,2015-08,Essex Police,Essex Police,0.781236,51.569872,On or near MAGNA MEAD,E01021917,Rochford 010A,Investigation complete; no suspect identified
8c81764af922c4a7e02949f61d5867d1955f30353481622c1f863732b0c6047a,2015-08,Essex Police,Essex Police,0.036139,51.654053,On or near Parking Area,E01021806,Epping Forest 009A,Investigation complete; no suspect identified
8449eb4690ca00a6cd2dcd592a3e30c867b49dd43b15c1ab74529cd7cc9026b1,2015-08,Essex Police,Essex Police,0.521093,51.608262,On or near ALBANY ROAD,E01021331,Basildon 008A,Investigation complete; no suspect identified
038589414b8bf2434f3b06170d17e29f14a1268e96fe29d25983199c8cabf74e,2015-08,Essex Police,Essex Police,0.575618,51.532460,On or near Petrol Station,E01021505,Castle Point 008D,Investigation complete; no suspect identified
36e5d5648b080835133fe834309b120674e334307981ad3e187dd8d969fcba1a,2015-08,Essex Police,Essex Police,0.699490,51.565684,On or near NIGHTINGALE CLOSE,E01015867,Southend-on-Sea 002E,Investigation complete; no suspect identified
943b902f4677a3884197fdace48905f47a017e33034dc766cb4c2e8839307698,2015-08,Essex Police,Essex Police,0.756770,51.555034,On or near BARLING ROAD,E01021924,Rochford 010E,Investigation complete; no suspect identified
0c5cf597d3eeb58608f86dadeb10c646e8bdfa13ef328e0ba45e6e0f6c380835,2015-08,Essex Police,Essex Police,0.517457,51.743661,On or near BARROW CHASE,E01033142,Chelmsford 005E,Investigation complete; no suspect identified
fba1445a7166a1e37982d44cbf23036bdf7d8871d85b5eccbd76887b88b733a3,2015-08,Essex Police,Essex Police,0.264850,51.609036,On or near Petrol Station,E01021468,Brentwood 006D,Investigation complete; no suspect identified
79badbdb202134a4458ed2992866dfb1e870c31dc4434f40ce113aad2ebf6d1d,2015-08,Essex Police,Essex Police,0.363818,51.482764,On or near MORLEY SQUARE,E01015935,Thurrock 012C,Investigation complete; no suspect identified
2129ad4b5488a94c63619e065403c6758b2e706cd490917000f8be6378e47f59,2015-08,Essex Police,Essex Police,0.489100,51.715083,On or near DORSET AVENUE,E01021565,Chelmsford 014C,Investigation complete; no suspect identified
652001fe4840e287e377bae819199ed736f9c98da911bac263edbc5aebe99b0c,2015-08,Essex Police,Essex Police,0.677696,51.545723,On or near SOUTHBOURNE GROVE,E01015905,Southend-on-Sea 007E,Investigation complete; no suspect identified
9092b7cdc0ad5deb03b55b9ef60e00520c314279b175b1a3d7811d6b952120df,2015-08,Essex Police,Essex Police,0.924197,51.873957,On or near OLD HEATH ROAD,E01021666,Colchester 016E,Investigation complete; no suspect identified
7355c3e91e0b1477471829dff73ee9cfe9dba0ea15cda8fb1079676fd5b69908,2015-08,Essex Police,Essex Police,0.517688,51.625288,On or near CARLTON ROAD,E01021595,Chelmsford 021C,Investigation complete; no suspect identified
e823cc5c022af382edfc6165bbb6d7766fd5f0a42eed30f3745bc1fbd97f9a4c,2015-08,Essex Police,Essex Police,0.932424,51.887396,On or near FOREST ROAD,E01033722,Colchester 008H,Investigation complete; no suspect identified
c2e7fa54491ba175ed54577171e8c5fc04a82d129fe21830d55fb84114efa614,2015-08,Essex Police,Essex Police,0.570273,51.522307,On or near ASPEN CLOSE,E01021486,Castle Point 010B,Investigation complete; no suspect identified
4156438066f68c12ae901d90992f936eec821947b17bfe29db154ee7d0d21813,2015-08,Essex Police,Essex Police,0.346505,51.496502,On or near MILFORD ROAD,E01015963,Thurrock 010A,Investigation complete; no suspect identified
7450acb89ce79b164108e4ffba9057d1c3bff6061bc028854afeeaa422873106,2015-08,Essex Police,Essex Police,0.335331,51.628968,On or near KANDLEWOOD,E01021455,Brentwood 005C,Investigation complete; no suspect identified
4bf719a1f99ab15ed28e52552f00454f93762f91c5b437fb1a8af95300a43a83,2015-08,Essex Police,Essex Police,0.362613,51.464738,On or near SOUTH VIEW AVENUE,E01016010,Thurrock 018H,Investigation complete; no suspect identified
4692137424137936b9e41701cb3aa9c3082493e9849772331d0eb292bca073c3,2015-08,Essex Police,Essex Police,0.292994,51.613220,On or near DEANS ROAD,E01033063,Brentwood 007F,Investigation complete; no suspect identified
201f687d07770eb666ebd51a8999cc8d892afe1b224dad5f41f79e998f41c617,2015-08,Essex Police,Essex Police,0.465356,51.583483,On or near CARNIVAL CLOSE,E01021268,Basildon 015B,Investigation complete; no suspect identified
7075a124e9becb6fc87e6e416eea73964d687e1ba78375eea9ed25bfb542a583,2015-08,Essex Police,Essex Police,0.123598,51.788004,On or near NORTH PLACE,E01021848,Harlow 002E,Investigation complete; no suspect identified
ab39f4ff12fc401b30ae3233c000d7ff5903f9545947e8f2ea8b453dfe094258,2015-08,Essex Police,Essex Police,0.055149,51.639343,On or near LUKINSTONE CLOSE,E01021785,Epping Forest 014D,Investigation complete; no suspect identified
26bea64c3e2348235d03fb82169b009809baf42b987282936167c28b9bb0ee63,2015-08,Essex Police,Essex Police,0.369893,51.482974,On or near MARISCO CLOSE,E01015934,Thurrock 012B,Investigation complete; no suspect identified
93265dd59348c6e9c9a44523911c5b059c17cdece688e0702d670804c37153c5,2015-08,Essex Police,Essex Police,0.243229,51.824333,On or near CAGE END CLOSE,E01022059,Uttlesford 009A,Investigation complete; no suspect identified
6f9fb21e469a5a0eead9ddd3e345284497a5f4ca8b957499ec44ed35647f83c3,2015-08,Essex Police,Essex Police,0.477608,51.733690,On or near Supermarket,E01033141,Chelmsford 010G,Investigation complete; no suspect identified
adbbf6c52f07742b6465ea98d3e5928913ca2284958150b4236db6e7a9fa3779,2015-08,Essex Police,Essex Police,0.792682,51.927733,On or near BRIDGE HILL,E01021660,Colchester 003A,Investigation complete; no suspect identified
0ea72947850c546d6b0f83eeb690b5c49ec0f849150eb55f0a72b2849dcf1f73,2015-08,Essex Police,Essex Police,0.713962,51.534151,On or near Nightclub,E01015852,Southend-on-Sea 015B,Investigation complete; no suspect identified
2f8a63861d4fc5cbe10402e1d5c7f281b8ed05717d337b2634d23c51b29cb20b,2015-08,Essex Police,Essex Police,0.114650,51.774029,On or near SEWELL HARRIS CLOSE,E01021847,Harlow 002D,Investigation complete; no suspect identified
2b721b27feba836754771e76e7d5d77dc3745f3474c45b7bfd331c9d9cd88dba,2015-08,Essex Police,Essex Police,0.188863,51.627303,On or near OAK HILL ROAD,E01021800,Epping Forest 003C,Investigation complete; no suspect identified
23a4b851e0d8756c766c620940fb52f37ee369d8ec36428be329817631d5f9db,2015-08,Essex Police,Essex Police,0.128945,51.754671,On or near Pedestrian Subway,E01021835,Harlow 008C,Investigation complete; no suspect identified
12039dbce5f36160fc98e08cc920fa25854a1aab22d793152e4b71a75d62cd38,2015-08,Essex Police,Essex Police,0.323422,51.894483,On or near Sports/Recreation Area,E01022095,Uttlesford 006D,Investigation complete; no suspect identified
75fae0b256f0aad94008de45a1fae9e3915e4eebc3c184a360eee530c3460ad4,2015-08,Essex Police,Essex Police,0.638049,51.802610,On or near COLLINGWOOD ROAD,E01021416,Braintree 017B,Investigation complete; no suspect identified
2b5306d41d33c2bb58bb9ef4a69045f9d6473bc1bca770593c541720f69629f1,2015-08,Essex Police,Essex Police,0.296369,51.634863,On or near CORCORANS,E01021461,Brentwood 004D,Investigation complete; no suspect identified
56756522509f5cbb59816d04b9251e8f02b8dc9a1236429d5e08c943cd7ece33,2015-08,Essex Police,Essex Police,0.559418,51.521294,On or near VIKINGS WAY,E01021503,Castle Point 010D,Investigation complete; no suspect identified
fa496ebfaa310e1d91e6a4882b36ab50c725a64565bb39bc05426c99884405a1,2015-08,Essex Police,Essex Police,0.325332,51.474261,On or near SHERFIELD ROAD,E01015954,Thurrock 017D,Investigation complete; no suspect identified
5fc0f752cf2462540b89fe9bf764cecf53c050cc283460270b7aef8d4608c279,2015-08,Essex Police,Essex Police,0.817695,51.626598,On or near CHAPEL ROAD,E01021880,Maldon 008E,Investigation complete; no suspect identified
8f92c5a154b4be32b81ef515667665a28b5d48440b5cf7341f2546750d555aa5,2015-08,Essex Police,Essex Police,0.902450,51.887105,On or near ARTHUR STREET,E01021649,Colchester 007D,Investigation complete; no suspect identified
86a5c53862f159221fcf55adfec157b1fbad84716232e007bc29cc54820d36c7,2015-08,Essex Police,Essex Police,0.773181,51.528583,On or near CRANLEY GARDENS,E01015919,Southend-on-Sea 017F,Investigation complete; no suspect identified
ab8c821c3451053ddc8c04654508c85c6d1b4db913382a5ddf99658c30f2c19f,2015-08,Essex Police,Essex Police,0.897808,51.901249,On or near Supermarket,E01021679,Colchester 004A,Investigation complete; no suspect identified
3336dcb660f9aaa723ca615ec5238f5a2d181401719de397cf2edb62bf68f782,2015-08,Essex Police,Essex Police,0.715499,51.535743,On or near Bus/Coach Station,E01015852,Southend-on-Sea 015B,Investigation complete; no suspect identified
465bb84bf0cf80eafa67fbc2d7e33baa177cef6f531f307f8d533017bdbf2395,2015-08,Essex Police,Essex Police,0.471483,51.739277,On or near MARCONI ROAD,E01021574,Chelmsford 010A,Investigation complete; no suspect identified
d476be2983e65d725abf8c2891e1df9be2a62ed9850546bdec2411ac152b608c,2015-08,Essex Police,Essex Police,0.335461,51.484807,On or near Petrol Station,E01015960,Thurrock 014A,Investigation complete; no suspect identified
e489a1f1c5f93a4f690e7bde74c1d1ce99912f88c92dd8252b7f45dc343c78a1,2015-08,Essex Police,Essex Police,0.095357,51.767783,On or near Shopping Area,E01021872,Harlow 007E,Investigation complete; no suspect identified
7c54faa902a8fc341de485b2a2cb59169205e941c7fd77d0b6cfec52682b5feb,2015-08,Essex Police,Essex Police,0.356988,51.576771,On or near TILBURY ROAD,E01021446,Brentwood 009B,Investigation complete; no suspect identified
f1e4c605e2db37edda13fdee26c97d4228665b378b33c3de088bf03581ffffb5,2015-08,Essex Police,Essex Police,0.264850,51.609036,On or near Petrol Station,E01021468,Brentwood 006D,Investigation complete; no suspect identified
8cdf0b6f25b60b378fd973e17cb82bcbe4336ecf19f3e390a467fc91176bbf3a,2015-08,Essex Police,Essex Police,0.444071,51.576365,On or near ELDELAND,E01021291,Basildon 016E,Investigation complete; no suspect identified
2751d3a8231045e860d592a926baf883a65a78535b2cdaa7ccd0357dfb67cbc9,2015-08,Essex Police,Essex Police,0.330490,51.624442,On or near THE GLADE,E01021455,Brentwood 005C,Investigation complete; no suspect identified
29088f32fa8fd09cc1949893a40fb1d3421defcca1c8c3eee40f005354d372a9,2015-08,Essex Police,Essex Police,0.253461,51.507617,On or near TEVIOT AVENUE,E01015924,Thurrock 008C,Investigation complete; no suspect identified
fe72146bc8ff05e78d6d569b33c76c975f519435f7a1dbebef1ea6d347057cce,2015-08,Essex Police,Essex Police,0.456624,51.741478,On or near PARK AVENUE,E01021575,Chelmsford 009B,Investigation complete; no suspect identified
b1335690aa61b99c4820f57bd6db5e76dd6dca12a66b093ac239aa5aeeb1d901,2015-08,Essex Police,Essex Police,0.299271,51.626236,On or near ONGAR ROAD,E01021434,Brentwood 004C,Investigation complete; no suspect identified
13efa0b64e4795bbdaca20e16ece33e850153f463385184fabb52bac3e7e02d1,2015-08,Essex Police,Essex Police,0.575298,51.524499,On or near CEDAR ROAD,E01021488,Castle Point 010C,Investigation complete; no suspect identified
036cb425c5740fc6dd319e66dcdf0b1334ef7e3104e5c8ce68983f27a5ec5a44,2015-08,Essex Police,Essex Police,0.320974,51.627113,On or near CLIVEDEN CLOSE,E01021466,Brentwood 005E,Investigation complete; no suspect identified
bcf30f585aa8bf2f8b59cfe0a510ba90efab7856390f9935784a4bc7defe37a3,2015-08,Essex Police,Essex Police,0.452281,51.571751,On or near Park/Open Space,E01021319,Basildon 017E,Investigation complete; no suspect identified
49f1ee32085898b89326f3e3d43e7a4ec9fd44d0122169147ec82b540ad43959,2015-08,Essex Police,Essex Police,0.487209,51.572869,On or near TIMBERLOG CLOSE,E01021326,Basildon 022D,Investigation complete; no suspect identified
b58bc621baa284860d3470c75bba987be380e22e7eff311ff419d62370ce27a0,2015-08,Essex Police,Essex Police,0.078545,51.767794,On or near CANONS BROOK,E01021841,Harlow 004C,Investigation complete; no suspect identified
5098076563123403d062df9653abb95b506ae87151eb242db00f8a7967a61093,2015-08,Essex Police,Essex Police,0.396896,51.717055,On or near THE CAUSEWAY,E01021551,Chelmsford 011A,Investigation complete; no suspect identified
0aa1b97d3d3fe11149e213f9507635a6fe131a6a5c7dd0e3db4ab665e6e62b4d,2015-08,Essex Police,Essex Police,0.572015,51.882511,On or near WARLEY CLOSE,E01021352,Braintree 007C,Investigation complete; no suspect identified
1c452b0378cb7791e01d4967e452c3704c2078c07c00d1dd46a4f61d4b145f21,2015-08,Essex Police,Essex Police,0.929648,51.885162,On or near Supermarket,E01033722,Colchester 008H,Investigation complete; no suspect identified
640d5183e8cc1ae42f62410b199257f17d4cbdcb0951b7cf1b7b414c2a462400,2015-08,Essex Police,Essex Police,0.558840,51.877744,On or near RAILWAY STREET,E01033458,Braintree 009E,Investigation complete; no suspect identified
256257e15696c77c6ac27708684fa61221c321ac9dc8f2c81bf1b00f686bb928,2015-08,Essex Police,Essex Police,0.670862,51.538882,On or near THE RIDGEWAY,E01015830,Southend-on-Sea 012D,Investigation complete; no suspect identified
908f64fcc3327064f0d85640c61931fc6e33af15fbd6e726b77bcbdd41dd6b93,2015-08,Essex Police,Essex Police,0.442562,51.716294,On or near Park/Open Space,E01021634,Chelmsford 011D,Investigation complete; no suspect identified
feca9307a91720370bc9e3713ed22b3d0846f617aacfbcbdc9a8b96f3c27fc45,2015-08,Essex Police,Essex Police,0.899183,51.910173,On or near Hospital,E01021682,Colchester 004D,Investigation complete; no suspect identified
94d9ab49e8bdf3d94281ef45c8ab7c3542c70a3f77de0f533e4657d87f31d2e6,2015-08,Essex Police,Essex Police,0.758953,51.532939,On or near THE BROADWAY,E01015890,Southend-on-Sea 016B,Investigation complete; no suspect identified
da61b0b4983753fa6b06fb7b2e300d8e29afd4ef157212e51c02e3927e74823b,2015-08,Essex Police,Essex Police,0.442562,51.716294,On or near Park/Open Space,E01021634,Chelmsford 011D,Investigation complete; no suspect identified
5d0443bd45cefd872902571154eae358d8a4c69e388709d2012d6bef335d7784,2015-08,Essex Police,Essex Police,0.455806,51.746693,On or near WEST AVENUE,E01021576,Chelmsford 006A,Investigation complete; no suspect identified
36e51e02ba73eb5af06f4c1d38ed78af29b435c9bc2bd5395c96eac0921f716e,2015-08,Essex Police,Essex Police,0.333758,51.892003,On or near MANOR ROAD,E01022095,Uttlesford 006D,Investigation complete; no suspect identified
2f49f55088a0bc7291b8ac7ff33a39dca0920dec8c034f0e983bf9b97af96579,2015-08,Essex Police,Essex Police,0.581527,51.868714,On or near CRESSING ROAD,E01021380,Braintree 012E,Investigation complete; no suspect identified
08d1c99350dc93d4d918d2eea3a30edd328188494526f07d11f4cc8c0d847659,2015-08,Essex Police,Essex Police,0.193109,51.872201,On or near DUNMOW ROAD,E01022087,Uttlesford 005F,Investigation complete; no suspect identified
1cdeb5fc9844e47e9f80bf64f61b5d70186c994530ac178b4c06da6c4da37228,2015-08,Essex Police,Essex Police,0.539912,51.589618,On or near SOUTHEND ARTERIAL ROAD,E01021344,Basildon 008D,Investigation complete; no suspect identified
571cbccc0b5a747d3de1581994006c41c628b28b5ab211a1b7858736d87abdad,2015-08,Essex Police,Essex Police,0.345180,51.634743,On or near BEAUMONT GARDENS,E01021453,Brentwood 005B,Investigation complete; no suspect identified
14c81b586314389ae313c299adf2ded32795c0ad017338561ceb484b040b7ad1,2015-08,Essex Police,Essex Police,0.742422,51.547240,On or near WHITTINGHAM AVENUE,E01015887,Southend-on-Sea 009E,Investigation complete; no suspect identified
af6d7635c1afb833612baa2b502b0b39b14670e7d6cb5dcec389e9d6465aee99,2015-08,Essex Police,Essex Police,0.113638,51.698357,On or near HARTLAND ROAD,E01021757,Epping Forest 006B,Investigation complete; no suspect identified
1a52e4e416d56ef3db77419a856f2cc78341d78938e0697357d3da0a7437c3db,2015-08,Essex Police,Essex Police,0.487259,51.724286,On or near WHITEHOUSE CRESCENT,E01021563,Chelmsford 014B,Investigation complete; no suspect identified
42ee5c1d0b6ebfc334290c4a20b61bc76bb04296f202f2c29978fbb7d32316b5,2015-08,Essex Police,Essex Police,0.724546,51.555868,On or near Supermarket,E01015871,Southend-on-Sea 006C,Investigation complete; no suspect identified
78b45880e13703680619d3123b7aa37c5989b4e1015181621e0d7c64849a2a38,2015-08,Essex Police,Essex Police,0.560540,51.576462,On or near WOODSIDE VIEW,E01021515,Castle Point 001C,Investigation complete; no suspect identified
2ff074cb749c4f3c8d274c1504b30cb41012a4a0703b92c362c24fa8d4ef10a8,2015-08,Essex Police,Essex Police,0.766909,51.528363,On or near BURGES CLOSE,E01015893,Southend-on-Sea 016E,Investigation complete; no suspect identified
17285069042b00f3cdf5bc6ad200e536b455a1bce4002000d6b190e751809b61,2015-08,Essex Police,Essex Police,0.324402,51.474666,On or near Parking Area,E01015954,Thurrock 017D,Investigation complete; no suspect identified
e3a7fe81e7b0e295058641e871c909820afd69c7b77afc262dbec22fa107cb94,2015-08,Essex Police,Essex Police,0.710454,51.540888,On or near QUEENSWAY,E01015895,Southend-on-Sea 010A,Investigation complete; no suspect identified
e9a09a295f26cb088cfa1c817d362134af871730d202ffd05d724f754f70b16d,2015-08,Essex Police,Essex Police,0.442562,51.716294,On or near Park/Open Space,E01021634,Chelmsford 011D,Investigation complete; no suspect identified
0b37daa249bf1311f935ac717c97e176f9eae614e1b0dd0b4aa015a310fa6255,2015-08,Essex Police,Essex Police,0.750896,51.812676,On or near GROSVENOR CLOSE,E01021723,Colchester 020A,Investigation complete; no suspect identified
55a8a365c97c28f66ff2da7167e346aa049c53cab89c64f9b56c29a93377fb9d,2015-08,Essex Police,Essex Police,0.548776,51.609454,On or near CROUCHVIEW CLOSE,E01021335,Basildon 007A,Investigation complete; no suspect identified
62808e25c9059079041cba05ee02a444db16970a253874d9a6e59797f2decf3b,2015-08,Essex Police,Essex Police,0.899288,51.889233,On or near Shopping Area,E01021649,Colchester 007D,Investigation complete; no suspect identified
b42c6c9a0e24a5734ec17f413af10f059302b3ee08c6c67ec14d9c460a867c2a,2015-08,Essex Police,Essex Police,0.442562,51.716294,On or near Park/Open Space,E01021634,Chelmsford 011D,Investigation complete; no suspect identified
3922eef4bda9a13f895df202453adba9073aa33fde875e235de56c03816cc874,2015-08,Essex Police,Essex Police,0.452281,51.571751,On or near Park/Open Space,E01021319,Basildon 017E,Investigation complete; no suspect identified
a1c41438929d61f4dc7b09fe4c41e9059c25da7d2ce6d59dbe954368e0451637,2015-08,Essex Police,Essex Police,0.059923,51.765604,On or near Park/Open Space,E01021840,Harlow 004B,Investigation complete; no suspect identified
355e2427d9010c79bf1f023e0861bdadcce1be94fc9cc171e715265f8557aadc,2015-08,Essex Police,Essex Police,0.898597,51.892722,On or near ST PETER'S STREET,E01021650,Colchester 007E,Investigation complete; no suspect identified
a8f965a604ff4058dc9ff0598651fd4f87e4196a0d7ee3e52d366cf9b0819af9,2015-08,Essex Police,Essex Police,1.132693,51.802929,On or near AUTUMN CLOSE,E01022024,Tendring 015B,Investigation complete; no suspect identified
ea125fc18b1c266eecfb1356c18585f323b7c53e1d51033ead4664805e2004fd,2015-08,Essex Police,Essex Police,0.606294,51.555003,On or near Supermarket,E01021520,Castle Point 006C,Investigation complete; no suspect identified
93d543ddc2712826f5a61eccd24adc0d242193ac30ed66ab96acb1f5b17deaac,2015-08,Essex Police,Essex Police,0.468812,51.770521,On or near CHURCH AVENUE,E01021541,Chelmsford 001D,Investigation complete; no suspect identified
ab612496287df1398bcdd9c64286b7f648d9bf4069bf53b01b0a602d9ff381fa,2015-08,Essex Police,Essex Police,0.091222,51.607591,On or near TROTWOOD,E01021765,Epping Forest 017B,Investigation complete; no suspect identified
ea1fd4aa6778cf608046ce942fcd6d84494fd90dee19a63bd8841ea545116741,2015-08,Essex Police,Essex Police,0.288664,51.514741,On or near ARCANY ROAD,E01015973,Thurrock 006D,Investigation complete; no suspect identified
a4dedf5e2490f0d32ca02a7c4abf9c6e18cd6aeda6bc00d2262c036115b83dd5,2015-08,Essex Police,Essex Police,0.640820,51.808078,On or near Petrol Station,E01021416,Braintree 017B,Investigation complete; no suspect identified
407206c84788338c43d53944d8a32b8e48de711d56133f6d7a256d962cb3dc61,2015-08,Essex Police,Essex Police,1.062805,51.945815,On or near NORTH STREET,E01022020,Tendring 003F,Investigation complete; no suspect identified
5dbe1b662b8b0cc2157a97e739833b26f226a739b9c2c4aa040485f0d109765a,2015-08,Essex Police,Essex Police,0.696349,51.562843,On or near Supermarket,E01015865,Southend-on-Sea 002C,Investigation complete; no suspect identified
cff3c71f78ddb0df668732bac2a528ec1bdca50b46ad28fce158331d2a6e0f25,2015-08,Essex Police,Essex Police,0.714435,51.554457,On or near EASTERN CLOSE,E01015874,Southend-on-Sea 006F,Investigation complete; no suspect identified
c242422516846435594d6297eebb23ebc23ad5eaa230be15523eb0c3bd58993e,2015-08,Essex Police,Essex Police,0.693929,51.557304,On or near HENLEY CRESCENT,E01015859,Southend-on-Sea 004C,Investigation complete; no suspect identified
812b8c5642a72032b322e1eae2a7ef923d1306af973667794f48d2c1e38dc918,2015-08,Essex Police,Essex Police,0.681836,51.727927,On or near WANTZ ROAD,E01021889,Maldon 004A,Investigation complete; no suspect identified
5387df15f15e2c0b75e80306baac8d3599fb443424e1491fe563bd25c3bcbd6b,2015-08,Essex Police,Essex Police,0.119436,51.762018,On or near PURFORD GREEN,E01021819,Harlow 006A,Investigation complete; no suspect identified
fd40d142dfbd66e02ba76b056f6c0bbfcb358e2d0432e65ad3512e1cd7b00aa0,2015-08,Essex Police,Essex Police,0.061180,51.637843,On or near MALVERN GARDENS,E01021783,Epping Forest 013D,Investigation complete; no suspect identified
641822e34bcaa1887564b130850fd39b64f0b6552806b16eea4da7a74a2bc917,2015-08,Essex Police,Essex Police,0.302207,51.620297,On or near HIGH STREET,E01021433,Brentwood 007A,Investigation complete; no suspect identified
894c5a1677ecd9fbab0561f553d6aef104f223cf775b8a248a85eabb9aba5436,2015-08,Essex Police,Essex Police,0.258362,51.905165,On or near EASTEND LANE,E01022062,Uttlesford 005A,Investigation complete; no suspect identified
55df41a253f8eeb5f314932ddee03f1d94609fd7a047003834d510fb8d0f712e,2015-08,Essex Police,Essex Police,0.787557,51.829044,On or near Park/Open Space,E01021643,Colchester 019A,Investigation complete; no suspect identified
080d63c475c3d6ec116c8307f4a9b93f7e10ff5302d3acfc94dca54ddf67b521,2015-08,Essex Police,Essex Police,0.442562,51.716294,On or near Park/Open Space,E01021634,Chelmsford 011D,Investigation complete; no suspect identified
7a02edc60ed9186f0921eaa20dfa486c293e213ce52377334a6bd8decbb745da,2015-08,Essex Police,Essex Police,0.118921,51.776703,On or near Pedestrian Subway,E01021844,Harlow 002A,Investigation complete; no suspect identified
45b5970d94dc931300c2693332b35b076976ea09ee7b05b849dcc48dbae09036,2015-08,Essex Police,Essex Police,0.443729,51.586940,On or near KENILWORTH PLACE,E01021262,Basildon 010B,Investigation complete; no suspect identified
d61559e1023b7631e2015dce5b7c51675129acd8a1946d230725971ad116420b,2015-08,Essex Police,Essex Police,0.022689,51.737996,On or near PALMERS GROVE,E01021794,Epping Forest 002D,Investigation complete; no suspect identified
70852d138b4549f9994e697baa87763f3aaa6a66bd6fbc6b2f40a90f001690c6,2015-08,Essex Police,Essex Police,0.435880,51.643391,On or near PENWOOD CLOSE,E01021238,Basildon 001B,Investigation complete; no suspect identified
cd44e99f0fb429884cea53aee71bfee8d2d3a964ca62acc933e39a3bad8d7aa0,2015-08,Essex Police,Essex Police,0.559418,51.521294,On or near VIKINGS WAY,E01021503,Castle Point 010D,Investigation complete; no suspect identified
2ec75c891b787eb167c2b8c1f3f0061e46904acbdc18c8dcc6dec0e9f57f8e04,2015-08,Essex Police,Essex Police,0.557958,51.876280,On or near SOUTH STREET,E01033458,Braintree 009E,Investigation complete; no suspect identified
43848d7e4d18ce5e19690eadec977b7bc79ccbae3bd2f6c0acd09071dde50695,2015-08,Essex Police,Essex Police,0.246715,51.715239,On or near THE GABLES,E01021802,Epping Forest 004D,Investigation complete; no suspect identified
0a99e77de33cf765abf9b9f55be4faa2098fc3a6412c60b67866ec7fe329d586,2015-08,Essex Police,Essex Police,1.105138,51.772676,On or near BROOKLANDS,E01021988,Tendring 018A,Investigation complete; no suspect identified
c24b42e3d980f8fd8bab5e0e4acc45f8c31c939cbdc48f6683e96565677e653a,2015-08,Essex Police,Essex Police,0.810044,51.631638,On or near HORNET WAY,E01021881,Maldon 008F,Investigation complete; no suspect identified
fae21aa0c19d939e3a60525aeec3363e778c10e26e6ef36bcac81b15850d4005,2015-08,Essex Police,Essex Police,0.464826,51.747376,On or near TOWN CROFT,E01021591,Chelmsford 002E,Investigation complete; no suspect identified
9b50248f7fa308220be0066fbe78a9c8e2f96649cd2f5d5b3c4ffb5424af7992,2015-08,Essex Police,Essex Police,0.377126,51.486631,On or near HYDER ROAD,E01015936,Thurrock 012D,Investigation complete; no suspect identified
543e953e54fd0d6257e31133a033bae77a9b79c5bedac1c593049ebf2812e53d,2015-08,Essex Police,Essex Police,0.290865,51.616841,On or near Petrol Station,E01021438,Brentwood 006A,Investigation complete; no suspect identified
7dfb5463f80f9cbf7af5ca82f9445984ab74d52896648223008c2a6a72f3984e,2015-08,Essex Police,Essex Police,0.385449,51.505600,On or near ANNABELL AVENUE,E01015979,Thurrock 004C,Investigation complete; no suspect identified
7d3cc767ee5b496d196efe968f28709438a143459ec9dacfb268c607bdee2970,2015-08,Essex Police,Essex Police,0.520508,51.612565,On or near HIGH STREET,E01021331,Basildon 008A,Investigation complete; no suspect identified
72cb37c65c5c684ceebeedbe914dcfcd8cc59e9d4c07b4740c88a174f155b91e,2015-08,Essex Police,Essex Police,1.148679,51.788768,On or near WEST AVENUE,E01022025,Tendring 016B,Investigation complete; no suspect identified
466760629a5b436bdb701beda6b76e8427b7ae32555053e98e089bb259bf8009,2015-08,Essex Police,Essex Police,0.704330,51.536118,On or near CAMBRIDGE ROAD,E01015853,Southend-on-Sea 015C,Investigation complete; no suspect identified
d1c0e9ba77dd1c9054b4dad19dac9d96d5879233f7dc99bf156c688cbe219622,2015-08,Essex Police,Essex Police,0.069748,51.641595,On or near LOWER ALDERTON HALL LANE,E01021771,Epping Forest 013A,Investigation complete; no suspect identified
2022edf2c64b9747a1f528faa863bd566a4dec57501978649caeb1a341734db6,2015-08,Essex Police,Essex Police,1.130420,51.797135,On or near TRIMLEY CLOSE,E01022031,Tendring 015D,Investigation complete; no suspect identified
95144bec00da1154c62b8c8400d18efe69815808400715dbf731639e1c9b2608,2015-08,Essex Police,Essex Police,0.549624,51.690249,On or near Sports/Recreation Area,E01021535,Chelmsford 016B,Investigation complete; no suspect identified
be1595d4325d48b8909efc767986d3663ee05871b8bb569c2ea89bb3b1f14a2c,2015-08,Essex Police,Essex Police,0.519090,51.614610,On or near UPPER MARKET ROAD,E01021331,Basildon 008A,Investigation complete; no suspect identified
7084bb5456fec3efb3950d58745602b22dc4518e0bc1f1c0e7455530e7ce2373,2015-08,Essex Police,Essex Police,0.096120,51.641172,On or near Sports/Recreation Area,E01021750,Epping Forest 016B,Investigation complete; no suspect identified
095ba7ff41f5ccb7bed9204ed31377647eb0c569c20d274533eab90d5146034d,2015-08,Essex Police,Essex Police,0.796892,51.536681,On or near VERMEER CRESCENT,E01015876,Southend-on-Sea 013A,Investigation complete; no suspect identified
865c55be06bbfe4e19a219868e25b64b1be0b101b5a13f3b9cad1737e2972d4a,2015-08,Essex Police,Essex Police,0.649651,51.751600,On or near Sports/Recreation Area,E01021913,Maldon 002D,Investigation complete; no suspect identified
cdd22ae5258f2afdd9903448751e4d42aef20de3d395feb2a73ee545e1f3ea38,2015-08,Essex Police,Essex Police,0.059421,51.655140,On or near WALLER'S HOPPET,E01021787,Epping Forest 012B,Investigation complete; no suspect identified
590e1cfd1a6990c7352601c92e1540dd4b25cc0a53a9280afb6bc5cf3d72b272,2015-08,Essex Police,Essex Police,0.468926,51.695022,On or near PONDS ROAD,E01021552,Chelmsford 017A,Investigation complete; no suspect identified
52d3d25ca4167c2b5ec9eba13e117e9092409d9c5602074f1f5712429a60fb90,2015-08,Essex Police,Essex Police,0.521403,51.613859,On or near Pedestrian Subway,E01021334,Basildon 005A,Investigation complete; no suspect identified
8598a5b77a34e96a52101d2721af8fb4b756867414a520e122eee7ab364f123e,2015-08,Essex Police,Essex Police,0.641219,51.810929,On or near CYPRESS ROAD,E01021420,Braintree 017C,Investigation complete; no suspect identified
3ef1ebb6d7176fa81b3c722929ecf92f5bf911833fbc0802c02008b25c5c1930,2015-08,Essex Police,Essex Police,0.427241,51.611006,On or near HAMMONDS LANE,E01021259,Basildon 009C,Investigation complete; no suspect identified
8a9ad0e1c64332c6ed12a77326336666fef102f47ca258d8002585227e6ec00e,2015-08,Essex Police,Essex Police,0.939874,51.888424,On or near WOODROW WAY,E01021696,Colchester 008A,Investigation complete; no suspect identified
b27a5cc49b9cf40f744fdfd9b3270c9c114660175caa16b463492d15e9615cc6,2015-08,Essex Police,Essex Police,0.072179,51.640069,On or near HIGHWOOD LANE,E01021771,Epping Forest 013A,Investigation complete; no suspect identified
879291ea61e1e24fe43636e1d2b569cbcf8dd95e376b1c446065bb7bdf779566,2015-08,Essex Police,Essex Police,0.667652,51.560180,On or near BRIDGWATER DRIVE,E01015824,Southend-on-Sea 005E,Investigation complete; no suspect identified
3b580145a564534ed91863bbe69fd15f70a4cce693b6e544b762e8be1230b64a,2015-08,Essex Police,Essex Police,0.519090,51.614610,On or near UPPER MARKET ROAD,E01021331,Basildon 008A,Investigation complete; no suspect identified
5b5e995d81d320c79eacacfbbf87d21baeb5dc85715dcb37f0421b586af9a319,2015-08,Essex Police,Essex Police,0.709557,51.538651,On or near NAPIER AVENUE,E01015854,Southend-on-Sea 015D,Investigation complete; no suspect identified
452745cb3b6d5dd1e65ecc656519636e41b246bc29f486b50677d85c9290680b,2015-08,Essex Police,Essex Police,0.262278,51.867069,On or near HARVEST FIELDS,E01022091,Uttlesford 006C,Investigation complete; no suspect identified
25948580bd8c261a607a4a2056178c195de7a49c8e0bd4ae8da4fddb91337e10,2015-08,Essex Police,Essex Police,0.356988,51.576771,On or near TILBURY ROAD,E01021446,Brentwood 009B,Investigation complete; no suspect identified
77f7491a1fc1ea28ed74f7cdd0f695c81e9dcbef4b0b14b561a539fc3be47884,2015-08,Essex Police,Essex Police,1.090016,51.941730,On or near STOURVIEW AVENUE,E01022021,Tendring 003G,Investigation complete; no suspect identified
57d1a399cb32e1b9e75560ff70349aa0448f5ea6edcc2870a97f4109be16943b,2015-08,Essex Police,Essex Police,0.516828,51.582606,On or near DENVER DRIVE,E01021309,Basildon 011E,Investigation complete; no suspect identified
4ab43429a6ac995839c3737bca54ef87fbbc61e8fc6be0ab4bc5671e048f1020,2015-08,Essex Police,Essex Police,0.291990,51.623393,On or near ST CHARLES ROAD,E01021432,Brentwood 004B,Investigation complete; no suspect identified
1cb93ea3eb6158337e0b3bdbc6092a0ba31a54dcb07a8f38fb3a38e4781d3627,2015-08,Essex Police,Essex Police,0.442562,51.716294,On or near Park/Open Space,E01021634,Chelmsford 011D,Investigation complete; no suspect identified
54156ecf612cabad56f1d9418a9761959c963b3b10cd4fa908f6720e9b0618a8,2015-08,Essex Police,Essex Police,0.442562,51.716294,On or near Park/Open Space,E01021634,Chelmsford 011D,Investigation complete; no suspect identified
5441f1e66d7b7302862ebdd88c9eee9e3f42dd9ccd9e92464a8823788a8711b6,2015-08,Essex Police,Essex Police,0.504899,51.577250,On or near MALYONS MEWS,E01021302,Basildon 013B,Investigation complete; no suspect identified
2e5eb6f66dc944c8c392be694b92a052f62d24505dd5cf58e00bff566ff87f6e,2015-08,Essex Police,Essex Police,0.280632,51.509754,On or near Parking Area,E01015972,Thurrock 006C,Investigation complete; no suspect identified
ca0cdcdc3421f2fc484ae09784a6f7f964a66146676675f628ae95b20af44525,2015-08,Essex Police,Essex Police,0.442562,51.716294,On or near Park/Open Space,E01021634,Chelmsford 011D,Investigation complete; no suspect identified
1422923ff22b7439cb5f140050d9fe7fec4c73f380f6110658646bbdccda77be,2015-08,Essex Police,Essex Police,0.439140,51.641641,On or near DERBY CLOSE,E01021237,Basildon 001A,Investigation complete; no suspect identified
d956a7475f202842edb7108427331022f1f403b123cbaa609bc81ff8de465b1c,2015-08,Essex Police,Essex Police,0.640820,51.808078,On or near Petrol Station,E01021416,Braintree 017B,Investigation complete; no suspect identified
0b8f4e4e83ddbb7eab1ff90f9f9a35b56fab40d9b881fefce27d64f82adf011e,2015-08,Essex Police,Essex Police,0.922635,51.879446,On or near SMITHS FIELD,E01021664,Colchester 016C,Investigation complete; no suspect identified
48ee018bca3537d944477c4c08bc78d2c6a0e17b6ff8390f06b3a8b119a19148,2015-08,Essex Police,Essex Police,0.502743,51.579265,On or near DELVINS,E01021302,Basildon 013B,Investigation complete; no suspect identified
62da61f72c2fe935a04fb470883223657117469254bddf5e179722c5b9be5d44,2015-08,Essex Police,Essex Police,1.257809,51.933128,On or near Supermarket,E01022006,Tendring 002C,Investigation complete; no suspect identified
a2eb5f71e2e78756436dae60e648353d06c8fc857c97dd0d49137d3044996f99,2015-08,Essex Police,Essex Police,0.423213,51.576600,On or near Pedestrian Subway,E01021290,Basildon 016D,Investigation complete; no suspect identified
67463a0e23911f1238cfc62e3a379af0ad3250da999067749a805959a361b7de,2015-08,Essex Police,Essex Police,0.322355,51.479168,On or near Grays Police Station,E01015956,Thurrock 016B,Investigation complete; no suspect identified
a789613ed0ca9f1eb5c42ca1da3eb7be2663138d84094e07000bb09c995649e5,2015-08,Essex Police,Essex Police,0.384238,51.671565,On or near BAKERS LANE,E01021458,Brentwood 002B,Investigation complete; no suspect identified
3a49a95d370326820ce2361798b8f645b701fad70d92561b98854e348e8c7422,2015-08,Essex Police,Essex Police,0.922635,51.879446,On or near SMITHS FIELD,E01021664,Colchester 016C,Investigation complete; no suspect identified
752370f7fc6706e25e09cd2fcf82a0fdf050ca85e31a4b91ba724d7c9dcf3876,2015-08,Essex Police,Essex Police,0.442562,51.716294,On or near Park/Open Space,E01021634,Chelmsford 011D,Investigation complete; no suspect identified
5862d9a9f5ddf9e7c7bb037fb806c49fbf067e195b6f3c64d6cb021542bb4744,2015-08,Essex Police,Essex Police,0.467833,51.573791,On or near SHORT ACRE,E01021266,Basildon 015A,Investigation complete; no suspect identified
840b4beaf37bbf06859dfaad8e9e91fa6897889f9fcfb39b22934792d087de9e,2015-08,Essex Police,Essex Police,0.442562,51.716294,On or near Park/Open Space,E01021634,Chelmsford 011D,Investigation complete; no suspect identified
4390baf1315b40e4ef4f20adba6b4e818f5485bfe4fbcc045f851d0cc7f6add9,2015-08,Essex Police,Essex Police,0.442562,51.716294,On or near Park/Open Space,E01021634,Chelmsford 011D,Investigation complete; no suspect identified
834f9096fd6a0dbfc7575d055f3b13b6d92f6b90e272263e61b07ec0e64f357a,2015-08,Essex Police,Essex Police,0.442562,51.716294,On or near Park/Open Space,E01021634,Chelmsford 011D,Investigation complete; no suspect identified
1f2bb74458cc76ab28dc731c8303e9c48c01b1109a9f61b76987135e220579bb,2015-08,Essex Police,Essex Police,0.009398,51.689782,On or near THAXTED WAY,E01021813,Epping Forest 007B,Investigation complete; no suspect identified
87ab8b65bd920d2d6d194227684e0e0e9f401986d286027138297ed6ce7725f2,2015-08,Essex Police,Essex Police,0.442562,51.716294,On or near Park/Open Space,E01021634,Chelmsford 011D,Investigation complete; no suspect identified
c0dddab2c0b4dbbebbad88a3584bbccb89fa249618637c9fa8fc23c3a43af32b,2015-08,Essex Police,Essex Police,0.442562,51.716294,On or near Park/Open Space,E01021634,Chelmsford 011D,Investigation complete; no suspect identified
e18cf780a34d2b73346faf8d93465f921d50b5f8c3f748fb6ffb0b60134bdeaf,2015-08,Essex Police,Essex Police,0.391789,51.672949,On or near DOCKLANDS AVENUE,E01021458,Brentwood 002B,Investigation complete; no suspect identified
72396800911e688d819511210d1f5a743330895901d5a283f4a32183c628be3d,2015-08,Essex Police,Essex Police,0.300242,51.620299,On or near Nightclub,E01021433,Brentwood 007A,Investigation complete; no suspect identified
ac920d2440c80bc356fe31ce590155f76ea244f57b40ad448c7a526071e4bd03,2015-08,Essex Police,Essex Police,1.272071,51.846387,On or near Theme/Adventure Park,E01022056,Tendring 006E,Investigation complete; no suspect identified
a73dad99b0d06670a4b48d36772d11210f8dc49a509eaf4464a46a2b6a91c745,2015-08,Essex Police,Essex Police,0.442562,51.716294,On or near Park/Open Space,E01021634,Chelmsford 011D,Investigation complete; no suspect identified
9e5b0b83e131e4a7e1257eae63fe7dadb0a1b8cc6ab1414daebfd91869a0249b,2015-08,Essex Police,Essex Police,0.442562,51.716294,On or near Park/Open Space,E01021634,Chelmsford 011D,Investigation complete; no suspect identified
03fff564f7f09996890a50a7e7424e1e37b5e4ac7bc3d99251eab9f3a90af884,2015-08,Essex Police,Essex Police,0.442562,51.716294,On or near Park/Open Space,E01021634,Chelmsford 011D,Investigation complete; no suspect identified
1656caf39d7d98ca19147663572d8aa0343591e149e260171aaba34b87312bc5,2015-08,Essex Police,Essex Police,0.276223,51.506881,On or near FOYLE DRIVE,E01015928,Thurrock 007B,Investigation complete; no suspect identified
3e61cb36fd076615e735f72a59f21540a13e502b931032087b1b8c8da1cbabf3,2015-08,Essex Police,Essex Police,0.724922,51.532953,On or near Sports/Recreation Area,E01015842,Southend-on-Sea 014D,Investigation complete; no suspect identified
b5a5d22055d90c912dc56ca5aa1aac37cc7dd3c2879b9ee1de48f0b3db26fd41,2015-08,Essex Police,Essex Police,0.545135,51.883851,On or near PYGOT PLACE,E01021358,Braintree 008C,Investigation complete; no suspect identified
a427e264a4d2783e6bfc057314fdaf2fce20d04236f66641bbb60280e52c552b,2015-08,Essex Police,Essex Police,0.470840,51.658164,On or near GREAT PRESTONS LANE,E01033143,Chelmsford 018E,Investigation complete; no suspect identified
b7130a6d48c053e8f71261db83165395738eb0631f9b3742e844e3bc07aacfd7,2015-08,Essex Police,Essex Police,0.297238,51.635179,On or near Parking Area,E01021462,Brentwood 006B,Investigation complete; no suspect identified
edda3b1ea96cba169c63861fe5ae0c25a94bba0d6bf984f6eaeba67d0f7612dc,2015-08,Essex Police,Essex Police,0.468341,51.597810,On or near JUBILEE ROAD,E01021260,Basildon 009D,Investigation complete; no suspect identified
402f6675cdc5252fd77526fe6ab56e7969c81eff73c50a8ca83b1ad7a1f870ce,2015-08,Essex Police,Essex Police,0.673547,51.543848,On or near OLD LEIGH ROAD,E01015830,Southend-on-Sea 012D,Investigation complete; no suspect identified
4f4c2d37d8ee96e82326277f9a81f74ecf2ef77d5f8c5a0b9ed60868b989f94c,2015-08,Essex Police,Essex Police,0.057482,51.634032,On or near GREENSTED ROAD,E01021784,Epping Forest 013E,Investigation complete; no suspect identified
1e9cc6785f9ea1ce42e522c314dbc54639049600a89e86a521cd00a4891b23e8,2015-08,Essex Police,Essex Police,0.101956,51.754464,On or near FIVE ACRES,E01021871,Harlow 007D,Investigation complete; no suspect identified
033d046d7ab17b8eb4d4fb36abe7228224e07d8f88eec12f3ac7d4a3572c2389,2015-08,Essex Police,Essex Police,0.691150,51.544444,On or near Supermarket,E01015902,Southend-on-Sea 007B,Investigation complete; no suspect identified
ceee4337bbcd5ac2a45a208c76dfd485d544fb5fe971fce0fecfca4d72734051,2015-08,Essex Police,Essex Police,0.654817,51.540982,On or near LEIGH HILL,E01015848,Southend-on-Sea 011D,Investigation complete; no suspect identified
8ba7246e28e0b58533e0cc6fdc2907766a5180f752a88f939d8e358637ad78b8,2015-08,Essex Police,Essex Police,0.940362,51.893223,On or near HONEYSUCKLE WAY,E01021696,Colchester 008A,Investigation complete; no suspect identified
d0658d4a55df60420fb35392400da4b4ea9cdf3b8a5407bfbe57238737730ed8,2015-08,Essex Police,Essex Police,0.894875,51.892490,On or near MIDDLEBOROUGH,E01021650,Colchester 007E,Investigation complete; no suspect identified
ea106eb2fc0fa712e297f01fda296a110580480ad9e59a7f77d2a4b6d090b24a,2015-08,Essex Police,Essex Police,0.430105,51.635956,On or near LILFORD ROAD,E01021239,Basildon 003A,Investigation complete; no suspect identified
cfa8c9be0053c6ba3e53d918066460dbf615fcc2e69699262c40816ad773a654,2015-08,Essex Police,Essex Police,0.684702,51.545167,On or near LONDON ROAD,E01015832,Southend-on-Sea 012F,Investigation complete; no suspect identified
f920ce638c91f80a148bc1c6d30fa0f84d6cb6864f0016d0c21c6215bd4d126c,2015-08,Essex Police,Essex Police,0.670214,51.548754,On or near GREENBANKS,E01015823,Southend-on-Sea 005D,Investigation complete; no suspect identified
885982e3b77ef6d8bc37b7e1b85c74d91245bfbdc51e1eab33402c45241a89bb,2015-08,Essex Police,Essex Police,0.919605,51.890323,On or near EAST STREET,E01021706,Colchester 022H,Investigation complete; no suspect identified
17b3de951a29f323a92acba23d80b992a642ffae12600d001499ce1cc4a56aa5,2015-08,Essex Police,Essex Police,0.551687,51.567356,On or near LONDON ROAD,E01021476,Castle Point 003A,Investigation complete; no suspect identified
961fad105240e4ed48be121dfae2c120acf4ddea1915a3d57304c2edf42062f8,2015-08,Essex Police,Essex Police,0.290955,51.490892,On or near HOWARD ROAD,E01015982,Thurrock 019A,Investigation complete; no suspect identified
9deebf8c3226515dc4ce524b534375d27606cbb0d1766da01eae208ce35a7cac,2015-08,Essex Police,Essex Police,0.363818,51.482764,On or near MORLEY SQUARE,E01015935,Thurrock 012C,Investigation complete; no suspect identified
e3cce0eeba455a83793fbd113cd23233869ee59cb8dcf9fad8aa469b2d936698,2015-08,Essex Police,Essex Police,0.276223,51.506881,On or near FOYLE DRIVE,E01015928,Thurrock 007B,Investigation complete; no suspect identified
4b7f7f1223c6afd210a6adc0e78c030269104e3e8c0b5d22bae16468657b83a6,2015-08,Essex Police,Essex Police,0.095357,51.767783,On or near Shopping Area,E01021872,Harlow 007E,Investigation complete; no suspect identified
71d3c86a945b4dca26fe7c54303c9c52d6294e2a442c9fcb737c2843817b379b,2015-08,Essex Police,Essex Police,0.018747,51.734044,On or near TOVEY CLOSE,E01021794,Epping Forest 002D,Investigation complete; no suspect identified
0966e47f6ebb125a22b766869026176531726670978a8eb701c1704c8f21f423,2015-08,Essex Police,Essex Police,0.446543,51.526698,On or near Pedestrian Subway,E01015988,Thurrock 002D,Investigation complete; no suspect identified
7828622396590c5ea6e4026b02efba2ee32b039c04a627656242d9b3fa727e93,2015-08,Essex Police,Essex Police,0.551464,51.557711,On or near OAKFIELD ROAD,E01021523,Castle Point 007D,Investigation complete; no suspect identified
eb98ae57f2a84cf828e4833899ddc676bb4ebeaf797470881890bc3063cefe4b,2015-08,Essex Police,Essex Police,0.490313,51.758494,On or near WAVELL CLOSE,E01021617,Chelmsford 004B,Investigation complete; no suspect identified
da32ab5747cb27d98acc8279c7fd67ba28dd2604ffa2019fd4115ec834e3386e,2015-08,Essex Police,Essex Police,0.558942,51.573718,On or near ROSEBERRY AVENUE,E01021513,Castle Point 001A,Investigation complete; no suspect identified
d0ab5548658e5d6b92eb3a93a3eb44da9df8bc27cd8e4ab47d744566487d25c8,2015-08,Essex Police,Essex Police,0.283467,51.508808,On or near Police Station,E01015976,Thurrock 007F,Investigation complete; no suspect identified
61c9b823cd2ff08424745437aeeb66611780f7ca6c5c110500cbaaa24d51a961,2015-08,Essex Police,Essex Police,0.069194,51.606561,On or near TOMSWOOD ROAD,E01021766,Epping Forest 017C,Investigation complete; no suspect identified
b4cab7b557c073fb27644f3a843ff47b2600f73b040097ba3447169ddaa9c1b0,2015-08,Essex Police,Essex Police,0.614500,51.520501,On or near WESTMAN ROAD,E01021492,Castle Point 009A,Investigation complete; no suspect identified
32be06313285de7c6bc3fff8161d12cbb55bde0d219d1bb067763be465aee66c,2015-08,Essex Police,Essex Police,0.678389,51.567580,On or near COMET WAY,E01015863,Southend-on-Sea 002A,Investigation complete; no suspect identified
4d44598eaea709314552a84341d922d7958e3f68c66d83619e0434ffc49a702c,2015-08,Essex Police,Essex Police,0.754550,51.812150,On or near ELWIN ROAD,E01021723,Colchester 020A,Investigation complete; no suspect identified
fad802b7f53731fe870faa0085a7cc04ca06f10abc153e53042e9e0c6f34e070,2015-08,Essex Police,Essex Police,1.151681,51.803519,On or near ELMDEN COURT,E01022042,Tendring 014A,Investigation complete; no suspect identified
23063ab922589e3c2b97bdb8f58a3d2f8f5437191644baf8592f640f1324438d,2015-08,Essex Police,Essex Police,0.332975,51.482662,On or near CRESTHILL AVENUE,E01015959,Thurrock 016C,Investigation complete; no suspect identified
32ba4deff45708223937a91be912de946335b5b4f4558ab7c53a541a3e631085,2015-08,Essex Police,Essex Police,0.691150,51.544444,On or near Supermarket,E01015902,Southend-on-Sea 007B,Investigation complete; no suspect identified
85ad6fd883feadb2bea6c65464da96535cb2cfc965d518f527d0bda12bae4e07,2015-08,Essex Police,Essex Police,0.717736,51.534325,On or near HERBERT GROVE,E01015852,Southend-on-Sea 015B,Investigation complete; no suspect identified
84f49b353ce1f3943d20ba1fba6a039f2d06ef00cd1f3725f3a079103385896b,2015-08,Essex Police,Essex Police,0.568393,51.521431,On or near LINK ROAD,E01021485,Castle Point 010A,Investigation complete; no suspect identified
409287d8fc4b49ac9992294cd454274e384ccb404784d9793926890d1c3bfe80,2015-08,Essex Police,Essex Police,0.832437,51.713087,On or near THE SPINNAKER,E01021901,Maldon 006A,Investigation complete; no suspect identified
cf3a04b11f19f9fdeffc748a136ad4a043b82178d491ca27f65ed9b938618a1b,2015-08,Essex Police,Essex Police,0.088530,51.764946,On or near NORTHBROOKS,E01021872,Harlow 007E,Investigation complete; no suspect identified
83214c6dfac6467b750e2ac1aa4bef1237f399b6b056fed4695d12fce80dc866,2015-08,Essex Police,Essex Police,0.897825,51.889081,On or near CULVER STREET WEST,E01021649,Colchester 007D,Investigation complete; no suspect identified
bb793a4fa4d15b7f652d6cdd0845e33aa02cac6c57a85a4c86fff83e86cbd9b1,2015-08,Essex Police,Essex Police,0.611775,51.649591,On or near LONGFIELD ROAD,E01021612,Chelmsford 019B,Investigation complete; no suspect identified
de702a2ee896d4168fb6d75e1cd6ffb5cccaf8ab6bc81608f493c8675201c56d,2015-08,Essex Police,Essex Police,0.173792,51.842462,On or near HALLINGBURY CLOSE,E01022060,Uttlesford 009B,Investigation complete; no suspect identified
b567c0b1e1b2a66f7871582f964dd87b4cfacc76518fbea7304de9626b36f354,2015-08,Essex Police,Essex Police,0.283467,51.508808,On or near Police Station,E01015976,Thurrock 007F,Investigation complete; no suspect identified
60b1a33d62da198d409de3cd88dd5cca5a0d2fae33b6ab1691a1ba801bbe6973,2015-08,Essex Police,Essex Police,0.413166,51.635928,On or near PEARTREE WALK,E01021246,Basildon 002B,Investigation complete; no suspect identified
2636f4807816a66f95b92d37c9c20e21316be4b9a93c5d0162635dfde92ef61a,2015-08,Essex Police,Essex Police,0.705140,51.545642,On or near HARCOURT AVENUE,E01015899,Southend-on-Sea 010E,Investigation complete; no suspect identified
dfe5b0a62fb64cff311f759a36ba829921266bedee655717bb3b15f937685389,2015-08,Essex Police,Essex Police,0.665361,51.723113,On or near WEST STATION YARD,E01021896,Maldon 005D,Investigation complete; no suspect identified
123a511fa0b81beaf8ff20f371ce7aa337c3fea522c9714888fa003c89c3a67b,2015-08,Essex Police,Essex Police,1.116152,51.831071,On or near RECTORY ROAD,E01022047,Tendring 018E,Investigation complete; no suspect identified
262de048b83e7e60a12c85466bd135bf1b328e838ef2321c7768d3a73ae27a8e,2015-08,Essex Police,Essex Police,0.477659,51.727987,On or near LYNMOUTH GARDENS,E01021579,Chelmsford 012C,Investigation complete; no suspect identified
87ca244f748b177513ce2c3160899a4f83c723c1209f54999f98eba97f84ccb5,2015-08,Essex Police,Essex Police,0.424377,51.566738,On or near MARLBOROUGH DRIVE,E01021282,Basildon 021C,Investigation complete; no suspect identified
cb952da09a12f07f66a7b75f3187540dcac8c63296ddc109df2b862130cd5a8e,2015-08,Essex Police,Essex Police,0.869101,51.944897,On or near TOG LANE,E01021659,Colchester 001C,Investigation complete; no suspect identified
44ebae65f660ecc44c8ea5431b0135914c83b1c7f42535f2073d76a5aa491c8e,2015-08,Essex Police,Essex Police,0.630806,51.943119,On or near Police Station,E01021392,Braintree 004D,Investigation complete; no suspect identified
649717dfe9a6d6124542c99c6d08b58c844e93b2762580763bb011327dafd14c,2015-08,Essex Police,Essex Police,0.717138,51.547280,On or near MAPLE SQUARE,E01015897,Southend-on-Sea 010C,Investigation complete; no suspect identified
72d7aefea2d49b5e9c902a550a0fad11badabc1e907c8cbef0542d73a67612e3,2015-08,Essex Police,Essex Police,0.017055,51.735386,On or near MAYFLOWER CLOSE,E01021794,Epping Forest 002D,Investigation complete; no suspect identified
59f26fd413aab34081582b6a4f9d945921012cd4b2d161f7c0a886125670b771,2015-08,Essex Police,Essex Police,0.508754,51.573876,On or near EASTBROOKS MEWS,E01021304,Basildon 013C,Investigation complete; no suspect identified
87e645b05b3fc659c743d4f5ce1898c87b4fc33cff0401394b51282d6d26a4fa,2015-08,Essex Police,Essex Police,0.456693,51.573287,On or near POMFRET MEAD,E01021318,Basildon 015C,Investigation complete; no suspect identified
f99e5202d757fe302b26249aad8786a1feb7c616b69a9a688fba1fb86d1c93da,2015-08,Essex Police,Essex Police,0.091752,51.751867,On or near PINCEYBROOK ROAD,E01021859,Harlow 010C,Investigation complete; no suspect identified
4fa24aa514b4a12fffe8fd6faa80758909c921dfa02b4f25ada903f5faffbb88,2015-08,Essex Police,Essex Police,0.118183,51.758777,On or near STILE CROFT,E01021819,Harlow 006A,Investigation complete; no suspect identified
696dd7e5bced6e17764ba69d4ed74b2e2b3687c3597e048d163757c2745dd06b,2015-08,Essex Police,Essex Police,0.607430,51.556957,On or near TEMPLEWOOD ROAD,E01021530,Castle Point 005C,Investigation complete; no suspect identified
bbbebd7d3a5bc07c61db91e24d4f59922ac8fb415b86b776215abcc8cb89d632,2015-08,Essex Police,Essex Police,0.493725,51.586445,On or near CRANES CLOSE,E01021269,Basildon 012C,Investigation complete; no suspect identified
6bd53bdc46e7d7a2351d835877aff23106a383a51fa4e71f808b30a78359c17c,2015-08,Essex Police,Essex Police,0.942495,51.781881,On or near WALDEGRAVES LANE,E01021733,Colchester 021C,Investigation complete; no suspect identified
9ac435e414be095625c06fdb70133ade100418fcb59dd8b42013a980ce32cb71,2015-08,Essex Police,Essex Police,0.367203,51.468315,On or near RAPHAEL AVENUE,E01016010,Thurrock 018H,Investigation complete; no suspect identified
d4dacbc296e27446a73dd6ba47831c434c7afe36388715d27840688d5dc08a85,2015-08,Essex Police,Essex Police,0.325565,51.628155,On or near FRIAR'S CLOSE,E01021465,Brentwood 005D,Investigation complete; no suspect identified
a06bd10426709303654f1c24213a214a08da00049cc445d935b10d0b4217708f,2015-08,Essex Police,Essex Police,0.886400,51.880008,On or near BUTT ROAD,E01021653,Colchester 013C,Investigation complete; no suspect identified
b9063eadad07207518539d87e3853c5f41e3ed241179661a19b90ecee7563436,2015-08,Essex Police,Essex Police,1.150608,51.788761,On or near JACKSON ROAD,E01022025,Tendring 016B,Investigation complete; no suspect identified
089fcd69da3a7cda330882a8c6bd231c87991f312f5e37c19615d8c8af8bd0ca,2015-08,Essex Police,Essex Police,0.649692,51.566946,On or near BELLHOUSE ROAD,E01015834,Southend-on-Sea 001B,Investigation complete; no suspect identified
7323637d6205917ef7ab88fdeee674816d6f9812380ab1048186cbaf063147f6,2015-08,Essex Police,Essex Police,0.444927,51.588273,On or near Pedestrian Subway,E01021262,Basildon 010B,Investigation complete; no suspect identified
4afa2c84e357b9d5442cfd790b3636c311bb751968044c1a41ed0e85c92c2937,2015-08,Essex Police,Essex Police,0.934089,51.887084,On or near CHASE COURT,E01021700,Colchester 008E,Investigation complete; no suspect identified
c2e2d61a9731f7e3e1b5f83fa9ec6b835551877703ee63260bb6108780e2e09e,2015-08,Essex Police,Essex Police,0.410139,51.730867,On or near VICTORIA ROAD,E01021635,Chelmsford 011E,Investigation complete; no suspect identified
53b065590a79fab3ecbc89fb06609ebc59a4bfc31660ca9851f95b1275e11542,2015-08,Essex Police,Essex Police,0.067286,51.653248,On or near HILL TOP,E01021786,Epping Forest 012A,Investigation complete; no suspect identified
5c55fe6334f6ded56da7cad154d2cf869dbb5a85c73ff213418a81f32ad3a627,2015-08,Essex Police,Essex Police,0.593705,51.520379,On or near OAK ROAD,E01021498,Castle Point 011B,Investigation complete; no suspect identified
bba305662a22af6d8eb2f538d30cb1e348f7ee06b956cacc4caa5a60ce24047b,2015-08,Essex Police,Essex Police,0.107814,51.763567,On or near NETTESWELLBURY FARM,E01021820,Harlow 006B,Investigation complete; no suspect identified
1d5add84bd04be76d18ef42b84c857c83761b5388637241b3d78a48769a35029,2015-08,Essex Police,Essex Police,0.313863,51.691480,On or near ST LAWRENCE GARDENS,E01021469,Brentwood 001E,Investigation complete; no suspect identified
f906dac7c82ac6decd078e2e7da50fc7b7176de91352548acb0d0f3798942695,2015-08,Essex Police,Essex Police,0.700538,51.544174,On or near SALISBURY AVENUE,E01015896,Southend-on-Sea 010B,Investigation complete; no suspect identified
ce5b14ba3b583dfa45b6902c870978a47ef8d1d315c4677405ce8586a15d3591,2015-08,Essex Police,Essex Police,0.357952,51.584234,On or near BRENTWOOD ROAD,E01021446,Brentwood 009B,Investigation complete; no suspect identified
1e7fcb2612c4f09817303605ef54e35c5b8e11c10dc5945a495058555fc2d4a4,2015-08,Essex Police,Essex Police,0.110187,51.752320,On or near THE READINGS,E01021861,Harlow 010E,Investigation complete; no suspect identified
76def13a64e80e00e84308c98baa081b7330006fdd7149b118b84202daafbaf5,2015-08,Essex Police,Essex Police,0.934239,51.929962,On or near LODGE LANE,E01021655,Colchester 001A,Investigation complete; no suspect identified
c576197fe84ca68618a2d40649cfbb2bf04a4da0759f76adb865f8f79046488c,2015-08,Essex Police,Essex Police,0.934089,51.887084,On or near CHASE COURT,E01021700,Colchester 008E,Investigation complete; no suspect identified
468363ed5286dae12214dfa429429b30d67e88a6b3e209f3166db1ab92cc9030,2015-08,Essex Police,Essex Police,0.436634,51.580342,On or near Sports/Recreation Area,E01021279,Basildon 010E,Investigation complete; no suspect identified
ec4ede3576e46628865f42eb2546f85f1847cd02400507afd1b15a886bf34223,2015-08,Essex Police,Essex Police,0.326444,51.480561,On or near HAMPDEN ROAD,E01015959,Thurrock 016C,Investigation complete; no suspect identified
4eb4229d9f146ea01ec37ae6d46e49879ec0f0540b486e8fd1f8f9bdc5860319,2015-08,Essex Police,Essex Police,0.679516,51.730822,On or near Parking Area,E01021890,Maldon 004B,Investigation complete; no suspect identified
bea9059e12b545a48d9dd02a3c4fdcc8b039169ebc0aead2f56d801f620ee723,2015-08,Essex Police,Essex Police,0.035988,51.627788,On or near Sports/Recreation Area,E01021746,Epping Forest 015E,Investigation complete; no suspect identified
54ad8637214c6814680e0d9c45e28e1d424506fdf2e8354e2ef8c22a26c0174a,2015-08,Essex Police,Essex Police,0.473358,51.730650,On or near PARKWAY,E01033140,Chelmsford 010F,Investigation complete; no suspect identified
7eca6e51c1be298f187b86fc1650912ff5e4a09fde45412a9f6d8ef29b63c6b6,2015-08,Essex Police,Essex Police,0.436261,51.575781,On or near KNIGHTS,E01021289,Basildon 016C,Investigation complete; no suspect identified
68387af5788e822d9c76d255d130d5a31e2d6ec7aeea71b6460789e9b0ace54e,2015-08,Essex Police,Essex Police,0.095787,51.770176,On or near TERMINUS STREET,E01021872,Harlow 007E,Investigation complete; no suspect identified
49008c7c4e424d2be03fb79f189f48b52afa2596f5973b43ae75b315d40370c2,2015-08,Essex Police,Essex Police,0.746506,51.819452,On or near MAYPOLE ROAD,E01021726,Colchester 020D,Investigation complete; no suspect identified
74c286e87b13cfd6a44d7630727edb28d72bd50e345a03ff94f82f3d34104c27,2015-08,Essex Police,Essex Police,0.021086,51.687441,On or near HILLHOUSE,E01021816,Epping Forest 007E,Investigation complete; no suspect identified
2f5291427ec9d70c7b69b8dfd4d664d0db13bf24b221ddfa6e829ccd0e394deb,2015-08,Essex Police,Essex Police,0.875866,51.872973,On or near GLOUCESTER AVENUE,E01021711,Colchester 015A,Investigation complete; no suspect identified
aadbbb708a47fef600f287bab9a71072ff207062d0adc409fb7ee06f9d17b42b,2015-08,Essex Police,Essex Police,1.107919,51.845149,On or near Parking Area,E01022047,Tendring 018E,Investigation complete; no suspect identified
f0e25c81159aa2739e82cfad9eb6af8fc299ed06e754fd94708038b05c376cfb,2015-08,Essex Police,Essex Police,0.094791,51.755869,On or near PENLOW ROAD,E01021869,Harlow 007C,Investigation complete; no suspect identified
bc9e3b6f94f0edc7d8079c1203407fc36192959ae969837dbd5bb0ac9063a747,2015-08,Essex Police,Essex Police,0.687001,51.740058,On or near THE STREET,E01021886,Maldon 003C,Investigation complete; no suspect identified
943582c1c356df33b3223aec10ac560f55df9357bfe8a673197bd43f3face837,2015-08,Essex Police,Essex Police,0.983407,51.916737,On or near Park/Open Space,E01021972,Tendring 005B,Investigation complete; no suspect identified
f801f5f71a976dfb5a82f630721fb5bb952cab0f10f197b63fac6a0f304848ed,2015-08,Essex Police,Essex Police,0.285594,51.634111,On or near BROOMWOOD GARDENS,E01021464,Brentwood 004E,Investigation complete; no suspect identified
a2092724b3ba4a7c4115f264b14cc1c5a660259152349a0825a98e002b6d54b0,2015-08,Essex Police,Essex Police,1.243320,51.835725,On or near UPPER FOURTH AVENUE,E01021987,Tendring 008A,Investigation complete; no suspect identified
efe3e332e0b40e55c25f36717eea5c81073c6e0659d34c74e7224e8d307092ce,2015-08,Essex Police,Essex Police,0.073055,51.658326,On or near COLES GREEN,E01021788,Epping Forest 012C,Investigation complete; no suspect identified
93773594b51c07dcbe8bdb80c687eb19fe70abb7c7a2206ffa3d9a904016ae79,2015-08,Essex Police,Essex Police,0.425926,51.576310,On or near TOWER AVENUE,E01021290,Basildon 016D,Investigation complete; no suspect identified
1f718df9ef59509dfe14f9d3ed27704f3bfc1b9d477fea1f524d215b89b4dbe7,2015-08,Essex Police,Essex Police,0.736804,51.544728,On or near TRINITY ROAD,E01015887,Southend-on-Sea 009E,Investigation complete; no suspect identified
c011ceca920921a472aab4385b263aab28135daae3e745442eeb5742744e8e54,2015-08,Essex Police,Essex Police,1.256927,51.936022,On or near THE HAVEN,E01022007,Tendring 002D,Investigation complete; no suspect identified
5f05518ac55a11d5015f2a6b3d2eb2766cfbe4cc45dc9715d65ede978a8a1581,2015-08,Essex Police,Essex Police,1.146469,51.809927,On or near ROOKWOOD CLOSE,E01022044,Tendring 013E,Investigation complete; no suspect identified
9d2fea6e19724b66915010a0a5cb5670d7442d12822207f48f63481e494dc93b,2015-08,Essex Police,Essex Police,0.934089,51.887084,On or near CHASE COURT,E01021700,Colchester 008E,Investigation complete; no suspect identified
e878de001142c1f132536a2bfa3eb224bf65d4c3a0cdfbe745e07ec8967bd883,2015-08,Essex Police,Essex Police,1.113674,51.858470,On or near WOODLANDS RISE,E01022018,Tendring 007E,Investigation complete; no suspect identified
b5d1a1761e74e2c1806b5566cc845c2ae02142e21cd1cf5df947f5fc54c8cebf,2015-08,Essex Police,Essex Police,0.314479,51.499396,On or near A13,E01015994,Thurrock 009D,Investigation complete; no suspect identified
d83944270d65646bded0f5a181057b943999ee97561bf665f1c7c778c425cdd0,2015-08,Essex Police,Essex Police,0.934089,51.887084,On or near CHASE COURT,E01021700,Colchester 008E,Investigation complete; no suspect identified
43aa50e3fd051decf7f0a39248705418f634257d41a17132afa0a436014d6724,2015-08,Essex Police,Essex Police,0.433931,51.824532,On or near Sports/Recreation Area,E01021539,Chelmsford 001B,Investigation complete; no suspect identified
9f3c5887b298b2040db4bb6f95d8ac918f7843cef446a8fd5fddfa509eccedce,2015-08,Essex Police,Essex Police,0.538892,51.877250,On or near FERNIE ROAD,E01021364,Braintree 010A,Investigation complete; no suspect identified
e638f4af0a12b87f3c7ddf7e0d499733bf0ca36409b857b15f6f85ff28fba929,2015-08,Essex Police,Essex Police,0.353555,51.480659,On or near DOCK APPROACH ROAD,E01015967,Thurrock 014B,Investigation complete; no suspect identified
5ea9f6c7a3235b2818c3f7b285862241b383ef42eee562cdf0fe27bbfc7e3506,2015-08,Essex Police,Essex Police,0.295122,51.520209,On or near SOUTH ROAD,E01015975,Thurrock 006F,Investigation complete; no suspect identified
c21b6946895b37fb4b0f53954da6ac1e418c2e8850560a36e9d7deb896a0c9d4,2015-08,Essex Police,Essex Police,0.462621,51.858557,On or near THE COPSE,E01022064,Uttlesford 008B,Investigation complete; no suspect identified
2ea5a4596cbcb03e323050433996a8dcb2e17f1247eb745070e85b9a2baf6f20,2015-08,Essex Police,Essex Police,0.046481,51.626887,On or near Parking Area,E01021748,Epping Forest 015G,Investigation complete; no suspect identified
0493d61128d8a88c7f46e66eacde453055912d1c27af9cf11eda4712c8c36290,2015-08,Essex Police,Essex Police,0.636176,51.797112,On or near Parking Area,E01021415,Braintree 017A,Investigation complete; no suspect identified
5542b39f68c63f16bd1aa2818cf4fa2c186c8f1665a0b2f517a5c99d43928d3c,2015-08,Essex Police,Essex Police,1.117306,51.775268,On or near WILLOW WAY,E01021988,Tendring 018A,Investigation complete; no suspect identified
1e840a641709cc864321d85a0d809ac2d6bdd2120f0c536ce56eb8a6ebad4294,2015-08,Essex Police,Essex Police,0.479367,51.732735,On or near PROVIDENT SQUARE,E01033141,Chelmsford 010G,Investigation complete; no suspect identified
f712697285d8a76d679a4690e9de9732f87130911ee14d885de6f7db2d367bd9,2015-08,Essex Police,Essex Police,0.730798,51.540290,On or near Petrol Station,E01015844,Southend-on-Sea 014F,Investigation complete; no suspect identified
cd480efedae32da29ad1d2d0d7e082c9a1ba0ab79fe833bc023fe926061793fa,2015-08,Essex Police,Essex Police,0.934089,51.887084,On or near CHASE COURT,E01021700,Colchester 008E,Investigation complete; no suspect identified
062ef56cee9b64156b61957a5f54be6cc9d1b3f5e20b5b5796de43046f730b51,2015-08,Essex Police,Essex Police,0.871862,51.906104,On or near BAKER'S LANE,E01021681,Colchester 004C,Investigation complete; no suspect identified
aec0b3eb6a7abc5515c1be46f1aa9d8150519350845ce82e0a5a046a8d88e5bb,2015-08,Essex Police,Essex Police,1.149490,51.790419,On or near ROSEMARY ROAD WEST,E01022026,Tendring 016C,Investigation complete; no suspect identified
77574b514f62ce91b58ba773876bcfb259c11bb3a0af138075a634970d9956dd,2015-08,Essex Police,Essex Police,0.420621,51.578066,On or near TATTENHAM ROAD,E01021273,Basildon 014A,Investigation complete; no suspect identified
9e106372a433c33b02715dbedc9f58b7539ceab10e604d189cf36171d5792535,2015-08,Essex Police,Essex Police,0.257909,51.649611,On or near SNAKES HILL,E01021443,Brentwood 001C,Investigation complete; no suspect identified
291dbeea9f9c0bc5a9d122991c547fa110fff26540ea3b60664efb469b63f810,2015-08,Essex Police,Essex Police,1.255998,51.932234,On or near BLACKSMITH'S LANE,E01022006,Tendring 002C,Investigation complete; no suspect identified
e638468a201d493608a4b496eb75855588a24117409aa215299c14921fdac91f,2015-08,Essex Police,Essex Police,0.103004,51.749886,On or near COPSHALL CLOSE,E01021858,Harlow 010B,Investigation complete; no suspect identified
6f8ac5223e632f24c6aab53c7f24924509ec1778d9164207b92891cf93800d29,2015-08,Essex Police,Essex Police,0.333747,51.481693,On or near PALMER'S AVENUE,E01015961,Thurrock 016D,Investigation complete; no suspect identified
eae74afb89b6b6adf01d6a0a1454a05c2e93448ccd2df66c093d739f53cfa893,2015-08,Essex Police,Essex Police,0.281531,51.509871,On or near DERRY AVENUE,E01015972,Thurrock 006C,Investigation complete; no suspect identified
a1fcdec7b693d101fcc9697ab3eefc007c58ae32ebce3476362dbd825c2c6e16,2015-08,Essex Police,Essex Police,0.112325,51.620100,On or near MAYPOLE DRIVE,E01021749,Epping Forest 016A,Investigation complete; no suspect identified
e5e9a570486e516af69c652ff4c302e185ad1459f9c868be32dbe821ada883f0,2015-08,Essex Police,Essex Police,0.024157,51.682676,On or near EAGLE CLOSE,E01021810,Epping Forest 008D,Investigation complete; no suspect identified
7dc5902e71a8a9d45d2992e5d8c94ed3bf6d7546b937f529e55a13567b53b1a6,2015-08,Essex Police,Essex Police,0.432823,51.824708,On or near B1008,E01021539,Chelmsford 001B,Investigation complete; no suspect identified
a09bd55c2ff7bff684581f8bd855eca75c3f1483e8a80677cabe8cab1ff783f7,2015-08,Essex Police,Essex Police,0.622542,52.057766,On or near CHURCH STREET,E01021406,Braintree 002B,Investigation complete; no suspect identified
2cf642d82bc9b7d9a5668f0b9355e7117a42965e434a23f8349e659e44473ce2,2015-08,Essex Police,Essex Police,0.503664,51.572905,On or near WIMBISH END,E01021306,Basildon 013E,Investigation complete; no suspect identified
6c18e135c017aa5a4e5d9c549aa59a89bd0aecce099f80222238e7a85d074564,2015-08,Essex Police,Essex Police,0.473945,51.739280,On or near NEW STREET,E01021574,Chelmsford 010A,Investigation complete; no suspect identified
c743c65ea69ea2ad35c4ffcd4ba251fe494b19605f7c912538222a0054d5ee21,2015-08,Essex Police,Essex Police,0.898597,51.892722,On or near ST PETER'S STREET,E01021650,Colchester 007E,Investigation complete; no suspect identified
4ffed84564f4cf233fd705bc5cb342494cd2d92a6eb68bd7a0c424364d3aeb6c,2015-08,Essex Police,Essex Police,0.708533,51.543990,On or near VICTORIA AVENUE,E01015895,Southend-on-Sea 010A,Investigation complete; no suspect identified
c1f728192e4ac295b0be5f57758722b4e1a953dfbd545677508289a73d914a93,2015-08,Essex Police,Essex Police,0.369246,51.482447,On or near Parking Area,E01015934,Thurrock 012B,Investigation complete; no suspect identified
555beb25d15d78551df6416dd7ae9e645cec188570c9bd7a445ef480fd41bbef,2015-08,Essex Police,Essex Police,0.456182,51.567551,On or near STATION WAY,E01021296,Basildon 020C,Investigation complete; no suspect identified
778625ceef960ffc584b24032b9cc182e807bf4e08047bf98dd9340683d308a2,2015-08,Essex Police,Essex Police,0.937354,51.891014,On or near HAWTHORN AVENUE,E01021696,Colchester 008A,Investigation complete; no suspect identified
08e520538b26e9d5dc1877851466a6c309e7f34721c3aad83fdf4dd984792f32,2015-08,Essex Police,Essex Police,0.456182,51.567551,On or near STATION WAY,E01021296,Basildon 020C,Investigation complete; no suspect identified
edda849fdbe25ae0781a3d3025d0f78d5fb836aaa5c6443e7d6bcf6bc83152e2,2015-08,Essex Police,Essex Police,0.639574,51.800651,On or near Parking Area,E01021416,Braintree 017B,Investigation complete; no suspect identified
ddcd4c5f5a27d206164bbaec308aa80ede69abfe01285c1ef424ff00157a209a,2015-08,Essex Police,Essex Police,0.453480,51.570171,On or near Parking Area,E01021318,Basildon 015C,Investigation complete; no suspect identified
2e6439624ddd3490cdc33c459a63f889dbc57d824436f8b98cce040eecc95dfb,2015-08,Essex Police,Essex Police,0.447569,51.662627,On or near WEBSTER PLACE,E01033143,Chelmsford 018E,Investigation complete; no suspect identified
716980efdae8823306e3881698da0bb9ba5a079186da183d5299bd2f1da4ae39,2015-08,Essex Police,Essex Police,0.244457,51.716127,On or near COLES CLOSE,E01021802,Epping Forest 004D,Investigation complete; no suspect identified
3fc44e75769f3816efb3c118c6f359156deb308b1aeaf7dd1de2c29055827922,2015-08,Essex Police,Essex Police,0.503664,51.572905,On or near WIMBISH END,E01021306,Basildon 013E,Investigation complete; no suspect identified
178a84268c0689b02a59a5bc3572f32f079a507f368378328285537056dac382,2015-08,Essex Police,Essex Police,0.452281,51.571751,On or near Park/Open Space,E01021319,Basildon 017E,Investigation complete; no suspect identified
8942034c717858c73626215c907afa75f47ae7240741a04d1256c0cb44e99eaa,2015-08,Essex Police,Essex Police,1.146196,51.789968,On or near Supermarket,E01022038,Tendring 017E,Investigation complete; no suspect identified
fd51e5235569308e383fe9336a0aa9a6bd632d864d2cddb946bfc2f88074f491,2015-08,Essex Police,Essex Police,0.884282,51.883469,On or near IRETON ROAD,E01021652,Colchester 013B,Investigation complete; no suspect identified
79f3af3c5cbd972574b6bbde6e9d50f12ae9124197692cdc1f94993ede398a8b,2015-08,Essex Police,Essex Police,0.322710,51.476508,On or near CROWN ROAD,E01015954,Thurrock 017D,Investigation complete; no suspect identified
3b6e902a40c0df934e73c3b64752c23fff98b5069188449ae7af41088d3bb533,2015-08,Essex Police,Essex Police,0.272254,51.492281,On or near Motorway Service Area,E01016012,Thurrock 015C,Investigation complete; no suspect identified
dbbd98b3463c9114c7b4054b44964689b047791bf477ab5219090f4aea47c720,2015-08,Essex Police,Essex Police,0.901260,51.888708,On or near Shopping Area,E01021649,Colchester 007D,Investigation complete; no suspect identified
cf56bf98a00d340fc9a391dff159e12c4297539fffe25bbbf2aaa98ae132ee6d,2015-08,Essex Police,Essex Police,0.694218,51.536567,On or near STATION ROAD,E01015851,Southend-on-Sea 015A,Investigation complete; no suspect identified
f48ff4f0460eaf5a45da4a710a9408e34ab506edbd3af1d2d917c0e6ecc63f94,2015-08,Essex Police,Essex Police,0.462711,51.549778,On or near HIGHLAND ROAD,E01015943,Thurrock 001A,Investigation complete; no suspect identified
97e73672395191f85bf733531bf53bf514adee58e1569da02c1f9031b9434d3f,2015-08,Essex Police,Essex Police,0.860095,51.879275,On or near SCYTHE WAY,E01021692,Colchester 014D,Investigation complete; no suspect identified
0d5b07ad29ce2958ae750fdb4b536e0032ee07353e26db6259583695cf8006c8,2015-08,Essex Police,Essex Police,0.343882,51.469539,On or near THURROCK PARK WAY,E01016003,Thurrock 018A,Investigation complete; no suspect identified
2a41942d50c762eda0ef4937f435191979591ab0f28819a86a9b40eebbdbda68,2015-08,Essex Police,Essex Police,0.660671,51.547388,On or near Supermarket,E01015850,Southend-on-Sea 011F,Investigation complete; no suspect identified
dc182003202d0f988b202a1506d47a6331d78bba90cbaa24cdea6e4b07d0459c,2015-08,Essex Police,Essex Police,0.664271,51.543079,On or near LEIGH ROAD,E01015846,Southend-on-Sea 011B,Investigation complete; no suspect identified
61a49c5168340b9afbe3f111e9aa02a685c09d5c2e56a25cb5d265dc5612dbc5,2015-08,Essex Police,Essex Police,0.714390,51.538674,On or near Parking Area,E01015852,Southend-on-Sea 015B,Investigation complete; no suspect identified
9b7606a146c0f4ef8c13ee5ddb3a7aad56cfc13b95331f6201be4d5855f689b6,2015-08,Essex Police,Essex Police,1.021188,51.815491,On or near UPPER PARK ROAD,E01021980,Tendring 011B,Investigation complete; no suspect identified
3566df4ea58e71425c68fe182d0d40f5e7891df63d1020a6919e1292645a0bb2,2015-08,Essex Police,Essex Police,0.356988,51.576771,On or near TILBURY ROAD,E01021446,Brentwood 009B,Investigation complete; no suspect identified
496eafd7110066cd8e6c49eb62b91cd5a3c7ed135be27dd0be1e5fb28438d777,2015-08,Essex Police,Essex Police,0.099018,51.767969,On or near Sports/Recreation Area,E01021849,Harlow 003A,Investigation complete; no suspect identified
4e435b41ea6d396b9aaae88ccc8558d45afe3dae4e55fdecbfbdaa5cf2648e63,2015-08,Essex Police,Essex Police,1.155659,51.804392,On or near OLD ROAD,E01022042,Tendring 014A,Investigation complete; no suspect identified
f3f258ae657dc8f824f9fcda71358045b69ea62dc75e208769752507da8f659f,2015-08,Essex Police,Essex Police,0.453480,51.570171,On or near Parking Area,E01021318,Basildon 015C,Investigation complete; no suspect identified
da21957ae890c5ad8aa9fec8c7e90bb68f5eb60b03fd8afb8163f740890e5922,2015-08,Essex Police,Essex Police,0.713510,51.594392,On or near DOGGETTS CHASE,E01021953,Rochford 004C,Investigation complete; no suspect identified
90f39ea74a52e180e8456d649fd287f634c9ea6bbc9ec02727e8a9646883f9a8,2015-08,Essex Police,Essex Police,1.151360,51.814311,On or near Highfield Holiday Park,E01022039,Tendring 010B,Investigation complete; no suspect identified
33ac1019af91b691cc64c6883ab1d775b2522c337e8cd58590ce32642e6d208f,2015-08,Essex Police,Essex Police,0.659312,51.544604,On or near OAKLEIGH PARK DRIVE,E01015847,Southend-on-Sea 011C,Investigation complete; no suspect identified
76ba523f72d6e00d19b9e2d010c15e109252a968f3b83c958ede7de0ee2711a6,2015-08,Essex Police,Essex Police,0.502808,51.574399,On or near MILL GREEN PLACE,E01021306,Basildon 013E,Investigation complete; no suspect identified
6a6eb359d95f4c120855799b04c2b711e3fa53d1fcd96a2745b98810a37ae159,2015-08,Essex Police,Essex Police,0.713596,51.539394,On or near Nightclub,E01015852,Southend-on-Sea 015B,Investigation complete; no suspect identified
ec80c1a1dc997589de5fa6dcd81b10d73c386cbf287b20020d26d5fadb58b183,2015-08,Essex Police,Essex Police,0.424878,51.727002,On or near WHITEHEAD CLOSE,E01021636,Chelmsford 011F,Investigation complete; no suspect identified
ed7ba0a2632c7e8e8decf324dcd3e1ae9230087adaf5767d51e3a3a459c9370e,2015-08,Essex Police,Essex Police,0.838907,51.807516,On or near Parking Area,E01021643,Colchester 019A,Investigation complete; no suspect identified
4df34b3bbd913d064c1840390e0fca6ba208c08e3c4b3848f854263982931d86,2015-08,Essex Police,Essex Police,0.322153,51.476033,On or near STATION APPROACH,E01015954,Thurrock 017D,Investigation complete; no suspect identified
3d62d12fa687c1501622386a5855a90e5d42b8eb19253bf4ffdc7c519519f13c,2015-08,Essex Police,Essex Police,0.409954,51.484702,On or near HAZELWOOD,E01015950,Thurrock 013D,Investigation complete; no suspect identified
69c8ae121159e65ee380461a341e1df9f726c707d78fdba6cadb1b09bc92ff68,2015-08,Essex Police,Essex Police,0.092612,51.768596,On or near Theatre/Concert Hall,E01021872,Harlow 007E,Investigation complete; no suspect identified
a6793b46c002aeaa30eeebc7995dae8ca78d2ccc09a072033969667b273ba3a4,2015-08,Essex Police,Essex Police,0.660062,51.569319,On or near FAIRFIELD ROAD,E01015833,Southend-on-Sea 001A,Investigation complete; no suspect identified
e7c353ed47015e097e937eb7f639683a2e0e1d7f1c25bef43edffa2375ae4a94,2015-08,Essex Police,Essex Police,0.330926,51.631259,On or near HUTTON ROAD,E01021455,Brentwood 005C,Investigation complete; no suspect identified
9bfa622805e6321940820c2c0e3037bb593910ea27d3de5bdd7ba9e41307acf5,2015-08,Essex Police,Essex Police,0.405105,51.578340,On or near SABLE WAY,E01021278,Basildon 014E,Investigation complete; no suspect identified
dbcdcf18c002177face759f571fd1d07be8e9365155e14520a7387eb8eead324,2015-08,Essex Police,Essex Police,0.109490,51.753529,On or near SAKINS CROFT,E01021861,Harlow 010E,Investigation complete; no suspect identified
a0d94fbcb03d9eb09000ffe2f6a9c9f22eebea1745eb7508f4bdfcf639915390,2015-08,Essex Police,Essex Police,0.627563,51.584342,On or near SHAKESPEARE AVENUE,E01021948,Rochford 009C,Investigation complete; no suspect identified
44980c6b0091cd2c97d0710311df4af2f5f3b05d77fa6f7025a5ee0250a50595,2015-08,Essex Police,Essex Police,0.706187,51.583436,On or near ROCHE CLOSE,E01021955,Rochford 004D,Investigation complete; no suspect identified
ecee4a0fb4d592ddbbbfaf0a6bb71dc37d7362361885b7573ec74f935fc95a09,2015-08,Essex Police,Essex Police,0.455972,51.594715,On or near Sports/Recreation Area,E01021260,Basildon 009D,Investigation complete; no suspect identified
27aa2d242209a48242c0f5159f4b03a891b98d02ac44a5ccd17d0e74105ac38b,2015-08,Essex Police,Essex Police,0.366499,51.464714,On or near STEPHENSON AVENUE,E01016010,Thurrock 018H,Investigation complete; no suspect identified
9d6d7012a3236140a65ff841a9411cb16c4493c9151f598b4bb8c829a144358b,2015-08,Essex Police,Essex Police,0.934089,51.887084,On or near CHASE COURT,E01021700,Colchester 008E,Investigation complete; no suspect identified
5af95dafcafd5c515614fc89e4a1824af480a80fa7c34184c9d27e50433540d9,2015-08,Essex Police,Essex Police,0.636987,51.564606,On or near BOYCE HILL CLOSE,E01015816,Southend-on-Sea 003C,Investigation complete; no suspect identified
dc0ca27cef3120ccd050010553690aac5c99d308cb623afe7de5683e03137f08,2015-08,Essex Police,Essex Police,1.117336,51.933832,On or near STATION ROAD,E01021978,Tendring 003A,Investigation complete; no suspect identified
2d5051debcb54862b4712d45566a706249f0b24422f694be0496f45bfc694300,2015-08,Essex Police,Essex Police,0.622339,51.844078,On or near MAGDALENE CRESCENT,E01021360,Braintree 012A,Investigation complete; no suspect identified
54b7ca290ec2454e80c0579b9442a67760d9a63d8483501aabdcf2c6e315d7a0,2015-08,Essex Police,Essex Police,0.446445,51.662156,On or near THORNTON PLACE,E01033143,Chelmsford 018E,Investigation complete; no suspect identified
9bdf381f602192a0b379d359ee8340881a252a89881f58efc91810269c315a69,2015-08,Essex Police,Essex Police,0.514624,51.579290,On or near MONTSALE,E01021301,Basildon 011A,Investigation complete; no suspect identified
de6dae029e49a0d4e863382a5add4dc0c5ca61e409ac271d6d989753926a5bf5,2015-08,Essex Police,Essex Police,0.468734,51.527807,On or near HILL TERRACE,E01015946,Thurrock 001C,Investigation complete; no suspect identified
d78c4244428044fea3ec8a909dd9f920d615e08c8b67d649778bbe8445e59aa2,2015-08,Essex Police,Essex Police,0.086195,51.776857,On or near THE HORNBEAMS,E01021839,Harlow 004A,Investigation complete; no suspect identified
fdce238c9f6c477304b714207d3fff0955040b6fa64fbf93985f72d5b7a4091b,2015-08,Essex Police,Essex Police,0.920813,51.915655,On or near BRINKLEY LANE,E01021669,Colchester 002B,Investigation complete; no suspect identified
0d919b6304e6ddaaf86a8238affe6e0b72a884510aaaa2147aa92ce8fbdb6691,2015-08,Essex Police,Essex Police,0.705168,51.555840,On or near PRIORY CRESCENT,E01015861,Southend-on-Sea 004E,Investigation complete; no suspect identified
1be17e35ca2adc89fc6d8f84928366314860c0a4e056362f5a2469e9085ff7f2,2015-08,Essex Police,Essex Police,0.743522,51.548501,On or near CHAINGATE AVENUE,E01015887,Southend-on-Sea 009E,Investigation complete; no suspect identified
23d6d894f7ac73f47eaab9d36935d7038b4ca125988e227aae4b17203e99a3da,2015-08,Essex Police,Essex Police,0.891566,51.877624,On or near CIRCULAR ROAD WEST,E01021717,Colchester 013D,Investigation complete; no suspect identified
37f677a0f5fa3df6e7a69677666636af5b77c08823d68d885c82b0676feecf16,2015-08,Essex Police,Essex Police,0.452281,51.571751,On or near Park/Open Space,E01021319,Basildon 017E,Investigation complete; no suspect identified
a46ba1b99babf9c2ae9690ffd56a96af8aa087e26ab6136f48f32ef9c26ce4ce,2015-08,Essex Police,Essex Police,0.442562,51.716294,On or near Park/Open Space,E01021634,Chelmsford 011D,Investigation complete; no suspect identified
34dcc3bee7e5128a8dbfe01cfc882c89f05988916847cffecec5ddfdd952f8ab,2015-08,Essex Police,Essex Police,0.574160,51.563097,On or near LONDON ROAD,E01021526,Castle Point 004E,Investigation complete; no suspect identified
2f426ffed8b7be07f6ad102d4b0435e795d5be3a51c8e0591a7c278ea9a0da58,2015-08,Essex Police,Essex Police,0.204096,51.871393,On or near Petrol Station,E01022087,Uttlesford 005F,Investigation complete; no suspect identified
f1c60da7d0738509af4fafc4ea9615fc6bce65ad2a26011a1eeb698cfc86a68d,2015-08,Essex Police,Essex Police,0.344446,51.635360,On or near ROXWELL GARDENS,E01021453,Brentwood 005B,Investigation complete; no suspect identified
9f1aeba8bf886ab271cae6b079f137757f3117f5469831447c7606ce05286a18,2015-08,Essex Police,Essex Police,0.684852,51.537187,On or near GROSVENOR ROAD,E01015828,Southend-on-Sea 012B,Investigation complete; no suspect identified
8aab502f39fb7f5a80f3b50427a8646dbdf1fec41e974856b98b6eefe5fb04de,2015-08,Essex Police,Essex Police,0.506941,51.572925,On or near WINIFRED ROAD,E01021304,Basildon 013C,Investigation complete; no suspect identified
cc7fee040b9964f21def07d524ca0f68b39e947d1534409167364d9fbda2ad66,2015-08,Essex Police,Essex Police,0.923650,51.874043,On or near Supermarket,E01021664,Colchester 016C,Investigation complete; no suspect identified
93d11bd905c5389e8338425fcb73cde27b1d88e308b8e41b8b414ac070a85594,2015-08,Essex Police,Essex Police,0.378467,51.486649,On or near SAINT FRANCIS WAY,E01015936,Thurrock 012D,Investigation complete; no suspect identified
20e0de89d25ec9ba64297e8bf9f23d809429f74d27cd9b3ceadbf4f9cefce699,2015-08,Essex Police,Essex Police,0.597082,51.580947,On or near GLADSTONE GARDENS,E01021963,Rochford 008D,Investigation complete; no suspect identified
ea72a56db4cb1ac1668d6f11ec4a4cda164d8f90bad5a5199f768eb80c397c1a,2015-08,Essex Police,Essex Police,1.255218,51.848690,On or near BENNETT CLOSE,E01022012,Tendring 008H,Investigation complete; no suspect identified
23d16f935abd71178c0c06797342ae98069e5c6e8fd2695987c7cb0b9d6c1405,2015-08,Essex Police,Essex Police,1.152226,51.789923,On or near ROSEMARY ROAD,E01022025,Tendring 016B,Investigation complete; no suspect identified
d8e305ed891ae4dc8157348d0b140ee03e23d95d36060163158edf0e178a45c0,2015-08,Essex Police,Essex Police,0.276223,51.506881,On or near FOYLE DRIVE,E01015928,Thurrock 007B,Investigation complete; no suspect identified
ee15ed7d01ecc389fdb904da918372a594010526729ba4e947043dafb965535b,2015-08,Essex Police,Essex Police,0.433931,51.824532,On or near Sports/Recreation Area,E01021539,Chelmsford 001B,Investigation complete; no suspect identified
b2170b922d60feb5a070cd314dff47ffb7d834e0e78b6eece9d35ba12d249ef0,2015-08,Essex Police,Essex Police,0.901742,51.896638,On or near JARMIN ROAD,E01021647,Colchester 007B,Investigation complete; no suspect identified
25d41994a215b35b7ecba202d716c7211d1f97cb05e2060d375c47cf7ebfbc2e,2015-08,Essex Police,Essex Police,0.427226,51.569835,On or near POPPY GARDENS,E01021286,Basildon 016A,Investigation complete; no suspect identified
8b2d31cb62c9fd52ff65d5395d6f5cd62e288a091e92fbbce88e87c45490cdd1,2015-08,Essex Police,Essex Police,0.448792,51.756552,On or near TROTWOOD CLOSE,E01021600,Chelmsford 003D,Investigation complete; no suspect identified
a0e167eb4273b2583e053e6bea0e0743c96fcd0b88105e1d5953edb08ecf0db5,2015-08,Essex Police,Essex Police,0.417436,51.619473,On or near ROMAN WAY,E01021255,Basildon 004C,Investigation complete; no suspect identified
597e294e5907b4451d765cd4d1b762f1e3ea86cfb134a70888d94ce5576b40ca,2015-08,Essex Police,Essex Police,0.082125,51.646763,On or near Petrol Station,E01021776,Epping Forest 011C,Investigation complete; no suspect identified
1c699f376aeaa0ffa39c5d75dd9cef2808bce78ca86df763f89f8fedb3374aa2,2015-08,Essex Police,Essex Police,0.082820,51.643936,On or near CHIGWELL LANE,E01021773,Epping Forest 013C,Investigation complete; no suspect identified
9d6535e6dd4cc4899e6cdd5c3a8e50fa65039682d8c1b25fe9620fe78d569490,2015-08,Essex Police,Essex Police,0.640083,51.572208,On or near Parking Area,E01015837,Southend-on-Sea 001E,Investigation complete; no suspect identified
bdfc3d07895ff4b6ea4244b10495554de0ba98e8359883960c2260cab6990948,2015-08,Essex Police,Essex Police,0.691718,51.543810,On or near Theatre/Concert Hall,E01015831,Southend-on-Sea 012E,Investigation complete; no suspect identified
43954a02a4f9763b73861a75063d46600157d6863919c627ab066bd6aba90b5d,2015-08,Essex Police,Essex Police,0.511187,51.575065,On or near CHARLTON CLOSE,E01021314,Basildon 018B,Investigation complete; no suspect identified
6049891a309611d9f2665ddee651d48a559fae5d881bca71c788b3f93493fd70,2015-08,Essex Police,Essex Police,0.282330,51.485772,On or near Parking Area,E01016011,Thurrock 015B,Investigation complete; no suspect identified
c61fac8c72988b770d249d4d85782b4407ff4b00507aacce10b9608ba7535558,2015-08,Essex Police,Essex Police,0.336646,51.492481,On or near HEATH VIEW ROAD,E01015964,Thurrock 010B,Investigation complete; no suspect identified
b0ecde78dfac754711d526a40349d1eada61ce3b0b5f50b87ace6b71d77d17b1,2015-08,Essex Police,Essex Police,0.361679,51.461709,On or near CALCUTTA ROAD,E01016009,Thurrock 018G,Investigation complete; no suspect identified
bc2b82c93b9f145df605419dece92deb9d1d30f884c603163e2344c1ffd19db8,2015-08,Essex Police,Essex Police,1.154379,51.789595,On or near ROSEMARY ROAD,E01022025,Tendring 016B,Investigation complete; no suspect identified
5bc8654a0f2896f2561b6d587a6cbb5b848f921357198d9b024d9152a300abf6,2015-08,Essex Police,Essex Police,0.594091,51.592813,On or near GRANGE GARDENS,E01021926,Rochford 006B,Investigation complete; no suspect identified
8c4d7df749043028a449f3853c8960e6545a27609934c9fc80738f578f9b4189,2015-08,Essex Police,Essex Police,0.692323,51.546971,On or near BRIGHTWELL AVENUE,E01015902,Southend-on-Sea 007B,Investigation complete; no suspect identified
ea33721748192f2f12138619028872994dabeda8d9a2d9a5e6abe0c3944e81c4,2015-08,Essex Police,Essex Police,0.496490,51.583688,On or near PENDLE CLOSE,E01021269,Basildon 012C,Investigation complete; no suspect identified
1f60df5fd3815db0091c5584078a51bc91e8c3f7f3a63ffe861581ea3e7ddff9,2015-08,Essex Police,Essex Police,0.910977,51.896931,On or near MEANDER MEWS,E01021647,Colchester 007B,Investigation complete; no suspect identified
88790822eb6321d2aa807ce8a83a083daa54447f88c2b2ed13de1540a261c1db,2015-08,Essex Police,Essex Police,0.261741,51.889938,On or near Airport/Airfield,E01022090,Uttlesford 006B,Investigation complete; no suspect identified
971a7f90db67d27e14c49d3df4b20c7b083fe370122305fb46141f924150bf74,2015-08,Essex Police,Essex Police,0.781010,51.527867,On or near ST ANDREWS CLOSE,E01015920,Southend-on-Sea 017G,Investigation complete; no suspect identified
28eea59d301f154116727dd051d130c8c754d481cbf3aead4101bad914bb5acb,2015-08,Essex Police,Essex Police,0.516858,51.617616,On or near SILVER WAY,E01021338,Basildon 005C,Investigation complete; no suspect identified
2b4b784b707881ab98130c9db7b04b0845fb1a35f504bba46881fb33d689827c,2015-08,Essex Police,Essex Police,0.691150,51.544444,On or near Supermarket,E01015902,Southend-on-Sea 007B,Investigation complete; no suspect identified
bee07a7ddd7f15e1161ec0aca155b6f33fce22b566f05bd28870302ecf032257,2015-08,Essex Police,Essex Police,0.057030,51.649274,On or near HIGH ROAD,E01021791,Epping Forest 012F,Investigation complete; no suspect identified
d9c78221f6555167812f0cb7eb4dfb64e2e2bf09f3284c36a6d0d3ace0961ffd,2015-08,Essex Police,Essex Police,0.679332,51.718415,On or near CENTAUR WAY,E01021893,Maldon 005A,Investigation complete; no suspect identified
3440c4b099bcf9740a94b3e6b9c3a2979f694c2279575a7ef9a219008c275055,2015-08,Essex Police,Essex Police,0.696624,51.744739,On or near MAPLE AVENUE,E01021884,Maldon 003A,Investigation complete; no suspect identified
1d88512a12822a0847e9f1de502a61e3db482752ac37b1e000b4c727b60a10f5,2015-08,Essex Police,Essex Police,0.712497,51.540310,On or near Bus/Coach Station,E01015895,Southend-on-Sea 010A,Investigation complete; no suspect identified
b700381f91bd6d9d075f5cadc5ec1d3c629206bc99932a3ae893687ebe54ce6a,2015-08,Essex Police,Essex Police,0.343069,51.573570,On or near THORNDON AVENUE,E01021446,Brentwood 009B,Investigation complete; no suspect identified
fbfdd9c05a21350305a6ca00154820f46177f5d3455f2e51b5b870e04e999dda,2015-08,Essex Police,Essex Police,0.370499,51.752959,On or near ELMS ROAD,E01021550,Chelmsford 003A,Investigation complete; no suspect identified
98451c6ea526978147cfa28c7d23e28871bee612fd79a50cd8b50ea76fc63947,2015-08,Essex Police,Essex Police,0.683429,51.730625,On or near Parking Area,E01021890,Maldon 004B,Investigation complete; no suspect identified
94b441eb54604b9cea477235985969818aaee4df21cf051ea794b6e0460acf2f,2015-08,Essex Police,Essex Police,0.333982,51.474170,On or near OAK ROAD,E01015962,Thurrock 016E,Investigation complete; no suspect identified
9417fd2d457963067b91e5552b5e339ac9d6722a4426f8adb9ec69ebecfef9ea,2015-08,Essex Police,Essex Police,0.454862,51.747720,On or near ANDERSON AVENUE,E01021596,Chelmsford 006E,Investigation complete; no suspect identified
8bebad084c46abaf2d40340967eb73c1486d01c40c19b65a6642255ad03a7761,2015-08,Essex Police,Essex Police,0.659577,51.540497,On or near QUEENS ROAD,E01015848,Southend-on-Sea 011D,Investigation complete; no suspect identified
137dc2cf96292742ebdeb26fa3ff4ada598307fa6ab26c4d3f738058aebed578,2015-08,Essex Police,Essex Police,0.717467,51.585936,On or near RUSSELL GROVE,E01021952,Rochford 007C,Investigation complete; no suspect identified
cddf7a9db2bf1021032f155c8a6a6bd7aaddafa8eb9a802131dbffa8fffd1988,2015-08,Essex Police,Essex Police,1.151570,51.797568,On or near OLIVERS ROAD,E01021970,Tendring 016A,Investigation complete; no suspect identified
a305e911fcb4b73df4cf56e201d998a62c907bc353d0248d923c7961204aaa67,2015-08,Essex Police,Essex Police,0.558327,51.884824,On or near BLACKWATER WAY,E01021350,Braintree 009A,Investigation complete; no suspect identified
f362bcb1665475252a894cc125ff846f9f8c1282f7cc309a9a95c9ec6545714b,2015-08,Essex Police,Essex Police,0.751639,51.808918,On or near Parking Area,E01021723,Colchester 020A,Investigation complete; no suspect identified
cd32182004f4759aaa3949999381cd12099eb26df292f1fca1d9bec70de8df86,2015-08,Essex Police,Essex Police,0.936388,51.890687,On or near CLEMATIS WAY,E01021696,Colchester 008A,Investigation complete; no suspect identified
f58d1e434602680f3c73762e2eaf5cf219a828d77b8ddba3147868a904d49237,2015-08,Essex Police,Essex Police,0.413821,51.581021,On or near BOURNE CLOSE,E01021278,Basildon 014E,Investigation complete; no suspect identified
e7fa5ded9eca63054a55587fdbe0b21a044620896d7907c116cb8ece16e7bde6,2015-08,Essex Police,Essex Police,0.510857,51.915955,On or near WATER LANE,E01021404,Braintree 005A,Investigation complete; no suspect identified
76a1387b2e3af1253161ca51d560fe4a6548a35117a806e3f7a086d3d0a1ea71,2015-08,Essex Police,Essex Police,0.898584,51.898397,On or near BLOYES MEWS,E01021647,Colchester 007B,Investigation complete; no suspect identified
0088c767564908c0dcd46947d10741c7a35ad71d47c54cd59ab2e64d6c07af1c,2015-08,Essex Police,Essex Police,0.893712,51.729931,On or near TRUSSES ROAD,E01021907,Maldon 006E,Investigation complete; no suspect identified
0e1092577fef7c64a9de6e0035c255aae81a1a23f2004ee5b76874fd66d2187a,2015-08,Essex Police,Essex Police,0.283014,51.510418,On or near Supermarket,E01015976,Thurrock 007F,Investigation complete; no suspect identified
b20e8a75b13b277e5d886445f164b9ca1a7d0c670e1e7ece8371b8bc1c2c031e,2015-08,Essex Police,Essex Police,0.619646,51.587253,On or near THE PADDOCKS,E01021951,Rochford 008B,Investigation complete; no suspect identified
7fc589f2b83ba0e7f10c4e22057641a4999634bf0b9aa987e277f745e191482f,2015-08,Essex Police,Essex Police,1.151023,51.790144,On or near PIER AVENUE,E01022026,Tendring 016C,Investigation complete; no suspect identified
5add93f2bcaa657af8a1637f0a9762a4c9d4dca5ac8d3749ff88d4d9ce05c7cb,2015-08,Essex Police,Essex Police,0.336223,51.488722,On or near Supermarket,E01015960,Thurrock 014A,Investigation complete; no suspect identified
1bb03609581501cfc43d0967e8c170179b1cfb29a79dacd9e4edc48626e5c00f,2015-08,Essex Police,Essex Police,1.152215,51.788718,On or near Shopping Area,E01022025,Tendring 016B,Investigation complete; no suspect identified
ab55baa3d31e5e1fdaba8c061394da55074544902650a4091feaa1a89a42af16,2015-08,Essex Police,Essex Police,0.447516,51.665668,On or near STOCK ROAD,E01021602,Chelmsford 018B,Investigation complete; no suspect identified
94edcfc4d8fed4ca38ba24965906047f1b1cc26402e98dd72cd88a246f683d4e,2015-08,Essex Police,Essex Police,0.342713,51.477908,On or near LANDER ROAD,E01015969,Thurrock 014D,Investigation complete; no suspect identified
21500869d4b9ec29bcfabb500cd1e3dc6296cd72f6b1a545c39f74dfbdb1ca73,2015-08,Essex Police,Essex Police,0.562265,51.875368,On or near THE YARD,E01033458,Braintree 009E,Investigation complete; no suspect identified
0ac441423e2d37dc5bdab36acc97933da79b675989752f13f2d51913d805ddc1,2015-08,Essex Police,Essex Police,0.191394,51.780096,On or near RAINBOW ROAD,E01021768,Epping Forest 001A,Investigation complete; no suspect identified
04b2b6baaf66d3bcfea442fa85c6ec932be197fb63c6cce785f8383d5ebe786a,2015-08,Essex Police,Essex Police,0.360884,51.460816,On or near CANBERRA SQUARE,E01016004,Thurrock 018B,Investigation complete; no suspect identified
bee613959fa96e272e102e25d619b92bac11c84b0bd4ebbefd46b2fafbda95b3,2015-08,Essex Police,Essex Police,0.651671,51.565255,On or near PINEWOOD AVENUE,E01015834,Southend-on-Sea 001B,Investigation complete; no suspect identified
9e131e543c52640481a87433ca40372f3863e53344bbf4fe06ebb6bd732b77cb,2015-08,Essex Police,Essex Police,0.700456,51.559825,On or near BYRNE DRIVE,E01015866,Southend-on-Sea 002D,Investigation complete; no suspect identified
ceb3c6d5700f7587d4b064165247db38b6d12f00d0887189e513e6ed22892c08,2015-08,Essex Police,Essex Police,0.463732,51.721418,On or near Petrol Station,E01021556,Chelmsford 012A,Investigation complete; no suspect identified
df5d65275229245747e215de2a0cc491d5cacdb24eb425e29e090b6d9b1487cf,2015-08,Essex Police,Essex Police,1.060724,51.944529,On or near COLCHESTER ROAD,E01022020,Tendring 003F,Investigation complete; no suspect identified
d9739d66941dbabfa346579984a5e38757e7817923a794e8781ddc9e6a5995c3,2015-08,Essex Police,Essex Police,0.792209,51.880520,On or near FRANCIS COURT,E01021678,Colchester 010E,Investigation complete; no suspect identified
3533d9ecc5436abc85332a5840433ff7a0d3d524799e304f97f8681891b3518f,2015-08,Essex Police,Essex Police,0.459647,51.717916,On or near St Johns Hospital,E01021556,Chelmsford 012A,Investigation complete; no suspect identified
86dc3179a4b3a96766d9cf5a1790c75b712246e6f605c3e76ac7a640a1c02c1a,2015-08,Essex Police,Essex Police,0.608065,51.651697,On or near Sports/Recreation Area,E01021611,Chelmsford 019A,Investigation complete; no suspect identified
2ac71ea440fbc55a16b62e4dbac9f0287160d1f02d1910bb9634d0df0826848e,2015-08,Essex Police,Essex Police,0.323432,51.476835,On or near Shopping Area,E01015954,Thurrock 017D,Investigation complete; no suspect identified
5a1854ff14fa5b16b735aec6a582b3b19e855db0e254672716ad559b2aaaf291,2015-08,Essex Police,Essex Police,0.525977,51.622601,On or near REGENCY CLOSE,E01021593,Chelmsford 021A,Investigation complete; no suspect identified
305a5cd2f455fbde5f964150d834a7f463a183da6cd06cb0dff69c1674680eca,2015-08,Essex Police,Essex Police,0.236535,51.480971,On or near LONDON ROAD PURFLEET,E01016013,Thurrock 015D,Investigation complete; no suspect identified
0940330baeea6eba7efe8f3f357d1d2df4e69799fbe2a5b7592601faf3e713e8,2015-08,Essex Police,Essex Police,0.467078,51.570236,On or near NETHER PRIORS,E01021318,Basildon 015C,Investigation complete; no suspect identified
21bd0768bf4e393feb87e9f7b2e0452c67689b0624da3f061945e9c4c8e01e02,2015-08,Essex Police,Essex Police,0.659801,51.571780,On or near PADDOCK CLOSE,E01015838,Southend-on-Sea 001F,Investigation complete; no suspect identified
ffcdad2184b1389814b5254a3fc1ed38764e469ce54f445dc6a1be18369da38b,2015-08,Essex Police,Essex Police,0.292090,51.515807,On or near ORCHARD CLOSE,E01015932,Thurrock 006A,Investigation complete; no suspect identified
826ee489da4d41a0b89c5b74a7c63ed150edeade2775d74079f246f32c7a16c1,2015-08,Essex Police,Essex Police,0.525546,51.865451,On or near ASHDOWN CLOSE,E01021383,Braintree 010C,Investigation complete; no suspect identified
603068428ac6f620df4287f82d8abf33738528e2365bd87bcf4d127c141362c7,2015-08,Essex Police,Essex Police,0.714148,51.540424,On or near Parking Area,E01015895,Southend-on-Sea 010A,Investigation complete; no suspect identified
0eed3882cb03a2074b5878cb7671734350187314712ae06437ba8be86fdaa8f2,2015-08,Essex Police,Essex Police,0.097001,51.781044,On or near Parking Area,E01021853,Harlow 003E,Investigation complete; no suspect identified
4d25ef263dc144c79da90cc542c96e3cc99efc362407e9d8b79a9b70dadf39d1,2015-08,Essex Police,Essex Police,0.724377,51.852415,On or near LONG ACRES,E01021377,Braintree 014A,Investigation complete; no suspect identified
a9762d3c3727d05498688918750ff80507b830ce4c37360d9ffdb1fc47a4cb08,2015-08,Essex Police,Essex Police,0.814677,51.642733,On or near COBBINS CLOSE,E01033057,Maldon 008G,Investigation complete; no suspect identified
ac15c4d33bf21ca9ba2c9e5e3e90034d6bddc9df122a038a7a2a2961b51ab2d1,2015-08,Essex Police,Essex Police,0.905634,51.890498,On or near Parking Area,E01021648,Colchester 007C,Investigation complete; no suspect identified
0e46fd164e0c006378c292de5b2ee3ceb40a761344c9296242556101eb62969d,2015-08,Essex Police,Essex Police,0.682468,51.720997,On or near MARLOWE CLOSE,E01021893,Maldon 005A,Investigation complete; no suspect identified
edc722d8b924c47972861b10023e83cf95675bedc691fdb1821b214cdc1b7553,2015-08,Essex Police,Essex Police,0.597082,51.580947,On or near GLADSTONE GARDENS,E01021963,Rochford 008D,Investigation complete; no suspect identified
991c612ff5e9643c2cd3b712832aa5377f2958227f88a17eb018e35030a435f2,2015-08,Essex Police,Essex Police,0.213995,51.979970,On or near STATION ROAD,E01022072,Uttlesford 003C,Investigation complete; no suspect identified
c4e3b014f5dbd83006d6994dc074e8fb54daeda1e12a9dfd5fc29566b1732d5e,2015-08,Essex Police,Essex Police,0.441593,51.744795,On or near THAMES AVENUE,E01021598,Chelmsford 003C,Investigation complete; no suspect identified
ea6a20f9d8fd3fff1368a56e2e26f720a02635af9ce782fa761bbc9a05957400,2015-08,Essex Police,Essex Police,0.364025,51.481482,On or near RIVER VIEW,E01015935,Thurrock 012C,Investigation complete; no suspect identified
3d25a6502d2209b46cdf0f6f4fbfbae7a100846a1fefb9aafb1abc6b7555d52a,2015-08,Essex Police,Essex Police,0.897177,51.898216,On or near POPLAR HALL CLOSE,E01021650,Colchester 007E,Investigation complete; no suspect identified
142691f2ca755416ad44232413b4af24cc652fb183682b5acbe00ce89eff2032,2015-08,Essex Police,Essex Police,0.236535,51.480971,On or near LONDON ROAD PURFLEET,E01016013,Thurrock 015D,Investigation complete; no suspect identified
8ae1e51348a4195b407facbfeb6719c040eb1ce8832f318fb006f2cf1a777f46,2015-08,Essex Police,Essex Police,0.481287,51.514736,On or near Park/Open Space,E01015946,Thurrock 001C,Investigation complete; no suspect identified
69753d83c1b54493a576a46c4d0ef4fe8d5421ffe61b5a495f1c510465a0895f,2015-08,Essex Police,Essex Police,0.088430,51.743941,On or near Sports/Recreation Area,E01021867,Harlow 011E,Investigation complete; no suspect identified
851a7ff69e2b7c0c4bbaaa0138565772de8c75a2b650bf09b6880a487c62ab04,2015-08,Essex Police,Essex Police,0.724377,51.852415,On or near LONG ACRES,E01021377,Braintree 014A,Investigation complete; no suspect identified
35bf66b7fe388d2a939c0a2646a21621a658040dbf252b1d0997420b8e161463,2015-08,Essex Police,Essex Police,0.321039,51.495795,On or near Sports/Recreation Area,E01015994,Thurrock 009D,Investigation complete; no suspect identified
ccbb8eb6a316f24d5c827991efbf6f5cf6f0f9aa407587d2d4434e50541fcd66,2015-08,Essex Police,Essex Police,0.724377,51.852415,On or near LONG ACRES,E01021377,Braintree 014A,Investigation complete; no suspect identified
aa037baea5d97caab693f5e5dfa346830d0cfdfd9fcbd78aa6e546e3eeeec711,2015-08,Essex Police,Essex Police,0.263449,51.489034,On or near SOUTHWAY,E01016012,Thurrock 015C,Investigation complete; no suspect identified
c4b616c39aa9ad359421d6109984abbe043d13081be2e280aa99449089052e99,2015-08,Essex Police,Essex Police,0.664118,51.564901,On or near FOUR SISTERS WAY,E01015864,Southend-on-Sea 002B,Investigation complete; no suspect identified
6dfafb32168371f3984d7503e00c8a2fcb04162aed8ccd2fb1abbaea0e0e489f,2015-08,Essex Police,Essex Police,0.292161,51.602139,On or near THE DELL,E01021473,Brentwood 008D,Investigation complete; no suspect identified
f0dbf547acf729cf1b578bb59051ff777bc05fabc6e9a9f77a1bf12d660d96ae,2015-08,Essex Police,Essex Police,0.273189,51.505869,On or near FRANCES GARDENS,E01015928,Thurrock 007B,Investigation complete; no suspect identified
547c669239e265260baeb61baa84044e481a8a917d5a201d7b8e3a5231114910,2015-08,Essex Police,Essex Police,0.701205,51.537899,On or near AVENUE TERRACE,E01015856,Southend-on-Sea 015F,Investigation complete; no suspect identified
425dd8ceaff50573f75d91d1fe46a52854617678a64f16e429f3912680d86baf,2015-08,Essex Police,Essex Police,0.525526,51.713802,On or near THE LINTONS,E01021571,Chelmsford 013E,Investigation complete; no suspect identified
b2fadab8615f968274619f2bf0b4592ca68d9630992a24549958bc95670af99c,2015-08,Essex Police,Essex Police,0.546978,51.886122,On or near ALEXANDER ROAD,E01021359,Braintree 008D,Investigation complete; no suspect identified
9807583d5eef4d3ab7db7571d87d95d7bf1a991d7973bd973501fb674165cfa8,2015-08,Essex Police,Essex Police,0.095357,51.767783,On or near Shopping Area,E01021872,Harlow 007E,Investigation complete; no suspect identified
003fdc7308a1d04fff400d9e27730fabe9a6a676f6d70a41edcf677ca40742d5,2015-08,Essex Police,Essex Police,0.294184,51.629357,On or near WARESCOT ROAD,E01021431,Brentwood 004A,Investigation complete; no suspect identified
cc68aeaefdbd2bea216a4d8956a88a41154d8ea95095f6ca969fc7bfa75da2b9,2015-08,Essex Police,Essex Police,0.335936,51.474932,On or near Parking Area,E01015962,Thurrock 016E,Investigation complete; no suspect identified
dc60e06396d47369e0a5dd6ad6b4ebd1e64d0bd567b9c35f4c3f17c45a015e4c,2015-08,Essex Police,Essex Police,0.086004,51.744722,On or near FENNELLS,E01021867,Harlow 011E,Investigation complete; no suspect identified
34765e1129d08898d1aac0361f61ad8524dfafd8605223da95f2a748ed82837c,2015-08,Essex Police,Essex Police,0.447275,51.527178,On or near TASMAN CLOSE,E01015988,Thurrock 002D,Investigation complete; no suspect identified
11ceb15a6a3e40b567933eeb91b5a2b578d0c377f545d41c10573d62c2477a3c,2015-08,Essex Police,Essex Police,0.231669,51.485749,On or near CHIEFTAN DRIVE,E01016014,Thurrock 015E,Investigation complete; no suspect identified
38d8b55646491584269463efae4dccf9e794b82539c016f6cad4f4f8b11d28b4,2015-08,Essex Police,Essex Police,0.548287,51.575200,On or near MAYFLOWERS,E01021514,Castle Point 001B,Investigation complete; no suspect identified
b18a9b98a24116d8ea5de4694c71c6554f779abfd2ec62586b7be2a28ecbb0fc,2015-08,Essex Police,Essex Police,0.462877,51.752831,On or near PATCHING HALL LANE,E01021590,Chelmsford 002D,Investigation complete; no suspect identified
187c454c5a7fea71eebb4982330482f57dabf36da441f5876a0397e5283f1826,2015-08,Essex Police,Essex Police,0.719905,51.585907,On or near COOMBES GROVE,E01021915,Rochford 004A,Investigation complete; no suspect identified
a8d8c44b64ddd9bed3a8ca1c87d9d08a24d21be751c644b8d7a156796dff3d04,2015-08,Essex Police,Essex Police,0.668614,51.560113,On or near MENDIP ROAD,E01015824,Southend-on-Sea 005E,Investigation complete; no suspect identified
b7af48b010987c96a7db47119ad3233bfe0d55a9388f494efe17a87b2a04ee92,2015-08,Essex Police,Essex Police,0.726824,51.831152,On or near B1023,E01021643,Colchester 019A,Investigation complete; no suspect identified
397290e1969e42cd5e7ba9b496d6fea7132376ce11b1f7ab99751c45ef024440,2015-08,Essex Police,Essex Police,0.261741,51.889938,On or near Airport/Airfield,E01022090,Uttlesford 006B,Investigation complete; no suspect identified
60142b9c50a9fdd563d7d2d36645ecdc719cd5299f8504a34ee2b8f79924cad7,2015-08,Essex Police,Essex Police,0.680115,51.553502,On or near PRITTLEWELL CHASE,E01015822,Southend-on-Sea 005C,Investigation complete; no suspect identified
71a6bd427c5fa12c20f33dac29a84392eb1f4ce7c3e5f23a05773dac32455cf1,2015-08,Essex Police,Essex Police,0.439161,51.575505,On or near WOOLMERGREEN,E01021292,Basildon 017B,Investigation complete; no suspect identified
49ddb0db6b331cccce32cb9e16c2fdb214f74676dbaa152918cdf45658a58ea7,2015-08,Essex Police,Essex Police,0.499299,51.670053,On or near MIDDLE MEAD CLOSE,E01033143,Chelmsford 018E,Investigation complete; no suspect identified
9a7b44c9c3adb6bc63248fb66c98d3bbc39aee7ba4d8e647045fe9e7531e9942,2015-08,Essex Police,Essex Police,0.334513,51.495006,On or near VICTORIA CLOSE,E01015964,Thurrock 010B,Investigation complete; no suspect identified
d4008bddd2f7f56ef12f9390d11b75cfd0c29b56c2839cdd6ff50ad363f3d332,2015-08,Essex Police,Essex Police,0.450108,51.582076,On or near LUCKYN LANE,E01021268,Basildon 015B,Investigation complete; no suspect identified
2c10a6b486f2773742a4e2ba0c0ebb1073ecfda857606b0495a879f2768dd794,2015-08,Essex Police,Essex Police,0.292494,51.630523,On or near A12,E01021431,Brentwood 004A,Investigation complete; no suspect identified
d07e1d06f68aa83a8be3a74719d7bdb7045fc178a6aff06d4872acd9aee80d49,2015-08,Essex Police,Essex Police,0.823266,51.893080,On or near ABBOTTS LANE,E01021730,Colchester 003D,Investigation complete; no suspect identified
597375b2460263677c1b2d9671bfa38bb79657bad1376a27a7d8cee45a4e6b87,2015-08,Essex Police,Essex Police,0.261741,51.889938,On or near Airport/Airfield,E01022090,Uttlesford 006B,Investigation complete; no suspect identified
d72fc6dadd0f03183e42e05c6b04483921bd64aadb31472ee1bbe260317f897b,2015-08,Essex Police,Essex Police,0.497521,51.818432,On or near THE CRESCENT,E01021538,Chelmsford 001A,Investigation complete; no suspect identified
e0d8ab18abf827b15c7afffb39f7f5f9ac58e2b87b418589add70416c0be4ab6,2015-08,Essex Police,Essex Police,0.675330,51.550391,On or near CAVENDISH GARDENS,E01015822,Southend-on-Sea 005C,Investigation complete; no suspect identified
af78bfa0c0b481fd652ac98bcf6721dce35963d4a95868b776596125c500fc39,2015-08,Essex Police,Essex Police,0.678142,51.736249,On or near Supermarket,E01021890,Maldon 004B,Investigation complete; no suspect identified
17969af252c918b3a88da99ea82d6e34d7a66efbeb7b177fe3a5e285f2f4047e,2015-08,Essex Police,Essex Police,0.462457,51.585127,On or near Nightclub,E01021268,Basildon 015B,Investigation complete; no suspect identified
d49a23986d44c4236b5529e2a5d0b66f2acf7fa04442b82a98331ab56c3d0ba7,2015-08,Essex Police,Essex Police,0.098483,51.748312,On or near Supermarket,E01021860,Harlow 010D,Investigation complete; no suspect identified
a22578307683950561a548768155ad99c8831a04870c86223b6f10bcff2f8ad6,2015-08,Essex Police,Essex Police,0.519178,51.616191,On or near STATION AVENUE,E01021334,Basildon 005A,Investigation complete; no suspect identified
f28d71e167d699e1b33c7c1e449acf8a206dd4885acacdc619384ea2d5763732,2015-08,Essex Police,Essex Police,0.474346,51.761457,On or near DAYS CLOSE,E01021542,Chelmsford 002A,Investigation complete; no suspect identified
4ff494e39dff0471543e978fe620a0317033abe2ee4d101e945164c2a12f7418,2015-08,Essex Police,Essex Police,0.318297,51.611725,On or near Parking Area,E01021474,Brentwood 008E,Investigation complete; no suspect identified
6f3a8c38b8f8d89bef2822ad380eb43ef5ab603bb9493a9ae22d6f12eadf18d3,2015-08,Essex Police,Essex Police,0.900435,51.889439,On or near Shopping Area,E01021649,Colchester 007D,Investigation complete; no suspect identified
8fe1f82316da7a16fd385e4a757da1fa3130d70bb8ceb65edd0d7d392a86d0ac,2015-08,Essex Police,Essex Police,0.602526,51.557749,On or near ARCADIAN GARDENS,E01021529,Castle Point 006D,Investigation complete; no suspect identified
912b14daccafac1a1592821c2da7c99d2569cf4121b3f0bebe6d88fa15fde133,2015-08,Essex Police,Essex Police,0.447317,51.572044,On or near DELIMANDS,E01021293,Basildon 017C,Investigation complete; no suspect identified
41cf6da0b4e37d0672153d3c26678487204572b3c82cb1dfde1023760a01664d,2015-08,Essex Police,Essex Police,0.296984,51.611289,On or near PENNY FIELDS,E01033064,Brentwood 007G,Investigation complete; no suspect identified
4c96e76ddfeb524ffad8205c24b0ffa8a2c6d521e8380a582e81dfc3326eab20,2015-08,Essex Police,Essex Police,0.277434,51.486092,On or near Shopping Area,E01016012,Thurrock 015C,Investigation complete; no suspect identified
296df32bd7eab31b97937afbee6a3ff8caedf8e9cf91ae3242415c3419e11dc2,2015-08,Essex Police,Essex Police,0.330502,51.474554,On or near BRIDGE ROAD,E01015952,Thurrock 017B,Investigation complete; no suspect identified
e8fb5f839ccc68491bd9b9eda64f9ad8211dc58145885da9af95a3eae64f1032,2015-08,Essex Police,Essex Police,0.769409,51.540086,On or near MAPLIN WAY NORTH,E01015914,Southend-on-Sea 017A,Investigation complete; no suspect identified
3eff6b744e86d2409862a0feed4b7abe98c990db49ba99c6b20a64aa6ed8e6a4,2015-08,Essex Police,Essex Police,0.552023,51.889745,On or near BEECH AVENUE,E01021359,Braintree 008D,Investigation complete; no suspect identified
5727210b9e2d1f991012a1a4e0b76308d0e71c337836a63ee1f5e4915c26e92d,2015-08,Essex Police,Essex Police,0.319731,51.477969,On or near Parking Area,E01015953,Thurrock 017C,Investigation complete; no suspect identified
d782c916f9b0f61df96793d679b2a16cec63fa6e6686b2f6cd8dadd500da5e12,2015-08,Essex Police,Essex Police,0.769409,51.540086,On or near MAPLIN WAY NORTH,E01015914,Southend-on-Sea 017A,Investigation complete; no suspect identified
8d22e31452f35b9d45f4cb5c4adf43a02600fef94d059c83897413608b7618de,2015-08,Essex Police,Essex Police,0.470773,51.734229,On or near MARKET ROAD,E01033141,Chelmsford 010G,Investigation complete; no suspect identified
5d2ab0c4ef6a08ccf46bbbbc96ef157e0d02e5ca7bee11d758738514887646da,2015-08,Essex Police,Essex Police,0.441593,51.744795,On or near THAMES AVENUE,E01021598,Chelmsford 003C,Investigation complete; no suspect identified
1b09300ad8cc3f27a856c3088a25ac2191b89907daef1efa9c28461ad2142547,2015-08,Essex Police,Essex Police,0.440436,51.569399,On or near TRINDEHAY,E01021287,Basildon 017A,Investigation complete; no suspect identified
85c28a29661dae26921b4797e60fb1c2dddb92857fd5e05fb21fe9799bdf4cf6,2015-08,Essex Police,Essex Police,0.635266,51.796188,On or near BRIDGE STREET,E01033462,Braintree 017H,Investigation complete; no suspect identified
c61c20f3bebce6c4da124844b90b5bde9b3a6855722eb03fc6059177c6f31e65,2015-08,Essex Police,Essex Police,0.722105,51.537227,On or near CROMER ROAD,E01015840,Southend-on-Sea 014B,Investigation complete; no suspect identified
55d87a0af616ea1eaf784a0eb0552c237637301bf26485f20eedfc932fae4ebb,2015-08,Essex Police,Essex Police,0.058148,51.650666,On or near KING'S GREEN,E01021787,Epping Forest 012B,Investigation complete; no suspect identified
1e0804ac95ee99789ff40c353519c75274223dc51d2acb88ff73d8c0ec818478,2015-08,Essex Police,Essex Police,0.426911,51.514318,On or near THE GREEN,E01015992,Thurrock 005C,Investigation complete; no suspect identified
ab2d9c87c799ff687da7e6e2685f42681229764614776eab75d26ca2baf879df,2015-08,Essex Police,Essex Police,0.714148,51.540424,On or near Parking Area,E01015895,Southend-on-Sea 010A,Investigation complete; no suspect identified
08db255eaa62a778ec8ba8210269820964a68d070cfbdce79b6df2a7e9fc4f85,2015-08,Essex Police,Essex Police,0.460736,51.568517,On or near CLAY HILL ROAD,E01021318,Basildon 015C,Investigation complete; no suspect identified
048b09842f72ade7bb09bdc8f0ba6afe12e4a199df0a1a54e1c9ec713e6053f7,2015-08,Essex Police,Essex Police,0.454070,51.727223,On or near WATERHOUSE STREET,E01033138,Chelmsford 009F,Investigation complete; no suspect identified
487891a4fcf607fa6a2d406760d93aa7a0896038395f392c39e49dfcfaec3773,2015-08,Essex Police,Essex Police,0.271332,51.491121,On or near Petrol Station,E01016012,Thurrock 015C,Investigation complete; no suspect identified
4da7eefdf78ce52affaf445f715f6c8ba619011e6fd1deef7e5f6cd987969587,2015-08,Essex Police,Essex Police,0.326407,51.625404,On or near GORDON ROAD,E01021465,Brentwood 005D,Investigation complete; no suspect identified
34e53a174d35d56dac5fd2cd8a833ac60fe88e066a73e20ad703b00a8cf60882,2015-08,Essex Police,Essex Police,0.790753,51.554428,On or near STUART CLOSE,E01021922,Rochford 010C,Investigation complete; no suspect identified
f80d9d358cea937a3aa0eb7a262031aca820388c2a16e4a68ae8d20235dafac1,2015-08,Essex Police,Essex Police,0.581527,51.868714,On or near CRESSING ROAD,E01021380,Braintree 012E,Investigation complete; no suspect identified
0ed301cc0c56e77264cfe7e4ae67e0ac9e4ccf9395de39a75c1fc6ac41930f7a,2015-08,Essex Police,Essex Police,0.343882,51.469539,On or near THURROCK PARK WAY,E01016003,Thurrock 018A,Investigation complete; no suspect identified
29a73553f1020f3e70bbc9718199d5394842f620767c61900f65166cf3ca0fe5,2015-08,Essex Police,Essex Police,0.635463,51.574677,On or near RAYLEIGH ROAD,E01021946,Rochford 009A,Investigation complete; no suspect identified
146ecd842123470d25ed9d11b686894258e1ab562cdc67565a9ac86d4d17bfc6,2015-08,Essex Police,Essex Police,1.128869,51.803859,On or near ST JOHN'S ROAD,E01021977,Tendring 013C,Investigation complete; no suspect identified
ef12bcbaaa489cad308f6ebbb7e9648ba24f7eac334fb65aae2744836ca9135f,2015-08,Essex Police,Essex Police,0.704010,51.564528,On or near SHERBOURNE CLOSE,E01015867,Southend-on-Sea 002E,Investigation complete; no suspect identified
38219564d79d28ac04edb3948fcc45a5c588b0d469c274c03a79bc2fe653ff9b,2015-08,Essex Police,Essex Police,1.122534,51.801626,On or near WORDSWORTH WAY,E01021977,Tendring 013C,Investigation complete; no suspect identified
2ae6dc97f2f36cbf3e4274f393401051a9a5921f0b3511aa5a6118b6a245a503,2015-08,Essex Police,Essex Police,0.404444,51.615297,On or near FRITHWOOD CLOSE,E01021256,Basildon 004D,Investigation complete; no suspect identified
a35553dd45a6084c6caaf5f5e5c694a302dc064295be6a770843b93e77bbeddb,2015-08,Essex Police,Essex Police,0.135493,51.789946,On or near THE HOO,E01021854,Harlow 001A,Investigation complete; no suspect identified
cbdbe5af82a20e4d026f78978a655b440e000ec4b45bd84b4b264494ac3fbc00,2015-08,Essex Police,Essex Police,0.282488,51.487496,On or near Shopping Area,E01016011,Thurrock 015B,Investigation complete; no suspect identified
b9ca3c126085f969ec6d422300854eae53159da8ef35f4916b37cb7122340cf7,2015-08,Essex Police,Essex Police,0.094846,51.771452,On or near ADAMS HOUSE,E01021872,Harlow 007E,Investigation complete; no suspect identified
d55566ac6bd6a4c9a0d92a74eb52dd715764083cdc0346523332eda40338f3aa,2015-08,Essex Police,Essex Police,0.591332,51.560578,On or near Petrol Station,E01021511,Castle Point 002C,Investigation complete; no suspect identified
90093038aaaa278ff78e2ede1bbd5fccc973911116475a76dd2f2380d8dad540,2015-08,Essex Police,Essex Police,0.521172,51.864115,On or near FELBRIGG CLOSE,E01021383,Braintree 010C,Investigation complete; no suspect identified
c1dcf8635c94cd9175d71ca93a0dd649f485c102c0427a1d7a2e053e08d0c8d8,2015-08,Essex Police,Essex Police,0.065910,51.654783,On or near Petrol Station,E01021787,Epping Forest 012B,Investigation complete; no suspect identified
a24796a901e48773d353ece158ca9d23cc60cf74108b4e1bc640bddc64aff8c5,2015-08,Essex Police,Essex Police,0.057030,51.649274,On or near HIGH ROAD,E01021791,Epping Forest 012F,Investigation complete; no suspect identified
d36e2319793eb88f9065a311b45f914c7515ae9e41804daaa5327f8720df743b,2015-08,Essex Police,Essex Police,1.136644,51.806134,On or near DIXON AVENUE,E01021976,Tendring 013B,Investigation complete; no suspect identified
208562c4a61951f86886f08ec24600412f3f486f20b71c652ecc2be4ab1981bd,2015-08,Essex Police,Essex Police,0.228327,51.680742,On or near GARDEN FIELDS,E01021800,Epping Forest 003C,Investigation complete; no suspect identified
059abcb5d3f4c24cb0bc566b26bc6a2a3d65b58940349abbb81416102552fde7,2015-08,Essex Police,Essex Police,1.190690,51.800811,On or near Parking Area,E01022035,Tendring 012D,Investigation complete; no suspect identified
c5a2637fbf174900308b9b199db5e1d8fd3ba2af451b20876c762733d5a5582d,2015-08,Essex Police,Essex Police,0.587528,51.514912,On or near FERNDALE CRESCENT,E01021499,Castle Point 011C,Investigation complete; no suspect identified
424c8ebaa367051e2e1ae104462e9d9e78c646aa37533e46039ee03a2637902d,2015-08,Essex Police,Essex Police,0.437740,51.521162,On or near ABBOTTS DRIVE,E01015986,Thurrock 003C,Investigation complete; no suspect identified
8589817cf9e91e5f8139628f60395f5e3c300fa68bc082b2b5a9a2c7347525ed,2015-08,Essex Police,Essex Police,0.636176,51.797112,On or near Parking Area,E01021415,Braintree 017A,Investigation complete; no suspect identified
c74435006224fd29bcb0609ae12d2d22f4b3e0038a334521438e418c21859a3f,2015-08,Essex Police,Essex Police,0.283014,51.510418,On or near Supermarket,E01015976,Thurrock 007F,Investigation complete; no suspect identified
fbd06f6ab80b93fd5197ab9223319118d07a3f32c92f009b1f68fa21aebad624,2015-08,Essex Police,Essex Police,0.057030,51.649274,On or near HIGH ROAD,E01021791,Epping Forest 012F,Investigation complete; no suspect identified
4c70aa9018593412e85cb8dcbb95f9832ad85d977ab16dfb9c3d88ec4ff33804,2015-08,Essex Police,Essex Police,0.621164,51.878062,On or near RIVERSIDE,E01021361,Braintree 012B,Investigation complete; no suspect identified
0f5e246e4bc1852094e29786daf85ab5ec9dfccabf545dc2fc51f33f3a099830,2015-08,Essex Police,Essex Police,0.691150,51.544444,On or near Supermarket,E01015902,Southend-on-Sea 007B,Investigation complete; no suspect identified
e89963dcbad949f995bd7f453913dea17f7854515c8cc87198dba1382fcec365,2015-08,Essex Police,Essex Police,0.701379,51.543022,On or near CLIFF AVENUE,E01015896,Southend-on-Sea 010B,Investigation complete; no suspect identified
199b56ad5a382e374dd3454deb1adfee16f985f0e5a176e43b340fc379b4d2a8,2015-08,Essex Police,Essex Police,0.423449,51.563672,On or near Pedestrian Subway,E01021283,Basildon 021D,Investigation complete; no suspect identified
f076715f188db45557f4b7512f0dcc1293884555225d7a3b4c3876035e8322ec,2015-08,Essex Police,Essex Police,0.495274,51.734916,On or near CHELMER ROAD,E01021547,Chelmsford 008D,Investigation complete; no suspect identified
9f5caf5e12436192725b2eff3f31b245c99a022f74a3998bfd7cb4373c2b375d,2015-08,Essex Police,Essex Police,0.780740,51.539296,On or near Supermarket,E01015882,Southend-on-Sea 013G,Investigation complete; no suspect identified
18acadb5c0688acaaee7bf22adc7d33092d2d3aff8c253dde8f9ded957908d71,2015-08,Essex Police,Essex Police,1.272293,51.848036,On or near THE PARADE,E01022056,Tendring 006E,Investigation complete; no suspect identified
81ebdc7980f02e3ce683058dda377a342ffc675f4d2f49e1413d9763108e2640,2015-08,Essex Police,Essex Police,0.641352,51.800800,On or near NEWLAND STREET,E01021416,Braintree 017B,Investigation complete; no suspect identified
bfacfc5ccac1a392358cbe8c7aa088ff684381c84aaa0a0659961d4cafcd121a,2015-08,Essex Police,Essex Police,0.277434,51.486092,On or near Shopping Area,E01016012,Thurrock 015C,Investigation complete; no suspect identified
52eb4b9bad6d0ec73026564dd6292f3a084ea05f83af53e384d5aa1d17537bb3,2015-08,Essex Police,Essex Police,0.476706,51.589656,On or near Sports/Recreation Area,E01021267,Basildon 012B,Investigation complete; no suspect identified
586a15580e1d83692f07951e0c2f2a7161184b37dce879d6a09fda7142e1e5fa,2015-08,Essex Police,Essex Police,0.280942,51.508174,On or near DUNNING CLOSE,E01015929,Thurrock 007C,Investigation complete; no suspect identified
ebcd4412394ed8bfa8171e9ad2f916c42367ead3df5b63d43c8ceb13a10fa427,2015-08,Essex Police,Essex Police,0.896354,51.904181,On or near BRADFORD DRIVE,E01021679,Colchester 004A,Investigation complete; no suspect identified
2869267e2e6ea0fc2c2fa8dd5f52319327475a3e1811aebe3ffb04c4e243aee4,2015-08,Essex Police,Essex Police,0.641352,51.800800,On or near NEWLAND STREET,E01021416,Braintree 017B,Investigation complete; no suspect identified
85cc3f6dfffdcf1af43fc13bd7f38de70bd4fa1284307993902f8ee792de45d5,2015-08,Essex Police,Essex Police,1.135431,51.836296,On or near SPRINGFIELD MEADOWS,E01022017,Tendring 007D,Investigation complete; no suspect identified
79833a37c3935aee7e7fa0206fbcae679736cd9d37d1e14c19c3ba38ce5b5884,2015-08,Essex Police,Essex Police,0.639653,51.808464,On or near Braintree Road,E01021416,Braintree 017B,Investigation complete; no suspect identified
cbd78a4d15b774110ff5b720c6295c6134b70bcd5b188b562a54d84fbc7ec77a,2015-08,Essex Police,Essex Police,0.662210,51.569531,On or near FAIRFIELD CRESCENT,E01015833,Southend-on-Sea 001A,Investigation complete; no suspect identified
5094ab26ac2a4a0ade3f0b4233c99a8f57f7f4479e32b53f606f4e2867e7e19a,2015-08,Essex Police,Essex Police,0.592084,51.520253,On or near Parking Area,E01021498,Castle Point 011B,Investigation complete; no suspect identified
0473bd1cc459b02c2ce84940ac02a804225dcbfc0150eebd21b278a7877245cd,2015-08,Essex Police,Essex Police,0.639899,51.546122,On or near HERSCHELL ROAD,E01015913,Southend-on-Sea 008F,Investigation complete; no suspect identified
c72011c895970f05fb64fc954d2e99c13d55b733e9c06af06d5202e5962b3944,2015-08,Essex Police,Essex Police,0.481372,51.557641,On or near MARSH VIEW COURT,E01021300,Basildon 022A,Investigation complete; no suspect identified
06ad735609d6a7305c1d6520bf5b531c7e7395ca2385bda47c92a5f74f9603d4,2015-08,Essex Police,Essex Police,0.885342,51.676291,On or near LANDWICK LANE,E01021907,Maldon 006E,Investigation complete; no suspect identified
f74b333e9a628623a82cd8ccec931961578e31ca2884a3ebe717c749f22ecbb3,2015-08,Essex Police,Essex Police,0.633608,51.816262,On or near MUNRO ROAD,E01021418,Braintree 015C,Investigation complete; no suspect identified
24a158bd94531943014ef3aa1ad47e0adb0b3eb46677edb2778ee8a0ca3f5926,2015-08,Essex Police,Essex Police,0.476706,51.589656,On or near Sports/Recreation Area,E01021267,Basildon 012B,Investigation complete; no suspect identified
597a1ab3ace96ddd71088e3c6b368bc93b2f12c71caf7104af01432146001c76,2015-08,Essex Police,Essex Police,0.132511,51.766089,On or near Supermarket,E01021827,Harlow 005D,Investigation complete; no suspect identified
995d5058fb0284450a5569444be8e1d1013880c3306086a9397ea12b68cd06d8,2015-08,Essex Police,Essex Police,0.017217,51.687310,On or near NEWHALL COURT,E01021807,Epping Forest 008A,Investigation complete; no suspect identified
1b1ff2688c124e928a302e5b8ec958ba128981bcf31b7fe35030b90ff32c56a6,2015-08,Essex Police,Essex Police,0.611501,51.568594,On or near MARLIN CLOSE,E01021532,Castle Point 005D,Investigation complete; no suspect identified
e30cece8e8e152ccc3d5e16c61204166f54aaf8428ed8a98d8a52ec7403f4c41,2015-08,Essex Police,Essex Police,0.875889,51.875157,On or near BOADICEA WAY,E01021713,Colchester 015C,Investigation complete; no suspect identified
0bfeadb2900995413f600d224432863e8f15817ecedbf23ade03c88027ae517f,2015-08,Essex Police,Essex Police,0.485923,51.953436,On or near SILVER STREET,E01021413,Braintree 005D,Investigation complete; no suspect identified
d4ded929dea0998b07695d328fd940d99029ede95f0d73a3e426d3e751c5c240,2015-08,Essex Police,Essex Police,0.656421,51.544741,On or near TORQUAY DRIVE,E01015849,Southend-on-Sea 011E,Investigation complete; no suspect identified
943150bd4c2ef85d523adbc389f7f30b7ff721f7bb82ccfc157e413c983c5d01,2015-08,Essex Police,Essex Police,0.046889,51.624083,On or near ELGAR CLOSE,E01021743,Epping Forest 015B,Investigation complete; no suspect identified
2a5e2e30f19e2a140289036744b87d26cb3b4cd4d666dd66e9675cf556f206b2,2015-08,Essex Police,Essex Police,0.280395,51.508472,On or near DARENTH LANE,E01015972,Thurrock 006C,Investigation complete; no suspect identified
1ee3b984550b98abebf6c3a0d2516c211a45d3001fc751af6fd597ceb7d2241b,2015-08,Essex Police,Essex Police,0.665224,51.539892,On or near GRAND PARADE,E01015848,Southend-on-Sea 011D,Investigation complete; no suspect identified
ca08df71f451b3e2c376982ed6c3a5c3d2138ac2e55d08766f38fb02e1571f88,2015-08,Essex Police,Essex Police,1.184647,51.902259,On or near SCHOOL ROAD,E01021991,Tendring 004A,Investigation complete; no suspect identified
4ccc66f3afd7ab0bf1e071626dc39cda33a06224b1dc4e4e1c7ce8f392692f53,2015-08,Essex Police,Essex Police,0.085287,51.759041,On or near LINFORD CLOSE,E01021833,Harlow 009D,Investigation complete; no suspect identified
1c0df2b062cd57676ce738d9ba92dfc5cae7da9dc1ec147b5f398804f16fd31b,2015-08,Essex Police,Essex Police,0.428312,51.569903,On or near VIOLA CLOSE,E01021286,Basildon 016A,Investigation complete; no suspect identified
0d654e73539fc1c74d39b8df98fec22ecf805d55196265bcaa370d4cd591272d,2015-08,Essex Police,Essex Police,0.290955,51.490892,On or near HOWARD ROAD,E01015982,Thurrock 019A,Investigation complete; no suspect identified
13d21317990837dc4b9a78a8ff47c1dbf32fc9f489920b0781ed410930d666d7,2015-08,Essex Police,Essex Police,0.476706,51.589656,On or near Sports/Recreation Area,E01021267,Basildon 012B,Investigation complete; no suspect identified
c7b7af9210d494d3170318d679ce8906ff0ff7e8411aa8be1630377ec91056f1,2015-08,Essex Police,Essex Police,0.446663,51.574630,On or near UPPER MAYNE,E01021319,Basildon 017E,Investigation complete; no suspect identified
46f6e926dcc13628db1fd7e44773ed9bd63ddca20bde1e69296727c556b7f3ec,2015-08,Essex Police,Essex Police,0.614611,51.618474,On or near SOUTH AVENUE,E01021945,Rochford 001D,Investigation complete; no suspect identified
e5767f92aa7e124cd28a379ef18f04202c0c2de65495c477a1a781d7fa22b2b8,2015-08,Essex Police,Essex Police,0.356988,51.576771,On or near TILBURY ROAD,E01021446,Brentwood 009B,Investigation complete; no suspect identified
02b38bfc6d2243afc2ae5c3f462026d2b17fe7b3bf5f0d79c1939a0e98e1020c,2015-08,Essex Police,Essex Police,0.890860,51.888820,On or near PAPILLON ROAD,E01021646,Colchester 007A,Investigation complete; no suspect identified
17cce8c0f391f8465de80b9adb0cfb5a3f570df7963944e3819a27424555a6e6,2015-08,Essex Police,Essex Police,0.757590,51.544259,On or near ALBERT ROAD,E01015883,Southend-on-Sea 009A,Investigation complete; no suspect identified
2564740f48b102412d20707c1bd78c41063826a568f0e01b0a2cd692b119b11d,2015-08,Essex Police,Essex Police,0.898584,51.898397,On or near BLOYES MEWS,E01021647,Colchester 007B,Investigation complete; no suspect identified
bc979d6f253347be42c53b5b616db8358d2cf945af3fe4c826aee5b03af0243d,2015-08,Essex Police,Essex Police,1.260534,51.935391,On or near ROSEBANK,E01022007,Tendring 002D,Investigation complete; no suspect identified
89ee93a14f7db6288ad6e83fb7881aeb7ecbe3bbe03b47c68d7af80abd45f782,2015-08,Essex Police,Essex Police,0.092811,51.774150,On or near Supermarket,E01021843,Harlow 004E,Investigation complete; no suspect identified
5944d039ebbf432b1489cba1f62fcec58cd8e7ed1c1937c6b4bbe69f6995acde,2015-08,Essex Police,Essex Police,0.111557,51.750308,On or near LATTON GREEN,E01021861,Harlow 010E,Investigation complete; no suspect identified
f5d8a1f9e1f11c8211fc3d905c3fd0f382f284a0abf0bc29230df7bc22774305,2015-08,Essex Police,Essex Police,0.610090,51.519260,On or near WINTERSWYK AVENUE,E01021490,Castle Point 012B,Investigation complete; no suspect identified
c8a02b8e90c6611dcd2744325a5c0029a300fa105c6669a2912162432092c946,2015-08,Essex Police,Essex Police,0.897264,51.905885,On or near WALLACE ROAD,E01021680,Colchester 004B,Investigation complete; no suspect identified
2e77159cecad626d67ed1d5c7aee474ad6e22a1dc59cffbf3e7fdf63a619cbc2,2015-08,Essex Police,Essex Police,0.645443,51.574290,On or near TUDOR CLOSE,E01015836,Southend-on-Sea 001D,Investigation complete; no suspect identified
4e90983cdcec8cda7cd286fc956ac4f6357f1bfbfd213a1c4e41dbff5f54a796,2015-08,Essex Police,Essex Police,0.585713,51.595803,On or near Petrol Station,E01021958,Rochford 006D,Investigation complete; no suspect identified
8cd0fdae2a0cdc82e68d9befea2870d0d4f542a4f2c9a9db93222eb78e9b702b,2015-08,Essex Police,Essex Police,0.356988,51.576771,On or near TILBURY ROAD,E01021446,Brentwood 009B,Investigation complete; no suspect identified
e8f09c738709c4b372e068261d9602f7dfa56d93786c28a6a11730980e5f08b1,2015-08,Essex Police,Essex Police,0.058148,51.650666,On or near KING'S GREEN,E01021787,Epping Forest 012B,Investigation complete; no suspect identified
d4ecf36a87154d668dc0ba2b76de122c5bc5c006479f7bc7c1f6a7d3e56f522c,2015-08,Essex Police,Essex Police,0.898501,51.890107,On or near ST RUNWALD STREET,E01021649,Colchester 007D,Investigation complete; no suspect identified
6d36194590d413e997c6e294ca84db59cc05099800b22e24b18107d1440dfe7b,2015-08,Essex Police,Essex Police,0.617503,51.516801,On or near SOUTHFALLS ROAD,E01021491,Castle Point 012C,Investigation complete; no suspect identified
114789cb7dd127c5bd698dd71f278bf9e101b089882332b929763c2beef4e719,2015-08,Essex Police,Essex Police,0.596478,51.715789,On or near THE HAWTHORNS,E01021570,Chelmsford 016D,Investigation complete; no suspect identified
2ac2a856ea1ae47d48896929b0133f417002ea1088acd7977c8a1d2d607828e3,2015-08,Essex Police,Essex Police,0.894626,51.882963,On or near STABLE ROAD,E01021651,Colchester 013A,Investigation complete; no suspect identified
689b793e48919489912dd628a3ff36901d00ec66faf497423479e3d1faf99a65,2015-08,Essex Police,Essex Police,0.580250,51.868481,On or near STILEMANS WOOD,E01021380,Braintree 012E,Investigation complete; no suspect identified
e5a4c98efa127f8099f86239be241a47490fbeb8d9d7320abb059a7820d903e8,2015-08,Essex Police,Essex Police,0.475801,51.698502,On or near Supermarket,E01021553,Chelmsford 017B,Investigation complete; no suspect identified
103693848fe148b79f7f73bca0278473ea033ae4d3523eb738e5de51e2e579a3,2015-08,Essex Police,Essex Police,0.713596,51.539394,On or near Nightclub,E01015852,Southend-on-Sea 015B,Investigation complete; no suspect identified
9a5f80c95bfdf99c2b71f7f1e1361e214c7bdb0cbd6fa20932042002657a8bed,2015-08,Essex Police,Essex Police,0.552291,51.874991,On or near STONE CLOSE,E01021365,Braintree 009D,Investigation complete; no suspect identified
508e07572244c9c2f214873e229af605eb8edd873a1746dae080bd839d16af31,2015-08,Essex Police,Essex Police,0.017854,51.734141,On or near BARNARD ACRES,E01021794,Epping Forest 002D,Investigation complete; no suspect identified
f4e90659b5b022fdac2549757977a01cd52b30fb68654e8ca0fe20a90c53c693,2015-08,Essex Police,Essex Police,0.635285,51.566857,On or near HICKLING CLOSE,E01015816,Southend-on-Sea 003C,Investigation complete; no suspect identified
4afac626236403d84974c227a473d39b26f629132cf198e3a7b084511efdff07,2015-08,Essex Police,Essex Police,0.279085,51.505620,On or near FAIRHAM AVENUE,E01015929,Thurrock 007C,Investigation complete; no suspect identified
6233f7ae38289fab59798af585b6975348cc742322296e3a12a9c292dddfc5f2,2015-08,Essex Police,Essex Police,0.874004,51.879314,On or near NORMAN WAY,E01021689,Colchester 014A,Investigation complete; no suspect identified
c3c26a5767b7e4471ab9b619ade1fe342e8db881af6ada70648667cd21beb8bf,2015-08,Essex Police,Essex Police,0.432786,51.627726,On or near FELSTED ROAD,E01021243,Basildon 003D,Investigation complete; no suspect identified
e3d49399b470c37a9fff8a4c6183dc82b777d2503480df640a85f7f9a4bd2b32,2015-08,Essex Police,Essex Police,0.271332,51.491121,On or near Petrol Station,E01016012,Thurrock 015C,Investigation complete; no suspect identified
0f29e99ba0f7ff542e5c1f3597c5e864dea0c0ef90c51632a2ef76abda6d1277,2015-08,Essex Police,Essex Police,0.518561,51.605583,On or near PARK DRIVE,E01021331,Basildon 008A,Investigation complete; no suspect identified
06256de23cf12bda3e63fbab4badda49ec49bd352b96dc6bbe4b6954313dfe90,2015-08,Essex Police,Essex Police,0.271332,51.491121,On or near Petrol Station,E01016012,Thurrock 015C,Investigation complete; no suspect identified
69d1136380d3a6a29b82281bc1224d43f89d856f612e157b27b099600fd1cbef,2015-08,Essex Police,Essex Police,0.402307,51.563064,On or near REEVES CLOSE,E01021284,Basildon 021E,Investigation complete; no suspect identified
7bfe0dd9c80b15d626e5d08373ca2e3babbdcabb13f56cdf8cd428b0c9ea84a6,2015-08,Essex Police,Essex Police,0.660269,51.544690,On or near LEIGHTON AVENUE,E01015847,Southend-on-Sea 011C,Investigation complete; no suspect identified
bc8002c51cfa23e666233475af93fbe3f9bdf9814d8934822edd69fcfa7a1897,2015-08,Essex Police,Essex Police,0.237734,51.714556,On or near KIMPTON'S CLOSE,E01021802,Epping Forest 004D,Investigation complete; no suspect identified
b52ffb7aa7230018e9b75146162d698b726e456ec9d69915a78469db6987bb38,2015-08,Essex Police,Essex Police,0.356988,51.576771,On or near TILBURY ROAD,E01021446,Brentwood 009B,Investigation complete; no suspect identified
570c8dc6be6a94c529d3692d5c74a7970b9973af0fa8284b114f2b231107243c,2015-08,Essex Police,Essex Police,0.307591,51.673141,On or near HONEY CLOSE,E01021471,Brentwood 001G,Investigation complete; no suspect identified
e4bb2ad29a8c1bdda282ee0706e0385b81f5aa77bb7c8593d214d2dbaa439473,2015-08,Essex Police,Essex Police,0.289850,51.475724,On or near Parking Area,E01016011,Thurrock 015B,Investigation complete; no suspect identified
03e52bede8b0d77a898180f87133542e4f365e42187ec63b6b91a2f8dd9a9b52,2015-08,Essex Police,Essex Police,0.436261,51.575781,On or near KNIGHTS,E01021289,Basildon 016C,Investigation complete; no suspect identified
b36f043adc41ced6d6cf3e03a2bce390e597340ec633264a361ec0a8759c77c7,2015-08,Essex Police,Essex Police,0.268519,51.497722,On or near M25,E01015926,Thurrock 008E,Investigation complete; no suspect identified
a79fdd6290ec90aa67f4bba8a64ed4202ac77f97fb93525c9be0062a519dce16,2015-08,Essex Police,Essex Police,0.597239,51.559152,On or near KILN ROAD,E01021529,Castle Point 006D,Investigation complete; no suspect identified
80153c13a70b91ef8169ff9d07059ca947333e317efa65c1fb0dbea2be91389e,2015-08,Essex Police,Essex Police,0.568429,51.534632,On or near SOMNES AVENUE,E01021503,Castle Point 010D,Investigation complete; no suspect identified
4005055e59ce44a0c4be685e8231719c8d1f64ccb71ccb91dd9ad3e9a7cb0ce4,2015-08,Essex Police,Essex Police,0.426036,51.615770,On or near LANGHAM CRESCENT,E01021258,Basildon 004E,Investigation complete; no suspect identified
4f1a9fc368da44e4e00744157459a42dd860502ce4e4dd08263529b494b5e365,2015-08,Essex Police,Essex Police,0.688353,51.543969,On or near CROWSTONE CLOSE,E01015831,Southend-on-Sea 012E,Investigation complete; no suspect identified
610471675289d3f72516d409ace1679e9c10d024bd1bf374ad6ef3007b548b0e,2015-08,Essex Police,Essex Police,0.409319,51.622787,On or near GILMOUR RISE,E01021255,Basildon 004C,Investigation complete; no suspect identified
dc23e30e39df152212031b91b6cc327c8dbd61bbd69226bdb18900acb72d4278,2015-08,Essex Police,Essex Police,-0.003307,51.663750,On or near GODWIN CLOSE,E01021806,Epping Forest 009A,Investigation complete; no suspect identified
8b194d6350c0217b6922bb368b73a0a82051a1e9a70c3ccb4ecc152e4dea0689,2015-08,Essex Police,Essex Police,0.825434,51.662522,On or near WEST HOUSE ESTATE,E01021904,Maldon 006B,Investigation complete; no suspect identified
3a78ed3c4af42481e322a04e0af36cda5391ae18e6729e7fa297c58a17b55546,2015-08,Essex Police,Essex Police,0.456959,51.570727,On or near Shopping Area,E01021318,Basildon 015C,Investigation complete; no suspect identified
499ef039f8a3848212fea84b2ae7e6f7fd9b521f04809add56da8d880934e48a,2015-08,Essex Police,Essex Police,0.327866,51.496874,On or near HARTY CLOSE,E01015994,Thurrock 009D,Investigation complete; no suspect identified
6f341588b80a4e83778de8c105ad98e3e07a4e900eac02d33e7202116f1f1946,2015-08,Essex Police,Essex Police,0.414376,51.574624,On or near RAILWAY APPROACH,E01021275,Basildon 014B,Investigation complete; no suspect identified
f9a5212a24f6e31a3d1023d46e7a9686ff1af6c1c4930665d808583c8fcaf500,2015-08,Essex Police,Essex Police,0.422257,51.575712,On or near HIGH ROAD,E01021273,Basildon 014A,Investigation complete; no suspect identified
e30171e60b7d02cbc70cf3d5cb4afe6fe4628334be592094fcf82d6cd0892a25,2015-08,Essex Police,Essex Police,0.244800,51.710483,On or near GREAT LAWN,E01021755,Epping Forest 004C,Investigation complete; no suspect identified
b15e19c08862f66d25e6720511a327f0c3ce0aa429559cbc1cab507bd144a42c,2015-08,Essex Police,Essex Police,0.580370,51.887319,On or near SHEENE GROVE,E01021351,Braintree 007B,Investigation complete; no suspect identified
7ae819366a922cbf04d6bc4d7d00352f8992d42a1a70b5e06e436ec34424a535,2015-08,Essex Police,Essex Police,0.351940,51.464935,On or near RUSSELL ROAD,E01016003,Thurrock 018A,Investigation complete; no suspect identified
0e7bae87d0fc0555600569e288758b7b406c312002a6767bc62873ec4c84a821,2015-08,Essex Police,Essex Police,0.665204,51.542509,On or near CARLTON DRIVE,E01015846,Southend-on-Sea 011B,Investigation complete; no suspect identified
fafbb34cbc2d79ae51330e8124b4c968aad5f38916b42de257267f03ffc513ed,2015-08,Essex Police,Essex Police,0.286534,51.488604,On or near Parking Area,E01016011,Thurrock 015B,Investigation complete; no suspect identified
777d6d7ad664421ff54c2e437c8f4fb2801b79c1ff51f9f40c6cb594d61d8acd,2015-08,Essex Police,Essex Police,0.261741,51.889938,On or near Airport/Airfield,E01022090,Uttlesford 006B,Investigation complete; no suspect identified
4cb1e7df3a6841f2d3b8eb32ff9f60c90d73e029e3b68fc4788c448f29da103f,2015-08,Essex Police,Essex Police,0.325241,51.831165,On or near THE STREET,E01022096,Uttlesford 009D,Investigation complete; no suspect identified
751ad9d585899d4ea7af69811917c017599c2d1c9d792deda0994ed9ae3db089,2015-08,Essex Police,Essex Police,0.473026,51.741008,On or near Further/Higher Educational Building,E01021574,Chelmsford 010A,Investigation complete; no suspect identified
b4779901ab2fa6eb90f3e2d4d6b741cda050f82452667727f78e2db8f93b42c8,2015-08,Essex Police,Essex Police,0.689585,51.544327,On or near SHOE LANE,E01015831,Southend-on-Sea 012E,Investigation complete; no suspect identified
9294ab48634e1ae741f1f992baacfa724eeae8815d733feb24be0b7eb5ff4088,2015-08,Essex Police,Essex Police,0.467191,51.737344,On or near RAILWAY STREET,E01021574,Chelmsford 010A,Investigation complete; no suspect identified
9a5a9749263e0914ac5bd46e18e7ecc105e5b63a3d88dbab7da015ca6ac0aaef,2015-08,Essex Police,Essex Police,0.451568,51.563609,On or near EASTLEY,E01021297,Basildon 020D,Investigation complete; no suspect identified
940e47c05e6885f508c0a28ef77c6c21ec8347bcf159a2e8c91f22b02f380b2e,2015-08,Essex Police,Essex Police,0.695710,51.535696,On or near Parking Area,E01015851,Southend-on-Sea 015A,Investigation complete; no suspect identified
5c79e37069af8127a4d54b836b6453a5889322b650df609e7ef8fc2f8abd2729,2015-08,Essex Police,Essex Police,0.422490,51.577110,On or near MORRIS COURT,E01021273,Basildon 014A,Investigation complete; no suspect identified
dfdba22229cad2a8338fdac686153d735862c1e4863b7664058bcee5c31c1376,2015-08,Essex Police,Essex Police,0.926728,51.916038,On or near PHOENIX SQUARE,E01033720,Colchester 002F,Investigation complete; no suspect identified
f1f1af497b44ad600b51364bd167b665791b27603083d26d120625c58522a3b9,2015-08,Essex Police,Essex Police,0.668685,51.539633,On or near CLIFF GARDENS,E01015848,Southend-on-Sea 011D,Investigation complete; no suspect identified
77b102b269c44c0449238e150b059b8dadf656f0724da6b971a1009e6c904d0c,2015-08,Essex Police,Essex Police,0.730798,51.540290,On or near Petrol Station,E01015844,Southend-on-Sea 014F,Investigation complete; no suspect identified
259e54f4f69bb0b8d165a444a0e730996eafa2a23f17ce6149b88828b68cb070,2015-08,Essex Police,Essex Police,0.692011,51.555109,On or near LAVENDER MEWS,E01015860,Southend-on-Sea 004D,Investigation complete; no suspect identified
9334efbeb6352cd4c47711516504a8f29cc61146d9806e1f51c35208abd60241,2015-08,Essex Police,Essex Police,0.911734,51.880985,On or near MYRTLE GROVE,E01021688,Colchester 011F,Investigation complete; no suspect identified
563edb13f466cdbff792db85512b8353936ca56589886ad9a3c80c1090e9b2c9,2015-08,Essex Police,Essex Police,0.283014,51.510418,On or near Supermarket,E01015976,Thurrock 007F,Investigation complete; no suspect identified
6cf9ddbfb9d386ce6021f54b62e47162c7f37a1ff9e03f8f878e5f868b969924,2015-08,Essex Police,Essex Police,0.479405,51.735288,On or near SHRUBLANDS CLOSE,E01033141,Chelmsford 010G,Investigation complete; no suspect identified
d38db1c22d9142727c5a11d2ac18c14b555df72f595737a12ca4a7f4b0069c69,2015-08,Essex Police,Essex Police,0.566555,51.868295,On or near PUTTER COURT,E01021373,Braintree 011D,Investigation complete; no suspect identified
f1c39a2ef43bab47d6ebfa3e14dfc8f15e63d664220022c3433a47da976f1bee,2015-08,Essex Police,Essex Police,0.502358,51.713974,On or near THE SPIRES,E01021562,Chelmsford 014A,Investigation complete; no suspect identified
0b0f48589d1aaaa65641e202239a5a1c10d4ec15e0af80a67a0e3d60fd1ad5d7,2015-08,Essex Police,Essex Police,0.396225,51.788940,On or near MASHBURY ROAD,E01021550,Chelmsford 003A,Investigation complete; no suspect identified
bb536ecee4d73ce76bd896cddfa47b0950a8a3f5681f63ed76627fb1a579b7d4,2015-08,Essex Police,Essex Police,0.396896,51.717055,On or near THE CAUSEWAY,E01021551,Chelmsford 011A,Investigation complete; no suspect identified
8b2543c8ba8ce6cae461236b4b3d53dbdc56ba2b443125f0ea025480fff908c5,2015-08,Essex Police,Essex Police,0.319731,51.477969,On or near Parking Area,E01015953,Thurrock 017C,Investigation complete; no suspect identified
bee34105a3dcfe7727042fa7089c2a0fa8a1fffb6dd887fb9a0f16abe03d1818,2015-08,Essex Police,Essex Police,0.492587,51.560110,On or near FRESHWATER DRIVE,E01021311,Basildon 022C,Investigation complete; no suspect identified
4c275ddff714330c16fbedb615d8fbc065478e06c53ee942d1b716827b91d83d,2015-08,Essex Police,Essex Police,0.327811,51.493251,On or near WINDSOR AVENUE,E01015995,Thurrock 009E,Investigation complete; no suspect identified
3ecd04435738a3b27059b8a2582cfa431a56c65db080aa9cf2b7889fe12dc3fc,2015-08,Essex Police,Essex Police,0.632703,51.794258,On or near HATFIELD ROAD,E01021422,Braintree 017E,Investigation complete; no suspect identified
9d576050d21befb58a91b7d79b36a0375aab8a5882a7c6bf3bc6578bdb3bba15,2015-08,Essex Police,Essex Police,0.410419,51.630454,On or near WOODBROOK CRESCENT,E01021246,Basildon 002B,Investigation complete; no suspect identified
40a5ce23b5d3daefccfcb86edcbed2bea8a3b1556d93e36014d0c7d2531d0605,2015-08,Essex Police,Essex Police,0.241136,52.023358,On or near BUTCHER ROW,E01022076,Uttlesford 002B,Investigation complete; no suspect identified
5d2e56585e22ac25f97c36d699407b58ced2dd46a59c27202f9a7889c9ef8a91,2015-08,Essex Police,Essex Police,0.925842,51.874456,On or near CONDER WAY,E01021666,Colchester 016E,Investigation complete; no suspect identified
377dd59925647df386d709610b4ea99df41a2ad6a49d2fc2c4ecb4d48d884f86,2015-08,Essex Police,Essex Police,0.117819,51.788468,On or near PRINTERS WAY,E01021848,Harlow 002E,Investigation complete; no suspect identified
9fcc3745687df2add3189701a0ea5f01ecaa1ac83124f6f6b2b20ac9f47922f7,2015-08,Essex Police,Essex Police,0.904929,51.858390,On or near THAXTED WALK,E01021639,Colchester 018C,Investigation complete; no suspect identified
63cbada6369d65863dbf4a9ce8f23c23fabe26ebeccd21e274841c0196d3fa15,2015-08,Essex Police,Essex Police,0.505375,51.578040,On or near MALYONS PLACE,E01021302,Basildon 013B,Investigation complete; no suspect identified
82317670fa31b5cbfd5d9d7da85349c6eb64e29fea9346aa866508997f2f5307,2015-08,Essex Police,Essex Police,0.290965,51.631443,On or near VIKING WAY,E01021464,Brentwood 004E,Investigation complete; no suspect identified
d83011fce045b0d262f69fa2147cb6bcffd3249c44c95ac73e5986523b71f586,2015-08,Essex Police,Essex Police,0.514236,51.624535,On or near STATION ROAD,E01021338,Basildon 005C,Investigation complete; no suspect identified
836740405c8677e2fd4bff602b2c46cc67c522e6c0a00125d6c7009bbe3bf9d6,2015-08,Essex Police,Essex Police,0.261417,51.506475,On or near PARK LANE,E01015924,Thurrock 008C,Investigation complete; no suspect identified
035f46d299148221b175c6e9d10f2224bf0f5fbf83d6a5415cdb2fff63426c8d,2015-08,Essex Police,Essex Police,0.682694,51.684946,On or near ROUNDBUSH ROAD,E01021903,Maldon 007G,Investigation complete; no suspect identified
a48af733289fcf92152b6a17b280da15d23c4f43d2e51d34c65fa9e027497d10,2015-08,Essex Police,Essex Police,0.100397,51.780804,On or near EDINBURGH WAY,E01021853,Harlow 003E,Investigation complete; no suspect identified
09721ce5b3ed99316061cd10aa402aa61f4736b427f20cb16af270f3adb0db47,2015-08,Essex Police,Essex Police,0.689093,51.553827,On or near Hospital,E01015858,Southend-on-Sea 004B,Investigation complete; no suspect identified
69f91101903d4998d16a06b7b96ee7f80d6d947e9947ab83d310b011f1092630,2015-08,Essex Police,Essex Police,0.132455,51.795631,On or near HARLOW ROAD,E01021854,Harlow 001A,Investigation complete; no suspect identified
1beb2fea96a15412dd10a2d85fd387c45b2e67b1848523dff20b0b0dbed075d2,2015-08,Essex Police,Essex Police,0.903755,51.887064,On or near ST BOTOLPH'S CHURCH WALK,E01021649,Colchester 007D,Investigation complete; no suspect identified
5f9fb60a0093d4d5cc7ccb508430e7df41e778c5589251cdbbaee1bcc6b0076d,2015-08,Essex Police,Essex Police,0.920760,51.913722,On or near CHINOOK,E01021669,Colchester 002B,Investigation complete; no suspect identified
9c6782658a4c847c25c4af0fad3287ec53d9110c5c094130525df1c75e38ca46,2015-08,Essex Police,Essex Police,0.273833,51.663036,On or near FOX HATCH,E01021444,Brentwood 001D,Investigation complete; no suspect identified
e0822014290b28d7427e95d61cd2c1f25e283a318e765124611a8bf534bdb3db,2015-08,Essex Police,Essex Police,0.364648,51.868572,On or near HASLERS LANE,E01022067,Uttlesford 007B,Investigation complete; no suspect identified
63a70ae4f10b1dcc40488c8def577dcf201bdbe796f3ea0fe9fb711ef0772d4a,2015-08,Essex Police,Essex Police,0.363247,51.863456,On or near ONGAR ROAD,E01022068,Uttlesford 007C,Investigation complete; no suspect identified
9d1656b196afe56c24ddbbad9e71ebdc36f816e8caceb8b9d087bc454710b031,2015-08,Essex Police,Essex Police,0.887203,51.882111,On or near HAMILTON ROAD,E01021652,Colchester 013B,Investigation complete; no suspect identified
76a6ebf9b9324173194352e74b98ef207751b45245755bdc75728c6f3eb21fbf,2015-08,Essex Police,Essex Police,0.460282,51.576674,On or near LANDERMERE,E01021319,Basildon 017E,Investigation complete; no suspect identified
1948fe80ecf1c66b1c8f87fa05bea1971b330356e1a25254f19b4a41312781cf,2015-08,Essex Police,Essex Police,0.240904,52.023083,On or near MARKET ROW,E01022076,Uttlesford 002B,Investigation complete; no suspect identified
eaf7b1a2554e6d1c16139072789cfe00d6f6da2f2aa210b9fdefa709ba4a9af6,2015-08,Essex Police,Essex Police,0.325241,51.831165,On or near THE STREET,E01022096,Uttlesford 009D,Investigation complete; no suspect identified
9fad84f110dbc6ae8c89fe7d5eb151de6aad9b129b2159d4b15a03ecc38be46c,2015-08,Essex Police,Essex Police,0.289850,51.475724,On or near Parking Area,E01016011,Thurrock 015B,Investigation complete; no suspect identified
3aa419a7298aaae2f4eb9b34b01ea2fe57e22e14b2f6cf0ff219bb69b83865c0,2015-08,Essex Police,Essex Police,0.650336,51.566113,On or near THE CREST,E01015834,Southend-on-Sea 001B,Investigation complete; no suspect identified
225f97463e216a4d587d1ede7d4b913f9972cb8b55c4ce20ad89836a7f1a4190,2015-08,Essex Police,Essex Police,0.897825,51.889081,On or near CULVER STREET WEST,E01021649,Colchester 007D,Investigation complete; no suspect identified
0dda7ea07fe92488aa0113e715f3ed23470ac3bc46406c24f137cbbf5a08d8be,2015-08,Essex Police,Essex Police,0.247121,51.480112,On or near KENDAL,E01016013,Thurrock 015D,Investigation complete; no suspect identified
d8185f8071cf705cc311057649f2322e6a231bd7d4b63aa3fcefdf2a7463c823,2015-08,Essex Police,Essex Police,0.562064,51.518871,On or near MALVERN AVENUE,E01021501,Castle Point 011D,Investigation complete; no suspect identified
559aa05369303ca55d83da6e77c5f9ad83892de9ce10265ea1e873fb26f9066b,2015-08,Essex Police,Essex Police,0.089532,51.645957,On or near LANGSTON ROAD,E01021776,Epping Forest 011C,Investigation complete; no suspect identified
d2451a61e5278f6b52d883c55093d45dba62ac79b97ac41527cdcab6577e9ebf,2015-08,Essex Police,Essex Police,0.128334,51.763243,On or near POTTER STREET,E01021827,Harlow 005D,Investigation complete; no suspect identified
da1ad32ce5716741951555660292d5d856949e08b5a138b6a087475e1942726d,2015-08,Essex Police,Essex Police,0.749765,51.537688,On or near THURLOW DRIVE,E01015890,Southend-on-Sea 016B,Investigation complete; no suspect identified
0e60f54a056a4f5d4c279c3659d89df43565123fa567616dc24683cfa65ef86f,2015-08,Essex Police,Essex Police,0.448792,51.756552,On or near TROTWOOD CLOSE,E01021600,Chelmsford 003D,Investigation complete; no suspect identified
8e73b35be5cf20dd5bfa4dd7293dc8552aa6b9547553ecf2f3e217b119044fb4,2015-08,Essex Police,Essex Police,0.680641,51.730985,On or near HIGH STREET,E01021890,Maldon 004B,Investigation complete; no suspect identified
673c633c4f0f514a85a56ae151ed03ac50eac0ef20d0024d6d7d3b196dd9e63a,2015-08,Essex Police,Essex Police,0.364648,51.868572,On or near HASLERS LANE,E01022067,Uttlesford 007B,Investigation complete; no suspect identified
f896979b76fd767db84332c6ce33c2278a6c403358d3b98ff25f82caecc4688b,2015-08,Essex Police,Essex Police,0.240162,52.023403,On or near KING STREET,E01022076,Uttlesford 002B,Investigation complete; no suspect identified
4628b758ed7fd80bdc991909b6f1cfa235729ae595d52c6952197b4cce74ddc6,2015-08,Essex Police,Essex Police,0.465038,51.552005,On or near A176,E01021299,Basildon 020E,Investigation complete; no suspect identified
a413682a8d787c2984d99f358ec79bb4be2296bcb022efb5ec668411d1f40b76,2015-08,Essex Police,Essex Police,0.630540,51.793479,On or near SHORTRIDGE COURT,E01033462,Braintree 017H,Investigation complete; no suspect identified
bd549e7c929ec414bb529fb89b8db3dc0b8fc9d9f650642fdf7f76b3efdc6eb1,2015-08,Essex Police,Essex Police,0.389724,51.674106,On or near Sports/Recreation Area,E01021458,Brentwood 002B,Investigation complete; no suspect identified
8f0c7534eca95b9343ccb43608e897021c2a51add1c1f2cf0c5f7081c35863eb,2015-08,Essex Police,Essex Police,0.646517,51.792392,On or near CARRAWAYS,E01021424,Braintree 018E,Investigation complete; no suspect identified
8646386b110800d53f252bdf3ea6024373aa32105973a1be79eafc6487a53baf,2015-08,Essex Police,Essex Police,0.896354,51.904181,On or near BRADFORD DRIVE,E01021679,Colchester 004A,Investigation complete; no suspect identified
4e061cb3bf1f3b904546536654f94c4f53dcecde22ce3820cee2b44868c61ec5,2015-08,Essex Police,Essex Police,0.665099,51.553043,On or near SUFFOLK AVENUE,E01015820,Southend-on-Sea 005A,Investigation complete; no suspect identified
19f7394d9787d15ac82b90d77b64990540b1cd9a2e38208d0df43f3ea1e5487d,2015-08,Essex Police,Essex Police,0.355916,51.657280,On or near Sports/Recreation Area,E01021460,Brentwood 002D,Investigation complete; no suspect identified
3d3a71092c2a3822b711ab1a68fd3e9ddad11c418142612df95779e0d05edfcc,2015-08,Essex Police,Essex Police,0.516032,51.579431,On or near GREAT RANTON,E01021301,Basildon 011A,Investigation complete; no suspect identified
865cd9cc292f5660f3eddd3f36cdf4d70400479455cd442d32e4bfd9e74f00af,2015-08,Essex Police,Essex Police,0.404417,51.631998,On or near WARRINGTON SQUARE,E01021246,Basildon 002B,Investigation complete; no suspect identified
eca278c57af43163cd8a9b4405b9c7e7112c46a0c989a8fea2da4c2ab2b40087,2015-08,Essex Police,Essex Police,0.611262,51.621804,On or near MALYONS LANE,E01021943,Rochford 001B,Investigation complete; no suspect identified
b6388eb62ce4d86247b34f52b78aa106bbac9722eae3149bc0c04f964d10b32f,2015-08,Essex Police,Essex Police,0.450268,51.747429,On or near CANBERRA CLOSE,E01021596,Chelmsford 006E,Investigation complete; no suspect identified
f1970cd91b149d24e4b3c4b7ecbcaa51e0be66865c8400e1f0d9a32dec36aa63,2015-08,Essex Police,Essex Police,0.947461,51.856882,On or near Supermarket,E01021657,Colchester 016A,Investigation complete; no suspect identified
628622545844b15ceca9ab8d7478ea1a98c4789f25341ec071ccdba5f0b6ad8a,2015-08,Essex Police,Essex Police,0.518117,51.620000,On or near Conference/Exhibition Centre,E01021338,Basildon 005C,Investigation complete; no suspect identified
095c71063c7317cd40ad32e1a6057b3f3ac38e2878a68f10a3430cb7fd78f174,2015-08,Essex Police,Essex Police,1.260356,51.940955,On or near Petrol Station,E01022007,Tendring 002D,Investigation complete; no suspect identified
048bb6095b85c9b758795386b3326820b1565c0cb35b2795db89f354b4928b61,2015-08,Essex Police,Essex Police,0.475214,51.731744,On or near Shopping Area,E01033140,Chelmsford 010F,Investigation complete; no suspect identified
6f955fa184751872e510df34519990fd0cadd24408de1060f983bc6bfc278aa5,2015-08,Essex Police,Essex Police,0.243915,51.698737,On or near COOPERS HILL,E01021754,Epping Forest 004B,Investigation complete; no suspect identified
0bb87d2e5df2aea996e1181a8883ca4560be2ea9bbbb72673db9c131ec1f65fc,2015-08,Essex Police,Essex Police,0.278591,51.475503,On or near ESSEX ROAD,E01016012,Thurrock 015C,Investigation complete; no suspect identified
7852f03012bb2552a6ad741138309834708c35a082259a7d10406166e1f9d877,2015-08,Essex Police,Essex Police,0.343882,51.469539,On or near THURROCK PARK WAY,E01016003,Thurrock 018A,Investigation complete; no suspect identified
42d1e750aed0b3c5e118c401f3c77b4e08ff2cceb2fd4a4ffd55e8a20a79f9bc,2015-08,Essex Police,Essex Police,1.150947,51.786764,On or near EDITH ROAD,E01022025,Tendring 016B,Investigation complete; no suspect identified
f114c59a1b7ff5b65615c1107b37dfb324db4848d5ac7f298103ec2136de2273,2015-08,Essex Police,Essex Police,0.461228,51.569334,On or near Pedestrian Subway,E01021318,Basildon 015C,Investigation complete; no suspect identified
7acebf98862ab24859874f7af614c72719c7ec73e506e85f68c4ca36af17c1d4,2015-08,Essex Police,Essex Police,0.138018,51.757797,On or near POTTERS FIELD,E01021834,Harlow 008B,Investigation complete; no suspect identified
3552ca69286a60b34637ab1e6c9a46eab8f21c206da7e9ce8cdce23894b6675a,2015-08,Essex Police,Essex Police,0.108431,51.784581,On or near Shopping Area,E01021845,Harlow 002B,Investigation complete; no suspect identified
b54d03ef1ec084a348499ec48e87b2dfa3d200759bd5d823358702c35f7a1011,2015-08,Essex Police,Essex Police,0.495740,51.562363,On or near CHESTNUT COURT,E01021310,Basildon 022B,Investigation complete; no suspect identified
e6a7ef73155ec5c2672522748fe738aad41a985ce3c38cb2302c4fdfee8b426f,2015-08,Essex Police,Essex Police,0.477646,51.571371,On or near BROWNLOW CROSS,E01021320,Basildon 015D,Investigation complete; no suspect identified
f892716f60894f8a522f5022365470518ef343c3cb0a879d3de715db8ed1166b,2015-08,Essex Police,Essex Police,0.461459,51.569868,On or near Shopping Area,E01021318,Basildon 015C,Investigation complete; no suspect identified
5de447fd81b54a03c32cc8bd86fbdde5cd786d9459f9e7845a06fbaa78a03fe4,2015-08,Essex Police,Essex Police,0.290955,51.490892,On or near HOWARD ROAD,E01015982,Thurrock 019A,Investigation complete; no suspect identified
43da6e0161c9b4a244397be0898468aab02b85e345d230193f75c55ce91a27cd,2015-08,Essex Police,Essex Police,0.474870,51.757777,On or near SAXON WAY,E01021543,Chelmsford 002B,Investigation complete; no suspect identified
c9f502988474fed6ff7ed0e8fbec5021c23388b844116435f429e96142a435d4,2015-08,Essex Police,Essex Police,0.302176,51.475995,On or near GUMLEY ROAD,E01016015,Thurrock 015F,Investigation complete; no suspect identified
1df726134414d0d9f91b3728acc63e22db93cd6e94594b4121be13565ed976a0,2015-08,Essex Police,Essex Police,0.715963,51.544987,On or near GREYHOUND WAY,E01015898,Southend-on-Sea 010D,Investigation complete; no suspect identified
01c46661a69867cbbd77e1944e53e65c09253afe11aec654c19e464d4d59c206,2015-08,Essex Police,Essex Police,0.302176,51.475995,On or near GUMLEY ROAD,E01016015,Thurrock 015F,Investigation complete; no suspect identified
ef3483b06cd5a499273d5c71706307ff48f5096532b88e7d11b32727a9eeb76d,2015-08,Essex Police,Essex Police,0.797168,51.533185,On or near SOUTHCHURCH AVENUE,E01015877,Southend-on-Sea 013B,Investigation complete; no suspect identified
ad2b62002c3120681451f2476c04bea2a79108ac235a708100f6cae6e6f8e6af,2015-08,Essex Police,Essex Police,0.935180,51.893775,On or near SPRUCE AVENUE,E01021697,Colchester 008B,Investigation complete; no suspect identified
16aa70b31c7b7593a8641b7c2315fca738cc89d95ec0e9ce0850ebc0adc84761,2015-08,Essex Police,Essex Police,0.671353,51.724290,On or near WASHINGTON ROAD,E01021898,Maldon 005F,Investigation complete; no suspect identified
c2246b0e3f1a1252293c232d85455f3380c7709660aac026f7fe820a3f11da69,2015-08,Essex Police,Essex Police,0.290552,51.522214,On or near Parking Area,E01015973,Thurrock 006D,Investigation complete; no suspect identified
beef37523bdcbaea328604f9b5dd0705314c64405a386c8ea9229967f76db5ca,2015-08,Essex Police,Essex Police,0.302176,51.475995,On or near GUMLEY ROAD,E01016015,Thurrock 015F,Investigation complete; no suspect identified
a2406bc0da846a80c22b3d01f31cd09db94a3407ec62bd5820c1f6b5d7cb735c,2015-08,Essex Police,Essex Police,0.449369,51.730811,On or near FOREST DRIVE,E01021631,Chelmsford 009E,Investigation complete; no suspect identified
1e9e5baa61c066e16964c16da11bf277f7c3f97e2f383290da1be08daf849fab,2015-08,Essex Police,Essex Police,0.710838,51.536436,On or near NELSON MEWS,E01015852,Southend-on-Sea 015B,Investigation complete; no suspect identified
ecf7e773058372c320ef9201ed9f7b9a05ccbf6cf8b16504a6dcb84fdb7461f5,2015-08,Essex Police,Essex Police,0.105609,51.761044,On or near TAWNEYS ROAD,E01021870,Harlow 006E,Investigation complete; no suspect identified
fc3fd65d72887223a34c95c458d883bd18697b730a8fd7da22e978bdf05178c4,2015-08,Essex Police,Essex Police,0.448800,51.566599,On or near WETHERLAND,E01021298,Basildon 017D,Investigation complete; no suspect identified
b363df9282e451647706320f469e16512b99b05f29faf38789290e4c248ad816,2015-08,Essex Police,Essex Police,1.151360,51.814311,On or near Highfield Holiday Park,E01022039,Tendring 010B,Investigation complete; no suspect identified
6b8c5a313ecd6fdcb36bf76f3fdf04b0f1a35358ee6d7b6b55ff050349509faa,2015-08,Essex Police,Essex Police,0.727502,51.535339,On or near WOODGRANGE DRIVE,E01015840,Southend-on-Sea 014B,Investigation complete; no suspect identified
9a657c27d6460f2bc14978f03f70646b0b38b2ed9cec3f569d97a883a34678bc,2015-08,Essex Police,Essex Police,0.695940,51.836586,On or near GLEBE ROAD,E01021401,Braintree 014D,Investigation complete; no suspect identified
b32046c00d50b95fd1f0f1fdcd68b3794ae508aa783bf81064b045d70a47666e,2015-08,Essex Police,Essex Police,0.740798,51.543744,On or near SACKVILLE ROAD,E01015884,Southend-on-Sea 009B,Investigation complete; no suspect identified
2c106d34635820910eaf52c1dd05b557c47edfa8597efaab271051cdb664b478,2015-08,Essex Police,Essex Police,0.905583,51.879797,On or near Supermarket,E01021684,Colchester 011B,Investigation complete; no suspect identified
4617a70883afd14fd40a42c27d755d81c2c9e2bc4b445999e643b78b01c34c38,2015-08,Essex Police,Essex Police,0.691968,51.772177,On or near MILLWAYS,E01021883,Maldon 002B,Investigation complete; no suspect identified
4cf3f9eaa87e7d8d729265eccc2dc7ca27a7f267b3f9418f3575df7fe9d2d9cd,2015-08,Essex Police,Essex Police,0.106918,51.612841,On or near BROCKET WAY,E01003724,Redbridge 003B,Investigation complete; no suspect identified
75481167e3c0de49f1c27f3fdf96c40b02ce27652abde59ec4ed2592d0ae77fc,2015-08,Essex Police,Essex Police,0.506941,51.572925,On or near WINIFRED ROAD,E01021304,Basildon 013C,Investigation complete; no suspect identified
1a3dcd0153c96e2c019fc073904a3e62293cd46a94bc70c3b7a4795e5191a811,2015-08,Essex Police,Essex Police,0.710454,51.540888,On or near QUEENSWAY,E01015895,Southend-on-Sea 010A,Investigation complete; no suspect identified
f95081889eb00cfd2a72f482f6ba66deae058feb3fadceec1f483767a6024bab,2015-08,Essex Police,Essex Police,0.592084,51.520253,On or near Parking Area,E01021498,Castle Point 011B,Investigation complete; no suspect identified
c89ebd5a967b27073537aa214bea7d8b2457c0032b431d1a77229d27f26a1469,2015-08,Essex Police,Essex Police,0.398899,51.585751,On or near SOUTHFIELD CHASE,E01021261,Basildon 010A,Investigation complete; no suspect identified
54b527c097ecf3774b89e4a635de187493886c6fea05cc2cf07cdc38e85141f3,2015-08,Essex Police,Essex Police,0.621880,51.641308,On or near ANSON CLOSE,E01021610,Chelmsford 020F,Investigation complete; no suspect identified
2c041cb17614ce85b096a15001d8f564483fb44886909d31e80d47d39b179df6,2015-08,Essex Police,Essex Police,1.268668,51.845717,On or near SOUTHCLIFF,E01022056,Tendring 006E,Investigation complete; no suspect identified
287e85d0455bb0710ce71604fd004a65b00df55c2caa7480382675a8671937b6,2015-08,Essex Police,Essex Police,0.474190,51.732359,On or near Shopping Area,E01033140,Chelmsford 010F,Investigation complete; no suspect identified
6c4961c84345244b38a5e98f3d63f57934ac4b6fdfbd03b10dcd46339863f9ce,2015-08,Essex Police,Essex Police,0.565689,51.520779,On or near VILLAGE DRIVE,E01021486,Castle Point 010B,Investigation complete; no suspect identified
d6d3f2b8a3a1d66bdcffa1e1a94fac92d19f512b027a73ce82efc1f167740a94,2015-08,Essex Police,Essex Police,0.280632,51.509754,On or near Parking Area,E01015972,Thurrock 006C,Investigation complete; no suspect identified
1758202f4d1d8b99f3c2e046bdc156527d9d97e00931c632a8caef158e6c5b35,2015-08,Essex Police,Essex Police,1.153778,51.789099,On or near Supermarket,E01022025,Tendring 016B,Investigation complete; no suspect identified
670e05b235c22dbaf9ac9966887dcb96d7bde21b0f4cf69c045f830f1a427bdf,2015-08,Essex Police,Essex Police,0.459410,51.568814,On or near SOUTHERNHAY,E01021318,Basildon 015C,Investigation complete; no suspect identified
36934e6729b1f3c7908e59f351b3b70aa2cc0e6676a3d7dade24456252b3f6f0,2015-08,Essex Police,Essex Police,0.603468,51.527258,On or near NEWLANDS ROAD,E01021495,Castle Point 009C,Investigation complete; no suspect identified
fbcc6cf3c8c9554eb8880c6644914546f460901119690bc0a961a0f8c484d44f,2015-08,Essex Police,Essex Police,0.495024,51.582227,On or near GRIMSTON ROAD,E01021269,Basildon 012C,Investigation complete; no suspect identified
c72bec7f9963c0747dcff193630d6cd5fa1e43646f4cb6db644b1f20432bf5bd,2015-08,Essex Police,Essex Police,0.430585,51.572482,On or near SEYMOUR CLOSE,E01021289,Basildon 016C,Investigation complete; no suspect identified
b7f68551003167332620511bbda5699cc763b30bd624f7b88dddb11b2dd5b9bb,2015-08,Essex Police,Essex Police,1.134533,51.794749,On or near LAKE AVENUE,E01021969,Tendring 017B,Investigation complete; no suspect identified
24633f0cf5ceed8e503fea20997e92ef0d79a4b63e13c238afa438a29c4f5af1,2015-08,Essex Police,Essex Police,0.398899,51.585751,On or near SOUTHFIELD CHASE,E01021261,Basildon 010A,Investigation complete; no suspect identified
0ea3a6506ef0978f97af4590564808c65d4eb3410cdfa78a6ba8bc6dc914712b,2015-08,Essex Police,Essex Police,0.505375,51.578040,On or near MALYONS PLACE,E01021302,Basildon 013B,Investigation complete; no suspect identified
5cf05c17c12db4f48c0beafd711d10b3cc67deb11c1aadf703e66e8e111220a6,2015-08,Essex Police,Essex Police,0.204753,52.006743,On or near NATS LANE,E01022071,Uttlesford 003B,Investigation complete; no suspect identified
9a0263ae4def7b502ab053de5c3ce1e8910a3708eae69a842e9b4b3588cffdfb,2015-08,Essex Police,Essex Police,1.268668,51.845717,On or near SOUTHCLIFF,E01022056,Tendring 006E,Investigation complete; no suspect identified
f358f1d12e7eeb994a7666280470366e421e9c87bfabd702d5a3aec5f694afdd,2015-08,Essex Police,Essex Police,0.244241,52.018712,On or near CORN MILL COURT,E01022075,Uttlesford 001B,Investigation complete; no suspect identified
846079e33a499639a3b2cefc0413063b7a1ae0134ce1e266db6b295985b7ec48,2015-08,Essex Police,Essex Police,0.476449,51.554669,On or near HOLLANDS WALK,E01021300,Basildon 022A,Investigation complete; no suspect identified
edda9a0c5368d7b57a4706fa2883c3071621457c55d91079049473eb1217e4d9,2015-08,Essex Police,Essex Police,0.705645,51.925972,On or near CHURCH HILL,E01021408,Braintree 006C,Investigation complete; no suspect identified
fdde0720e552588c4d500c530f4b647ec7105ad4811ad9bb1b6ef4367f0b0b86,2015-08,Essex Police,Essex Police,0.902885,51.887993,On or near SHORT WYRE STREET,E01021649,Colchester 007D,Investigation complete; no suspect identified
eb69bbec0f47adc51476009cc951763e4e04d7bd10f6f2ddeef124a0e464303b,2015-08,Essex Police,Essex Police,0.678530,51.543969,On or near Parking Area,E01015832,Southend-on-Sea 012F,Investigation complete; no suspect identified
95528eb5da9ede5e2abf4a1ade73e9b308beccf2d52d900d2c30ad88668a6fb1,2015-08,Essex Police,Essex Police,0.429073,51.511071,On or near CABBORNS CRESCENT,E01015992,Thurrock 005C,Investigation complete; no suspect identified
33c197e929821775aaf1df6b2de8bc50624ac6b100c629cd29957c0d959a4993,2015-08,Essex Police,Essex Police,1.146064,51.799109,On or near MELBOURNE ROAD,E01022022,Tendring 013D,Investigation complete; no suspect identified
a945b7c001fe45b71c2765be4d0267bc83a17729f9e1e1abf9aa1611f715d872,2015-08,Essex Police,Essex Police,0.072211,51.747529,On or near TAYLIFERS,E01021866,Harlow 011D,Investigation complete; no suspect identified
ab64a8fc92302c29c74c585635860df4b3fb2f565ad2fce7bec7b4975f20fecd,2015-08,Essex Police,Essex Police,0.459064,51.792507,On or near RAY MEAD,E01021540,Chelmsford 001C,Investigation complete; no suspect identified
0654049ef7fd6a80bc3a0c82e90ee423c496005dcea37f0da56befa63c3efedc,2015-08,Essex Police,Essex Police,1.268668,51.845717,On or near SOUTHCLIFF,E01022056,Tendring 006E,Investigation complete; no suspect identified
cea71e5523aed8490b057a0c364ca013167df85033b4ad15b36b2a0517804f3c,2015-08,Essex Police,Essex Police,0.546282,51.611352,On or near ALICIA WAY,E01021335,Basildon 007A,Investigation complete; no suspect identified
62e0aa748cd7884aa7ea533722edd5e784ffce5a0ddfb0bf8406e0766024e9be,2015-08,Essex Police,Essex Police,0.279085,51.505620,On or near FAIRHAM AVENUE,E01015929,Thurrock 007C,Investigation complete; no suspect identified
8c6b000aa60cee3718c6ee3ba703019b681fcc3bbd08b9fe773d2e3f61c78a4a,2015-08,Essex Police,Essex Police,0.717425,51.540717,On or near Pedestrian Subway,E01015895,Southend-on-Sea 010A,Investigation complete; no suspect identified
6e8120bfc1da4b4227ebeb7d06c3e0c593e49ac13a9157b1c6b96fd6f9529904,2015-08,Essex Police,Essex Police,0.301804,51.622040,On or near William Hunter Way,E01021433,Brentwood 007A,Investigation complete; no suspect identified
9fa44ba50ce204a287d2a59ede29cae49a59a327a3b058d8688c2b15c7ec0bac,2015-08,Essex Police,Essex Police,0.886007,51.883858,On or near HONYWOOD ROAD,E01021652,Colchester 013B,Investigation complete; no suspect identified
f18a26313282e7d80ac03a5e14f14e448c8dd48caa5b0a297834002cc91a657e,2015-08,Essex Police,Essex Police,0.398899,51.585751,On or near SOUTHFIELD CHASE,E01021261,Basildon 010A,Investigation complete; no suspect identified
e2c9e71e844b6b5c41bc3cf84ca5588d8ae4493111cbe91de895418c88975fbb,2015-08,Essex Police,Essex Police,0.072211,51.747529,On or near TAYLIFERS,E01021866,Harlow 011D,Investigation complete; no suspect identified
4498b299ae32193cb27d0e92fd866bfa0d85577587df4372bc4a72dfb9cee561,2015-08,Essex Police,Essex Police,0.356142,51.635720,On or near OAKBANK,E01021450,Brentwood 003C,Investigation complete; no suspect identified
9666bf74fed19a66b4e7a5302049d85b0304ff247ab32072f36d0d88883bbfdd,2015-08,Essex Police,Essex Police,0.895674,51.887964,On or near CHURCH WALK,E01021649,Colchester 007D,Investigation complete; no suspect identified
dd38f70b5a7fc833a190bdcbde2d30db990c50fffe2bf6baabbbaff93126d6fc,2015-08,Essex Police,Essex Police,1.176086,51.803761,On or near Sports/Recreation Area,E01022050,Tendring 014E,Investigation complete; no suspect identified
ef0980b1d2a746dec8ebcd5418c1b41e8a30bc25fb17235044213204a49cf48e,2015-08,Essex Police,Essex Police,0.289850,51.475724,On or near Parking Area,E01016011,Thurrock 015B,Investigation complete; no suspect identified
4d4c090de11490648b4418f453f3febb0f22a4f50cb8065076263af01717888a,2015-08,Essex Police,Essex Police,0.279035,51.664418,On or near BLACKMORE ROAD,E01021441,Brentwood 001A,Investigation complete; no suspect identified
e70aa09f1aec1a30dceb321a31703a9a11f794ed6e0f5e61f37734b147bd935a,2015-08,Essex Police,Essex Police,0.286977,51.644651,On or near DAYS LANE,E01021463,Brentwood 006C,Investigation complete; no suspect identified
e6e9e752b7b5487c6bd79e51ba2eb767d469e7bb60fc3358300e70a50d130dc1,2015-08,Essex Police,Essex Police,0.293667,51.666085,On or near CHURCH LANE,E01021441,Brentwood 001A,Investigation complete; no suspect identified
c41d6e219ec71b9eec5c67a7696e996d844fce8b57b0a7176887b73d3aa9c4ae,2015-08,Essex Police,Essex Police,0.457729,51.792499,On or near WOLMERS HEY,E01021540,Chelmsford 001C,Investigation complete; no suspect identified
2b77335070ace99ca687b8db5afcb1f39bfcdc0c902c1dd5856ade8fd900c4d1,2015-08,Essex Police,Essex Police,0.295171,51.579912,On or near CODHAM HALL LANE,E01021473,Brentwood 008D,Investigation complete; no suspect identified
ed4af4857d3a65ffdd3fee50392930f2ba3355504a7b8b6fb305c3b517aec1f8,2015-08,Essex Police,Essex Police,0.295499,51.489580,On or near GRIFON ROAD,E01015982,Thurrock 019A,Investigation complete; no suspect identified
50d819feae5c525c878105ec33c40a769e4148c7f3acbb32c698eb31c91af581,2015-08,Essex Police,Essex Police,0.477419,51.580729,On or near GREAT SPENDERS,E01021272,Basildon 012E,Investigation complete; no suspect identified
2e07c5300ee183f5b692b59ab0acb5fab19f2aa9cceed347000270a54e34018b,2015-08,Essex Police,Essex Police,0.460730,51.569200,On or near Parking Area,E01021318,Basildon 015C,Investigation complete; no suspect identified
ab6390e0f2871b1c6f747e9de7f11f888afb439352ad02305c3b090e1a536d5a,2015-08,Essex Police,Essex Police,0.637913,51.801767,On or near NICHOLAS COURT,E01021416,Braintree 017B,Investigation complete; no suspect identified
9c021b40d3395962035f37d7d59708358e4bf3ed7f3460e5f370ea2095720b93,2015-08,Essex Police,Essex Police,0.783461,51.530714,On or near GROVE WALK,E01015917,Southend-on-Sea 017D,Investigation complete; no suspect identified
58192230df165c6dffc0f9bd503b60b35ab52de01f694c04f7423dfe68a86a13,2015-08,Essex Police,Essex Police,0.496755,51.715280,On or near ST MARY'S CLOSE,E01021566,Chelmsford 014D,Investigation complete; no suspect identified
2e9c8a9b09c3f73f03fc9c1a7adb943e2f467abcd80f4ce4979eb5dbbc9b690d,2015-08,Essex Police,Essex Police,0.071614,51.749679,On or near BROADLEY ROAD,E01021865,Harlow 009E,Investigation complete; no suspect identified
093696294986796262b49281e26962caab1231967f3abf7178722e11d3e608fb,2015-08,Essex Police,Essex Police,0.226532,51.959690,On or near HOLLOW ROAD,E01022072,Uttlesford 003C,Investigation complete; no suspect identified
3c1c936643594e11cb587a564c58deef91accd53ded044c977a6c51c70b18210,2015-08,Essex Police,Essex Police,0.874179,51.865198,On or near RANGOON CLOSE,E01021714,Colchester 015D,Investigation complete; no suspect identified
d03db05a5d3e7cb401fd02c121ce492eabd2e99a2494b05380deedb9ef305088,2015-08,Essex Police,Essex Police,1.132137,51.793662,On or near ASH CLOSE,E01022032,Tendring 015E,Investigation complete; no suspect identified
f4095c96c9cf743d3e93518b5e447bf2e5ccc70a335886daad21c406199dfcff,2015-08,Essex Police,Essex Police,0.460282,51.718145,On or near WOOD STREET,E01021556,Chelmsford 012A,Investigation complete; no suspect identified
c9051ed6049ea9365cb69a03da79e579cd9de70b08ab07dede7b854fd38cbb0d,2015-08,Essex Police,Essex Police,0.702480,51.738975,On or near RAMSEY CLOSE,E01021886,Maldon 003C,Investigation complete; no suspect identified
c1020ba5a2e6715baa77c5329ba8dadaa314269c9aa4041b1d861c1887ab1bd0,2015-08,Essex Police,Essex Police,0.343201,51.953909,On or near STONY LANE,E01022092,Uttlesford 004A,Investigation complete; no suspect identified
e5911d736df37b091bfb6d5e37001d68431ef8a8129d34bf45ef01fd9b387fee,2015-08,Essex Police,Essex Police,0.646517,51.792392,On or near CARRAWAYS,E01021424,Braintree 018E,Investigation complete; no suspect identified
7d94d313b23938f51edde7e2a6bbb2c73bd85e706fca40f474d9319b12a62ff0,2015-08,Essex Police,Essex Police,0.724546,51.555868,On or near Supermarket,E01015871,Southend-on-Sea 006C,Investigation complete; no suspect identified
47d3316c60a1d3a4657397c282dc3799e6df30f9a91c07b43564a0cf6b6ad825,2015-08,Essex Police,Essex Police,0.264850,51.609036,On or near Petrol Station,E01021468,Brentwood 006D,Investigation complete; no suspect identified
16d2f78514c00ccf18b5e6e9bf18f00ebac08fb1cfbd583f0ab34de0688abdbf,2015-08,Essex Police,Essex Police,0.713962,51.534151,On or near Nightclub,E01015852,Southend-on-Sea 015B,Investigation complete; no suspect identified
78f0a0b140d147e00dcecbc8a27d1549f9ddf7c95e648ed4b3bd6acb8c944c06,2015-08,Essex Police,Essex Police,0.617864,51.649887,On or near Pedestrian Subway,E01021613,Chelmsford 019C,Investigation complete; no suspect identified
ed2df3e9dce2b7c0a44d26de6ffaff8e4abb1c895d3a7e456b073b28d86949cd,2015-08,Essex Police,Essex Police,0.905184,51.896589,On or near Theatre/Concert Hall,E01021647,Colchester 007B,Investigation complete; no suspect identified
805f5ef25118d3ba2775f9de1297a61bd08b8f9ffbc977bd733ec6a826d6f45c,2015-08,Essex Police,Essex Police,0.464723,51.570987,On or near Pedestrian Subway,E01021318,Basildon 015C,Investigation complete; no suspect identified
a35fbbe2667b7e6b20a17fa7103794ae1bfb544b52207645d4a4760bc4bc03f7,2015-08,Essex Police,Essex Police,0.024939,51.684318,On or near PEREGRIN ROAD,E01021810,Epping Forest 008D,Investigation complete; no suspect identified
17902ef7a7d7026edcc8d9d770f0b6466d0f20668cc63933111315d1bda2f9cb,2015-08,Essex Police,Essex Police,0.357310,51.461302,On or near DOCK ROAD,E01016003,Thurrock 018A,Investigation complete; no suspect identified
818634ccae85f1d30b87d688186209f708da225f8560cf47914abf1ce508bd13,2015-08,Essex Police,Essex Police,0.714143,51.536234,On or near Shopping Area,E01015852,Southend-on-Sea 015B,Investigation complete; no suspect identified
0b531f4334bf0e78b151beb065b0e599d99e9176c0db841241178bab515b6994,2015-08,Essex Police,Essex Police,0.470942,51.566180,On or near MISTLEY END,E01021295,Basildon 020B,Investigation complete; no suspect identified
3e642c438dda79a7d345f17ad5bd2964128f9e8f587960e882cc9d604947efa2,2015-08,Essex Police,Essex Police,1.255218,51.848690,On or near BENNETT CLOSE,E01022012,Tendring 008H,Investigation complete; no suspect identified
cb00c1919a5cc139c8be3e737010553fbc7e0328b8850151e0a3e436b6b59b8e,2015-08,Essex Police,Essex Police,0.085796,51.647057,On or near TORRINGTON DRIVE,E01021776,Epping Forest 011C,Investigation complete; no suspect identified
01da6e0b6081617476a5ea5905740bb8f0e24db7522f3ebb676fcbc7b60523b9,2015-08,Essex Police,Essex Police,0.779102,51.533714,On or near ARMAGH ROAD,E01015917,Southend-on-Sea 017D,Investigation complete; no suspect identified
f5efd230f63d397aba9e7aee7925ef693c98b27e4ece589f91faa8a6b290bd72,2015-08,Essex Police,Essex Police,0.717040,51.532569,On or near Theme/Adventure Park,E01015851,Southend-on-Sea 015A,Investigation complete; no suspect identified
8276dc109fc178838684acc119a20af86433401302ddcb9685d0f9994e805c5c,2015-08,Essex Police,Essex Police,0.551504,51.553780,On or near BENFLEET PARK ROAD,E01021524,Castle Point 007E,Investigation complete; no suspect identified
8eeae7e72a226924ab0c1abb733eb0161543fa399fbba7db7b1dd794be3ab1fb,2015-08,Essex Police,Essex Police,0.845090,51.879603,On or near WODEN AVENUE,E01021721,Colchester 012D,Investigation complete; no suspect identified
f7873bfaa3ee78c16515952693fe8e4cbe9c645523a67f09bf587111b5511b36,2015-08,Essex Police,Essex Police,0.110871,51.756112,On or near PRIMROSE FIELD,E01021822,Harlow 006C,Investigation complete; no suspect identified
d90da6d3d9483936c29c9cc4a31db5e87d3ee4cf5f7759f8d6be61eb01dd9562,2015-08,Essex Police,Essex Police,0.247780,51.867914,On or near WESTWOOD MEWS,E01022090,Uttlesford 006B,Investigation complete; no suspect identified
04f79d7d0516599c844bbd46230c44fce0ea391b9268cbb35924c378ff2149d7,2015-08,Essex Police,Essex Police,0.592732,51.591008,On or near FALCON CLOSE,E01021926,Rochford 006B,Investigation complete; no suspect identified
977497b5307515aed3028f1df2ad265b71a6697bed2f701c3571d2b0db4a8e1d,2015-08,Essex Police,Essex Police,0.399684,51.567767,On or near Supermarket,E01021284,Basildon 021E,Investigation complete; no suspect identified
4b3d6f2e2d8cdcd5445d11b0c26b46703ea734ec684f0f2e102e46c5df424477,2015-08,Essex Police,Essex Police,0.024939,51.684318,On or near PEREGRIN ROAD,E01021810,Epping Forest 008D,Investigation complete; no suspect identified
e5f8ae442090346a5c07b30cb866b9890f488776f002e7ce1c91a726cb156ef5,2015-08,Essex Police,Essex Police,0.072179,51.640069,On or near HIGHWOOD LANE,E01021771,Epping Forest 013A,Investigation complete; no suspect identified
5da1bcc17a3ac4e6068d243fa74417c6e44226c2f28ed8e8d8a5631cfa52bb64,2015-08,Essex Police,Essex Police,0.114149,51.760513,On or near TILLWICKS ROAD,E01021823,Harlow 006D,Investigation complete; no suspect identified
7012c4d926e88fdae997a6458eb4d784efaf88d9ec6c362c6a5c00ac6ca10cb3,2015-08,Essex Police,Essex Police,0.272602,51.506528,On or near GATEHOPE DRIVE,E01015928,Thurrock 007B,Investigation complete; no suspect identified
e389049a002fa2c38e12293671a5e87673e5be287d5ac3631caa257f9d0df515,2015-08,Essex Police,Essex Police,0.078545,51.767794,On or near CANONS BROOK,E01021841,Harlow 004C,Investigation complete; no suspect identified
b6b50e824b5f80acec61e8d14c367b0f5371875164607b0d087230105f6b3851,2015-08,Essex Police,Essex Police,0.082125,51.646763,On or near Petrol Station,E01021776,Epping Forest 011C,Investigation complete; no suspect identified
91c8f8a4f6bd0f73d3104accc49bd0dc2e3edfc604c71efc6764f0194a2f2d0f,2015-08,Essex Police,Essex Police,0.245310,51.713485,On or near Petrol Station,E01021802,Epping Forest 004D,Investigation complete; no suspect identified
f54cfd3d4f76744d331b8d141abaec4a0b862df53d906b68989e6a0a345bb39f,2015-08,Essex Police,Essex Police,0.636218,51.896701,On or near NUNTY'S LANE,E01021361,Braintree 012B,Investigation complete; no suspect identified
4613b582142b963a4ec7eac31ac515afa2db4404e8bb2625f15798a03761f9b6,2015-08,Essex Police,Essex Police,0.887444,51.865233,On or near SELBY CLOSE,E01033723,Colchester 015G,Investigation complete; no suspect identified
ab783c0c3dffcd55716e6f866fd32fbf63747cacc464acadd7d4ea885ec756b1,2015-08,Essex Police,Essex Police,0.897988,51.883492,On or near Sports/Recreation Area,E01021651,Colchester 013A,Investigation complete; no suspect identified
0d33fd7a03ffef56d005935c32647959001dc1cbfa8532fc313dd21456339706,2015-08,Essex Police,Essex Police,0.280395,51.508472,On or near DARENTH LANE,E01015972,Thurrock 006C,Investigation complete; no suspect identified
cf1e5ecf68c7f15bc70f4e9fc5e2cfbc9bf6a1eba68d4c45c0f23ebed1d06fbc,2015-08,Essex Police,Essex Police,0.474549,51.783971,On or near CHELMER AVENUE,E01021541,Chelmsford 001D,Investigation complete; no suspect identified
e42ddd2e1ca072af36b0b789a7c48d6560336d8695b350604a58b05d26391af6,2015-08,Essex Police,Essex Police,0.359888,51.461043,On or near BERMUDA ROAD,E01016003,Thurrock 018A,Investigation complete; no suspect identified
2d1cf740d194c69d6b494794c72f785b3c3cd6bb43d0f5766e13b68a8c763255,2015-08,Essex Police,Essex Police,0.078720,51.643100,On or near OAKWOOD HILL INDUSTRIAL ESTATE,E01021771,Epping Forest 013A,Investigation complete; no suspect identified
3dea5c3913de75c1fe77206c32b072170aa46d772245a6cc6b289298ae5264e0,2015-08,Essex Police,Essex Police,0.461241,51.756049,On or near LONGLEAT CLOSE,E01021590,Chelmsford 002D,Investigation complete; no suspect identified
6a6daf628dc6b2ed0f3aec3e31b4ad880bf1d5eacf3418c0f92b84c25781961b,2015-08,Essex Police,Essex Police,0.795986,51.553189,On or near EXHIBITION LANE,E01021924,Rochford 010E,Investigation complete; no suspect identified
4cf51383371714e22e3834aea405fa0e1561ff531e07800a961d24d4d0784158,2015-08,Essex Police,Essex Police,0.430734,51.465378,On or near Parking Area,E01015949,Thurrock 013C,Investigation complete; no suspect identified
3f766400e83337a1026748df9310ada37f6f9995f4e72feea22296cd53960e16,2015-08,Essex Police,Essex Police,0.359888,51.461043,On or near BERMUDA ROAD,E01016003,Thurrock 018A,Investigation complete; no suspect identified
fbde6b2c7640ad31d9c0edf3e09afd34bb158ef88d1117b5a95b628417333085,2015-08,Essex Police,Essex Police,0.272602,51.506528,On or near GATEHOPE DRIVE,E01015928,Thurrock 007B,Investigation complete; no suspect identified
7ff3a6441c3612b7215272485a1dbb900f058904d1fbca3155b1fb20d9335930,2015-08,Essex Police,Essex Police,0.289279,51.506591,On or near BROXBURN DRIVE,E01015931,Thurrock 007E,Investigation complete; no suspect identified
f745417ef248870f4e448a4939f6001a24aabf5102e235b8f689800877d22a0c,2015-08,Essex Police,Essex Police,1.138806,51.782556,On or near HYTHE CLOSE,E01022036,Tendring 017C,Investigation complete; no suspect identified
156724d42b6b42a551b172061fe263ae9c63441f809b6f18cc2111ae7ce69287,2015-08,Essex Police,Essex Police,0.666195,51.542937,On or near NELSON DRIVE,E01015846,Southend-on-Sea 011B,Investigation complete; no suspect identified
4a7c7734b6a1ef6c4984fa0d7119c94f13670411aa7a1506e48850d92bc2ae40,2015-08,Essex Police,Essex Police,0.366623,51.872974,On or near CRAYFIELDS,E01022069,Uttlesford 008D,Investigation complete; no suspect identified
de3e91da135ba8259532d5f973730f9e82657161fc3d13d52e8b198e23474ae7,2015-08,Essex Police,Essex Police,0.675648,51.555312,On or near MERILIES GARDENS,E01015858,Southend-on-Sea 004B,Investigation complete; no suspect identified
c600e47dae31bc5f86f8272968f6c75bd0fcb659ec2f2f73d0af461fc089ef2b,2015-08,Essex Police,Essex Police,0.280395,51.508472,On or near DARENTH LANE,E01015972,Thurrock 006C,Investigation complete; no suspect identified
f928582638a264694622413df79fa8de168abf9aece31e87e6366861279c5d93,2015-08,Essex Police,Essex Police,0.550382,51.879259,On or near Supermarket,E01021365,Braintree 009D,Investigation complete; no suspect identified
e3c7b0b67f033e32521a4e82beb7e78e1bb8691b0842378b65a72b42411b3177,2015-08,Essex Police,Essex Police,0.501995,51.742274,On or near OYSTER PLACE,E01021544,Chelmsford 008A,Investigation complete; no suspect identified
5a4b2be4a1142377cfbee2b5dc518e759668b5340ca8482d3e1f7ed2e2d1e715,2015-08,Essex Police,Essex Police,0.465424,51.774576,On or near Hospital,E01021542,Chelmsford 002A,Investigation complete; no suspect identified
53e0470404584365d4dc546cedd32022f90daa2a044018386f39bcf15306c1a1,2015-08,Essex Police,Essex Police,0.547867,51.889763,On or near BAILEY BRIDGE ROAD,E01021359,Braintree 008D,Investigation complete; no suspect identified
e928bd9c9f2fcc5003e9e8b69de5bf60f5ea6555e8a2cc3c71d602540751f28a,2015-08,Essex Police,Essex Police,0.332562,51.491492,On or near WOODCUTTERS AVENUE,E01015995,Thurrock 009E,Investigation complete; no suspect identified
4a1c8433cb61d63babd6c5499a104335466ebfb3160ffc83d87824803fd037e6,2015-08,Essex Police,Essex Police,0.295277,51.635837,On or near LAVENDER AVENUE,E01021461,Brentwood 004D,Investigation complete; no suspect identified
66232d0dd68c95b21f0ec85906cb04f02376dd4c01ec3203c15c1cefda3efcd2,2015-08,Essex Police,Essex Police,0.505709,51.574139,On or near MALGRAVES,E01021304,Basildon 013C,Investigation complete; no suspect identified
b2813587b0ae6a79767e177ce774b0665b79f2e20147e37b5ed244326b604125,2015-08,Essex Police,Essex Police,0.710117,51.536183,On or near NELSON STREET,E01015853,Southend-on-Sea 015C,Investigation complete; no suspect identified
60b68ac34ebcc4ca37ca88c658720c03984ee0e8ed778460081bcf7ca8a8edd8,2015-08,Essex Police,Essex Police,0.552410,51.879134,On or near Tofts Walk,E01021365,Braintree 009D,Investigation complete; no suspect identified
1617ac999b4f173361d48849629ec6648791938df8d5206f92ffda5acfc64404,2015-08,Essex Police,Essex Police,0.905184,51.896589,On or near Theatre/Concert Hall,E01021647,Colchester 007B,Investigation complete; no suspect identified
1a200bb2ade490f384973284403ecfb613d708c667b9036a2e23ea794c54ae5f,2015-08,Essex Police,Essex Police,0.758480,51.692075,On or near SEA VIEW PARADE,E01021899,Maldon 007D,Investigation complete; no suspect identified
b759fc653195f0dfeadcdb289a579a9b36989a81f2b8a919fa352e74a9d0e15a,2015-08,Essex Police,Essex Police,0.552410,51.879134,On or near Tofts Walk,E01021365,Braintree 009D,Investigation complete; no suspect identified
d436af336c7acb98000fb3be62e07af1dffd55b80f40bddbca607e6793fdbc4b,2015-08,Essex Police,Essex Police,0.081931,51.614753,On or near BROADHURST GARDENS,E01021767,Epping Forest 017D,Investigation complete; no suspect identified
7f34053b1ee1714916757ee9ee46452a8c4182018608c3998f3ebd69e8c17391,2015-08,Essex Police,Essex Police,0.427331,51.571533,On or near MELLOW PURGESS CLOSE,E01021286,Basildon 016A,Investigation complete; no suspect identified
4d562682c22071cebc60a40b2952828d5ddc63740664da485f6476e713bbbc1c,2015-08,Essex Police,Essex Police,0.455711,51.732648,On or near Petrol Station,E01033138,Chelmsford 009F,Investigation complete; no suspect identified
507b7dafe1d71aa657b025af78818b48533dd04857f1d0b77c668c34ac7b7a80,2015-08,Essex Police,Essex Police,0.552316,51.877733,On or near Supermarket,E01033459,Braintree 009F,Investigation complete; no suspect identified
60a6a02da091143e91345b2722742c7fce05c8974b67ff45f4f8f2f75fd9378c,2015-08,Essex Police,Essex Police,0.465038,51.552005,On or near A176,E01021299,Basildon 020E,Investigation complete; no suspect identified
98480150f4c47ce83658cf378ec90a700cfe08c8f4d54e1caa9f88c528f320d9,2015-08,Essex Police,Essex Police,1.255425,51.932151,On or near BLACKTHORN ROAD,E01022006,Tendring 002C,Investigation complete; no suspect identified
ca3452748d36a08f24aa63f0a206a35aca82422b79d8dbfaa7459f1508d0b3d2,2015-08,Essex Police,Essex Police,0.551358,51.868257,On or near LISTER ROAD,E01021371,Braintree 013B,Investigation complete; no suspect identified
913276160ffbe993b8762b581fb6bcab81385682ffac3c1091935a3cc0c6ada8,2015-08,Essex Police,Essex Police,0.681004,51.722694,On or near BURNS CLOSE,E01021895,Maldon 005C,Investigation complete; no suspect identified
936216f48d0edbce8a6ead930eb6c76ac7a5e30b796867c8a1669f55766ce4bb,2015-08,Essex Police,Essex Police,0.440887,51.639995,On or near MARTINGALE ROAD,E01021237,Basildon 001A,Investigation complete; no suspect identified
27b0586b5ea5ed77e0f939071499caa84583b2d9a71ff4afb6b56ca7dedbe187,2015-08,Essex Police,Essex Police,0.553752,51.873080,On or near RIFLE HILL,E01021373,Braintree 011D,Investigation complete; no suspect identified
42def074bc5f27d71de7637a9aabddd41451d88e3f47ed73c613e457fd6c86cf,2015-08,Essex Police,Essex Police,0.246559,52.015233,On or near NORTHFIELD ROAD,E01022082,Uttlesford 002G,Investigation complete; no suspect identified
73eef3afca8d7734adab46117ce01a9cea7a99233e49fbf827e27fd66b72f6da,2015-08,Essex Police,Essex Police,0.781203,51.533403,On or near NESS ROAD,E01015917,Southend-on-Sea 017D,Investigation complete; no suspect identified
4433eb4048d067b0438d698beca42319e03904924bd124ce260c8567cbfe2871,2015-08,Essex Police,Essex Police,1.279473,51.937104,On or near Supermarket,E01022001,Tendring 001D,Investigation complete; no suspect identified
da2f2950b568da49964f24c661e849b74e4433300deb9971af553604df770a30,2015-08,Essex Police,Essex Police,0.456959,51.570727,On or near Shopping Area,E01021318,Basildon 015C,Investigation complete; no suspect identified
f427e55fa6a1c50e18bea8429ab710670e961ee7ed39876aa0ef35ca1b8314ff,2015-08,Essex Police,Essex Police,0.136430,51.758231,On or near ALEXANDER MEWS,E01021834,Harlow 008B,Investigation complete; no suspect identified
431174e39ec649a3be7ea41ce4c9ec3ec61de6c33ca090df65d2dad5def32cd8,2015-08,Essex Police,Essex Police,0.910144,51.883362,On or near GOODEY CLOSE,E01021686,Colchester 011D,Investigation complete; no suspect identified
bdbd2935a023ac8e4fae29aaf76c8f8da7bbfac4aef5c53b794600200e066b95,2015-08,Essex Police,Essex Police,0.348797,51.476905,On or near DOCK APPROACH ROAD,E01015969,Thurrock 014D,Investigation complete; no suspect identified
ef588bad3946d3290b3b3733cadec42dd8e32d623b4c59cdff48cc267feabdb7,2015-08,Essex Police,Essex Police,0.907575,51.864054,On or near STANSTED ROAD,E01021638,Colchester 018B,Investigation complete; no suspect identified
4fa71239418860529829b16000a39272426727a113abfba9764f883b944397d2,2015-08,Essex Police,Essex Police,0.068492,51.752378,On or near WATER LANE,E01021865,Harlow 009E,Investigation complete; no suspect identified
f013704db4404423da59a2dc063cffed0cbee4d593402b1832d80a640644d407,2015-08,Essex Police,Essex Police,0.459544,51.585458,On or near Park/Open Space,E01021268,Basildon 015B,Investigation complete; no suspect identified
954d35c716408aa3d3656507925deafe104cc504c113402ef2af7e667e107da1,2015-08,Essex Police,Essex Police,0.000092,51.682810,On or near CARTERSFIELD ROAD,E01021817,Epping Forest 008E,Investigation complete; no suspect identified
d81333f742b810ce844f082fa4906f24dc497af4747bb5264873a0f6c2d73673,2015-08,Essex Police,Essex Police,0.333631,51.493261,On or near REGENT CLOSE,E01015964,Thurrock 010B,Investigation complete; no suspect identified
c8c3d4f52d705f9828e1e84c54419a834805cb377101037ddd389a1c2d2261bd,2015-08,Essex Police,Essex Police,0.655419,51.545375,On or near ELM ROAD,E01015849,Southend-on-Sea 011E,Investigation complete; no suspect identified
0a15e78d263064765083a3c17859c9d0ff73e10dc16d192b4dc26eea6fb9a776,2015-08,Essex Police,Essex Police,0.663770,51.748744,On or near MALDON ROAD,E01021913,Maldon 002D,Investigation complete; no suspect identified
5bf4d185281d5c9edd10b92dca6f8a65d270f8f50dbff5b935763aba5bd29c91,2015-08,Essex Police,Essex Police,0.456959,51.570727,On or near Shopping Area,E01021318,Basildon 015C,Investigation complete; no suspect identified
bbf8c1245cdb86811174b52616db4997e74ad61c9eff5de306cd100df4f3a067,2015-08,Essex Police,Essex Police,0.639707,51.799461,On or near Newland Street,E01021416,Braintree 017B,Investigation complete; no suspect identified
1b010e2a19482c34eb80f2bafa42f470d8080a40321b4ee79305cda76e5c22e7,2015-08,Essex Police,Essex Police,1.134533,51.794749,On or near LAKE AVENUE,E01021969,Tendring 017B,Investigation complete; no suspect identified
4c83ecf3786e6d683f4efef0ed9a592db659d653b127081fc26f6c76c7a54a1d,2015-08,Essex Police,Essex Police,0.493583,51.721310,On or near CHELMER LEA,E01021564,Chelmsford 013D,Investigation complete; no suspect identified
07bf063cee99d5668416c2a5e4ec7dc82c47e61914b160bdd4c42c4cae4c41ad,2015-08,Essex Police,Essex Police,0.495785,51.775195,On or near PRATT'S FARM LANE,E01021540,Chelmsford 001C,Investigation complete; no suspect identified
1638e785893130d5843f46b69b31d91adb411d3e801db12de8f390a846b5d787,2015-08,Essex Police,Essex Police,0.635342,51.944798,On or near Parking Area,E01021387,Braintree 004A,Investigation complete; no suspect identified
ee9564ce67e5b8fd1418ea5ab07a80b776d558e06c0d46205201cb6a83b950d7,2015-08,Essex Police,Essex Police,0.294422,51.628633,On or near THE COURTYARD,E01021431,Brentwood 004A,Investigation complete; no suspect identified
893892a4dad8d16ef7e2573296e944ed220ce272fd2597503d3c5cce91c46477,2015-08,Essex Police,Essex Police,0.717736,51.534325,On or near HERBERT GROVE,E01015852,Southend-on-Sea 015B,Investigation complete; no suspect identified
2791d5c5967b618cdd583c28a28896163d53c1750987474de950b96d5abe3a4f,2015-08,Essex Police,Essex Police,0.704330,51.536118,On or near CAMBRIDGE ROAD,E01015853,Southend-on-Sea 015C,Investigation complete; no suspect identified
d373e98fc3ff1eef81dbffb15ffd5a29d07ea8b1a01c5b66d77fac4b6f7992b4,2015-08,Essex Police,Essex Police,0.922215,51.894476,On or near FAIRHEAD ROAD SOUTH,E01021703,Colchester 022E,Investigation complete; no suspect identified
8fa7e07f66d206169b7ed41c9be96457a585066e4517fe1004dd35728d46629e,2015-08,Essex Police,Essex Police,0.752677,51.530254,On or near GLOUCESTER TERRACE,E01015889,Southend-on-Sea 016A,Investigation complete; no suspect identified
c6aeebe10a84e644513906aa22ed9223b0e8a6a5b595de20616dcec5fec1c914,2015-08,Essex Police,Essex Police,0.826272,51.659264,On or near THE WELLINGTONS,E01021906,Maldon 006D,Investigation complete; no suspect identified
afbc232381b69592b86bf3b07ce42514caf5bc996dcd84c5420e3d3ca144ebc1,2015-08,Essex Police,Essex Police,0.473358,51.730650,On or near PARKWAY,E01033140,Chelmsford 010F,Investigation complete; no suspect identified
e596c0cc167690ee4f71538708df52504a5398e81c20eed22df2e9eeceae8131,2015-08,Essex Police,Essex Police,0.926158,51.911529,On or near SINNINGTON END,E01033720,Colchester 002F,Investigation complete; no suspect identified
7622a01698328445404b3f5f26ee5d2b510348140ff4bbb304758624bd1ed830,2015-08,Essex Police,Essex Police,0.552537,51.878313,On or near MARKET PLACE,E01033459,Braintree 009F,Investigation complete; no suspect identified
b602ddf4876cb5831194ab339c6c6c248a0b86fab85a4748559ea2d7c123be2d,2015-08,Essex Police,Essex Police,1.158597,51.807821,On or near SPARROWS HERNE,E01022041,Tendring 010D,Investigation complete; no suspect identified
6957fff56dc4f1b020220981e90afec33ac7090277d2cbbae384001b7bdac918,2015-08,Essex Police,Essex Police,0.475387,51.732801,On or near Shopping Area,E01033140,Chelmsford 010F,Investigation complete; no suspect identified
9ec91d2b356f9d0ffbdc0f5250e0f107d6a13ca4b96e10eba46458c69e9ffa1a,2015-08,Essex Police,Essex Police,0.930331,51.911065,On or near WOODVIEW CLOSE,E01021710,Colchester 022C,Investigation complete; no suspect identified
79cf93fc406209d8e8bf009b3b37c5a3082ff1729f2cbf0a193eb15722f0b475,2015-08,Essex Police,Essex Police,0.016011,51.740890,On or near MAPLECROFT LANE,E01021793,Epping Forest 002C,Investigation complete; no suspect identified
91b1907b998587266a8d95b134d2d5dfa142ba5fe8704d8448abf6a21c4aa50e,2015-08,Essex Police,Essex Police,0.249141,52.015849,On or near PEASLANDS ROAD,E01022081,Uttlesford 002F,Investigation complete; no suspect identified
e1280cc75c2e2029405b70e0b21ee0bfaf4830917d70a40602e70ceba5c09933,2015-08,Essex Police,Essex Police,0.942495,51.781881,On or near WALDEGRAVES LANE,E01021733,Colchester 021C,Investigation complete; no suspect identified
56a6b8ff3933315cf29cc6d7b473c9538b8fe12b3fd19aaaf5513b30badc5f1e,2015-08,Essex Police,Essex Police,0.644134,51.563438,On or near FAIRWAY GARDENS CLOSE,E01015817,Southend-on-Sea 003D,Investigation complete; no suspect identified
e826a0fe2109298bc08177e9a80b923717574b5511174ed3490b8f08e74d2f44,2015-08,Essex Police,Essex Police,0.715320,51.534677,On or near Shopping Area,E01015852,Southend-on-Sea 015B,Investigation complete; no suspect identified
1392fe8399a95c49f38d11d282c788b4b3ca259ddeac57f16415f60251751470,2015-08,Essex Police,Essex Police,0.364648,51.868572,On or near HASLERS LANE,E01022067,Uttlesford 007B,Investigation complete; no suspect identified
e69ee479249848b07962630e684d9109e802d1d915cb7c8ea659e2915ee70a90,2015-08,Essex Police,Essex Police,0.292950,51.622079,On or near WEALD ROAD,E01021434,Brentwood 004C,Investigation complete; no suspect identified
f730a6d9bebe542e319f1febcf913ab4a3d1900c8be539e6ff0d4918f8c7f2e4,2015-08,Essex Police,Essex Police,0.472270,51.734594,On or near TINDAL STREET,E01033141,Chelmsford 010G,Investigation complete; no suspect identified
9d1b54cc3db927e1f324bb07d612155c700ef68f12375dafd2b40fd877cdaadf,2015-08,Essex Police,Essex Police,0.730798,51.540290,On or near Petrol Station,E01015844,Southend-on-Sea 014F,Investigation complete; no suspect identified
06bd785de870dfcc367ba904571bb14e8a0962eb8f18ad3fd77f4d46a0e469d8,2015-08,Essex Police,Essex Police,0.463270,51.572142,On or near Parking Area,E01021318,Basildon 015C,Investigation complete; no suspect identified
63b7899797bb24326f208c4f2f88756ea340564827d83e3c268001837adbe19e,2015-08,Essex Police,Essex Police,0.457057,51.739571,On or near HARRISON COURT,E01021575,Chelmsford 009B,Investigation complete; no suspect identified
5dd3949d913e92e38f7a37be8ccce3b3ab0e852c08f11f513a85232593accd9c,2015-08,Essex Police,Essex Police,0.728202,51.546808,On or near SELWYN ROAD,E01015870,Southend-on-Sea 006B,Investigation complete; no suspect identified
47245bb2a3cc9aca1482074906e09dc5ce82d9733d09b9683f359cf80bdc87c9,2015-08,Essex Police,Essex Police,0.686138,51.559983,On or near PRINCE CLOSE,E01015868,Southend-on-Sea 002F,Investigation complete; no suspect identified
060c261ac2bbb336a68f08f929a8a2cc865cb4d5d4ef9bb66b0a7562397f2c6d,2015-08,Essex Police,Essex Police,0.161166,51.836795,On or near DELL LANE,E01023499,East Hertfordshire 011A,Investigation complete; no suspect identified
fcbca3b254d8019440d88c222fa8b6efd4c8f39b215c69eb91200674f451efff,2015-08,Essex Police,Essex Police,0.022997,51.684234,On or near HAYWOOD COURT,E01021810,Epping Forest 008D,Investigation complete; no suspect identified
2005af16005b34bb1c25b5acaa76507d0ec49942522bbd1850b701b388cda2dc,2015-08,Essex Police,Essex Police,0.114883,51.758548,On or near Petrol Station,E01021823,Harlow 006D,Investigation complete; no suspect identified
369624a24119a0e78413c054f4c02c999269d8321420ec137906450a89f9e68e,2015-08,Essex Police,Essex Police,0.929057,51.877424,On or near ALBANY GARDENS,E01021664,Colchester 016C,Investigation complete; no suspect identified
1397b138e02fa451863adfb9a74e13b2b2f2b1d471f8034d71f1a2b3d25fb335,2015-08,Essex Police,Essex Police,0.016011,51.740890,On or near MAPLECROFT LANE,E01021793,Epping Forest 002C,Investigation complete; no suspect identified
8e50acbf3e2efaeb73c414f2a6fe573fa78750a00fc7840b89607f5a4f873e71,2015-08,Essex Police,Essex Police,0.605400,51.579755,On or near CLYDE CRESCENT,E01021965,Rochford 009E,Investigation complete; no suspect identified
f36258bf2ee32104186593fcfae5291f828a68a91054378c4841dc90e1e25f31,2015-08,Essex Police,Essex Police,0.906448,51.870917,On or near THE WILLOWS,E01021637,Colchester 018A,Investigation complete; no suspect identified
cdca5bd8b0bcba1e3da5a5a411a078632fa8def4653746531cedc743a0d51ba7,2015-08,Essex Police,Essex Police,0.749412,51.545944,On or near ASHURST AVENUE,E01015888,Southend-on-Sea 009F,Investigation complete; no suspect identified
3f1f36afd952d9c129ab8da89521c969c8c47c8ebce731910065eee64e8259ad,2015-08,Essex Police,Essex Police,0.313493,51.475665,On or near GOLDSMITH,E01015951,Thurrock 017A,Investigation complete; no suspect identified
4fc8c21150b28dcf4bc742161455f23a41abb99fb1395d3fb271db3e235bd82a,2015-08,Essex Police,Essex Police,0.367177,51.459745,On or near MONARCH CLOSE,E01016004,Thurrock 018B,Investigation complete; no suspect identified
b289295548f3ec2e90e62ba55a1ff4b9aba6f488efaf26df68f3135c840e477b,2015-08,Essex Police,Essex Police,0.769776,51.796152,On or near OXLEY HILL,E01021911,Maldon 001D,Investigation complete; no suspect identified
7734a4cd67d251de3200f4875bb7032b1b94a8e74774da42405bc88cc5aa87aa,2015-08,Essex Police,Essex Police,0.281161,51.477359,On or near PARK AVENUE,E01016012,Thurrock 015C,Investigation complete; no suspect identified
68b76c91eb25b9ae022dd8af0f537c50e779f214dac70809fcef62251b0fbe42,2015-08,Essex Police,Essex Police,0.745913,51.817811,On or near Petrol Station,E01021726,Colchester 020D,Investigation complete; no suspect identified
42b98fa3daaeb14e27599d4b92b0bbfda53d4f44d02b869cce7f1e2468d149e2,2015-08,Essex Police,Essex Police,0.612175,51.587645,On or near KESWICK CLOSE,E01021962,Rochford 008C,Investigation complete; no suspect identified
bdda1727021a0b2f04a63639cdf3e56ff02e7a1d75b43174d0fb2aa0c07adc78,2015-08,Essex Police,Essex Police,0.461696,51.726578,On or near Sports/Recreation Area,E01021578,Chelmsford 010B,Investigation complete; no suspect identified
918c61f740d2d1df9fa7e2a2a40b7e77186ace74c3541aa5556d393a5219cd8a,2015-08,Essex Police,Essex Police,0.263449,51.489034,On or near SOUTHWAY,E01016012,Thurrock 015C,Investigation complete; no suspect identified
e4c3f77f64e3360bdd78d909902de9d35c90449ea1e1c619a933db78a16cb1de,2015-08,Essex Police,Essex Police,0.400150,51.565671,On or near DENEHURST GARDENS,E01021284,Basildon 021E,Investigation complete; no suspect identified
2c112d84be9f2022f38be4d99435db5468f7b7ad68027113471fab558f732d6d,2015-08,Essex Police,Essex Police,1.259657,51.841200,On or near MARNEY WAY,E01021985,Tendring 006A,Investigation complete; no suspect identified
379568ccc569622a4a99e600603c8cab2cbbe9f4a303f3fa8b07877fd969a0c5,2015-08,Essex Police,Essex Police,0.080700,51.768637,On or near WOODING GROVE,E01021841,Harlow 004C,Investigation complete; no suspect identified
8f6e930790b7233e0ca5f895a08a1a5184a10877a73acb15085ad6df4784bee8,2015-08,Essex Police,Essex Police,0.645445,51.653802,On or near LOWER BURNHAM ROAD,E01021902,Maldon 007F,Investigation complete; no suspect identified
be676bbf677415fa8b55f4e7d493750a205e43a32f5a23bd6ba0a6dcf89dfb70,2015-08,Essex Police,Essex Police,0.332975,51.482662,On or near CRESTHILL AVENUE,E01015959,Thurrock 016C,Investigation complete; no suspect identified
6f435d4596fd09c3e996a9dc479b70151b84c42a70c9d335e72d40b7005bbf2d,2015-08,Essex Police,Essex Police,0.266663,51.867326,On or near ELM CLOSE EXTENSION,E01022091,Uttlesford 006C,Investigation complete; no suspect identified
71d8548274078914611d126aa053817cd3dfb35fb6750fe3709b8e7bf77957d2,2015-08,Essex Police,Essex Police,-0.005443,51.735582,On or near GREEN LANE,E01021792,Epping Forest 002B,Investigation complete; no suspect identified
78b69f810b02a85e10bf85909efa178e3c17e3024c4b193a6d653224830dac22,2015-08,Essex Police,Essex Police,0.493725,51.586445,On or near CRANES CLOSE,E01021269,Basildon 012C,Investigation complete; no suspect identified
436502449015e9e9d393bfe39bbce669cc7c8478c2c958ff1b06d0846ead3fb4,2015-08,Essex Police,Essex Police,0.505943,51.579710,On or near BARTLOW SIDE,E01021302,Basildon 013B,Investigation complete; no suspect identified
5e809ab8fb89a1dbf4e10eb3b97df8fd0c811b4e8f8a59371a6954a07260cdf8,2015-08,Essex Police,Essex Police,0.504040,51.608349,On or near BURNE AVENUE,E01021333,Basildon 006E,Investigation complete; no suspect identified
9424ec09843b3e95706d1d0122304c7b1d0be074300db050c70e0713d52d54fb,2015-08,Essex Police,Essex Police,0.662210,51.569531,On or near FAIRFIELD CRESCENT,E01015833,Southend-on-Sea 001A,Investigation complete; no suspect identified
8c09d8e4b779e65c2cc193d6c3eaad204cb891cbef2d452a1efb54aa7b95638d,2015-08,Essex Police,Essex Police,0.278591,51.475503,On or near ESSEX ROAD,E01016012,Thurrock 015C,Investigation complete; no suspect identified
35445319605c19fc20b758dfb9c107924270802cd8a667a7ef2762a97d4f1d44,2015-08,Essex Police,Essex Police,0.513170,51.751784,On or near White Hart Lane,E01033144,Chelmsford 005F,Investigation complete; no suspect identified
a6ee7ca6fcb34e07d0650dd6c0b049654d53d3a968482398e809eb5af3cd20fa,2015-08,Essex Police,Essex Police,0.340706,51.485395,On or near EASTERN ROAD,E01015968,Thurrock 014C,Investigation complete; no suspect identified
18a49898d3089ec001d018945a0303fc521af7bc93e4330e4492cb13340e7bf0,2015-08,Essex Police,Essex Police,0.715848,51.550566,On or near STUART STREET,E01015874,Southend-on-Sea 006F,Investigation complete; no suspect identified
d601d180df56fd8ecba77219ed0265d084d0f8de2b63083726b77108e5fc8822,2015-08,Essex Police,Essex Police,0.867236,51.857004,On or near LAYER ROAD,E01021721,Colchester 012D,Investigation complete; no suspect identified
ab79df6d31a4042a703afebe832ecbcfe63787fd2e2ff22878b1607b80674e26,2015-08,Essex Police,Essex Police,0.267655,51.508468,On or near M25,E01015928,Thurrock 007B,Investigation complete; no suspect identified
b679f0dd45ca0ff37e3d973b85a7379991973c6e9fad28f7ffb3aaa0e78d7d60,2015-08,Essex Police,Essex Police,0.324934,51.477776,On or near CLARENCE ROAD,E01015956,Thurrock 016B,Investigation complete; no suspect identified
e75a64cda3861d9c7edc1b4aaad1f9130116f319f7bbca7586c4c1bcef237b39,2015-08,Essex Police,Essex Police,1.117523,51.774623,On or near BROADWAY,E01021988,Tendring 018A,Investigation complete; no suspect identified
579c4ff0bb444f56246b1e465787e0e044c5168a2f2cc02ef975c4123e82cdad,2015-08,Essex Police,Essex Police,1.098529,51.772922,On or near BELSIZE AVENUE,E01021988,Tendring 018A,Investigation complete; no suspect identified
f520763a348a4dbd6345bac032def79c254fcf24890af28c45718d7b30b87a72,2015-08,Essex Police,Essex Police,0.653762,51.827095,On or near Sports/Recreation Area,E01021362,Braintree 015A,Investigation complete; no suspect identified
bf84c30a4babc0d43fb978245856689ebd19e2211e1554517eafdf59b1d49e74,2015-08,Essex Police,Essex Police,0.902192,51.889423,On or near ST NICHOLAS STREET,E01021649,Colchester 007D,Investigation complete; no suspect identified
10d2af00a27f49b35883c8e7749ef9ad58560fb26fb55a7d32c095785a059b4f,2015-08,Essex Police,Essex Police,1.156373,51.806091,On or near WRENDALE,E01022041,Tendring 010D,Investigation complete; no suspect identified
3fed88eca9178d226f6467bca571673eff9f4e4292b70cb95868dae676b3045a,2015-08,Essex Police,Essex Police,0.555753,51.878135,On or near MANOR STREET,E01033459,Braintree 009F,Investigation complete; no suspect identified
0b71c4a3b11c776f3ad0ee54472915c48f0aa2fb1ca413baff0af82d6de025dd,2015-08,Essex Police,Essex Police,0.105212,51.689857,On or near Sports/Recreation Area,E01021759,Epping Forest 006D,Investigation complete; no suspect identified
068daaf3ff112dc9601f3f1053fbf30c6957fafc81d295c6747c709c8d8bfc28,2015-08,Essex Police,Essex Police,0.282488,51.487496,On or near Shopping Area,E01016011,Thurrock 015B,Investigation complete; no suspect identified
23cc084594888333ecb734e8e374ac2e3c247804e57a899c59d5f9c1e6e40ba6,2015-08,Essex Police,Essex Police,0.289850,51.475724,On or near Parking Area,E01016011,Thurrock 015B,Investigation complete; no suspect identified
8ea237e83d4d973a7c04f3aa5bbf9d2bf098cca50c493c5d4c0995d693bd186d,2015-08,Essex Police,Essex Police,0.703500,51.537927,On or near PARK CRESCENT,E01015856,Southend-on-Sea 015F,Investigation complete; no suspect identified
18196c1cf72d021a8043de49ddc6578404d970c7442637411e3e681bff9800ec,2015-08,Essex Police,Essex Police,0.730798,51.540290,On or near Petrol Station,E01015844,Southend-on-Sea 014F,Investigation complete; no suspect identified
5ae54c803bb1e6ab7c150cb45fcf21e36d635e9a997df32e8426ed8860c76995,2015-08,Essex Police,Essex Police,1.163876,51.817932,On or near FARADAY CLOSE,E01021984,Tendring 010A,Investigation complete; no suspect identified
18552a1ead4b420f442bd3ac32af0ceb94b69a850fb9c10e2cb2624df1e06e29,2015-08,Essex Police,Essex Police,1.085171,51.776242,On or near SEAVIEW ROAD,E01022045,Tendring 018D,Investigation complete; no suspect identified
ee96d27c516f81bfe6abcd92653a6faa25140c06732736c3caeed5abc65842c7,2015-08,Essex Police,Essex Police,0.325177,51.473212,On or near ARGENT STREET,E01015954,Thurrock 017D,Investigation complete; no suspect identified
311c292386f942089dc84ac349475bd42ab9a110171c77fc184e8523783a206a,2015-08,Essex Police,Essex Police,0.682026,51.731394,On or near BUTT LANE,E01021890,Maldon 004B,Investigation complete; no suspect identified
8d4bb4cd02b59f41f1fa29647881f01f8c7da346674d80914da73804f4b4c043,2015-08,Essex Police,Essex Police,0.916350,51.882471,On or near MORANT ROAD,E01021687,Colchester 011E,Investigation complete; no suspect identified
d1356edbbd49e629ef1d904b0fc7bce06c070972b1b93e074c8b91e868deb5df,2015-08,Essex Police,Essex Police,0.148734,51.782367,On or near CHURCHGATE STREET,E01021857,Harlow 001D,Investigation complete; no suspect identified
13e514227c52426cb1a831198346db44ff78eced0063cc4855c91f2cf05457a5,2015-08,Essex Police,Essex Police,0.283452,51.501596,On or near CORVE LANE,E01015929,Thurrock 007C,Investigation complete; no suspect identified
14e8ab31aded600adfe66f9ab6a10ce743f97f3ea7b36a4aa09906e76625797c,2015-08,Essex Police,Essex Police,0.039012,51.765015,On or near WOODREDON CLOSE,E01021801,Epping Forest 002E,Investigation complete; no suspect identified
3dd9e7c952d259196cd0b28d339be055d04c2556802f845ecf5f652d70577740,2015-08,Essex Police,Essex Police,0.003953,51.683760,On or near DENNY AVENUE,E01021817,Epping Forest 008E,Investigation complete; no suspect identified
8c290085e7be6f806a4aab6bda27b2607ba2851bb2174e4afe0f22d8999ded03,2015-08,Essex Police,Essex Police,0.896313,51.891114,On or near NORTH HILL,E01021649,Colchester 007D,Investigation complete; no suspect identified
e56a7078e77170dfdbd2da693a66a369a0d7402d3cfb07c7f099de5baa39891b,2015-08,Essex Police,Essex Police,1.254999,51.942947,On or near GARLAND ROAD,E01033051,Tendring 002F,Investigation complete; no suspect identified
2fb0216360a033e84a6a8a6357de720455d636bc87aaf15643fc35c000f74120,2015-08,Essex Police,Essex Police,0.236535,51.480971,On or near LONDON ROAD PURFLEET,E01016013,Thurrock 015D,Investigation complete; no suspect identified
cdb184c00b125798bd34257d08f853b837ee623f8ddd711a99c3e06c4960896c,2015-08,Essex Police,Essex Police,0.895984,51.886230,On or near WELLINGTON STREET,E01021683,Colchester 011A,Investigation complete; no suspect identified
9e05829066662a03158c17b64be1841b68eebe70f9a4e73dc5b72f3b11075178,2015-08,Essex Police,Essex Police,0.694351,51.537095,On or near LEONARD ROAD,E01015851,Southend-on-Sea 015A,Investigation complete; no suspect identified
5bfe874ee4eef51113f99b7605d75ca6f0f51a54a479690f0f95fa3afbd5a581,2015-08,Essex Police,Essex Police,0.096410,51.669395,On or near WOBURN AVENUE,E01021804,Epping Forest 010C,Investigation complete; no suspect identified
12e0bf9b3c7c66a790aa88f85435a2f25aa1520be8375dc02a9c500c36ca6fd7,2015-08,Essex Police,Essex Police,0.879102,51.927673,On or near MANOR CLOSE,E01021661,Colchester 001D,Investigation complete; no suspect identified
3d4c20460634cbf6b2435f0f898de9b045b1061de4fd6d1f2d90829c52057bcc,2015-08,Essex Police,Essex Police,0.296121,51.619652,On or near TOWER HILL,E01021439,Brentwood 007C,Investigation complete; no suspect identified
6ae346d43641e620e85613a067c1ec874e154eb392d714fba82b8cfcee3ebf12,2015-08,Essex Police,Essex Police,0.337689,51.485554,On or near ROGERS ROAD,E01015968,Thurrock 014C,Investigation complete; no suspect identified
c8b0f7781ed5602491a629aae6d9c13a0255493dfe0678e54b036383a5bfeebe,2015-08,Essex Police,Essex Police,0.063333,51.636546,On or near BROOMFIELD AVENUE,E01021784,Epping Forest 013E,Investigation complete; no suspect identified
ad0a03eff3ab1e37e0b80ae6311039fd0677279fec39cc6ed08565206d8c97d7,2015-08,Essex Police,Essex Police,0.516191,51.586217,On or near JOSSELIN ROAD,E01021309,Basildon 011E,Investigation complete; no suspect identified
57c9aa4212b0daf4dfd2a7d0f586f6626ed7b7541703ac9a11cca7c0ad679afa,2015-08,Essex Police,Essex Police,0.742422,51.547240,On or near WHITTINGHAM AVENUE,E01015887,Southend-on-Sea 009E,Investigation complete; no suspect identified
533413e72efc318342f17adb77900f43f6788b0a204dadc95f0cd6b38df3058a,2015-08,Essex Police,Essex Police,0.166241,51.919495,On or near WATTS YARD,E01022089,Uttlesford 005G,Investigation complete; no suspect identified
d5c6fe11ae3f00ac67de7075be6a0c197c4fea0592c58fdba8fb241ad025b7b4,2015-08,Essex Police,Essex Police,0.547378,51.878811,On or near Parking Area,E01021365,Braintree 009D,Investigation complete; no suspect identified
196681e3d650e928a0c8c72c7c3469806bc3c20887fb30f294a412354c27b492,2015-08,Essex Police,Essex Police,0.329639,51.476550,On or near Sports/Recreation Area,E01015952,Thurrock 017B,Investigation complete; no suspect identified
3747d715fb242018772f0101c919dd8ca9ae5ccb4db1245a57a2e4f25c69e059,2015-08,Essex Police,Essex Police,0.264850,51.609036,On or near Petrol Station,E01021468,Brentwood 006D,Investigation complete; no suspect identified
13efb1bcbd92918b2cbb11e7c5d77a17bf47ad72f7111b2a6b1f3c2ce985b00c,2015-08,Essex Police,Essex Police,0.853768,51.883548,On or near THE POPLARS,E01021691,Colchester 014C,Investigation complete; no suspect identified
bb1e6cc2c9867c572444705b1c31651957772ded7903082f402cc97940fc6be5,2015-08,Essex Police,Essex Police,1.107813,51.773640,On or near TALBOT AVENUE,E01021988,Tendring 018A,Investigation complete; no suspect identified
1f85ada6b12e479fdf9562afb7df22d9dd3d7c97201efe9f5e65b3966dd5706e,2015-08,Essex Police,Essex Police,0.749412,51.545944,On or near ASHURST AVENUE,E01015888,Southend-on-Sea 009F,Investigation complete; no suspect identified
eafeacbe2d67176721b1a7c96bf5c07fbe32be20c8753b3ded8a6e380d817f0a,2015-08,Essex Police,Essex Police,1.279162,51.853834,On or near EAST TERRACE,E01022054,Tendring 006C,Investigation complete; no suspect identified
750301521d6805ea9c29ad1454b03ecd0f37c198725542ca33d82598fa4e0bed,2015-08,Essex Police,Essex Police,0.899183,51.910173,On or near Hospital,E01021682,Colchester 004D,Investigation complete; no suspect identified
ce0f1518862915e21a6d34099b3416232a22336aa1458df62c33d9166755b621,2015-08,Essex Police,Essex Police,0.595813,51.563753,On or near KINGSMERE,E01021529,Castle Point 006D,Investigation complete; no suspect identified
aa4aef26db806a34e806e29b7899227605a4906aa7b471072277bb9d3016503a,2015-08,Essex Police,Essex Police,0.899434,51.912721,On or near BEAUMONT CLOSE,E01021682,Colchester 004D,Investigation complete; no suspect identified
780edb1dcbf375ee7d39f2bb7a595e8358396f4ae6123dc73f79b975a5f23417,2015-08,Essex Police,Essex Police,0.093027,51.753436,On or near Supermarket,E01021859,Harlow 010C,Investigation complete; no suspect identified
1300eec2218ce29802c09ebbefeec3ecc508c7595a077468bd89ca4b86f1c91b,2015-08,Essex Police,Essex Police,0.672635,51.731042,On or near WELLINGTON ROAD,E01021891,Maldon 004C,Investigation complete; no suspect identified
0eace9cfab716163831394319e2777d30d849c33aea69e177bfdbc93d0f17a05,2015-08,Essex Police,Essex Police,0.558942,51.573718,On or near ROSEBERRY AVENUE,E01021513,Castle Point 001A,Investigation complete; no suspect identified
d0ac581ed024c1418b73e6e0438741fc4e8813a5fa93c42dd6f45436a20036ac,2015-08,Essex Police,Essex Police,0.509598,51.576097,On or near BRISCOE ROAD,E01021303,Basildon 011B,Investigation complete; no suspect identified
c2552e45f767c17d956fbe258b0ac6d3635c179b3fc3effdc02271bb3bf93455,2015-08,Essex Police,Essex Police,0.574254,51.879225,On or near CUNNINGTON ROAD,E01021370,Braintree 011B,Investigation complete; no suspect identified
79dde44c05d5d84b3f50c2133a69b60fe65382060bf5de26f00ed0ac0b617295,2015-08,Essex Police,Essex Police,0.697430,51.538436,On or near HERMITAGE ROAD,E01015856,Southend-on-Sea 015F,Investigation complete; no suspect identified
b21658ce3232c402478c55691454d5bd40966aaf0d48b121df35437b747bcf04,2015-08,Essex Police,Essex Police,0.932424,51.887396,On or near FOREST ROAD,E01033722,Colchester 008H,Investigation complete; no suspect identified
bb6fdc2c779f228779808f48290085bf5ca45d72fd4c33e728552ff3cf537931,2015-08,Essex Police,Essex Police,0.613244,51.623361,On or near FERRY ROAD,E01021943,Rochford 001B,Investigation complete; no suspect identified
844fb3d680ac18e5ef50878733545745508187e91489a38bfebdb269d51d3255,2015-08,Essex Police,Essex Police,0.644573,51.802553,On or near Police Station,E01021416,Braintree 017B,Investigation complete; no suspect identified
b1877c68c9be0135ef065d14e5027ced3dcf135272531f7e844454574aec3a40,2015-08,Essex Police,Essex Police,0.434454,51.516032,On or near HASSENBROOK ROAD,E01015990,Thurrock 003D,Investigation complete; no suspect identified
75788bc2885055beef07598fcb0cada8502c79e91f594971cf9fb726551d61fc,2015-08,Essex Police,Essex Police,0.142452,51.966259,On or near MIDDLE STREET,E01022061,Uttlesford 003A,Investigation complete; no suspect identified
1c69ef608b61e2465da52e2963190a4ca808bab6563027bee7e48f1f72c63613,2015-08,Essex Police,Essex Police,0.697159,51.536050,On or near LYDFORD ROAD,E01015853,Southend-on-Sea 015C,Investigation complete; no suspect identified
bacbbc55cbb9eab7ef86505b950995fcfcc35483d360e8633df0f2fcbbe5f7cf,2015-08,Essex Police,Essex Police,0.374921,51.461378,On or near AUSTEN CLOSE,E01016005,Thurrock 018C,Investigation complete; no suspect identified
e421b852c4b0056d2e428764b33733c35fdc6ae74c0ca4bb845dd3a34e9c8401,2015-08,Essex Police,Essex Police,0.266292,51.478970,On or near A282,E01016012,Thurrock 015C,Investigation complete; no suspect identified
48035f30efeca9d5e3ab14d7be60c77c2a8f4c2b6fce2c1a177d5a279576fcda,2015-08,Essex Police,Essex Police,0.513746,51.572537,On or near MANOR AVENUE,E01021314,Basildon 018B,Investigation complete; no suspect identified
2d736d8c0840d61cc5de699cb0c2f76cd5500fd68948e1b1c2cca7caffbec336,2015-08,Essex Police,Essex Police,0.090065,51.747347,On or near MOORFIELDS,E01021862,Harlow 011A,Investigation complete; no suspect identified
1061d987f5be2fe88c70e0de9cd727ef5076ba38e758ba5b8c2413b63ed96609,2015-08,Essex Police,Essex Police,0.239421,52.012950,On or near LAWS CLOSE,E01022074,Uttlesford 002A,Investigation complete; no suspect identified
6b0fee22f3c9ece1052de3018a8f9d1ad94416b2a6a3d836e2da74d2676402d3,2015-08,Essex Police,Essex Police,0.074243,51.756773,On or near MERCERS,E01021830,Harlow 009B,Investigation complete; no suspect identified
77152a39b8ef1454778db21a21c2d2901e509ed1cfe19324c521198df0d5c9be,2015-08,Essex Police,Essex Police,0.475214,51.731744,On or near Shopping Area,E01033140,Chelmsford 010F,Investigation complete; no suspect identified
289981216d3fbcb19bfde670d9c39c1e16feca9a477736d942cad9c85bee46ee,2015-08,Essex Police,Essex Police,0.285146,51.508955,On or near CAM GREEN,E01015931,Thurrock 007E,Investigation complete; no suspect identified
179fd391d5f972d3bc65992880fc18a867bd48241f6c9a50578e4bb47ed6f708,2015-08,Essex Police,Essex Police,1.069871,51.943373,On or near Sports/Recreation Area,E01022020,Tendring 003F,Investigation complete; no suspect identified
189c8e6f938860377a385bba315ca627563f4790099c220424098653eb8615d1,2015-08,Essex Police,Essex Police,0.465958,51.749807,On or near THE DRIVE,E01021591,Chelmsford 002E,Investigation complete; no suspect identified
f2dd28ce6636efd16ed5a1156bd655fc0f5e5977b47ead7ee4d876722a49b5f5,2015-08,Essex Police,Essex Police,0.091838,51.768151,On or near PLAYHOUSE SQUARE,E01021872,Harlow 007E,Investigation complete; no suspect identified
223f5e450d9c482b131cbf73e32d18136cf26cc339a2de463ae18bdfef6803ef,2015-08,Essex Police,Essex Police,0.083097,51.743568,On or near Sports/Recreation Area,E01021867,Harlow 011E,Investigation complete; no suspect identified
11cd4cd7b5e63babe506ee87fa1d46bc02e7c5d80e3c5a8abd7e3851ba9933eb,2015-08,Essex Police,Essex Police,1.249113,51.925346,On or near CHAFFINCH DRIVE,E01022004,Tendring 004D,Investigation complete; no suspect identified
2aac8584730991d2ee9b9c598d715c19b2a9dec30a7a49bf37746552e841370a,2015-08,Essex Police,Essex Police,0.261741,51.889938,On or near Airport/Airfield,E01022090,Uttlesford 006B,Investigation complete; no suspect identified
7024c1539be0c6a82b45cabcb197955c69d5869332ad4dc1dab21fdbec030a34,2015-08,Essex Police,Essex Police,0.042017,51.667422,On or near Parking Area,E01021806,Epping Forest 009A,Investigation complete; no suspect identified
0a876e40554fbfffa779f78e557d366b3a589d05d3ab634e47b2ee488cd8c9d1,2015-08,Essex Police,Essex Police,0.529573,51.866282,On or near DRAYMANS GROVE,E01021384,Braintree 013C,Investigation complete; no suspect identified
e3b31f40fff60e4e1f3c420bc24b23879363f888722d28964c8d5b1ca02e3081,2015-08,Essex Police,Essex Police,0.722334,51.542501,On or near WIMBORNE ROAD,E01015844,Southend-on-Sea 014F,Investigation complete; no suspect identified
d51faedfe98c4730fef61a12ee459860955a77912fdea8929d131569c71d90b7,2015-08,Essex Police,Essex Police,0.885570,51.868634,On or near BEECHWOOD CLOSE,E01033723,Colchester 015G,Investigation complete; no suspect identified
8445fcaa05fce6aae5c32ee2e68b3283925ae22f70d5538d6cd761b2f40a9aa0,2015-08,Essex Police,Essex Police,0.318845,51.477268,On or near MAIDSTONE ROAD,E01015953,Thurrock 017C,Investigation complete; no suspect identified
ace98d2dba5c675ec84e84e4a32c76cb35a0bc0d959fe45e0f5fdd8686f400d3,2015-08,Essex Police,Essex Police,0.651808,51.826195,On or near ST MARY'S ROAD,E01021362,Braintree 015A,Investigation complete; no suspect identified
7166497056c2df2ae7e15861209cf5f78a369fa0f00fcde1d2726b6efca4f71c,2015-08,Essex Police,Essex Police,0.359888,51.461043,On or near BERMUDA ROAD,E01016003,Thurrock 018A,Investigation complete; no suspect identified
0f919d1f94184a373f481e6f9c50a7b7ad9be24a77bc790af2636abce7256fb7,2015-08,Essex Police,Essex Police,0.960008,51.859732,On or near Supermarket,E01021739,Colchester 017D,Investigation complete; no suspect identified
c2ceaa30e133d25987f6b7a47c5570dbc367b9afe6c057ffe8d871dd80f31ec5,2015-08,Essex Police,Essex Police,0.000092,51.682810,On or near CARTERSFIELD ROAD,E01021817,Epping Forest 008E,Investigation complete; no suspect identified
3ce00a566df8cf10c360f09404a8c230f2b9ddb412c83f5851a5c04736637855,2015-08,Essex Police,Essex Police,0.456182,51.567551,On or near STATION WAY,E01021296,Basildon 020C,Investigation complete; no suspect identified
b3494eca48b654fa5c1358b6418967f3870d981c5f837ca55f74d244be37a09e,2015-08,Essex Police,Essex Police,0.094846,51.771452,On or near ADAMS HOUSE,E01021872,Harlow 007E,Investigation complete; no suspect identified
6f40d48d4237db9fd76364834953a793f8a0161be398cffbdbf745336fa878e3,2015-08,Essex Police,Essex Police,0.694351,51.537095,On or near LEONARD ROAD,E01015851,Southend-on-Sea 015A,Investigation complete; no suspect identified
207b1d9e26e31d9f6ea4e590c42c51185b13156b814750f11017131f3af7a327,2015-08,Essex Police,Essex Police,0.505195,51.560327,On or near Parking Area,E01021310,Basildon 022B,Investigation complete; no suspect identified
def9d71c0bf932db76e169190f8ac170f46c14e49784083c99a9255f777ecc09,2015-08,Essex Police,Essex Police,0.694351,51.537095,On or near LEONARD ROAD,E01015851,Southend-on-Sea 015A,Investigation complete; no suspect identified
af8f9a186116a8d286b2832ca0e9d7bc9f9e4508d26e949a26d745b133e06f9b,2015-08,Essex Police,Essex Police,0.518976,51.702215,On or near SOUTHEND ROAD,E01021555,Chelmsford 017D,Investigation complete; no suspect identified
5cc2f10d7643abe38bb4fba699d26048d30847f5cbbcde2fb8a0ab383db6b514,2015-08,Essex Police,Essex Police,0.716192,51.535521,On or near HEYGATE AVENUE,E01015852,Southend-on-Sea 015B,Investigation complete; no suspect identified
418b6a9bd640e14c9a1608da0e112d61e77f1d2e6333f1dcf7b9d3fda6bd432e,2015-08,Essex Police,Essex Police,0.720655,51.802498,On or near PRIORY ROAD,E01021725,Colchester 020C,Investigation complete; no suspect identified
dab829193e84bac381101014c1eec252680a61a33f185f77baf3e7d9e16c5da4,2015-08,Essex Police,Essex Police,0.562136,51.884094,On or near BEAUFORT GARDENS,E01021350,Braintree 009A,Investigation complete; no suspect identified
84a36b2582769aae370caee7c9e2ffd689194c2b490fc394a049ea14fe44c2ba,2015-08,Essex Police,Essex Police,0.517023,51.622415,On or near HASLEMERE ROAD,E01021338,Basildon 005C,Investigation complete; no suspect identified
6eaaf512b01ff78ae20347674200b966022debe8544511e085f47abc5329a8b5,2015-08,Essex Police,Essex Police,0.194365,51.904847,On or near Supermarket,E01022084,Uttlesford 005D,Investigation complete; no suspect identified
727cc0b417d243dce9467ba8a69f45381b1dc619c81186a2baae063d9857e388,2015-08,Essex Police,Essex Police,1.128238,51.806268,On or near PURLEY WAY,E01021977,Tendring 013C,Investigation complete; no suspect identified
9c5e2d0d8616a188fd7068c6295b2d80d0bf39b44114fc0e905bed6735d5d00b,2015-08,Essex Police,Essex Police,0.697892,51.536986,On or near HADLEIGH ROAD,E01015853,Southend-on-Sea 015C,Investigation complete; no suspect identified
2cb9bb9e86200193b667c6714fac48f4aadc91f164e5c61a22ab16cb22f5649b,2015-08,Essex Police,Essex Police,0.697103,51.537067,On or near WICKFORD ROAD,E01015853,Southend-on-Sea 015C,Investigation complete; no suspect identified
bf988b57ed6a9d14728aec41bb3147b954e74ddd57940a4d2bc380c3d3b6768c,2015-08,Essex Police,Essex Police,1.128238,51.806268,On or near PURLEY WAY,E01021977,Tendring 013C,Investigation complete; no suspect identified
34e7436e62d73ccb11f2edfdbcaa0fa9b825615071f6e4c4bd285bc6d6bb37b7,2015-08,Essex Police,Essex Police,0.141697,51.755923,On or near HARLOW COMMON,E01021768,Epping Forest 001A,Investigation complete; no suspect identified
3179a6ca4d77ef18e262d82ea32e108b2c368c62a0226ba36b279bca5b2c30e3,2015-08,Essex Police,Essex Police,1.152226,51.789923,On or near ROSEMARY ROAD,E01022025,Tendring 016B,Investigation complete; no suspect identified
3832ad15e78e15da7c1afb93cfefa24d2ecbd861e6c2d30cc5e8f3b82f68bc5c,2015-08,Essex Police,Essex Police,0.608412,51.520925,On or near ROSBERG ROAD,E01021490,Castle Point 012B,Investigation complete; no suspect identified
f978bb9ab192ba44f888fb75d481a34f8e1c2c87301f513eb81b8543bf310517,2015-08,Essex Police,Essex Police,0.460736,51.568517,On or near CLAY HILL ROAD,E01021318,Basildon 015C,Investigation complete; no suspect identified
14552633ee2223ec61c76a735ce85b0c303a6c75bda53a742abe9864788b3d40,2015-08,Essex Police,Essex Police,0.555023,51.880129,On or near COGGESHALL ROAD,E01021365,Braintree 009D,Investigation complete; no suspect identified
d3020cddbb446c2ea280ee5cc7adbb165d42cba2627b6ab3344d6ff3bd876745,2015-08,Essex Police,Essex Police,0.901325,51.890172,On or near GEORGE STREET,E01021649,Colchester 007D,Investigation complete; no suspect identified
9d0ae7437216f73b846eacb6e96b1b81292257d203ff7e389b973a4f49039bbf,2015-08,Essex Police,Essex Police,0.675290,51.730873,On or near FRIARS LANE,E01021891,Maldon 004C,Investigation complete; no suspect identified
fe5bcdc13e445160d4c25e519133a91eb64c614805696bd8e47f9ab92a1c9b10,2015-08,Essex Police,Essex Police,0.596881,51.602994,On or near PRIORY CHASE,E01021920,Rochford 006A,Investigation complete; no suspect identified
22c20b1eaece6226968043deabe50814cfcf495df4066276afe73bc545f6e4cc,2015-08,Essex Police,Essex Police,0.910350,51.877331,On or near BOURNE ROAD,E01021665,Colchester 016D,Investigation complete; no suspect identified
0426215cf9a969436a56e7047fcc64f8e7b78016716cfd4603bbc0baf4a0bfbe,2015-08,Essex Police,Essex Police,0.095787,51.770176,On or near TERMINUS STREET,E01021872,Harlow 007E,Investigation complete; no suspect identified
c0a2d51f84308e483e0f2c48786634944995441fb3713573787931bc0741b299,2015-08,Essex Police,Essex Police,0.295133,51.619824,On or near SIR FRANCIS WAY,E01021439,Brentwood 007C,Investigation complete; no suspect identified
114c2134dbb0b4ed4f5f331d77b3f0becfa8d57d220addfc9c8ae999851360e0,2015-08,Essex Police,Essex Police,0.471374,51.725601,On or near ST JOHN'S ROAD,E01021579,Chelmsford 012C,Investigation complete; no suspect identified
eb7fb6d94f9623552a53fdb36db58ac54b7f42ac828c1eed45f2e651ba72593a,2015-08,Essex Police,Essex Police,0.456169,51.571868,On or near Pedestrian Subway,E01021318,Basildon 015C,Investigation complete; no suspect identified
bf5254b2506a9db8dfe7a39823aab1e7e2b00d4ec7c4459789279c0f755d5eac,2015-08,Essex Police,Essex Police,0.375750,51.462090,On or near CHAUCER CLOSE,E01016005,Thurrock 018C,Investigation complete; no suspect identified
fbe0b109a4daffa926245c6b8c6e2a0229186cda2c9a66fd217ff9e12648e58f,2015-08,Essex Police,Essex Police,0.871980,51.871494,On or near Supermarket,E01021711,Colchester 015A,Investigation complete; no suspect identified
c6ae73daed22da697aef2f3f162d66d02b6ef18798b4c84d46d56ce210748ee7,2015-08,Essex Police,Essex Police,0.917473,51.872226,On or near FLANDERS FIELD,E01021666,Colchester 016E,Investigation complete; no suspect identified
6beddec88d202a16a9a5e85d1fb8f558b3d418096a33e837e21dd39bc0ac3908,2015-08,Essex Police,Essex Police,0.694351,51.537095,On or near LEONARD ROAD,E01015851,Southend-on-Sea 015A,Investigation complete; no suspect identified
fc86472f316705767122171413f2614e6eeeef2a7c037550cfd3970c4ab9c7b7,2015-08,Essex Police,Essex Police,1.153340,51.787393,On or near Nightclub,E01022025,Tendring 016B,Investigation complete; no suspect identified
289ac51a023b29ea816ab1a03700bd9a547c18639fb13ccbe212cd4451a1a725,2015-08,Essex Police,Essex Police,0.559771,51.571766,On or near Petrol Station,E01021525,Castle Point 001D,Investigation complete; no suspect identified
bdb5f29568bdbfac8c7e9dcc89e2b5f7ee6daae22c4430d64495427a4a295ec4,2015-08,Essex Police,Essex Police,0.427873,51.731805,On or near FIRS DRIVE,E01021633,Chelmsford 011C,Investigation complete; no suspect identified
6c01972de5332bdd368df5e53241f4ff6f9ba08b6d5fd611dcacf07af97161ee,2015-08,Essex Police,Essex Police,0.763690,51.686872,On or near WORCESTER CLOSE,E01021899,Maldon 007D,Investigation complete; no suspect identified
1445c038b952830922165e8f650ad72fb8b2b0cd10508c2fdc709cc4957e6314,2015-08,Essex Police,Essex Police,0.558155,51.876671,On or near GROOMSIDE,E01033458,Braintree 009E,Investigation complete; no suspect identified
94035f03eb42796625776b37f6ce229916d50f071b036f9e03ee8fc708874ea9,2015-08,Essex Police,Essex Police,-0.001630,51.665718,On or near BUTLERS DRIVE,E01021806,Epping Forest 009A,Investigation complete; no suspect identified
6437cb40994a5c4e4960f27d366f7878a1f2530402c43eb83bc92d9f5fca280c,2015-08,Essex Police,Essex Police,0.684100,51.561163,On or near Supermarket,E01015868,Southend-on-Sea 002F,Investigation complete; no suspect identified
774330db3d15bf0b8aa0cbf3e92c8c7870f97d1dafc6068a316e7d5d1715cbac,2015-08,Essex Police,Essex Police,1.051125,51.874518,On or near A133,E01021993,Tendring 009C,Investigation complete; no suspect identified
7fa9576d6721f02fa545d65b48bf52e6fbf49cce59b6120cf93b908a4f9ad88c,2015-08,Essex Police,Essex Police,0.114475,51.776487,On or near Parking Area,E01021845,Harlow 002B,Investigation complete; no suspect identified
903dfb6597e05ab5ecb77b44b13e99a3498ba7c98b7403d40ea515b1edbb8700,2015-08,Essex Police,Essex Police,0.520914,51.861585,On or near PETWORTH CLOSE,E01021383,Braintree 010C,Investigation complete; no suspect identified
b3f1afbda4eabd82c71a2bb878841fa12ddc78794b95a394e23017dae5c547be,2015-08,Essex Police,Essex Police,0.356988,51.576771,On or near TILBURY ROAD,E01021446,Brentwood 009B,Investigation complete; no suspect identified
c65eafad02306e8de97b9e3db72f3d1715da9ff67af46bb3b831783dc846680b,2015-08,Essex Police,Essex Police,0.324602,51.476614,On or near Supermarket,E01015954,Thurrock 017D,Investigation complete; no suspect identified
0fe427ae6bcd94b16eebf4b96df8fb4b6d14346f73bc5c6895cae7d937a6b71c,2015-08,Essex Police,Essex Police,1.122534,51.801626,On or near WORDSWORTH WAY,E01021977,Tendring 013C,Investigation complete; no suspect identified
c641effad69699d7481458da283423853503cf723169f0d823e36cf11ee1452a,2015-08,Essex Police,Essex Police,0.782671,51.660629,On or near DAIRY FARM ROAD,E01021900,Maldon 007E,Investigation complete; no suspect identified
a54d14f2b6637628a6e6e4931f56e19265da8375ad26231381a857e601b7d9cd,2015-08,Essex Police,Essex Police,0.194688,51.893277,On or near FELSTEAD CRESCENT,E01022087,Uttlesford 005F,Investigation complete; no suspect identified
d70b832df81ae357afc0998ede6d88dfc8f4df898ef5334377498b619e3213a8,2015-08,Essex Police,Essex Police,0.561066,51.573249,On or near THE SORRELS,E01021527,Castle Point 001E,Investigation complete; no suspect identified
14908271d8362b45bac8976d026e733ec228d7e38a0a114d0a6867531ad93fdd,2015-08,Essex Police,Essex Police,0.501870,51.568096,On or near STEEPLEHALL,E01021317,Basildon 018E,Investigation complete; no suspect identified
484eb784a63a613731c3afb0e20d5d77f7b87d487b97c922d306ae6140bedefd,2015-08,Essex Police,Essex Police,0.069351,51.656683,On or near THE CROFT,E01021779,Epping Forest 011F,Investigation complete; no suspect identified
2d7318be7d206ec4ce67f0f69976200084653642c1149a1e1ff8fdae5a368ef5,2015-08,Essex Police,Essex Police,0.196731,51.897033,On or near ROCHFORD CLOSE,E01022087,Uttlesford 005F,Investigation complete; no suspect identified
1745f79d8017fe8fc69dda4a33df2764f2b88823d17dcd3d10818509e99b7695,2015-08,Essex Police,Essex Police,0.777879,51.877891,On or near Sports/Recreation Area,E01021678,Colchester 010E,Investigation complete; no suspect identified
8ef54f5ddd0a9627d8ba73a7bc4b84e85555a99c9b5563282a7a1bb2f725e1e0,2015-08,Essex Police,Essex Police,0.703470,51.547875,On or near WEST STREET,E01015861,Southend-on-Sea 004E,Investigation complete; no suspect identified
0bc5c1489e9733b5e5038b79283dd2e6c89a6b9aa8d1394f54a6569058165886,2015-08,Essex Police,Essex Police,1.148206,51.792594,On or near OLD ROAD,E01022026,Tendring 016C,Investigation complete; no suspect identified
74e8edb0049c62afb095c34deedc961ec5654714f90ed71251ef7afc17673cec,2015-08,Essex Police,Essex Police,0.481372,51.557641,On or near MARSH VIEW COURT,E01021300,Basildon 022A,Investigation complete; no suspect identified
218f47e1f85caf818a56ae85cde6a22bba1612bd9551408b401a27f6617b411a,2015-08,Essex Police,Essex Police,0.073161,51.753717,On or near A1169,E01021830,Harlow 009B,Investigation complete; no suspect identified
5480a5cd9a8e0c417725fffbc8ba2df312b2c6abf442c2e73b9be1c1697c5ad1,2015-08,Essex Police,Essex Police,0.835243,51.878528,On or near BAILEY DALE,E01021722,Colchester 012E,Investigation complete; no suspect identified
829aa66497ef29eb46983628c401d7e2304cfc7d3ab76a9c6ee17bc500bdcfbb,2015-08,Essex Police,Essex Police,0.384952,51.714321,On or near Park/Open Space,E01021551,Chelmsford 011A,Investigation complete; no suspect identified
88f22cab692706ead8cb6cf2ea54c7b680f7669cc00a9b4a77ccab3aaa20fd95,2015-08,Essex Police,Essex Police,0.266281,51.977806,On or near DEYNES ROAD,E01022099,Uttlesford 004D,Investigation complete; no suspect identified
f46329641e773f388ac1107f08d7b98a141309edc8093af4a70f602785353c19,2015-08,Essex Police,Essex Police,0.703284,51.548401,On or near ROOTS HALL AVENUE,E01015861,Southend-on-Sea 004E,Investigation complete; no suspect identified
fba7ef7a1892e5a98f115aada217fc21a5f868f017800f30cb00ec13955e2f5d,2015-08,Essex Police,Essex Police,0.277434,51.486092,On or near Shopping Area,E01016012,Thurrock 015C,Investigation complete; no suspect identified
1b9e61c8e88f00a5619d4bdaae080ebdb8910da165e339796b36ac13753bc28d,2015-08,Essex Police,Essex Police,0.674887,51.547271,On or near SILVERSEA DRIVE,E01015823,Southend-on-Sea 005D,Investigation complete; no suspect identified
97559d78b17672a70d39534a6b47b64cf58ff73718208ec7461b26bec428e27a,2015-08,Essex Police,Essex Police,0.706150,51.578922,On or near THE RIDINGS,E01021952,Rochford 007C,Investigation complete; no suspect identified
8ad3517adb861be707a6749606f23d6c247e846c23d0293c3bf6c11338e7814a,2015-08,Essex Police,Essex Police,0.507249,51.567235,On or near ST GABRIELS COURT,E01021316,Basildon 018D,Investigation complete; no suspect identified
8de6d86ad603f75256b965efc9ea8d56af3da507748042f334c69a48a2050a51,2015-08,Essex Police,Essex Police,0.111098,51.698807,On or near HIGH STREET,E01021762,Epping Forest 005C,Investigation complete; no suspect identified
5f388cc2c50365068177c90b46eee88ad4174ac7bf9de9036cc0a0d8d0cec9fc,2015-08,Essex Police,Essex Police,0.093567,51.769182,On or near Shopping Area,E01021872,Harlow 007E,Investigation complete; no suspect identified
c47eac153a85a84f703c4b6bc2debf2f969894ea63cb64d4f5abe305c84247ec,2015-08,Essex Police,Essex Police,0.708633,51.534760,On or near PRITTLEWELL SQUARE,E01015853,Southend-on-Sea 015C,Investigation complete; no suspect identified
070ebed7b1f7dcb4746c9018bbe395415631972edf931ea962831624e7fc57fb,2015-08,Essex Police,Essex Police,0.313493,51.475665,On or near GOLDSMITH,E01015951,Thurrock 017A,Investigation complete; no suspect identified
e4d30b70dbc39a74e71a7eac1257896515f7e521af80c3aac76b948da606a63b,2015-08,Essex Police,Essex Police,0.648079,51.556082,On or near TUDOR GARDENS,E01015819,Southend-on-Sea 003F,Investigation complete; no suspect identified
63d538c21b329fe48ab5f651be1b8c003970ef006ff6a9f2dbde812d90d1c5d2,2015-08,Essex Police,Essex Police,0.521381,51.606943,On or near GROVELANDS ROAD,E01021331,Basildon 008A,Investigation complete; no suspect identified
6c85a4d21e6fe58873af57223031fd8883bf88d5d07cee90ebd8221d239fdb56,2015-08,Essex Police,Essex Police,0.691952,51.550451,On or near SPRINGFIELD DRIVE,E01015904,Southend-on-Sea 007D,Investigation complete; no suspect identified
38c86e64c4bbc6e39c4dd775c673a73738a835395a7c006d97e3986b66405d08,2015-08,Essex Police,Essex Police,0.328178,51.472460,On or near CONWAY GARDENS,E01015952,Thurrock 017B,Investigation complete; no suspect identified
628420ce4a5a8c491158ff1734e81a1ca19c9871ec5eb4fac89300dd085c5953,2015-08,Essex Police,Essex Police,0.100300,51.669083,On or near PAKES WAY,E01021803,Epping Forest 010B,Investigation complete; no suspect identified
e9af5d49d77dc4133ffc9bf8deacc130fa9d70a0fd840761cbadbf31b74c5a6b,2015-08,Essex Police,Essex Police,0.082125,51.646763,On or near Petrol Station,E01021776,Epping Forest 011C,Investigation complete; no suspect identified
16c28b9e636f3cb2cdb6f7398b25725de08ffdabc00ff28ae51e2c151e4a8af8,2015-08,Essex Police,Essex Police,0.458632,51.559747,On or near Sports/Recreation Area,E01021299,Basildon 020E,Investigation complete; no suspect identified
b6ad08ddab4d8f9dc9482a4be2d504e905405a41eebb694805c39241503c7dcc,2015-08,Essex Police,Essex Police,1.082324,51.794017,On or near ST CLERES HALL LANE,E01022045,Tendring 018D,Investigation complete; no suspect identified
3f78cf14694340e090dd23329db82e446bf30079bbd6866fcb3ee5a60be16e07,2015-08,Essex Police,Essex Police,1.144155,51.788781,On or near PARK ROAD,E01022038,Tendring 017E,Investigation complete; no suspect identified
610d8bbace0f7f6fe1c255fdac797f99665ca4f45d4854687bfc727fcd9514e0,2015-08,Essex Police,Essex Police,0.101140,51.747177,On or near SPRUCE HILL,E01021860,Harlow 010D,Investigation complete; no suspect identified
af55b473e46d06c1c04dfd9d2429ad366600d8c0b6e09f72a3f9f0c7a5d478fe,2015-08,Essex Police,Essex Police,0.274448,51.479927,On or near EUCLID WAY,E01016012,Thurrock 015C,Investigation complete; no suspect identified
4f1c1541950513aba9249dd908ac93ea64dcd98079d5b72d1dccd44b8fcf1da4,2015-08,Essex Police,Essex Police,0.284490,51.487772,On or near Shopping Area,E01016011,Thurrock 015B,Investigation complete; no suspect identified
b9d49476fe913d3f289afeab1b1c5a1af49d37700d2fceaec868ba81fdc39102,2015-08,Essex Police,Essex Police,0.067121,51.639456,On or near RIVER WAY,E01021784,Epping Forest 013E,Investigation complete; no suspect identified
80f50c2af37a3665362c01f5eb2cbf2b2c60c4efbea75bc91bac9fc5a2c09ec3,2015-08,Essex Police,Essex Police,-0.002165,51.686760,On or near Supermarket,E01021818,Epping Forest 009C,Investigation complete; no suspect identified
fc3cf37f215067c2132e543073b1d58ed1e7871d0b203f8dab24659dcdc48a8d,2015-08,Essex Police,Essex Police,0.434512,51.855482,On or near RICHE CLOSE,E01022064,Uttlesford 008B,Investigation complete; no suspect identified
94f2a9e807c7383f8ad5d7c4b6555ad4a01ad9f836f4f572bcae7111586de32b,2015-08,Essex Police,Essex Police,0.788200,51.540531,On or near FALCON WAY,E01015879,Southend-on-Sea 013D,Investigation complete; no suspect identified
20630b9a3157e26b352ed09a6f6f4ad5345167d56f0d9f948b9fd79c64ea2b8f,2015-08,Essex Police,Essex Police,0.253076,51.511213,On or near USK ROAD,E01015924,Thurrock 008C,Investigation complete; no suspect identified
0744828d644e92b06e90d1a2fe4288fd04f39a265dfe6b77132cb36e710598d6,2015-08,Essex Police,Essex Police,0.416129,51.729386,On or near REDWOOD DRIVE,E01021635,Chelmsford 011E,Investigation complete; no suspect identified
e1054f7320757eb10fc7cca6e25961cbf734efc0469bed5c711e58c48d680641,2015-08,Essex Police,Essex Police,0.709094,51.540820,On or near Supermarket,E01015895,Southend-on-Sea 010A,Investigation complete; no suspect identified
9f2c7c5682d7659c1d0d4d22798be77f3c840a6b2ef9dacad98baad21f4b8ba7,2015-08,Essex Police,Essex Police,0.365354,51.880086,On or near CHURCH STREET,E01033056,Uttlesford 007F,Investigation complete; no suspect identified
c68acc4f7746cba81d02581f339b96ee7bdddfd27c97634397ace99fb67ab584,2015-08,Essex Police,Essex Police,0.410823,51.632631,On or near RICKETTS DRIVE,E01021246,Basildon 002B,Investigation complete; no suspect identified
04f20c53bcb1a25d498885bfad4779e482c1e973be880a921fb5894e2ba0549f,2015-08,Essex Police,Essex Police,0.538965,51.600332,On or near ORKNEY GARDENS,E01021345,Basildon 007E,Investigation complete; no suspect identified
1cefe080de91b9ac390a56bfdf9f373add323f90b77d877cb034271b21911ccb,2015-08,Essex Police,Essex Police,0.463270,51.572142,On or near Parking Area,E01021318,Basildon 015C,Investigation complete; no suspect identified
45521365c29bf4dda38d206f1e01fe893d1cf0d22db981d6175df0a796dc0bca,2015-08,Essex Police,Essex Police,0.893631,51.899589,On or near CLAREMONT HEIGHTS,E01021650,Colchester 007E,Investigation complete; no suspect identified
16eb3c3ace6871ac69a50ce9f49188f6c8178f8f10d45301325f174e969cab92,2015-08,Essex Police,Essex Police,0.294422,51.628633,On or near THE COURTYARD,E01021431,Brentwood 004A,Investigation complete; no suspect identified
5e0d2a9c64349a359179fc3e06ada5386542a71a7610b4305a1778c2ff9b2204,2015-08,Essex Police,Essex Police,0.906125,51.870178,On or near SNOWBERRY GROVE,E01021637,Colchester 018A,Investigation complete; no suspect identified
7dd019b5b6e048f5e12d240d22ffdaf472a48b051e32c32a60aad33737c92943,2015-08,Essex Police,Essex Police,0.520769,51.624304,On or near SWAN LANE,E01021593,Chelmsford 021A,Investigation complete; no suspect identified
53e3cb95f7ef8187e60a3bc73852d87472289c0a42275bc64442577ce5e015f0,2015-08,Essex Police,Essex Police,0.723645,51.850390,On or near NEW LANE,E01021403,Braintree 014F,Investigation complete; no suspect identified
6b5099c6b5847c1cf4b9dc442db32ce2d15ae79679e6d71aa075a35a640da927,2015-08,Essex Police,Essex Police,0.684702,51.545167,On or near LONDON ROAD,E01015832,Southend-on-Sea 012F,Investigation complete; no suspect identified
12ebc3c959b80b7fb63b5408571ddb60408c71205cbbf108af079f9a4884fa8f,2015-08,Essex Police,Essex Police,0.902272,51.888620,On or near LONG WYRE STREET,E01021649,Colchester 007D,Investigation complete; no suspect identified
c5a83a549167574ad65b1d063acd56f794b7149801064eeeea4868c31078dbfb,2015-08,Essex Police,Essex Police,0.054196,51.647669,On or near CLIFTON ROAD,E01021791,Epping Forest 012F,Investigation complete; no suspect identified
5ed6cf70570bcb8e6da5e7f9a30e5239343a4d922794c35c66c5572bdfe6b586,2015-08,Essex Police,Essex Police,0.525422,51.618071,On or near HENGIST GARDENS,E01021334,Basildon 005A,Investigation complete; no suspect identified
2c0c8a9d17ae83f6b4067eb883da7f0640419da1c59dc0d3d6029dc32549e807,2015-08,Essex Police,Essex Police,0.897825,51.889081,On or near CULVER STREET WEST,E01021649,Colchester 007D,Investigation complete; no suspect identified
70cae7028c73e333d4d292a40de53ae86ef55f8e90ce1759c74773eac1384a18,2015-08,Essex Police,Essex Police,0.500380,51.741103,On or near MEARNS PLACE,E01021544,Chelmsford 008A,Investigation complete; no suspect identified
ea333ab303901588a6e2022de06e72be112ec7fa9e4a72f834a32355942f4706,2015-08,Essex Police,Essex Police,0.710838,51.536436,On or near NELSON MEWS,E01015852,Southend-on-Sea 015B,Investigation complete; no suspect identified
c37aaeffa825f426ce6e6b0de88a415e6f7782dc673a690c8d528d2cddb54a3a,2015-08,Essex Police,Essex Police,0.695186,51.547076,On or near INVERNESS AVENUE,E01015906,Southend-on-Sea 007F,Investigation complete; no suspect identified
bf18641a8c7a7eacf677157c6ebff3ea8cf82c18fccc954967cff31adf69e7e5,2015-08,Essex Police,Essex Police,0.709081,51.842192,On or near BARNFIELD,E01021403,Braintree 014F,Investigation complete; no suspect identified
0ba2afe6cef8d9101dc6b710ba97f79d3760262e2532c07251b2c4ec9065dd77,2015-08,Essex Police,Essex Police,0.709170,51.841255,On or near FEERING HILL,E01021403,Braintree 014F,Investigation complete; no suspect identified
16f377258de262d9f5632c8e0781b89976d492ecdd434908dfe1bacc5f239bed,2015-08,Essex Police,Essex Police,0.067027,51.758042,On or near SYLVESTERS,E01021832,Harlow 009C,Investigation complete; no suspect identified
a90313e037b2e64edd2be24a60af09a7852d672e9781f705b9394c95afe4ca39,2015-08,Essex Police,Essex Police,0.414376,51.574624,On or near RAILWAY APPROACH,E01021275,Basildon 014B,Investigation complete; no suspect identified
e37bec62d8815f759908180524d03fb36dfc257c983e56dda0350d7345ad16e6,2015-08,Essex Police,Essex Police,0.271749,51.612122,On or near WINGRAVE CRESCENT,E01021468,Brentwood 006D,Investigation complete; no suspect identified
116d30105bceccad02572b4beb6f4b606603433404ed715cc3cdc4ad874f5117,2015-08,Essex Police,Essex Police,0.261417,51.506475,On or near PARK LANE,E01015924,Thurrock 008C,Investigation complete; no suspect identified
a345a4b0b6e9d2346190251f9a6f614ada038ded68ed35448b868bb9ca7aee71,2015-08,Essex Police,Essex Police,0.283452,51.501596,On or near CORVE LANE,E01015929,Thurrock 007C,Investigation complete; no suspect identified
9ffaf78e61bce1754113e54592eec1fbcb0b8b4cdea9e11967ff322cc270e8a7,2015-08,Essex Police,Essex Police,0.702321,51.537982,On or near AVENUE ROAD,E01015856,Southend-on-Sea 015F,Investigation complete; no suspect identified
52211bd103e60dc746d614fdea33e39799ad03ac076d95fb7647b0c5fb4eef22,2015-08,Essex Police,Essex Police,0.643314,51.558744,On or near Parking Area,E01015817,Southend-on-Sea 003D,Investigation complete; no suspect identified
37ed924fe282bf791856d2964764c94a626210ae26f72a35e7088eebd0e36f22,2015-08,Essex Police,Essex Police,0.796544,51.528892,On or near DANE STREET,E01015877,Southend-on-Sea 013B,Investigation complete; no suspect identified
741ffd42164712281f0b75e0a9939b5f5563a11869201e809ed27e8299a74ec6,2015-08,Essex Police,Essex Police,0.089191,51.749440,On or near JOYNERS FIELD,E01021862,Harlow 011A,Investigation complete; no suspect identified
711159d72724a9642c4ee37c8bca0c129761cb598b3b6ff76872b76a99c5a890,2015-08,Essex Police,Essex Police,0.242458,51.498071,On or near PURFLEET ROAD,E01015925,Thurrock 008D,Investigation complete; no suspect identified
1e85e648ace1adc308ebaa498efd2cac1103a415e067df402c8980597a185b69,2015-08,Essex Police,Essex Police,0.572355,51.527531,On or near BRAEMORE,E01021507,Castle Point 010E,Investigation complete; no suspect identified
bd273624e235167d25a420ac300e8eb004452ee8da8a3039a031cecd28068bf2,2015-08,Essex Police,Essex Police,0.693372,51.878661,On or near PRIORS WAY,E01021377,Braintree 014A,Investigation complete; no suspect identified
9630c2dea35cab40c1177aece01b82b329bf42cc8d487e270809604d1816e3cd,2015-08,Essex Police,Essex Police,0.697892,51.536986,On or near HADLEIGH ROAD,E01015853,Southend-on-Sea 015C,Investigation complete; no suspect identified
4908598bc5ee18e34317c000c6ecfdeca0d2b4eec88dea2f54cd4ed0fe204e32,2015-08,Essex Police,Essex Police,0.516858,51.617616,On or near SILVER WAY,E01021338,Basildon 005C,Investigation complete; no suspect identified
706698d8ffec2218c3384644a18a5810cb815eb45733e3d95380a881e9c315f7,2015-08,Essex Police,Essex Police,1.024612,51.807263,On or near OPHIR ROAD,E01021982,Tendring 011D,Investigation complete; no suspect identified
948ba3832c0ebcad218885266e4b9d145d1ce61b90769bdeb343f48e79ff4c7e,2015-08,Essex Police,Essex Police,0.697892,51.536986,On or near HADLEIGH ROAD,E01015853,Southend-on-Sea 015C,Investigation complete; no suspect identified
047845504c033ab3b96884ad4c5a9b688c8fcd35fa69f76ca049d71d93ba13a4,2015-08,Essex Police,Essex Police,0.078833,51.616192,On or near THE CHASE,E01021767,Epping Forest 017D,Investigation complete; no suspect identified
ae984a5572d7f566e3d716842678e9af9cfff0eb82e78a6edb234694c8e208d8,2015-08,Essex Police,Essex Police,0.273833,51.663036,On or near FOX HATCH,E01021444,Brentwood 001D,Investigation complete; no suspect identified
36bcb91bbd46d51fcb23474bdc3ce7b8d4d0273e7234bf8e32df1a384c350561,2015-08,Essex Police,Essex Police,0.198019,51.898106,On or near MOUNT DRIVE,E01022086,Uttlesford 006A,Investigation complete; no suspect identified
6845789fbbe1df3aafaca2163220a1ea578918d7aedf09d4830143bfb468180d,2015-08,Essex Police,Essex Police,0.697892,51.536986,On or near HADLEIGH ROAD,E01015853,Southend-on-Sea 015C,Investigation complete; no suspect identified
68bce8cef75309c13891838cb116b32afb70753d468fa7e5157ae1f994398cca,2015-08,Essex Police,Essex Police,0.563802,51.542612,On or near FERRY ROAD,E01021522,Castle Point 007C,Investigation complete; no suspect identified
6f4599a6a45b48bb8758aca626e152f983e5c7b6fe8d038061cbca8746640aba,2015-08,Essex Police,Essex Police,0.289087,51.515417,On or near AYRON ROAD,E01015973,Thurrock 006D,Investigation complete; no suspect identified
b70cde3b0cf1e04a5abb2042e52a5dcb6139d2171836918e825e777289b2fa60,2015-08,Essex Police,Essex Police,0.496090,51.741851,On or near TIMSONS LANE,E01021626,Chelmsford 007E,Investigation complete; no suspect identified
a88baae9708df868eeb68e4535f19e1125e7068f482a65cc45348f24bd7cdf67,2015-08,Essex Police,Essex Police,0.439417,51.566813,On or near MANDEVILLE WAY,E01021282,Basildon 021C,Investigation complete; no suspect identified
8e860c6726f90a50701aac390872f4de2b7e1380f360cb9465a8fe236492f38f,2015-08,Essex Police,Essex Police,0.289087,51.515417,On or near AYRON ROAD,E01015973,Thurrock 006D,Investigation complete; no suspect identified
0f07f390ed74299c50bda6ade8ddc77dc7db9b23d501cd2aafbe2d6ef7eb906a,2015-08,Essex Police,Essex Police,0.343882,51.469539,On or near THURROCK PARK WAY,E01016003,Thurrock 018A,Investigation complete; no suspect identified
cd8783e3148fabb95e9a2eb230cc3ad6946701f68c2f0ef395382eaf0730aa29,2015-08,Essex Police,Essex Police,0.030938,51.624693,On or near Petrol Station,E01021745,Epping Forest 015D,Investigation complete; no suspect identified
17371b9a6508f2bbb9b357a0e7ebda1bcf3ab7c2191c85c9f3d1ae4d458c0482,2015-08,Essex Police,Essex Police,0.451568,51.563609,On or near EASTLEY,E01021297,Basildon 020D,Investigation complete; no suspect identified
a16a5f08bcc4a549ac53d67514b42eb9d903b7915421905ca9a26bb848e8b41a,2015-08,Essex Police,Essex Police,0.092636,51.771302,On or near Nightclub,E01021872,Harlow 007E,Investigation complete; no suspect identified
43e42d5458edaf8e9f097e1ca27af6f0aa2a638c83772b5fd56e96cf8072ee45,2015-08,Essex Police,Essex Police,0.696543,51.537341,On or near RETREAT ROAD,E01015856,Southend-on-Sea 015F,Investigation complete; no suspect identified
7f7f5411d1b92ce7ca1e1c23d96ed6968ce866821f269264042e473cf3baad91,2015-08,Essex Police,Essex Police,0.467833,51.573791,On or near SHORT ACRE,E01021266,Basildon 015A,Investigation complete; no suspect identified
55759ef7d3c67bf23f409d45fff0582da6b5a408fdbf1454a59b6ea3ed44d7ce,2015-08,Essex Police,Essex Police,1.120185,51.782944,On or near JAYWICK LANE,E01022036,Tendring 017C,Investigation complete; no suspect identified
7f40912763a56139f8c3f77e635e342f423171d4e6ff637e74c31b4d681f2671,2015-08,Essex Police,Essex Police,0.432912,51.570113,On or near TURNER CLOSE,E01021292,Basildon 017B,Investigation complete; no suspect identified
2df8794ad9b37ebb617c73a82fcbaafccbab3d182a93606d89339bcf6eef2d99,2015-08,Essex Police,Essex Police,0.295639,51.522744,On or near CANTERBURY PARADE,E01015971,Thurrock 006B,Investigation complete; no suspect identified
239e6ac105bf197f9dc7f035e383a6b525e886bda2b8763c74fc463cdafd8b18,2015-08,Essex Police,Essex Police,0.094895,51.778141,On or near GLADWIN WAY,E01021853,Harlow 003E,Investigation complete; no suspect identified
7144b402460f1a747f433fce8787006b33926743b54fb2ba721c9cf2b9c366dd,2015-08,Essex Police,Essex Police,0.901325,51.890172,On or near GEORGE STREET,E01021649,Colchester 007D,Investigation complete; no suspect identified
3a966df7188dc4445d2a95cfd7cc7b649f80dda6ccc7829e9a999cfc25458197,2015-08,Essex Police,Essex Police,0.500938,51.570832,On or near Pedestrian Subway,E01021305,Basildon 013D,Investigation complete; no suspect identified
8ff00dd3407d18444721576a379d0257a5467ead472b596a0a2f2d3714e6f578,2015-08,Essex Police,Essex Police,0.786023,51.833118,On or near Petrol Station,E01021643,Colchester 019A,Investigation complete; no suspect identified
327657e7bc5abfec0f9fa7e4f24900fa5985be6a77b366a2c880e00852af8ec8,2015-08,Essex Police,Essex Police,0.423310,51.583298,On or near VICTORIA CRESCENT,E01021274,Basildon 010D,Investigation complete; no suspect identified
6022834acf49b023429f7869610d8b4840bbc06a3642d5a5ca8417ba3a82206a,2015-08,Essex Police,Essex Police,0.284490,51.487772,On or near Shopping Area,E01016011,Thurrock 015B,Investigation complete; no suspect identified
942b6e572a7ed887e6d97e8dd38a5cbcf906bdb281aa9dd1ed8249f192c90157,2015-08,Essex Police,Essex Police,0.900942,51.896630,On or near CATCHPOOL ROAD,E01021647,Colchester 007B,Investigation complete; no suspect identified
9219a7d00924827aedbb721cee5f68be36fd5420a765a3234c6505c7a10baf63,2015-08,Essex Police,Essex Police,0.784211,51.538980,On or near THE DRAKES,E01015882,Southend-on-Sea 013G,Investigation complete; no suspect identified
0299746d67fedd37517f8e5c3c19c54b26b44bef8544d1de3ab97fded42b826b,2015-08,Essex Police,Essex Police,0.426263,51.731767,On or near Petrol Station,E01021633,Chelmsford 011C,Investigation complete; no suspect identified
37980945478a3fee5c0d685887496d0c196498df653c89810a823228aec6a04d,2015-08,Essex Police,Essex Police,0.540278,51.883542,On or near PORTERS FIELD,E01021358,Braintree 008C,Investigation complete; no suspect identified
7609457a59cc6cae3aac73907ade756a7788186245469e75ed5753ac24811fb6,2015-08,Essex Police,Essex Police,0.276223,51.506881,On or near FOYLE DRIVE,E01015928,Thurrock 007B,Investigation complete; no suspect identified
38c287cbf16f1834d3bdfeae85d2685fca5be7d9cc337ebbf7525d9e4877a42a,2015-08,Essex Police,Essex Police,0.581629,51.688192,On or near Sports/Recreation Area,E01021533,Chelmsford 016A,Investigation complete; no suspect identified
a115f21bc96d1ed505dc971c56a1b68923be696a400fd3d0249f41c275f032d7,2015-08,Essex Police,Essex Police,0.394504,51.473543,On or near CHURCH ROAD,E01015950,Thurrock 013D,Investigation complete; no suspect identified
91f1a556ca82d10397da8120ee02acbb2bfa347ca469d7db3d4fc67236c7a40a,2015-08,Essex Police,Essex Police,0.639677,51.806386,On or near ALBERT ROAD,E01021416,Braintree 017B,Investigation complete; no suspect identified
3daa0f40913e1507a76278a023176b8c2941cb756dbfbb9f7089a890fc72dce0,2015-08,Essex Police,Essex Police,0.907575,51.864054,On or near STANSTED ROAD,E01021638,Colchester 018B,Investigation complete; no suspect identified
2114b0b321dc08efb125e178d23853ffbca458257561ca9788cc994d686e8d58,2015-08,Essex Police,Essex Police,0.375056,51.492519,On or near RAVENCROFT,E01015938,Thurrock 012F,Investigation complete; no suspect identified
55fbd1a581c3469a31002ad3d9ccb2ccbd7d736ecfb2b72c3caec554517f1c87,2015-08,Essex Police,Essex Police,0.467182,51.577222,On or near FALKENHAM RISE,E01021266,Basildon 015A,Investigation complete; no suspect identified
8366412fd99e8726b8f4c98a0769bcf3a22878a37c24867d50b128ef67869840,2015-08,Essex Police,Essex Police,0.713474,51.534918,On or near MARKET PLACE,E01015852,Southend-on-Sea 015B,Investigation complete; no suspect identified
4dfdbf1b0a7eb41a9482dc7c41d2560df11083c820c0e1ce7a83e521d67974b6,2015-08,Essex Police,Essex Police,0.506467,51.564041,On or near Shopping Area,E01021310,Basildon 022B,Investigation complete; no suspect identified
ee6f84a46677aca33c281b22c4e7291af0693907ec2846753d94e952fbb20889,2015-08,Essex Police,Essex Police,1.080553,51.773584,On or near CLUB PARADE,E01022045,Tendring 018D,Investigation complete; no suspect identified
579e7abde228dbe1dc7c468c2213a372c2ca45fbcc36093bc63c7f2ca4a5752a,2015-08,Essex Police,Essex Police,0.898501,51.890107,On or near ST RUNWALD STREET,E01021649,Colchester 007D,Investigation complete; no suspect identified
f22de5747f58a52ecdc4514dcd35a61f7206918aa45f4a8fd7ca6e579981a6bc,2015-08,Essex Police,Essex Police,0.624036,51.641098,On or near COLLINGWOOD ROAD,E01021605,Chelmsford 020A,Investigation complete; no suspect identified
d0f4025ac8770aeac3d0a7468e89567ceeec533a921117dddcb81451457c9532,2015-08,Essex Police,Essex Police,0.649115,51.797136,On or near PERRY WAY,E01021415,Braintree 017A,Investigation complete; no suspect identified
badfbab3ee6445b8b17aab0b9e88d0faa550e93eacd0339ae1fed285727db2c7,2015-08,Essex Police,Essex Police,0.649115,51.797136,On or near PERRY WAY,E01021415,Braintree 017A,Investigation complete; no suspect identified
2a1ee5fbf7c1811acf6bd72ae431c41d5ac3ff67c83a11d8fc36ce89e60f77a3,2015-08,Essex Police,Essex Police,0.293520,51.482298,On or near MAYFLOWER ROAD,E01033610,Thurrock 019B,Investigation complete; no suspect identified
334fde9242acf3e32c90b5ba37d5c908b9bb735b553f2b041b521ce12745c4e4,2015-08,Essex Police,Essex Police,0.330605,51.477142,On or near BRIDGE ROAD,E01015952,Thurrock 017B,Investigation complete; no suspect identified
34021f8f6264fc915ba397bcbae0ce3588a3fd6a06ca7edbe3f1fd4857e1813a,2015-08,Essex Police,Essex Police,1.271222,51.847894,On or near PATERNOSTER ROW,E01022056,Tendring 006E,Investigation complete; no suspect identified
f2ebcc267d68f24ab76106e519486b4565213e15fcaccc5231a29b85121f18cf,2015-08,Essex Police,Essex Police,0.449076,51.751357,On or near Sports/Recreation Area,E01021601,Chelmsford 003E,Investigation complete; no suspect identified
dfe5e8ce074a0976fa59f685c9dbe88ea80cd5c04d36f0b045877a76ae142d6f,2015-08,Essex Police,Essex Police,0.374912,51.466190,On or near ARNOLD PLACE,E01016008,Thurrock 018F,Investigation complete; no suspect identified
e77150fde9eeb8aead8ea10aeca426e5d29c3cdcbc507c1db00f9fb8bd85f80a,2015-08,Essex Police,Essex Police,0.309063,51.797510,On or near HOLLOWAY CRESCENT,E01022096,Uttlesford 009D,Investigation complete; no suspect identified
ce0d7ae5b559d4e9d8ea98418365e7d5d5d3e01ebe7be1f52a35d2a103e678b1,2015-08,Essex Police,Essex Police,0.327866,51.496874,On or near HARTY CLOSE,E01015994,Thurrock 009D,Investigation complete; no suspect identified
f25586292ebaac23593f79fc02e35d9aca2368bf7a3e62414119b18996a16502,2015-08,Essex Police,Essex Police,0.261741,51.889938,On or near Airport/Airfield,E01022090,Uttlesford 006B,Investigation complete; no suspect identified
883a070775fe67174934d85884955eac2ea1a1510bcba531ef3aa7fbe36b017f,2015-08,Essex Police,Essex Police,0.494965,51.581409,On or near HOLBECH ROAD,E01021269,Basildon 012C,Investigation complete; no suspect identified
d94f94e1281462247a0a16ece2e0945fb89e59c77a519eff7db6ff51cb7908ab,2015-08,Essex Police,Essex Police,0.787419,51.526330,On or near MAGAZINE ROAD,E01015876,Southend-on-Sea 013A,Investigation complete; no suspect identified
13111b92db51bbc1ffcabd40c204d79b8192e6b05b2cc966ba56a61b92f441b3,2015-08,Essex Police,Essex Police,0.319731,51.477969,On or near Parking Area,E01015953,Thurrock 017C,Investigation complete; no suspect identified
7d99754ec1361b6acd9813a8ceab0e9efd67272c0fee04898adfece8ce6c498e,2015-08,Essex Police,Essex Police,0.648094,51.549390,On or near BELFAIRS DRIVE,E01015815,Southend-on-Sea 003B,Investigation complete; no suspect identified
caabdc432c16011f01db76524233ac76a949f11259666369e9d9eadc6352540f,2015-08,Essex Police,Essex Police,1.143031,51.803472,On or near STANMORE CLOSE,E01022022,Tendring 013D,Investigation complete; no suspect identified
aa4b3ceeb0bfa8cc93a8ad977b653f72b5eafa4cede4b860d42e8002d871bc7c,2015-08,Essex Police,Essex Police,0.582053,51.515465,On or near MAGNOLIA CLOSE,E01021500,Castle Point 012E,Investigation complete; no suspect identified
c3b1b713571e6c2e4608a5e1783fef13e7e5b82b78632d7fd1780879730b3d48,2015-08,Essex Police,Essex Police,0.895674,51.887964,On or near CHURCH WALK,E01021649,Colchester 007D,Investigation complete; no suspect identified
10731d55db91356f7a43ceaf4f4d6f8406b8cc797d20b4e68e471707679d42a7,2015-08,Essex Police,Essex Police,0.465864,51.736383,On or near Theatre/Concert Hall,E01021574,Chelmsford 010A,Investigation complete; no suspect identified
8c1c7ff7c56f3c110bb2ec684732e76302629815869666b8973efd2d931bf9fb,2015-08,Essex Police,Essex Police,0.700639,51.836991,On or near HIGH STREET,E01021402,Braintree 014E,Investigation complete; no suspect identified
deb59fe53b82fbaa96efeeb91fd9534ce0d4496dc3ca643ca4deb6be62427346,2015-08,Essex Police,Essex Police,0.550382,51.879259,On or near Supermarket,E01021365,Braintree 009D,Investigation complete; no suspect identified
fcabb0ddbff0e393624f62661aea9aae393edd7d79ff43c6a3fe358bd1935bc0,2015-08,Essex Police,Essex Police,0.647925,51.796128,On or near PERRY ROAD,E01021415,Braintree 017A,Investigation complete; no suspect identified
e5f92bf3a5fbc01f99c0bf0b2f090b16f57d08e0861ce60d2637762309fee6d9,2015-08,Essex Police,Essex Police,0.732404,51.660147,On or near RECTORY LANE,E01021875,Maldon 007C,Investigation complete; no suspect identified
1f23142b81c8cb68bb5662c4a281593f6e7933e6dee15ae631d63449dad702f7,2015-08,Essex Police,Essex Police,0.719697,51.537463,On or near HILLCREST ROAD,E01015841,Southend-on-Sea 014C,Investigation complete; no suspect identified
44007e887dccf5679734fb8878060be27fe434104fe10c8a396b22aa63e64aaf,2015-08,Essex Police,Essex Police,0.910661,51.856279,On or near SEXTON CLOSE,E01021658,Colchester 016B,Investigation complete; no suspect identified
01f7df14e8a07fc70f7980e36938ada75edf309f9aaee0ed14e36bc4e9a6493a,2015-08,Essex Police,Essex Police,0.472687,51.711194,On or near GOSHAWK DRIVE,E01021557,Chelmsford 015A,Investigation complete; no suspect identified
0f3ac5c46eb960a9ec74b32b915053427bbaf68ec9a34d95615b375c58aad200,2015-08,Essex Police,Essex Police,0.697881,51.536078,On or near WINTON AVENUE,E01015853,Southend-on-Sea 015C,Investigation complete; no suspect identified
ecc3b63ffffc3127f9fe3c7c9288304c85459b5d50c03532c10705df6107f5c5,2015-08,Essex Police,Essex Police,0.469643,51.735818,On or near DUKE STREET,E01033141,Chelmsford 010G,Investigation complete; no suspect identified
9411eb18ea721ba0593cf5991ceee973103819e09ea308091d3d240c25840045,2015-08,Essex Police,Essex Police,0.714390,51.538674,On or near Parking Area,E01015852,Southend-on-Sea 015B,Investigation complete; no suspect identified
f8c18cd9d5d992c2cd2625b2faeab9819e71cf27cb6aa10462fc9bcb728bf3bc,2015-08,Essex Police,Essex Police,0.451568,51.563609,On or near EASTLEY,E01021297,Basildon 020D,Investigation complete; no suspect identified
2ecc555d4424834e369e0ef8eccd0b26d7f3842f1d18a337b6bc8fbf74a0b1fb,2015-08,Essex Police,Essex Police,0.718833,51.536035,On or near HORACE ROAD,E01015841,Southend-on-Sea 014C,Investigation complete; no suspect identified
49a384254b27bc6ff5e4d7f74cf7410d2fe00194f56f306678410f545df15b13,2015-08,Essex Police,Essex Police,0.461228,51.569334,On or near Pedestrian Subway,E01021318,Basildon 015C,Investigation complete; no suspect identified
41663c67ac7f14cd94c5e2ec7548d15eb87bf0bb9693384848add3377f75c409,2015-08,Essex Police,Essex Police,0.718833,51.536035,On or near HORACE ROAD,E01015841,Southend-on-Sea 014C,Investigation complete; no suspect identified
551ee564d09ba91cc923cd0b5a77d8938bd093fe94c434d721405e8d23feaa4f,2015-08,Essex Police,Essex Police,0.794193,51.530054,On or near HINGUAR STREET,E01015877,Southend-on-Sea 013B,Investigation complete; no suspect identified
83ae382de4963f81bbbbfe045d962f4914e4dd0276ca67eb168554a06d414ab3,2015-08,Essex Police,Essex Police,1.153340,51.787393,On or near Nightclub,E01022025,Tendring 016B,Investigation complete; no suspect identified
206b4e5d898991deed175bb325e0e3f96136e925cf8309a8d05e6080c12b716d,2015-08,Essex Police,Essex Police,0.407665,51.631383,On or near WHINHAMS WAY,E01021246,Basildon 002B,Investigation complete; no suspect identified
f4a1fbb1bf33cecf73d422378785b0f909eb0b045840a4cd72a2912044cd6961,2015-08,Essex Police,Essex Police,0.002090,51.675960,On or near Park/Open Space,E01021806,Epping Forest 009A,Investigation complete; no suspect identified
c022ece7399ef53605cc88ae089c7cd65b1eabd490543609d4b64b1ac264e2d8,2015-08,Essex Police,Essex Police,0.132120,51.762401,On or near KINGSDON LANE,E01021834,Harlow 008B,Investigation complete; no suspect identified
8bbbaf009e70ed4949617bfd1bb3cd500f4347712f9a8c23f44944437829e3cb,2015-08,Essex Police,Essex Police,1.153340,51.787393,On or near Nightclub,E01022025,Tendring 016B,Investigation complete; no suspect identified
69ec5a0d553bd82165e58b736e9f2ebdfab7ad0c87c30b2b305016bbdee49dc7,2015-08,Essex Police,Essex Police,0.717736,51.534325,On or near HERBERT GROVE,E01015852,Southend-on-Sea 015B,Investigation complete; no suspect identified
951ca1ed205519a826d53bac0ac3d0433bc965319648975d917cec213b1a2ab9,2015-08,Essex Police,Essex Police,0.775287,51.542582,On or near WITHYPOOL,E01015914,Southend-on-Sea 017A,Investigation complete; no suspect identified
50f3e37d09b7e669142b18b41342cf522fe9ba2bfc9906c3b5f61df1eef52111,2015-08,Essex Police,Essex Police,0.446683,51.525283,On or near Supermarket,E01015983,Thurrock 002B,Investigation complete; no suspect identified
47ec9979ac5c836e5cf96afa570af0d6b013b1efe29d68590864c5a9d54f7a4d,2015-08,Essex Police,Essex Police,0.455687,51.581672,On or near Pedestrian Subway,E01021268,Basildon 015B,Investigation complete; no suspect identified
90218448d531a32e3ecb39ede97660f551de3b47d08e194f8f1e9ff29bb8256d,2015-08,Essex Police,Essex Police,0.238430,51.713392,On or near AUKINGFORD GARDENS,E01021802,Epping Forest 004D,Investigation complete; no suspect identified
6f60ca54d436ab5e8eb3912b31a4b89d7c0fd980400e8d9c704f0f61d41645ee,2015-08,Essex Police,Essex Police,0.275564,51.489033,On or near Supermarket,E01016012,Thurrock 015C,Investigation complete; no suspect identified
8bbc37e7b046e1204aa080dab1fca6b32deba7aa44338e690ca87b3a529f744e,2015-08,Essex Police,Essex Police,0.501584,51.578651,On or near BOCKINGHAM GREEN,E01021302,Basildon 013B,Investigation complete; no suspect identified
aadea5f76e4667bc7e076e7633a5147976f3f1fc5200ee7e656be9cb2b8af590,2015-08,Essex Police,Essex Police,0.469643,51.735818,On or near DUKE STREET,E01033141,Chelmsford 010G,Investigation complete; no suspect identified
af7dfce5dba6063d109ad15f7c93db0c56c63c9b222666e7b7744d22366259c0,2015-08,Essex Police,Essex Police,0.699731,51.561236,On or near KEITH WAY,E01015866,Southend-on-Sea 002D,Investigation complete; no suspect identified
ce302462f8b5fdb132d8b1a6f4930ae871499c3af65a147e9fbdf6da59e937ff,2015-08,Essex Police,Essex Police,0.506941,51.572925,On or near WINIFRED ROAD,E01021304,Basildon 013C,Investigation complete; no suspect identified
77a5248b7fa53256b9bfd9f33593058ac79a9b8ad463e8884185b6c2e33a11ca,2015-08,Essex Police,Essex Police,0.303827,51.619195,On or near ALFRED ROAD,E01021436,Brentwood 007B,Investigation complete; no suspect identified
2bc057e21a9fce28cc02d89175cf602cf7af6369740f83c3ee400c6f080d2fef,2015-08,Essex Police,Essex Police,0.345326,51.637573,On or near GRAHAM CLOSE,E01021453,Brentwood 005B,Investigation complete; no suspect identified
7291bbef976c4180e9101cd4fc8a691d073b10dde2f45185b7b1facbff468c98,2015-08,Essex Police,Essex Police,0.784918,51.540159,On or near DOVECOTE,E01015882,Southend-on-Sea 013G,Investigation complete; no suspect identified
792bf364bf8f5ff3309b94af7bb574fe9a2c7931b763344c664df64e16b3aa0e,2015-08,Essex Police,Essex Police,0.773181,51.528583,On or near CRANLEY GARDENS,E01015919,Southend-on-Sea 017F,Investigation complete; no suspect identified
68b0594b1f83acc591d23b5cb9e170c2a520282827d52a6e14eb3bb2d5c805dd,2015-08,Essex Police,Essex Police,0.296900,51.613332,On or near VICTORIA ROAD,E01021439,Brentwood 007C,Investigation complete; no suspect identified
cfed44b5efcf84c12346247c8931d86f7e5b87dd1b346a9a6d678a2c79419e52,2015-08,Essex Police,Essex Police,0.240754,52.027681,On or near CATONS LANE,E01022078,Uttlesford 002C,Investigation complete; no suspect identified
04f59a357f1a1f4de9a23b033b883383b78925233f3c69d762fb4886647ebe8a,2015-08,Essex Police,Essex Police,0.261417,51.506475,On or near PARK LANE,E01015924,Thurrock 008C,Investigation complete; no suspect identified
83a17c3abfaad4a04e9e78a2344ef7ab42a9487f395db92c9d2fda90320d52a0,2015-08,Essex Police,Essex Police,0.354506,51.628414,On or near BOURNEBRIDGE CLOSE,E01021449,Brentwood 003B,Investigation complete; no suspect identified
0e771eeba8e30bc9c36dc83293c5e80f1a2d5435547353370a5afbcac16a3a2b,2015-08,Essex Police,Essex Police,0.899199,51.888534,On or near TRINITY STREET,E01021649,Colchester 007D,Investigation complete; no suspect identified
ae2ba2fb2f2df9137f8b0e12c221cb5c4f3210053d156e40100a8de0a73e365b,2015-08,Essex Police,Essex Police,0.257165,51.503553,On or near AVELEY BY-PASS,E01015923,Thurrock 008B,Investigation complete; no suspect identified
37e71ada7df376e8dcc8dcd471cac8f3855e397aeb3b571279ecf4dd9f65541f,2015-08,Essex Police,Essex Police,0.082968,51.661055,On or near CHESTER CLOSE,E01021774,Epping Forest 011A,Investigation complete; no suspect identified
023d6fb90276c15278b8bcf4382ebcac808b8657e718edaab6171a98d658b638,2015-08,Essex Police,Essex Police,0.868942,51.839299,On or near FIELDS FARM ROAD,E01021644,Colchester 019B,Investigation complete; no suspect identified
95c7e3793995d03bce115388d554ffd73ab3aa315ba912a16df4cc65f75b64f2,2015-08,Essex Police,Essex Police,1.154305,51.793321,On or near STATION ROAD,E01022027,Tendring 016D,Investigation complete; no suspect identified
02ea599509b73de01e454b5d7640f4328114059822257ec56412a269cf8d72f1,2015-08,Essex Police,Essex Police,0.447684,51.582352,On or near Sports/Recreation Area,E01021268,Basildon 015B,Investigation complete; no suspect identified
d13c3463cd6f6b1282568f74ec36fe0e56a6b8f9e3d18761839ca38790d9e995,2015-08,Essex Police,Essex Police,0.879465,51.879036,On or near ALPORT AVENUE,E01021713,Colchester 015C,Investigation complete; no suspect identified
efccbd5bed7e47121639f836ccc7db7b63230fe0d13b2e4f4ca5f61967ba521b,2015-08,Essex Police,Essex Police,0.895335,51.889691,On or near BALKERNE GARDENS,E01021646,Colchester 007A,Investigation complete; no suspect identified
c7a64ec0ed6ac429edf6049428898b6a0828c1100f2910ff1e3efd9b16091b26,2015-08,Essex Police,Essex Police,0.673996,51.539692,On or near RIDGEWAY GARDENS,E01015830,Southend-on-Sea 012D,Investigation complete; no suspect identified
d48be2c243dce1a635a51821c5f6e6c724be46963a1860dbce4bf6bbc39e3d77,2015-08,Essex Police,Essex Police,0.292669,51.633128,On or near BISHOP'S HALL ROAD,E01021464,Brentwood 004E,Investigation complete; no suspect identified
618192903d301a68dd6512a0743fcb10cc95b768b2454c97da2c51bb64e0a3a1,2015-08,Essex Police,Essex Police,0.098483,51.748312,On or near Supermarket,E01021860,Harlow 010D,Investigation complete; no suspect identified
f501ce612c709e4f047d8fff4cf77f4586cbc0383cda974df7bc48cacc3ecc10,2015-08,Essex Police,Essex Police,0.919206,51.898508,On or near SUFFOLK CLOSE,E01021702,Colchester 022D,Investigation complete; no suspect identified
e81f74ecf47398a38b00562a9330d089477570d1a54d56a23956154993ebff7e,2015-08,Essex Police,Essex Police,1.029738,51.798245,On or near NORTH WALL,E01022046,Tendring 011E,Investigation complete; no suspect identified
4b8da26f5535d14dca9cbb5a244153ca4f1d0bf9631b1a2b39e6838b7c67b05b,2015-08,Essex Police,Essex Police,0.490048,51.755774,On or near GAIGER CLOSE,E01021617,Chelmsford 004B,Investigation complete; no suspect identified
1a12bc14703963d5c232c3ef722cb5d8c1d58ed4bd8ce2805a5fe01da474b71d,2015-08,Essex Police,Essex Police,0.733205,51.747617,On or near WASH LANE,E01021882,Maldon 002A,Investigation complete; no suspect identified
4aaaca1626b6ecdaff60cd1dd1ee2dc12b3625f0e30ec2096038331ae9f295a5,2015-08,Essex Police,Essex Police,0.732404,51.660147,On or near RECTORY LANE,E01021875,Maldon 007C,Investigation complete; no suspect identified
57b32f7da3c7daf7790fd4f79d3fa0bdb3fa63e7a731fe78d5fb08c740805210,2015-08,Essex Police,Essex Police,0.643314,51.558744,On or near Parking Area,E01015817,Southend-on-Sea 003D,Investigation complete; no suspect identified
6901e28a7353025324bd327431eb6404e48173a72984ef14024a76945c6ce735,2015-08,Essex Police,Essex Police,0.375717,51.488611,On or near INGLEBY ROAD,E01015936,Thurrock 012D,Investigation complete; no suspect identified
0e91435a25a1470e573ec975fd8f134939584611e6657a53c9f54cca2bf187ed,2015-08,Essex Police,Essex Police,0.674543,51.539428,On or near THE RIDGEWAY,E01015830,Southend-on-Sea 012D,Investigation complete; no suspect identified
2ec87d6846aaf6ea8e4b11ca2e55566ed9fcfee9bbf28dcfa876d7d8be9a93d5,2015-08,Essex Police,Essex Police,0.622339,51.844078,On or near MAGDALENE CRESCENT,E01021360,Braintree 012A,Investigation complete; no suspect identified
6d6c0b92b0e79828898881182c28808c830429458b8dee0d8b9590c25912ced4,2015-08,Essex Police,Essex Police,0.694876,51.550618,On or near HIGHFIELD CLOSE,E01015860,Southend-on-Sea 004D,Investigation complete; no suspect identified
fa9c7ea9a6ccc2a57d807a6eed2d873884aba6587c560db553253e355aeb0642,2015-08,Essex Police,Essex Police,0.700083,51.562793,On or near DEREK GARDENS,E01015867,Southend-on-Sea 002E,Investigation complete; no suspect identified
0cc9ae60612867e8c05ffa4b52c2e42987f86ef7c7e714fe8c443bb7ee4417b6,2015-08,Essex Police,Essex Police,0.332048,51.621030,On or near BOWHAY,E01021456,Brentwood 009D,Investigation complete; no suspect identified
316ece4c8beaa935fe0b5f8de993479e78b29183cd51155d977f237c5ebc2c33,2015-08,Essex Police,Essex Police,0.483178,51.559815,On or near GAMBLESIDE,E01021325,Basildon 019D,Investigation complete; no suspect identified
ef99fb7a9c8558955d3810c949906e7ba44392b6313b240c6564aa742faead91,2015-08,Essex Police,Essex Police,0.260427,51.935277,On or near CHICKNEY ROAD,E01022062,Uttlesford 005A,Investigation complete; no suspect identified
d7795729ecf521a700be1cfc9c87706e4b22d5ac556d4287493e5d8a5a95a2d9,2015-08,Essex Police,Essex Police,0.259383,51.501775,On or near PARK LANE,E01015926,Thurrock 008E,Investigation complete; no suspect identified
bf58692d47f391678abf910962f1f1df00573e84fd6944fdeb5fc7d5c717d4b4,2015-08,Essex Police,Essex Police,0.928291,51.879728,On or near KING EDWARD QUAY,E01021685,Colchester 011C,Investigation complete; no suspect identified
1a3e1c6816d06fce23ef8355fdc97094532284cdb0a2fe725ead873ddb15de63,2015-08,Essex Police,Essex Police,0.460744,51.564658,On or near CODENHAM GREEN,E01021296,Basildon 020C,Investigation complete; no suspect identified
9e2c527bd1f0121600df96d28c9b6e96fa36882c8029f1058dd833a1b5f43bbc,2015-08,Essex Police,Essex Police,0.515316,51.580570,On or near RIFFAMS DRIVE,E01021309,Basildon 011E,Investigation complete; no suspect identified
cfd4be8cb21e83ee9e18f87505fa2de4c66c3775c6fffd922b3bbd84b1ff856f,2015-08,Essex Police,Essex Police,0.362838,51.665271,On or near TRUELOVES LANE,E01021457,Brentwood 002A,Investigation complete; no suspect identified
7cf237f29190b812ec08274f9df5d199f57d77bedf69a7be48a91bd7fcf1466d,2015-08,Essex Police,Essex Police,0.289087,51.515417,On or near AYRON ROAD,E01015973,Thurrock 006D,Investigation complete; no suspect identified
748fcd174ef523f1b01e0007fad3b27e5820cef452a52f06d04156cc7421e30d,2015-08,Essex Police,Essex Police,0.502108,51.573739,On or near MILL GREEN,E01021306,Basildon 013E,Investigation complete; no suspect identified
180c0548288a3828fa04b1d531bac6b1bc1bfadf7ba83a5831bc73e194d01566,2015-08,Essex Police,Essex Police,0.605866,51.577047,On or near BROOK ROAD,E01021965,Rochford 009E,Investigation complete; no suspect identified
28ba320d6873a8762eecc22104249c6e8c48e24eeb4a3e6c3b19ab6aaa3aa203,2015-08,Essex Police,Essex Police,1.229261,51.923195,On or near BAY VIEW CRESCENT,E01021992,Tendring 004B,Investigation complete; no suspect identified
572703cd171a0e6201eef8a79f630ec106496dfe621367ef78dac67f97219973,2015-08,Essex Police,Essex Police,0.500496,51.581193,On or near LITTLEBURY COURT,E01021307,Basildon 011C,Investigation complete; no suspect identified
ba4b6f16139abec0cf58df14685f961f8e159707f8dd91439f997d57345a9a98,2015-08,Essex Police,Essex Police,0.441225,51.753813,On or near TUPMAN CLOSE,E01021600,Chelmsford 003D,Investigation complete; no suspect identified
e712a009f017fb03763645ebc4d60c6b453352d14dfcdeec1610ed7a8b393bba,2015-08,Essex Police,Essex Police,1.029738,51.798245,On or near NORTH WALL,E01022046,Tendring 011E,Investigation complete; no suspect identified
e508833447713c8489b7a4c98823264bbd12d261dced6fabcac32245b79148c4,2015-08,Essex Police,Essex Police,0.498307,51.573379,On or near CHESHUNTS,E01021306,Basildon 013E,Investigation complete; no suspect identified
68e72c9514219bb4a85f51cc9e4f0fb5bd80992732bb1a601fc91959c28bf9f2,2015-08,Essex Police,Essex Police,0.700091,51.560238,On or near FAIRLAWN GARDENS,E01015866,Southend-on-Sea 002D,Investigation complete; no suspect identified
ddab03195a7b49553cff22a1ca07e3e661f3a7f297868dac7e8f7d8ffad72d23,2015-08,Essex Police,Essex Police,0.138642,51.761491,On or near BURLEY HILL,E01021825,Harlow 005B,Investigation complete; no suspect identified
3d3aa9e2c729066f3afdfed3150981e1c19b55812475fdad186c5fcfbf0adc18,2015-08,Essex Police,Essex Police,0.422875,51.515408,On or near Parking Area,E01015989,Thurrock 005A,Investigation complete; no suspect identified
1bcfa5193857780c7d2b703d602f30db35c26ed0ee0c4902ebcfca24d9b9c68e,2015-08,Essex Police,Essex Police,0.749765,51.537688,On or near THURLOW DRIVE,E01015890,Southend-on-Sea 016B,Investigation complete; no suspect identified
dde75823f9f20a653d2efab20b4e7fcf7a1a3a0eff713775d3cad5e75e695506,2015-08,Essex Police,Essex Police,0.074083,51.607365,On or near STRADBROKE DRIVE,E01021766,Epping Forest 017C,Investigation complete; no suspect identified
2bcf61d6fb02155f27d3852135d480a2b3f46d8b359feff954c13ad0f011b8cd,2015-08,Essex Police,Essex Police,0.595699,51.804254,On or near PEG MILLAR'S LANE,E01021348,Braintree 018A,Investigation complete; no suspect identified
16da31e0a16f093340880e94f48351ad2446135fdd81db57fd1362cdd1bfbedd,2015-08,Essex Police,Essex Police,0.475802,51.698511,On or near Supermarket,E01021553,Chelmsford 017B,Investigation complete; no suspect identified
99dd2565ab0c3e30a851a34e32dcbb4660015220f5a16625405e6ea8722293b8,2015-08,Essex Police,Essex Police,0.887497,51.867201,On or near ILEX CLOSE,E01033723,Colchester 015G,Investigation complete; no suspect identified
eecb08ac177867b31d1b62e188164b7cf963286d2fff9ee0980d50cbee9a4fc9,2015-08,Essex Police,Essex Police,1.080553,51.773584,On or near CLUB PARADE,E01022045,Tendring 018D,Investigation complete; no suspect identified
d0e2658b8ff34653b9625bd540048338b40fc741cc58dc6aafb67f5883511cdf,2015-08,Essex Police,Essex Police,0.291201,51.477119,On or near SOUTH VIEW ROAD,E01016011,Thurrock 015B,Investigation complete; no suspect identified
67000236998bf73463159ad7f7ee7d6106393b5b73a84aca1da796fb950d1c2d,2015-08,Essex Police,Essex Police,0.305860,51.587203,On or near Park/Open Space,E01021473,Brentwood 008D,Investigation complete; no suspect identified
dde6f45f224f1b9b0213c8ba84cbab8c11f0df785355b938da1a7d5eee5898fe,2015-08,Essex Police,Essex Police,0.711892,51.541061,On or near QUEENSWAY,E01015895,Southend-on-Sea 010A,Investigation complete; no suspect identified
70b62908d3f7dab1a0a55fb56c87204e38f7dd43888e9f99381e27a29c60a77b,2015-08,Essex Police,Essex Police,0.434606,51.569125,On or near ARMADA CLOSE,E01021288,Basildon 016B,Investigation complete; no suspect identified
8a07aff31a2c8105814bfcf465abca38e0dd0dfa3d89db612f300cfd72f0a546,2015-08,Essex Police,Essex Police,1.276851,51.937267,On or near PADDOCK CLOSE,E01022001,Tendring 001D,Investigation complete; no suspect identified
2be70a3be87b046f56e1462bca0d192027c8d3c4df43a80a4fe37e2eac3194fb,2015-08,Essex Police,Essex Police,1.152548,51.807624,On or near NORTH ROAD,E01022044,Tendring 013E,Investigation complete; no suspect identified
77759e1712ed0c109899ea1e4b73d30c4458fa2e6b5664fed3af29bb1035469c,2015-08,Essex Police,Essex Police,0.281531,51.509871,On or near DERRY AVENUE,E01015972,Thurrock 006C,Investigation complete; no suspect identified
6740d879f72ae3379ee6bbf98adceecbdcaf2e5c048e3ba66977c1c514dbc77b,2015-08,Essex Police,Essex Police,0.473762,51.577191,On or near ORSETT END,E01021265,Basildon 012A,Investigation complete; no suspect identified
01d2b9bef47dcdbcc364901b95e2c430ecc041780efa62d317a316a8df25db4f,2015-08,Essex Police,Essex Police,0.463732,51.721418,On or near Petrol Station,E01021556,Chelmsford 012A,Investigation complete; no suspect identified
a3f569c2200a5f6ae4380b307cca9adc49f345b85979171ee02b5bb070f88640,2015-08,Essex Police,Essex Police,0.261520,51.480906,On or near Pedestrian Subway,E01016012,Thurrock 015C,Investigation complete; no suspect identified
50e18f4d9fe2a0da3749b2e654a2a2e057c1c4ada7e0d03ae418e075d5b8e59e,2015-08,Essex Police,Essex Police,0.022689,51.737996,On or near PALMERS GROVE,E01021794,Epping Forest 002D,Investigation complete; no suspect identified
61b39d6f7df05e8738dfaa9d4e7f11087ac115b49d0342b8583f545a4b073725,2015-08,Essex Police,Essex Police,0.717040,51.532569,On or near Theme/Adventure Park,E01015851,Southend-on-Sea 015A,Investigation complete; no suspect identified
dcfb50b686ddb3f0667c5c044b295d48e1ca80cd7e086a907e8ed2e376aa2879,2015-08,Essex Police,Essex Police,0.261741,51.889938,On or near Airport/Airfield,E01022090,Uttlesford 006B,Investigation complete; no suspect identified
b4384e158ef29e31695d3438128d06d5b40976fd9a289051f2c887ea3ae85d17,2015-08,Essex Police,Essex Police,0.097639,51.752923,On or near SOUTHERN WAY,E01021871,Harlow 007D,Investigation complete; no suspect identified
b85e891a0825a9012a495ca11993ace9c4b83e1e109c89a1257cd04585652de4,2015-08,Essex Police,Essex Police,1.272071,51.846387,On or near Theme/Adventure Park,E01022056,Tendring 006E,Investigation complete; no suspect identified
757638c5a6a612f621b30094a530a7a03880c22e8d57a7dc4845c2cd5727dd61,2015-08,Essex Police,Essex Police,1.153340,51.787393,On or near Nightclub,E01022025,Tendring 016B,Investigation complete; no suspect identified
cfc52e4b04f26e5527e68e542276a44a7e80eee00612d0bca8fc36658d4b1a0b,2015-08,Essex Police,Essex Police,0.277141,51.477321,On or near FOURTH AVENUE,E01016012,Thurrock 015C,Investigation complete; no suspect identified
a042dc852b22e62a82887ea7970b9d05dcd398c71c0496aba02153340a36fb65,2015-08,Essex Police,Essex Police,0.916528,51.912595,On or near YALE MEWS,E01021668,Colchester 002A,Investigation complete; no suspect identified
ac078bd36d71903895b281198ef292d936d03a07b95f7242670063e3e1e9f7cd,2015-08,Essex Police,Essex Police,0.610446,51.577629,On or near SIRDAR ROAD,E01021965,Rochford 009E,Investigation complete; no suspect identified
271a1a7f1ae0f72fef6830313726088a6ad707fd8d03db137390fb229a184e23,2015-08,Essex Police,Essex Police,0.261741,51.889938,On or near Airport/Airfield,E01022090,Uttlesford 006B,Investigation complete; no suspect identified
382683173c78f8e33fdd11f0a80dca383f88170e5afeeae0776c04e2e932b4bd,2015-08,Essex Police,Essex Police,0.875770,51.866455,On or near LITTLEFIELD ROAD,E01021714,Colchester 015D,Investigation complete; no suspect identified
1441a6441a5f0e3a2a3a6fa39df498b98c1ff9aa25a15cf205cf58f852a1aae3,2015-08,Essex Police,Essex Police,0.661928,51.541729,On or near VICTOR DRIVE,E01015848,Southend-on-Sea 011D,Investigation complete; no suspect identified
307cda75daba91c2aaf095c83b814c5947ae6e6b4a7693477e0c182a29519c52,2015-08,Essex Police,Essex Police,0.730138,51.535062,On or near Supermarket,E01015841,Southend-on-Sea 014C,Investigation complete; no suspect identified
67e7c0e10e0ecff5dc0b836d934a24be1001d43a0f737dd7e857709b1a0391c4,2015-08,Essex Police,Essex Police,0.470773,51.734229,On or near MARKET ROAD,E01033141,Chelmsford 010G,Investigation complete; no suspect identified
e4be77660872127a6bad006a492754dd718d9b0bd5183f22e7136f23939907df,2015-08,Essex Police,Essex Police,0.104807,51.619030,On or near GROVE LANE,E01021749,Epping Forest 016A,Investigation complete; no suspect identified
8e3c56aeb17646374a293d4c9ee82dab3b6becb825a6e23ff61e25a07d3856e7,2015-08,Essex Police,Essex Police,0.762072,51.542534,On or near BROADCLYST GARDENS,E01015885,Southend-on-Sea 009C,Investigation complete; no suspect identified
399608645d81c1c1e8c688b52ddf7fb5fca2222eb395751ee9b33e07999451d9,2015-08,Essex Police,Essex Police,0.503049,51.590599,On or near FENNERS WAY,E01021307,Basildon 011C,Investigation complete; no suspect identified
d81b810c0533c434e5bec4ac371d945fb4bbacdf96dd32d14f8ff0e9e3a405a3,2015-08,Essex Police,Essex Police,0.457893,51.569044,On or near MARKET SQUARE,E01021318,Basildon 015C,Investigation complete; no suspect identified
45c7588ffbdbb29c44ab650350798319a96616406f42eff1f66a3f4750efc2fe,2015-08,Essex Police,Essex Police,0.579352,51.610441,On or near Sports/Recreation Area,E01021920,Rochford 006A,Investigation complete; no suspect identified
31d8804903368ed5a1ccac0dbf1c68d102f2664f82d8a16c7e54971f91da9a5f,2015-08,Essex Police,Essex Police,0.328597,51.477875,On or near CLARENCE ROAD,E01015956,Thurrock 016B,Investigation complete; no suspect identified
5f6c4e452d99816bb87d5dba354137d04314b9a70a07573088aec1f095eb0ba1,2015-08,Essex Police,Essex Police,0.894705,51.904078,On or near WEDGEWOOD DRIVE,E01021679,Colchester 004A,Investigation complete; no suspect identified
631565ad78e9ef4ec5a0bb8908c59187ae9a1b0f04acba9e4120f0a57ef73154,2015-08,Essex Police,Essex Police,0.092427,51.778698,On or near Parking Area,E01021843,Harlow 004E,Investigation complete; no suspect identified
1aa77025f5ed294578b3ce0d995a4f8f8c3a64449fdceb7206c3be4a595d442d,2015-08,Essex Police,Essex Police,0.932060,51.899213,On or near BRIDGEBROOK CLOSE,E01021707,Colchester 022I,Investigation complete; no suspect identified
684463afd09efa4fa24af4433f19c472aebe736dbff22db1fbdf33d856786e1a,2015-08,Essex Police,Essex Police,0.102693,51.771572,On or near Sports/Recreation Area,E01021849,Harlow 003A,Investigation complete; no suspect identified
d739c2aa69e4a9f0554827ad0b05b0a2a5832e9c97fdab99a6bd0077701ab930,2015-08,Essex Police,Essex Police,0.657612,51.562459,On or near SHIRLEY ROAD,E01015818,Southend-on-Sea 003E,Investigation complete; no suspect identified
1fc76a7c3c9f85563c8df73963f4c5ad8520ac4b428e3e92ff4a3595696e735b,2015-08,Essex Police,Essex Police,0.618957,51.587835,On or near BULL LANE,E01021960,Rochford 005D,Investigation complete; no suspect identified
6c84716c951d9ef6a0fa31dcb3fbc9e13d28784a951f30e8e1acc54f6dc942bd,2015-08,Essex Police,Essex Police,0.661082,51.687228,On or near CHURCH HILL,E01021903,Maldon 007G,Investigation complete; no suspect identified
59553111ad2c159d40065b62b904b013e3549eef61c57b60d300400ca2c54214,2015-08,Essex Police,Essex Police,0.751812,51.809363,On or near Church Road,E01021723,Colchester 020A,Investigation complete; no suspect identified
8ed97521bb65f5a030db2d8afae589c1ae20594b8b2c449a4d241e7616e72612,2015-08,Essex Police,Essex Police,0.446634,51.563353,On or near RENACRES,E01021294,Basildon 020A,Investigation complete; no suspect identified
b4f1efee8a137e2c6a10e1433799ac84cfa18d75bbdfbffafedd1222b28adfda,2015-08,Essex Police,Essex Police,0.620518,51.592630,On or near HAMILTON MEWS,E01021960,Rochford 005D,Investigation complete; no suspect identified
ffe1135388498a2cba262d7fb4de34a3ec735087d21780f7a42dc136c26c1718,2015-08,Essex Police,Essex Police,0.717040,51.532569,On or near Theme/Adventure Park,E01015851,Southend-on-Sea 015A,Investigation complete; no suspect identified
e640de75d6daf7b50205230c9c98e875497cefc1b4fb31d1e473cafd31065a0e,2015-08,Essex Police,Essex Police,0.284143,51.486609,On or near Shopping Area,E01016011,Thurrock 015B,Investigation complete; no suspect identified
8a5ea6f2bb7d02b8b97da4a3c35a0517a791328177ba7db7e9d34196e83da5eb,2015-08,Essex Police,Essex Police,0.786680,51.536187,On or near ANSON CHASE,E01015882,Southend-on-Sea 013G,Investigation complete; no suspect identified
ebd943823c787077f1dd4045421926a54772ee8f590779fa058b9977fd8cd6bd,2015-08,Essex Police,Essex Police,0.561107,51.873405,On or near ALPHA CLOSE,E01021373,Braintree 011D,Investigation complete; no suspect identified
3baa7cad03fff11cfe52d5744279382ab1804ac61da2ab37a65379ab917c718e,2015-08,Essex Police,Essex Police,0.598079,51.578443,On or near WEIR FARM ROAD,E01021963,Rochford 008D,Investigation complete; no suspect identified
2621d79f443a333a303296dfc7d7942d459ad0fd4bb0668c66a3fdf6f0522faa,2015-08,Essex Police,Essex Police,0.285033,51.510738,On or near BOVEY WAY,E01015976,Thurrock 007F,Investigation complete; no suspect identified
0465a3e6891093803669c8885014f884cb4c84958419a503cb49df17858062ec,2015-08,Essex Police,Essex Police,1.029426,51.797264,On or near CRUCE WAY,E01022046,Tendring 011E,Investigation complete; no suspect identified
73ff072941deea28b0d7c082419d4aa6be99d17fe58d443812e0ba3c8b32733f,2015-08,Essex Police,Essex Police,0.580250,51.868481,On or near STILEMANS WOOD,E01021380,Braintree 012E,Investigation complete; no suspect identified
a556975f081f5fd171a9f84d6bddcd1e0a256b69a0814ecfa70a77c5661ee9c4,2015-08,Essex Police,Essex Police,0.580250,51.868481,On or near STILEMANS WOOD,E01021380,Braintree 012E,Investigation complete; no suspect identified
8b41d66ca98c8adeeb21e9da3db555382427fe240f96287af759fca088c2dcc8,2015-08,Essex Police,Essex Police,0.562154,51.572821,On or near ARMSTRONG ROAD,E01021528,Castle Point 002D,Investigation complete; no suspect identified
dcdcfa07b580358adc579d1567518dd93f548fa95d9c140f59fcb2a62f40a16e,2015-08,Essex Police,Essex Police,0.639574,51.800651,On or near Parking Area,E01021416,Braintree 017B,Investigation complete; no suspect identified
c8239b6b5ac2965df67ceb1d3d2dfa95e4d6e01440c71b836e0b190e5c2f7aa6,2015-08,Essex Police,Essex Police,0.758953,51.532939,On or near THE BROADWAY,E01015890,Southend-on-Sea 016B,Investigation complete; no suspect identified
f085f23fc000cbe7de21b183d88b93b15db8ea3db92cee74928c6428aa89c559,2015-08,Essex Police,Essex Police,0.498422,51.570220,On or near BROOMFIELDS PLACE,E01021305,Basildon 013D,Investigation complete; no suspect identified
8e1d202a80ee9403dc325bd4951f98c3545080e0ec75a3e10a81ac7fe0fc02bd,2015-08,Essex Police,Essex Police,0.016011,51.740890,On or near MAPLECROFT LANE,E01021793,Epping Forest 002C,Investigation complete; no suspect identified
683c3229909392e56dc57dc3b9937254a448666c6a0741bc4b8724dda0f1e4a1,2015-08,Essex Police,Essex Police,0.456103,51.574918,On or near BREMPSONS,E01021319,Basildon 017E,Investigation complete; no suspect identified
3e129e0a3c03c85bad922022630e0cb9fdb8db6804cbf0d8c8c285a2c6018e95,2015-08,Essex Police,Essex Police,0.016011,51.740890,On or near MAPLECROFT LANE,E01021793,Epping Forest 002C,Investigation complete; no suspect identified
38b33b10164327519c5a72a08c670a6dda71b7fca156f529b36f49eab4a9efe7,2015-08,Essex Police,Essex Police,0.383354,52.020511,On or near HARVEY WAY,E01022097,Uttlesford 004C,Investigation complete; no suspect identified
fb50ef167e9989897fb2ab91a732d091b229cdc68ad54e7b2ce02c352039ca8e,2015-08,Essex Police,Essex Police,1.182383,51.803357,On or near Supermarket,E01022034,Tendring 012C,Investigation complete; no suspect identified
9973d2e8eeb3463be28ed928a45fa348cab6ef8de7396faac34eb97f6ff1f68d,2015-08,Essex Police,Essex Police,0.422057,51.693723,On or near A12,E01021602,Chelmsford 018B,Investigation complete; no suspect identified
a79ee2d6e2fab719ce8a4389a1f7f31ecf2d7686cb0d368bc813f6edfb5af530,2015-08,Essex Police,Essex Police,0.480491,51.727343,On or near A1114,E01021577,Chelmsford 012B,Investigation complete; no suspect identified
d615ca62017ca97df78ad626afe8ad063fdb0348a4d4de1e496595a897ff11ed,2015-08,Essex Police,Essex Police,0.593705,51.520379,On or near OAK ROAD,E01021498,Castle Point 011B,Investigation complete; no suspect identified
7deed625b21f5d987a6ea85672b397b0080979cd3bde601b18537a5da662a024,2015-08,Essex Police,Essex Police,0.576805,51.519519,On or near MATLOCK ROAD,E01021502,Castle Point 011E,Investigation complete; no suspect identified
eb5e20dad71881073dcd2b455b3acc1eb08f37ac2469b18578a8e6af32b90a07,2015-08,Essex Police,Essex Police,1.280271,51.855890,On or near GREEN LANE,E01022054,Tendring 006C,Investigation complete; no suspect identified
cb90ac68695e5cfa6b016bd41acf89217357afb0b4df0a61e5d58bbb94a6be8a,2015-08,Essex Police,Essex Police,0.285766,51.510112,On or near GALEY GREEN,E01015976,Thurrock 007F,Investigation complete; no suspect identified
42de9c564d8bda5ea7b4561be3772b6ce4ff022326ed961f8d417e4c1a92de14,2015-08,Essex Police,Essex Police,1.283776,51.939638,On or near GRAFTON ROAD,E01021998,Tendring 001B,Investigation complete; no suspect identified
c523d94eb309903dcfb885c41ae62af63ac99eb36b6c1e2957a40f3c9659fc5a,2015-08,Essex Police,Essex Police,0.605828,51.585708,On or near Shopping Area,E01021962,Rochford 008C,Investigation complete; no suspect identified
8612538e8506c13ae08c7b20de58f1d8e37f7aedfb44fde3104750df076b304d,2015-08,Essex Police,Essex Police,0.499199,51.723897,On or near SPALDING WAY,E01021564,Chelmsford 013D,Investigation complete; no suspect identified
043a315b4e6c38d39dd96c524b88736980ed2290fff0656ceb55e8446e9a0928,2015-08,Essex Police,Essex Police,0.237904,51.487177,On or near WATER LANE,E01016013,Thurrock 015D,Investigation complete; no suspect identified
a09ac509ef46c1c8a4057d904089db1b7aa8df4299f6ad629146964d955704bc,2015-08,Essex Police,Essex Police,0.102538,51.673359,On or near FOREST DRIVE,E01021805,Epping Forest 010D,Investigation complete; no suspect identified
62af7c2140c832b304122f99e8723170635b3b20770563aa0267945ebe0dea80,2015-08,Essex Police,Essex Police,0.237904,51.487177,On or near WATER LANE,E01016013,Thurrock 015D,Investigation complete; no suspect identified
95075911376184a824e4e1d6015673c9f423d588a92223d57500bc7e534b2006,2015-08,Essex Police,Essex Police,0.094846,51.771452,On or near ADAMS HOUSE,E01021872,Harlow 007E,Investigation complete; no suspect identified
4929d62df4743149dd9f76191ab3ca74e7fac06adec974c497620ba1bc0cec5a,2015-08,Essex Police,Essex Police,0.479367,51.732735,On or near PROVIDENT SQUARE,E01033141,Chelmsford 010G,Investigation complete; no suspect identified
4a437e52dbd5f3c13581354543b048c934526ffb6156a2d4e4fff7f5b71683a8,2015-08,Essex Police,Essex Police,0.094846,51.771452,On or near ADAMS HOUSE,E01021872,Harlow 007E,Investigation complete; no suspect identified
7ca1479f13e176521a2a18547b2bd10ac1e6e71bf9814e733924b4eaa4a65fbf,2015-08,Essex Police,Essex Police,0.359888,51.461043,On or near BERMUDA ROAD,E01016003,Thurrock 018A,Investigation complete; no suspect identified
408b7fe586f3629e90d5b20b482da8126e385a83c2cb2954fb6c6573cc59b4dd,2015-08,Essex Police,Essex Police,0.132511,51.766089,On or near Supermarket,E01021827,Harlow 005D,Investigation complete; no suspect identified
80f23543ae90f9c987563f1133d8e7306421c713b6c2213d8a10016d5cdd7632,2015-08,Essex Police,Essex Police,0.612844,51.552492,On or near OAK ROAD NORTH,E01021518,Castle Point 006B,Investigation complete; no suspect identified
6dae76b7bef8c113439ab10f95f8d8876a89ce4f3809c9f891448f3c1a624686,2015-08,Essex Police,Essex Police,0.896313,51.891114,On or near NORTH HILL,E01021649,Colchester 007D,Investigation complete; no suspect identified
638e02262dcf92617a2362d10d7b1ed0ed2ba9e7ed060772b0123ddd3d88bdb0,2015-08,Essex Police,Essex Police,0.546763,51.761169,On or near PLANTATION ROAD,E01021537,Chelmsford 005B,Investigation complete; no suspect identified
49cedec6a11c6381c43b8185af1f168f3ff9c0be7918405c834ae860666ee20b,2015-08,Essex Police,Essex Police,0.292252,51.511847,On or near OAKLANDS DRIVE,E01015932,Thurrock 006A,Investigation complete; no suspect identified
b3c5c73c4498b866ce8dd1e4fc7ce643178667390b2d36a5bde0aa8e8e032b38,2015-08,Essex Police,Essex Police,0.275564,51.489033,On or near Supermarket,E01016012,Thurrock 015C,Investigation complete; no suspect identified
2aea20f61c4c50b28db312bb5e78ac76a3426893c51b9b33296c1a97a55824cf,2015-08,Essex Police,Essex Police,0.411580,51.574151,On or near ROOSEVELT ROAD,E01021275,Basildon 014B,Investigation complete; no suspect identified
26ca13aeb60f484044773ff12ea79fa9b78c2ff0f8050993443869e7ce93fa93,2015-08,Essex Police,Essex Police,0.339402,51.475411,On or near CLARKBOURNE DRIVE,E01015969,Thurrock 014D,Investigation complete; no suspect identified
4f6b3b257aaaeb858ba6111997529ea329f813ab6a4c00619c8de2d09b9eaea1,2015-08,Essex Police,Essex Police,0.573633,51.880308,On or near WHEATLEY AVENUE,E01021370,Braintree 011B,Investigation complete; no suspect identified
0525286be2d677a994dbe6c1d50a99b80028fa70667acfbe55ac17b2096ecedd,2015-08,Essex Police,Essex Police,0.580250,51.868481,On or near STILEMANS WOOD,E01021380,Braintree 012E,Investigation complete; no suspect identified
57e1b82a91b7e171f8438eb7c82dc81c65f41cb40b5eaef302f356072f0abdc6,2015-08,Essex Police,Essex Police,0.019045,51.736494,On or near WHEELERS CLOSE,E01021794,Epping Forest 002D,Investigation complete; no suspect identified
a5f6f2279c391472f9e8ff6d02662afd606f61f1660864ee0dc4d557c531d5ce,2015-08,Essex Police,Essex Police,0.475214,51.731744,On or near Shopping Area,E01033140,Chelmsford 010F,Investigation complete; no suspect identified
37063f34c44018274110b1ca06c7e261b89e884ec708498964a91b9e9165fb3b,2015-08,Essex Police,Essex Police,0.894705,51.904078,On or near WEDGEWOOD DRIVE,E01021679,Colchester 004A,Investigation complete; no suspect identified
b3dacc03a678aa60ee134bdeba3137768af06c0c784fe909fb7c7b339420dcb0,2015-08,Essex Police,Essex Police,0.480929,51.734015,On or near SANDRINGHAM PLACE,E01033141,Chelmsford 010G,Investigation complete; no suspect identified
9e8393e5097dc675cf0b850a3c829334d8ea1c9a2801b0e3e87a80eb72dec0e4,2015-08,Essex Police,Essex Police,0.914363,51.915770,On or near BRINKLEY GROVE ROAD,E01033720,Colchester 002F,Investigation complete; no suspect identified
2429508db76c0a22bbc8bc2ac853c12545dbb01d51b0175e2d5590a98a1ae980,2015-08,Essex Police,Essex Police,0.914363,51.915770,On or near BRINKLEY GROVE ROAD,E01033720,Colchester 002F,Investigation complete; no suspect identified
c83925c63009c57c4d0bdbb2db535109b2860aee363419ad11a1fad4b97cdcc9,2015-08,Essex Police,Essex Police,0.199619,51.902582,On or near LOWER STREET,E01022083,Uttlesford 005C,Investigation complete; no suspect identified
b1152eab0f200f55bd1e03015a34742ff0efe630d5a336595e4f9a23e2151349,2015-08,Essex Police,Essex Police,0.019045,51.736494,On or near WHEELERS CLOSE,E01021794,Epping Forest 002D,Investigation complete; no suspect identified
7c57ff170511c2ef07e71543b46793eb277299fb98610ff3403b2ba1a0d929e2,2015-08,Essex Police,Essex Police,0.719761,51.554738,On or near Sports/Recreation Area,E01015871,Southend-on-Sea 006C,Investigation complete; no suspect identified
98af67ca0a44dab5453a056f1ebe649f12fc34f3a200fcbaa1c33c825649b6c4,2015-08,Essex Police,Essex Police,0.706385,51.587973,On or near THE DRIVE,E01021954,Rochford 007D,Investigation complete; no suspect identified
9f822af0c32215f9a508959f237b74b8fa7002926ee5b94f591e9d21455bae69,2015-08,Essex Police,Essex Police,0.717404,51.535043,On or near CHANCELLOR ROAD,E01015852,Southend-on-Sea 015B,Investigation complete; no suspect identified
5f4ce22f90dc7e333816c7a4aea6478015b9a7642cc469bf6fc7589583e4ab7f,2015-08,Essex Police,Essex Police,0.691416,51.562632,On or near FEECHES ROAD,E01015865,Southend-on-Sea 002C,Investigation complete; no suspect identified
de973c9eb0cb8a8a56b2dbcc4b255ae93ec51435d91432394a23d4c4d021cfa1,2015-08,Essex Police,Essex Police,0.019045,51.736494,On or near WHEELERS CLOSE,E01021794,Epping Forest 002D,Investigation complete; no suspect identified
733ff0afa97c4244e6681b2a39e85e71d41a982040d80ecd19a03d77110e051d,2015-08,Essex Police,Essex Police,0.435198,51.572107,On or near Sports/Recreation Area,E01021292,Basildon 017B,Investigation complete; no suspect identified
1c12eedbffa33a06bd3843037872a07cc6141fa09dd5fbbe9a022abd7e29bc31,2015-08,Essex Police,Essex Police,0.561246,51.553082,On or near Supermarket,E01021483,Castle Point 004C,Investigation complete; no suspect identified
af401c9cabcedb959164c2253182e8c7d078c7c423a7ceb55fbcbeb3950b7d48,2015-08,Essex Police,Essex Police,0.014910,51.734704,On or near HYDE MEAD,E01021794,Epping Forest 002D,Investigation complete; no suspect identified
da35d826f18c91433e7dbd5486e424ba797ea61c9c67d510219f65531664ee2e,2015-08,Essex Police,Essex Police,0.487174,51.722462,On or near Petrol Station,E01021563,Chelmsford 014B,Investigation complete; no suspect identified
d679228acae18dd3e510bcd6c8cd6637b96a2167f4be3c96f930ac6adf6208fb,2015-08,Essex Police,Essex Police,0.410087,51.515078,On or near HORNDON ROAD,E01015979,Thurrock 004C,Investigation complete; no suspect identified
aab340386dd0f7acd9e6b6efbf594455fe3c5a31d24859311beab24b8e958d90,2015-08,Essex Police,Essex Police,0.610137,51.517559,On or near SHELDON ROAD,E01021491,Castle Point 012C,Investigation complete; no suspect identified
8ffec137c58033fe927d15230ecb7cf3aeedad6dcf6695dbc77f180da424cd28,2015-08,Essex Police,Essex Police,0.099202,51.756006,On or near PARTRIDGE ROAD,E01021871,Harlow 007D,Investigation complete; no suspect identified
712ec44777b83080ddbcc7654b82af8ab40b62b816ca87b459775e726f79f3b1,2015-08,Essex Police,Essex Police,0.637110,51.561743,On or near THORNDON PARK CRESCENT,E01015816,Southend-on-Sea 003C,Investigation complete; no suspect identified
cd42a7b0806d86f4af5938d95c9f188666fb7c0eda67ec889513bd92d903da96,2015-08,Essex Police,Essex Police,0.852757,51.878140,On or near DUGARD AVENUE,E01021691,Colchester 014C,Investigation complete; no suspect identified
6583d33c3ee9913a9c7a2791d76e16e03b51534971fa97d935ecef2669f043ce,2015-08,Essex Police,Essex Police,0.716101,51.542466,On or near GUILDFORD ROAD,E01015895,Southend-on-Sea 010A,Investigation complete; no suspect identified
7fda0c1ed111faaf73fb6c98c2e33db74e8cd003acc81b10bbfbcd84fb1ae04c,2015-08,Essex Police,Essex Police,0.517782,51.575841,On or near TRENHAM AVENUE,E01021301,Basildon 011A,Investigation complete; no suspect identified
78fe1b9b5d7862bc6aa4d0bdddb9900327dbeb11f4d782aa9db9e495af426154,2015-08,Essex Police,Essex Police,0.441548,51.739661,On or near Sports/Recreation Area,E01021634,Chelmsford 011D,Investigation complete; no suspect identified
92d5ca2f7cc0dc655f2d79c6bf0331f51772cb671b89c14b957888094597ca46,2015-08,Essex Police,Essex Police,0.296350,51.523989,On or near PEARTREE CLOSE,E01015971,Thurrock 006B,Investigation complete; no suspect identified
cf73ab66d6e735f245eacf3f77d800b6ebcf18a77efe2690f35654d1cb349824,2015-08,Essex Police,Essex Police,0.101140,51.747177,On or near SPRUCE HILL,E01021860,Harlow 010D,Investigation complete; no suspect identified
650cdc8c6cd58354e489195d0fdc23048be8b216783ee837b28081442c6d96cd,2015-08,Essex Police,Essex Police,0.115851,51.687481,On or near FLUX'S LANE,E01021759,Epping Forest 006D,Investigation complete; no suspect identified
9e2a68522a507ebe8b1aec7757793d3c638daa1a206946702855d1a112bece2f,2015-08,Essex Police,Essex Police,0.475214,51.731744,On or near Shopping Area,E01033140,Chelmsford 010F,Investigation complete; no suspect identified
6df0d02eb735a49a924085174c1e53b99e854007e00ceca7cc95baf1bdcb37ea,2015-08,Essex Police,Essex Police,0.506111,51.736026,On or near Village Square,E01021548,Chelmsford 013A,Investigation complete; no suspect identified
0491d4f653aae35b61cd2de45f10d917c4f9314d40d927370d7d9ccd5c05ffec,2015-08,Essex Police,Essex Police,0.687432,51.546940,On or near WESTBOROUGH ROAD,E01015902,Southend-on-Sea 007B,Investigation complete; no suspect identified
3ee4eced07cf5a0fe7baf6bfeb10812d1907dd6ca94dc23c9ca863515083aa03,2015-08,Essex Police,Essex Police,0.059931,51.609943,On or near CHIGWELL ROAD,E01021752,Epping Forest 016D,Investigation complete; no suspect identified
055b9cfe6842055735ccca951c7cacbf2b93b36e4a60322e494dbf8e6100b790,2015-08,Essex Police,Essex Police,0.534253,51.760846,On or near CROMWELL CLOSE,E01021536,Chelmsford 005A,Investigation complete; no suspect identified
13a9d767366738f3a5f141963bc1e22bc64402d9008f5a4e3e61dc2b92ed6cd0,2015-08,Essex Police,Essex Police,0.921205,51.890787,On or near HARWICH ROAD,E01021706,Colchester 022H,Investigation complete; no suspect identified
27ddb4af76d4d149726de7bfd3f7808df70a7f72d1b8fb2d940bb4e35ed427e5,2015-08,Essex Police,Essex Police,0.112455,51.757441,On or near Supermarket,E01021823,Harlow 006D,Investigation complete; no suspect identified
386d0680b0c124352ecaa30d357cae403673ec70040833506aacbdb8e542137f,2015-08,Essex Police,Essex Police,0.078545,51.767794,On or near CANONS BROOK,E01021841,Harlow 004C,Investigation complete; no suspect identified
bc2bdec16077bfb703913327726ff6c10bf91a85f0418e3603d26acf83239724,2015-08,Essex Police,Essex Police,0.602737,51.865450,On or near LANHAM FARM ROAD,E01021380,Braintree 012E,Investigation complete; no suspect identified
781f28b7a8006983ae32d8813b525b5646aa992f420ec6382ebcc34c44d7fd4e,2015-08,Essex Police,Essex Police,0.458333,51.635998,On or near HEATH ROAD,E01033143,Chelmsford 018E,Investigation complete; no suspect identified
2b2a4cc4894f7753e58c6336c355914937390c9f506e4d3d03639a48bc6545ee,2015-08,Essex Police,Essex Police,0.598612,51.563754,On or near BENTONWOOD,E01021531,Castle Point 002E,Investigation complete; no suspect identified
2c1966c54ad539c00ba81236dd2cdcce7c8a2d0bc0e9d63f6ecc8bd3cfefd2b5,2015-08,Essex Police,Essex Police,0.642661,51.791193,On or near SAUL'S AVENUE,E01021422,Braintree 017E,Investigation complete; no suspect identified
d1c3f459855fb2b84d43d161b94164683325167bb6ee8a63ffee92a1102192bb,2015-08,Essex Police,Essex Police,0.711264,51.538980,On or near Parking Area,E01015854,Southend-on-Sea 015D,Investigation complete; no suspect identified
1b983842cdf84ec390fa087d3057cd3de64e8443625fd4068dda83b3229d3fdd,2015-08,Essex Police,Essex Police,0.699905,51.834426,On or near EASTERFORD ROAD,E01021402,Braintree 014E,Investigation complete; no suspect identified
f7bde31087ad73d664d96a09803fefa5242257ccc48005304e2096818fe80409,2015-08,Essex Police,Essex Police,0.468148,51.728322,On or near ANCHOR STREET,E01021582,Chelmsford 010D,Investigation complete; no suspect identified
41cc3ed023b115c120183d3aff30193b816f66b2cb1c8d1e618e61ede97e27e8,2015-08,Essex Police,Essex Police,0.332095,51.499290,On or near BLACKTHORN ROAD,E01015993,Thurrock 009C,Investigation complete; no suspect identified
5d6cca9f8f5d576a60a61e2e53f17b39683c318593f9638c00a545cd6547e587,2015-08,Essex Police,Essex Police,0.479367,51.732735,On or near PROVIDENT SQUARE,E01033141,Chelmsford 010G,Investigation complete; no suspect identified
67181b3a7386a39091ffbbb70534a4d7ea2ae26e65629e414ef01e9a801c613c,2015-08,Essex Police,Essex Police,0.275564,51.489033,On or near Supermarket,E01016012,Thurrock 015C,Investigation complete; no suspect identified
382616905bf21114d714ce2b03cda8175b77c407034d3fdde163d9393e39f2b7,2015-08,Essex Police,Essex Police,0.758400,51.801303,On or near TUDWICK ROAD,E01021911,Maldon 001D,Investigation complete; no suspect identified
a90796a27b153c3f2c52bbc3e0ccd9fa7b41fe49b0988c0b12991d4eacf30315,2015-08,Essex Police,Essex Police,1.260356,51.940955,On or near Petrol Station,E01022007,Tendring 002D,Investigation complete; no suspect identified
af495632fc3b5eb5ca30c4b9b6b3daa40e7038d8c1a63a1d20e0af9e85774bda,2015-08,Essex Police,Essex Police,0.468148,51.728322,On or near ANCHOR STREET,E01021582,Chelmsford 010D,Investigation complete; no suspect identified
693b0f36e127ddd8b0d8d9f8a6cdbad995ebcb7486aaa942099ea7ac8f100ee9,2015-08,Essex Police,Essex Police,0.282822,51.517526,On or near DAINES CLOSE,E01015973,Thurrock 006D,Investigation complete; no suspect identified
d53a5be40972a4941280ef60431343eba844bd2d1fbb4ce9685d0193925b7f87,2015-08,Essex Police,Essex Police,0.242000,52.023440,On or near Shopping Area,E01022076,Uttlesford 002B,Investigation complete; no suspect identified
0a63d9dd30dc2a9b619e09c6a977bd80a2092e885d7e511f8a89684181f671ec,2015-08,Essex Police,Essex Police,0.048082,51.623621,On or near CEDAR CLOSE,E01021743,Epping Forest 015B,Investigation complete; no suspect identified
f02da340dca895e2a1f882613f2d869b9715ed1d9a5c5fd58fe7d342097f4f0a,2015-08,Essex Police,Essex Police,0.289850,51.475724,On or near Parking Area,E01016011,Thurrock 015B,Investigation complete; no suspect identified
e7ea23bc227ac3dd58419ad05ea145f3add2dc018fbab812e8550e3a95a2f69e,2015-08,Essex Police,Essex Police,0.565333,51.905256,On or near THE LILLIES,E01021355,Braintree 007D,Investigation complete; no suspect identified
0b8e5790300fc8b7ed30fb6a7bfb6f8e7c3c68ee7b5e121b211720ccc4cf2335,2015-08,Essex Police,Essex Police,0.039654,51.770885,On or near TEMPLE MEAD,E01021801,Epping Forest 002E,Investigation complete; no suspect identified
50c3b948daee76d8f9e64efd08839f3501bc09e589d56560c701434f99aab10b,2015-08,Essex Police,Essex Police,0.810070,51.551602,On or near ST JOHN'S ROAD,E01021923,Rochford 010D,Investigation complete; no suspect identified
2a717152bd1a8c2ddb5f24b301aa0860bd4040d2a8199cee8e087eebeea8b656,2015-08,Essex Police,Essex Police,0.597294,51.592760,On or near KENILWORTH GARDENS,E01021926,Rochford 006B,Investigation complete; no suspect identified
f604260e004e54d849018740f4150e6c50aa7e506f510d6d100714903eea1c2d,2015-08,Essex Police,Essex Police,0.501584,51.578651,On or near BOCKINGHAM GREEN,E01021302,Basildon 013B,Investigation complete; no suspect identified
9d913dd6592030acb112c5b1b26266b24738fdaf77938a65ae5293b0b219ca5d,2015-08,Essex Police,Essex Police,0.716176,51.536213,On or near YORK ROAD,E01015852,Southend-on-Sea 015B,Investigation complete; no suspect identified
655ce17f56a4b1323e730404e2af2b39786336dfb3b9eb0a6a7e52e5bd1fe7b9,2015-08,Essex Police,Essex Police,0.456406,51.727039,On or near EVELYN PLACE,E01033138,Chelmsford 009F,Investigation complete; no suspect identified
d07552da801fdebb38ade723efb33dab0d86418edd2dbdecc7a36ebe0124cb97,2015-08,Essex Police,Essex Police,0.319463,51.481779,On or near HOGG LANE,E01015956,Thurrock 016B,Investigation complete; no suspect identified
cdc13939a1af6d422aff63a75a400d22f9e02bde62d35bd6c4cc493dd7ad538f,2015-08,Essex Police,Essex Police,0.508183,51.565596,On or near PARKHURST ROAD,E01021316,Basildon 018D,Investigation complete; no suspect identified
686d740fe35efd85b8cd130b4568b1b2f69dbe531fbcc76692fa607aab1d1150,2015-08,Essex Police,Essex Police,0.937226,51.888598,On or near DUFFIELD DRIVE,E01021696,Colchester 008A,Investigation complete; no suspect identified
dee5e37708888df0f6b403ce97eb36f0354e4a56df0ef6f98f464a6c664d1765,2015-08,Essex Police,Essex Police,0.924287,51.890575,On or near ST ANDREW'S AVENUE,E01021706,Colchester 022H,Investigation complete; no suspect identified
1b7ed03f7d9dd1da28da8235d983ce4b6cc422669df3a96b5c4a64cdfb199507,2015-08,Essex Police,Essex Police,0.284143,51.486609,On or near Shopping Area,E01016011,Thurrock 015B,Investigation complete; no suspect identified
e9ad3b5e870195af5b0ccbf1de8e011e93f823df1f4e0237a3544767b647cf6f,2015-08,Essex Police,Essex Police,0.178064,51.720947,On or near Petrol Station,E01021797,Epping Forest 001C,Investigation complete; no suspect identified
5896144597c693bf9d459c342236a0a9212a85ba8966ccf4d66448d859d7fd4e,2015-08,Essex Police,Essex Police,0.605068,51.646835,On or near BRUNEL WAY,E01021615,Chelmsford 019E,Investigation complete; no suspect identified
a086f8296ee835838b78a3a6b52b5c1cc98ca6e5ff03660509e7a05e46b468df,2015-08,Essex Police,Essex Police,0.559517,51.869699,On or near RUSSET CLOSE,E01021372,Braintree 011C,Investigation complete; no suspect identified
d5b121493f5aa344c9f8b8daa4eb95ddf0470239868e7a6fad12bc2b81e05615,2015-08,Essex Police,Essex Police,0.408430,51.640648,On or near BERESFORD COURT,E01021245,Basildon 002A,Investigation complete; no suspect identified
b18c2c2ebe62747ebca81fa1fc27043575faca40ac45041d5b009bd19d85c91a,2015-08,Essex Police,Essex Police,0.919727,51.910133,On or near Supermarket,E01021671,Colchester 002D,Investigation complete; no suspect identified
6182b1cb8fd979d3476182bcd1451445a4588c1a79cd9d36f5bf48d37d6766b8,2015-08,Essex Police,Essex Police,0.516191,51.586217,On or near JOSSELIN ROAD,E01021309,Basildon 011E,Investigation complete; no suspect identified
2a67f4849f56b89bfae087f22a600c99e85524abd5e76c246c65391ed9e14571,2015-08,Essex Police,Essex Police,0.581013,51.518734,On or near AVON ROAD,E01021502,Castle Point 011E,Investigation complete; no suspect identified
0f35c2e44e8d2b9b54c57d322cab69b4bbd5abb246202b8e8b6077a89479fe08,2015-08,Essex Police,Essex Police,0.513588,51.611238,On or near Supermarket,E01021329,Basildon 006B,Investigation complete; no suspect identified
c73b2f21a80b18cd058d0a17b2e56841bf1353ae0e8fabf5eae1574e84099734,2015-08,Essex Police,Essex Police,0.276744,51.478030,On or near FIFTH AVENUE,E01016012,Thurrock 015C,Investigation complete; no suspect identified
1aaf4034d4d7b8d809ed4a9ad8638757a970b3ec55fd8a58bbfd3ff28af441d7,2015-08,Essex Police,Essex Police,0.266292,51.478970,On or near A282,E01016012,Thurrock 015C,Investigation complete; no suspect identified
a09376c514249bfd936199a2b43e3026dd70e661675aaec8889501e9a634aa58,2015-08,Essex Police,Essex Police,0.716199,51.548714,On or near CEDAR CLOSE,E01015897,Southend-on-Sea 010C,Investigation complete; no suspect identified
4acebd8ef1d734c2da7df4a875b7fd026f909f53ba3f3fdd526934b6a12686c5,2015-08,Essex Police,Essex Police,0.540274,51.607228,On or near BEEDELL AVENUE,E01021340,Basildon 007C,Investigation complete; no suspect identified
47085b29a9d07233fa110eecfbe608d174061a0c58fec35f0c663be472b26138,2015-08,Essex Police,Essex Police,0.398987,51.577836,On or near CHRISTY CLOSE,E01021277,Basildon 014D,Investigation complete; no suspect identified
8c55b5ac43786fa7d4ad25057cdb951d2d06e0a921802c698d3658e3859b04f7,2015-08,Essex Police,Essex Police,0.683307,51.558231,On or near NORTHVILLE DRIVE,E01015859,Southend-on-Sea 004C,Investigation complete; no suspect identified
8a3124869ef159aff3b265d9c7dfed91cbb6abdc363bebb79ff27bffa082d7e1,2015-08,Essex Police,Essex Police,1.258088,51.837763,On or near CLIFF WAY,E01021985,Tendring 006A,Investigation complete; no suspect identified
14ae9e0d7bf296d3ed08d5882839491952ac66bdcc30d6c00a52099bb69a9e0c,2015-08,Essex Police,Essex Police,0.657706,51.541555,On or near BROADWAY,E01015847,Southend-on-Sea 011C,Investigation complete; no suspect identified
6c3b55d5eb1064e093611eac68a503620917be24a9990567b75bb2ebfa082358,2015-08,Essex Police,Essex Police,0.366991,51.467267,On or near ELGAR GARDENS,E01016010,Thurrock 018H,Investigation complete; no suspect identified
812cd369bfe98fa466685d91f2cbe08c320a262d1edd1afd634e6cf3a343da0a,2015-08,Essex Police,Essex Police,0.270550,51.478573,On or near QUARRY WAY,E01016012,Thurrock 015C,Investigation complete; no suspect identified
55aaaf72981dc847869d1a18c8a7ba0f812f79209ace52a7cd495259953c214f,2015-08,Essex Police,Essex Police,0.609183,51.588844,On or near RECTORY GARTH,E01021964,Rochford 008E,Investigation complete; no suspect identified
4d37cd9903265aea55bb4b4ad173ff06cbb9b336570f9ca2d80d8f790d200c78,2015-08,Essex Police,Essex Police,0.348454,51.637681,On or near WOODLAND AVENUE,E01021452,Brentwood 003E,Investigation complete; no suspect identified
e42971967242d6f232683a93e72ecd86c59e92fb57956629b6df2f2ef5938829,2015-08,Essex Police,Essex Police,0.691718,51.543810,On or near Theatre/Concert Hall,E01015831,Southend-on-Sea 012E,Investigation complete; no suspect identified
907db4bce953fb9a6836ebe1df22228390e9f2ed2e5e0d91dbec6d097259e9d8,2015-08,Essex Police,Essex Police,0.906080,51.891782,On or near CASTLE ROAD,E01021647,Colchester 007B,Investigation complete; no suspect identified
b92d54dfb038e58d43de36157ab66b051e155e21666da0fb91eea3f739d6a3bc,2015-08,Essex Police,Essex Police,0.455301,51.567282,On or near Parking Area,E01021297,Basildon 020D,Investigation complete; no suspect identified
ec62332f94e55ed261be92811b6fe8735e15c85d7b96e7ebba61e635fa052c11,2015-08,Essex Police,Essex Police,0.620339,51.808896,On or near SPEEDWELL CLOSE,E01021425,Braintree 016B,Investigation complete; no suspect identified
d6c77be549fc87597aed3281d420877e80d5f706224cedf6882d6806fb1581f7,2015-08,Essex Police,Essex Police,0.808924,51.884996,On or near TURKEY COCK LANE,E01021654,Colchester 010A,Investigation complete; no suspect identified
5d1936f6924eb7ebda27f5c5af20b049f07b7380c87e93f607c4dab554345de4,2015-08,Essex Police,Essex Police,0.424733,51.515100,On or near Supermarket,E01015989,Thurrock 005A,Investigation complete; no suspect identified
9fe25abbb86a08372e21849ea5cde4ee74158b8285110c6947330c1f4d7320e9,2015-08,Essex Police,Essex Police,0.462141,51.524798,On or near Petrol Station,E01015945,Thurrock 002A,Investigation complete; no suspect identified
003421234b96b41abbc087a14b2e0345cd9637b75e9c7b5935a267ab0dfb32a5,2015-08,Essex Police,Essex Police,0.705168,51.555840,On or near PRIORY CRESCENT,E01015861,Southend-on-Sea 004E,Investigation complete; no suspect identified
1af902b67bd298d1b380489747620a68488c911c4612e8d0b924c91d9ca47ec5,2015-08,Essex Police,Essex Police,0.699194,51.545338,On or near ROCHFORD AVENUE,E01015900,Southend-on-Sea 010F,Investigation complete; no suspect identified
ec5a406f3fd42c019fe6eaf901776cd3f24da36aefa64699beca0088d3495c4d,2015-08,Essex Police,Essex Police,0.370296,51.465761,On or near BURNS PLACE,E01016009,Thurrock 018G,Investigation complete; no suspect identified
9903573302ff46eafc4906c1189d76a3aee68b2ca47279815c79cac17cb643d8,2015-08,Essex Police,Essex Police,0.453480,51.570171,On or near Parking Area,E01021318,Basildon 015C,Investigation complete; no suspect identified
ddbc2a705873d682b33738e1334bb15bc5429d6b02958e25213f15efcb17097a,2015-08,Essex Police,Essex Police,0.721355,51.534798,On or near ASH WALK,E01015841,Southend-on-Sea 014C,Investigation complete; no suspect identified
286c82cfcd92f32c6dfde25f29552b81cbf683716e9cb202eff0d41e59a4d7c0,2015-08,Essex Police,Essex Police,0.592050,51.522960,On or near WAARDEN ROAD,E01021498,Castle Point 011B,Investigation complete; no suspect identified
48969e96017207116b9640bc86a49201760d8b9c593aa2ec5a9065a5049867f0,2015-08,Essex Police,Essex Police,0.353983,51.637840,On or near CHANCERY GATE,E01021452,Brentwood 003E,Investigation complete; no suspect identified
331320a87b8c2e3af7e0f88176b9d8f59456c71a41cd0ccab3d6d25947589028,2015-08,Essex Police,Essex Police,0.717425,51.540717,On or near Pedestrian Subway,E01015895,Southend-on-Sea 010A,Investigation complete; no suspect identified
ad5988a850a02e19d3658504428d80fab700a39aaca255e57f9fe2595827d49b,2015-08,Essex Police,Essex Police,0.461228,51.569334,On or near Pedestrian Subway,E01021318,Basildon 015C,Investigation complete; no suspect identified
fba5604026bc912714bb8f4fa74236ec85de3efa99cf25c6b8cff21cca819cbf,2015-08,Essex Police,Essex Police,0.631950,51.787809,On or near MORRISON DRIVE,E01021424,Braintree 018E,Investigation complete; no suspect identified
1fec90770ef2416e426e0ee2eb9d68ab74570a5b00de0e4f4dd7ea03f9004b2f,2015-08,Essex Police,Essex Police,0.937149,51.892548,On or near ALMOND WAY,E01021697,Colchester 008B,Investigation complete; no suspect identified
f3d97549dfe67755a0453fa51312b37b2a3da57cbb55e8984be8dcd19bb51c55,2015-08,Essex Police,Essex Police,0.836822,51.881215,On or near JUNIPER CLOSE,E01021722,Colchester 012E,Investigation complete; no suspect identified
411621db74988c84858a7ae3e009d8096c50b57a6a4e74a334b8356157983317,2015-08,Essex Police,Essex Police,0.768924,51.536131,On or near MAPLIN WAY NORTH,E01015893,Southend-on-Sea 016E,Investigation complete; no suspect identified
f25034248fde8c16a6657887e4806dd7e959f26eba1650ac096cb3760dd1439a,2015-08,Essex Police,Essex Police,0.909199,51.860866,On or near ADELAIDE DRIVE,E01021640,Colchester 018D,Investigation complete; no suspect identified
c2211682f001e317a51e1a00600f508ef47ba9034121b0361c05164cd95e9726,2015-08,Essex Police,Essex Police,0.716362,51.532558,On or near Pedestrian Subway,E01015851,Southend-on-Sea 015A,Investigation complete; no suspect identified
042457c17fe97c4bf040f63bc297cba3699ea0057e232bdbfca2e3a90fc760a1,2015-08,Essex Police,Essex Police,0.459064,51.792507,On or near RAY MEAD,E01021540,Chelmsford 001C,Investigation complete; no suspect identified
0a5fccfdb7912c0c5a8681ce526a65199d6091f2ee25846cafc686a1e6456c6e,2015-08,Essex Police,Essex Police,1.278270,51.937372,On or near HILL ROAD,E01022001,Tendring 001D,Investigation complete; no suspect identified
ee4214cab4d4b6bdceaae8d0d8e3a814ac703eb5a051ad91c8d57eb70ed35647,2015-08,Essex Police,Essex Police,0.237904,51.487177,On or near WATER LANE,E01016013,Thurrock 015D,Investigation complete; no suspect identified
f7273b5e00d52f406c8fcb05b5fa7186277b891474524fc6cd11eaf13475c373,2015-08,Essex Police,Essex Police,0.094394,51.758241,On or near OLD ORCHARD,E01021869,Harlow 007C,Investigation complete; no suspect identified
e9568f539e150a8acbfe30583e5f7cc57fe9aca9e365ab86a1cc956ba974cab9,2015-08,Essex Police,Essex Police,0.924555,51.889543,On or near BRIDGEFIELD CLOSE,E01021706,Colchester 022H,Investigation complete; no suspect identified
12c361f942237cfea74a34991e67e88d2e13e9948a4454b03c478c3eb4fd30f0,2015-08,Essex Police,Essex Police,0.683307,51.558231,On or near NORTHVILLE DRIVE,E01015859,Southend-on-Sea 004C,Investigation complete; no suspect identified
0c0ffa04527f2c105ab7d5e0c5e1f905d1880dfaf33de11f6bbdec6988c0e2f9,2015-08,Essex Police,Essex Police,0.455364,51.569789,On or near Shopping Area,E01021318,Basildon 015C,Investigation complete; no suspect identified
993d23a47228bf63dfcaefdfbfead72fbbd790e1762877782063b228ffd5ab74,2015-08,Essex Police,Essex Police,0.475214,51.731744,On or near Shopping Area,E01033140,Chelmsford 010F,Investigation complete; no suspect identified
1b7c2c5dae8baa517b7a2360d7d5e13cc262e6d5721ed07abd28fdaca84dcead,2015-08,Essex Police,Essex Police,0.462457,51.585127,On or near Nightclub,E01021268,Basildon 015B,Investigation complete; no suspect identified
dea86fbec7b26d85ac3c1d409f09a225242ced5be668f8dcf3e1e1bcb7a4bf41,2015-08,Essex Police,Essex Police,0.926549,51.884889,On or near HYTHE STATION ROAD,E01021685,Colchester 011C,Investigation complete; no suspect identified
4529d0e1478f7ee93de3d351803c05b369546f1b0cab69593e620d94ded6c240,2015-08,Essex Police,Essex Police,0.689866,51.742915,On or near HILLARY CLOSE,E01021888,Maldon 003E,Investigation complete; no suspect identified
49915e398db48ec83aab16e315af108b604eb1df4792b759e14bbb61b44a1a15,2015-08,Essex Police,Essex Police,0.873707,51.870552,On or near Police Station,E01021711,Colchester 015A,Investigation complete; no suspect identified
abd144787532f030ed9541d5d10f95cb290b16761725d05398731e5aa67fdbdd,2015-08,Essex Police,Essex Police,0.925619,51.782599,On or near SUFFOLK AVENUE,E01021733,Colchester 021C,Investigation complete; no suspect identified
faef3730f483ca418fd9a22323994919ec158c3bc11919cbe64645c29f061d38,2015-08,Essex Police,Essex Police,0.416513,51.624942,On or near Supermarket,E01021244,Basildon 004A,Investigation complete; no suspect identified
d378c2a05db4883313aa7573b29c1fde819f08f4c5035b5dd73db082193b9bd5,2015-08,Essex Police,Essex Police,0.460744,51.564658,On or near CODENHAM GREEN,E01021296,Basildon 020C,Investigation complete; no suspect identified
3424bcbcf859e7684e270879153772087573393485982dfcc4255318878a7ef6,2015-08,Essex Police,Essex Police,0.699078,51.588448,On or near Petrol Station,E01021930,Rochford 007A,Investigation complete; no suspect identified
ef7f9730e688040d736e34a7c8aaefcb5978d5136e965eac62ae341c8297d877,2015-08,Essex Police,Essex Police,0.882755,51.868244,On or near EBONY CLOSE,E01033723,Colchester 015G,Investigation complete; no suspect identified
705ee8db272f75ee7583f32e7130dcf4dd6ae71c6dd819df412970826edab62f,2015-08,Essex Police,Essex Police,0.467307,51.588577,On or near ENDEAVOUR DRIVE,E01021268,Basildon 015B,Investigation complete; no suspect identified
b51c7b6cd7230a8679b04bca0cff68369738ad76b1b129c3e1684ed10efad3de,2015-08,Essex Police,Essex Police,0.838373,51.879307,On or near HOLLY ROAD,E01021722,Colchester 012E,Investigation complete; no suspect identified
26c0691a0b32ea741c7075e20e9bbda1f3cc8f1855b847814e4b2eef74a7acb0,2015-08,Essex Police,Essex Police,0.900116,51.889231,On or near Shopping Area,E01021649,Colchester 007D,Investigation complete; no suspect identified
94b0f822c1262f9b875674a43b3cce153e4ae41c7cb92c65928442997ad94d7e,2015-08,Essex Police,Essex Police,0.838373,51.879307,On or near HOLLY ROAD,E01021722,Colchester 012E,Investigation complete; no suspect identified
0e45bcb26e40468eb17940a6d3db6df530117eeacaf11c1aa79889556cd36bcc,2015-08,Essex Police,Essex Police,0.767567,51.533258,On or near MAPLIN WAY,E01015916,Southend-on-Sea 017C,Investigation complete; no suspect identified
629433e02539c04b390b51d38b525192376563540edbd97fc900457cd3d7f1ee,2015-08,Essex Police,Essex Police,0.838373,51.879307,On or near HOLLY ROAD,E01021722,Colchester 012E,Investigation complete; no suspect identified
8781a547fe673ebfe1e9a99b3e8a7c34c9600234c309765fbcc65ee6a26d258b,2015-08,Essex Police,Essex Police,0.835563,51.883386,On or near TOLLGATE ROAD,E01021654,Colchester 010A,Investigation complete; no suspect identified
f614ca89b2acdfc9d1862d60862b3065e4dcc78c549e3d1a5fb1e67528393071,2015-08,Essex Police,Essex Police,0.502081,51.573506,On or near Pedestrian Subway,E01021306,Basildon 013E,Investigation complete; no suspect identified
14d5659c57d615236987f71cef4fc426d0ab394f653df7509c749a9c41318ece,2015-08,Essex Police,Essex Police,1.130224,51.798084,On or near POLSTEAD WAY,E01022031,Tendring 015D,Investigation complete; no suspect identified
83fc1e5d2e068bb626bec2352a421f8d605ae5f1ca08e7522e02056b1e838bae,2015-08,Essex Police,Essex Police,0.297974,51.524452,On or near Supermarket,E01015971,Thurrock 006B,Investigation complete; no suspect identified
d8f6402b75bf41825b5d10733827668979bcb6fe0077352ac38736a8072b5bee,2015-08,Essex Police,Essex Police,0.725264,51.534824,On or near OUTING CLOSE,E01015842,Southend-on-Sea 014D,Investigation complete; no suspect identified
4e7876221f894b6968e5aeef11249c6c0299262dc09933fb5451fae85140d429,2015-08,Essex Police,Essex Police,0.637913,51.801767,On or near NICHOLAS COURT,E01021416,Braintree 017B,Investigation complete; no suspect identified
1a51c9255d6f6f9bad0cbd9275ab1ae2a8b4e1260cfebfa5ce118c3e3561b7d5,2015-08,Essex Police,Essex Police,0.591471,51.525464,On or near SHORT ROAD,E01021494,Castle Point 008B,Investigation complete; no suspect identified
7cac85cec95026daa42b1f0bfae038152f164b89ce58401308c005cddb4ed41d,2015-08,Essex Police,Essex Police,0.418750,51.634140,On or near Park/Open Space,E01021247,Basildon 003E,Investigation complete; no suspect identified
53d2073600554f325de50896817c93b62a55ddea5eb3c84dbe9c50ca069aafd8,2015-08,Essex Police,Essex Police,0.705899,51.543115,On or near BOSTON AVENUE,E01015896,Southend-on-Sea 010B,Investigation complete; no suspect identified
9ed1d27c5dc1c7fbb9131b406f431fd1bbd37d0ed8306c92e4b3c0fcabdc333e,2015-08,Essex Police,Essex Police,0.749264,51.810169,On or near CAXTON CLOSE,E01021723,Colchester 020A,Investigation complete; no suspect identified
ae8af72ac6fedb2cb5899a1336865faec11c9f60db498bd7523c57ca1efd686c,2015-08,Essex Police,Essex Police,0.272852,51.738450,On or near QUEEN STREET,E01021796,Epping Forest 003B,Investigation complete; no suspect identified
8bef9e9cb3010e6d7e6797262dc55c26dbf784fa3951741c313619399212773e,2015-08,Essex Police,Essex Police,0.117918,51.770445,On or near HAREFIELD,E01021847,Harlow 002D,Investigation complete; no suspect identified
ff062b35e621660ede9bc4450564fa418099fa0c99837a27b4a8d1727374c634,2015-08,Essex Police,Essex Police,0.479067,51.566467,On or near SUNNEDON,E01021324,Basildon 019C,Investigation complete; no suspect identified
4dbc13a4825aa9dbc015185528c200f9b1e4570a929e26de699d16464effae8c,2015-08,Essex Police,Essex Police,0.423827,51.729542,On or near LITTLE MEADOW,E01021634,Chelmsford 011D,Investigation complete; no suspect identified
e2a7f27db83efe4df0afcaad5f11ce5af678dbe276869179b2ff73c05afa7e65,2015-08,Essex Police,Essex Police,1.131556,51.791771,On or near WALNUT WAY,E01022032,Tendring 015E,Investigation complete; no suspect identified
212c709e40afb671350811b57c14eeccd8637139df2e80c1580d32c1f8aeac90,2015-08,Essex Police,Essex Police,0.732972,51.540950,On or near LOVELACE GARDENS,E01015839,Southend-on-Sea 014A,Investigation complete; no suspect identified
08b9ac286b584791f3e9391d4206fcae6a04c03fcd07f2ee322a3e3224b578ac,2015-08,Essex Police,Essex Police,0.899199,51.888534,On or near TRINITY STREET,E01021649,Colchester 007D,Investigation complete; no suspect identified
418a431f8d23bcb1680eb7150dad3226b3653a0cba822f9438df695179e85a2e,2015-08,Essex Police,Essex Police,0.078146,51.652040,On or near HARVEY GARDENS,E01021778,Epping Forest 011E,Investigation complete; no suspect identified
61ee2c3b10b6fb6e4976f7fe176f79437e3b7823f78d4a91abcf75e7b147c060,2015-08,Essex Police,Essex Police,0.722105,51.537227,On or near CROMER ROAD,E01015840,Southend-on-Sea 014B,Investigation complete; no suspect identified
6123da0bb8edfa362c511da26d58da9c5e9aaae1f17e212b20f8d5739d760f29,2015-08,Essex Police,Essex Police,0.725264,51.534824,On or near OUTING CLOSE,E01015842,Southend-on-Sea 014D,Investigation complete; no suspect identified
5467e043c7d02db62df899a67771556b88a40f2cd4fe7552d1f6a2b9b9932969,2015-08,Essex Police,Essex Police,0.699905,51.834426,On or near EASTERFORD ROAD,E01021402,Braintree 014E,Investigation complete; no suspect identified
94904ca2023dfdb7bb193a17e3f326ab6cefb680cfffa8befd29bb33c9835d77,2015-08,Essex Police,Essex Police,0.661122,51.569691,On or near FAIRFIELD GARDENS,E01015833,Southend-on-Sea 001A,Investigation complete; no suspect identified
968b265f232d215cde0b5c1658c195c1b87f84c5558dcbafc7a7beb1938d6ee1,2015-08,Essex Police,Essex Police,0.221278,51.869847,On or near DUNMOW ROAD,E01022059,Uttlesford 009A,Investigation complete; no suspect identified
d12d1651f0e1815bd0c641529d87ef83a3d0856591e9cff07daa035cb1dd9405,2015-08,Essex Police,Essex Police,0.527336,51.599746,On or near CALADONIA LANE,E01021344,Basildon 008D,Investigation complete; no suspect identified
a6e953cb43d5701c1e4792d805605965b7db354ea4e0b9035290106e078a4532,2015-08,Essex Police,Essex Police,0.908761,51.885357,On or near Supermarket,E01021686,Colchester 011D,Investigation complete; no suspect identified
60a44dd4bee9c87cb5a0c524b676fe6ef074f15c33d31b9c1ff62207b2a28ca7,2015-08,Essex Police,Essex Police,0.261741,51.889938,On or near Airport/Airfield,E01022090,Uttlesford 006B,Investigation complete; no suspect identified
c748bf7473de94831ff8b8bac3569cbfd232672d0288442266b122331a7c738c,2015-08,Essex Police,Essex Police,0.501215,51.592707,On or near SOUTHEND ARTERIAL ROAD,E01021330,Basildon 006C,Investigation complete; no suspect identified
e697570efacc1a520c763dd618c2e2b98d07a0348ce609f8bb4c0a5217c0d7e8,2015-08,Essex Police,Essex Police,1.151360,51.814311,On or near Highfield Holiday Park,E01022039,Tendring 010B,Investigation complete; no suspect identified
c68d334cb5b61ffa47be2aa93048a8a1ab47f46ff6a5d966e55750d226fc76bf,2015-08,Essex Police,Essex Police,0.644410,51.795542,On or near BLACKMAN WAY,E01021415,Braintree 017A,Investigation complete; no suspect identified
7b07d443ab67f3fb4602c51d6f515d5faca241e4195a72b48c7b7f18f1b6930b,2015-08,Essex Police,Essex Police,1.026271,51.810359,On or near THOMAS STREET,E01021981,Tendring 011C,Investigation complete; no suspect identified
4123102548f3f5fdb510324c133c21e3be7a7c67a6da86681b876b8284366603,2015-08,Essex Police,Essex Police,0.500840,51.570358,On or near TRAVERS WAY,E01021305,Basildon 013D,Investigation complete; no suspect identified
42bdff9650fc356a1693549932af886356974a20e70d55f238cbd846bc21eaf7,2015-08,Essex Police,Essex Police,0.727173,51.536831,On or near LEAMINGTON ROAD,E01015840,Southend-on-Sea 014B,Investigation complete; no suspect identified
5c9bb4d795c90d842155e7607c1ead5d6cb7f595173ee20da5e65153214713bf,2015-08,Essex Police,Essex Police,0.367676,51.459366,On or near HUME AVENUE,E01016004,Thurrock 018B,Investigation complete; no suspect identified
f0c973426b499938c1b18f144147a362be8bb7b7726f3eb9a5b6c00baf3f6e15,2015-08,Essex Police,Essex Police,0.135040,51.703257,On or near OAK GLADE,E01021756,Epping Forest 006A,Investigation complete; no suspect identified
6ec924dcc2df8ae4df377c3dc57de80dbf24ffa54238a3b10b9dbcb783cd1846,2015-08,Essex Police,Essex Police,0.459064,51.792507,On or near RAY MEAD,E01021540,Chelmsford 001C,Investigation complete; no suspect identified
e921a838a87b2742030ca9419bb2e88efd8fbee3cd541600caa026f844b2a9b3,2015-08,Essex Police,Essex Police,0.459064,51.792507,On or near RAY MEAD,E01021540,Chelmsford 001C,Investigation complete; no suspect identified
a9091d138ec4a5151337dd724b1dd53fe1d24de50a3ba7d4aa981728b3654435,2015-08,Essex Police,Essex Police,0.636306,51.794366,On or near MALYON ROAD,E01021422,Braintree 017E,Investigation complete; no suspect identified
1545ea1bce297e8e555bad8e665996aed7d2d73ba4cfa10c49072a1d6b736750,2015-08,Essex Police,Essex Police,0.794823,51.539402,On or near CENTURION CLOSE,E01015881,Southend-on-Sea 013F,Investigation complete; no suspect identified
58bb9d8ab11d83bd156f8e33e137888191b6fa43ac0ac6e4d6ad2efd69014fe5,2015-08,Essex Police,Essex Police,0.510004,51.578220,On or near Sports/Recreation Area,E01021303,Basildon 011B,Investigation complete; no suspect identified
0d79a008004a6788980436861468c310c11e24117284664881c58f3e463475de,2015-08,Essex Police,Essex Police,0.840039,51.864715,On or near MALDON ROAD,E01021721,Colchester 012D,Investigation complete; no suspect identified
90212de3821b52bc434d751cf34722e610e70f6daae630fc9336214daaa51016,2015-08,Essex Police,Essex Police,0.089040,51.746799,On or near Pedestrian Subway,E01021862,Harlow 011A,Investigation complete; no suspect identified
31f6ee5c3a3103c790bf73dfebabd2358fe32f7f4c7d649a39f92730a380c8d5,2015-08,Essex Police,Essex Police,0.626249,51.791012,On or near HADRIANS CLOSE,E01033460,Braintree 017F,Investigation complete; no suspect identified
c39d461a29876a6c12c549da29891dcaecbd83b838919d9591a6f2290cfcef69,2015-08,Essex Police,Essex Police,0.727502,51.535339,On or near WOODGRANGE DRIVE,E01015840,Southend-on-Sea 014B,Investigation complete; no suspect identified
4fc3f4022d1d5066fef66c612ef41bd2d7ae1c9174052968a06cf0dfcd41d11e,2015-08,Essex Police,Essex Police,0.292672,51.516767,On or near TAMARISK ROAD,E01015932,Thurrock 006A,Investigation complete; no suspect identified
9df9488a98173420df2cca870f6c653cbc042baadaba0140903665d12485973d,2015-08,Essex Police,Essex Police,0.727421,51.538327,On or near AMBLESIDE DRIVE,E01015840,Southend-on-Sea 014B,Investigation complete; no suspect identified
635408d261574dde1ba72b618b12904f95bbb57cb9a410821ee563f9d6416224,2015-08,Essex Police,Essex Police,0.487259,51.724286,On or near WHITEHOUSE CRESCENT,E01021563,Chelmsford 014B,Investigation complete; no suspect identified
5e3b7aa9ddb09c2ff06ad700d95405883415b7116e1d784ca5cc85c2a21776a1,2015-08,Essex Police,Essex Police,1.148823,51.795195,On or near Supermarket,E01022026,Tendring 016C,Investigation complete; no suspect identified
f220704b80d816cab91d2960685215e718afb9d091533e2250fa95302f48ec6e,2015-08,Essex Police,Essex Police,0.284968,51.868231,On or near RUMBLES WAY,E01022090,Uttlesford 006B,Investigation complete; no suspect identified
70bf7e6ea2c8ffac172ea31c9a61a3a5b04c35984dc117576961a634ef399322,2015-08,Essex Police,Essex Police,0.720578,51.533386,On or near LUCY ROAD,E01015841,Southend-on-Sea 014C,Investigation complete; no suspect identified
77065ccd7ca76c49b44e892cf4dd9357c79493cb1db7ff3ab1491962c97c44f2,2015-08,Essex Police,Essex Police,0.292672,51.516767,On or near TAMARISK ROAD,E01015932,Thurrock 006A,Investigation complete; no suspect identified
cd5f7c0cfda56acd989c8e2a9ddd906e8b41236a1625376aa7a1aad105a0ec2b,2015-08,Essex Police,Essex Police,0.459245,51.748644,On or near ARTHUR COURT,E01021576,Chelmsford 006A,Investigation complete; no suspect identified
c1df81a78d69ebfb287c0b3cc5c140f4826b24819965a832e0847b109cc7b487,2015-08,Essex Police,Essex Police,0.722102,51.537902,On or near KILWORTH AVENUE,E01015840,Southend-on-Sea 014B,Investigation complete; no suspect identified
f634ef0963e7b22a9f696d394bf30bf2e4f00e887c9ded741f748691f1dbfee8,2015-08,Essex Police,Essex Police,0.722105,51.537227,On or near CROMER ROAD,E01015840,Southend-on-Sea 014B,Investigation complete; no suspect identified
9bdb27d9f1cfd8b01b51df666f4ff95a842c6ccc9e015223edb479a082688119,2015-08,Essex Police,Essex Police,0.502108,51.573739,On or near MILL GREEN,E01021306,Basildon 013E,Investigation complete; no suspect identified
3f38104e4272c204bea04422fe1b84cbae239f4e517217a5eb0f7cf97dca09b4,2015-08,Essex Police,Essex Police,0.212821,51.812661,On or near Park/Open Space,E01022070,Uttlesford 009C,Investigation complete; no suspect identified
1f6846a13f71c0111364bd8aac3b41ce665dd0c8de22ebb8c4e1592de8b6d49e,2015-08,Essex Police,Essex Police,0.626229,51.801903,On or near COLNE CHASE,E01021429,Braintree 016D,Investigation complete; no suspect identified
2a3e331fee6def466f4b3198ee5872ed3246756ae1cb2be1477d04c48983b078,2015-08,Essex Police,Essex Police,0.876876,51.870592,On or near ANZIO CRESCENT,E01033723,Colchester 015G,Investigation complete; no suspect identified
7e51507dbf1f4641024f73000322cfcfb3965ea87aa2d311d427fe4991d9a8f2,2015-08,Essex Police,Essex Police,1.148985,51.799193,On or near GROOM PARK,E01021970,Tendring 016A,Investigation complete; no suspect identified
8bfb41d1a0409d0b262fac280aa3c087af83742ccade7e4e0f4be538150e0c19,2015-08,Essex Police,Essex Police,0.366659,51.470314,On or near HANDEL CRESCENT,E01016007,Thurrock 018E,Investigation complete; no suspect identified
ce88619e60938ffe5d59f2e46c3f8a97b863ffae1e29088fadd8da72bcffa9c0,2015-08,Essex Police,Essex Police,0.419912,51.483975,On or near CLYDE,E01015949,Thurrock 013C,Investigation complete; no suspect identified
4644eccfad5a609e26b535e2e0550c7e9c4c09517ddf5c177903ba1618e0a7f1,2015-08,Essex Police,Essex Police,0.693247,51.544045,On or near WEST ROAD,E01015900,Southend-on-Sea 010F,Investigation complete; no suspect identified
a1cac411a78f2f14b185ca51c83e0a1a91c83240add370ff7c7293115add9aee,2015-08,Essex Police,Essex Police,0.288725,51.505324,On or near BANN CLOSE,E01015927,Thurrock 007A,Investigation complete; no suspect identified
30c7e908cc9f4bb2a897f9f3c4c61440747bce4a705f36ccbd486953650da4da,2015-08,Essex Police,Essex Police,0.122640,51.772536,On or near LADYSHOT,E01021846,Harlow 002C,Investigation complete; no suspect identified
6cd2500bd746e05c1d9b9e583dcde4ff00772c6ec0b3410076593ddab61a01c7,2015-08,Essex Police,Essex Police,0.730798,51.540290,On or near Petrol Station,E01015844,Southend-on-Sea 014F,Investigation complete; no suspect identified
2a9b710014a003e4356a07a54c6cf787466ec7d19f049e3b8209b5ebd64d3199,2015-08,Essex Police,Essex Police,0.785188,51.529702,On or near BARGE PIER ROAD,E01015876,Southend-on-Sea 013A,Investigation complete; no suspect identified
d43668b37f2c8745b0362816e0e9c5ce0856a26e54250c91a7fa51c4a3e0e4f4,2015-08,Essex Police,Essex Police,0.466936,51.736909,On or near Supermarket,E01021574,Chelmsford 010A,Investigation complete; no suspect identified
8619c02c5cbaca77e02e84252062383e3f664ede6ba711c44557a3e77571ce00,2015-08,Essex Police,Essex Police,1.153340,51.787393,On or near Nightclub,E01022025,Tendring 016B,Investigation complete; no suspect identified
6d53cd915cc0bfca602309396ad51de494b825064e0d2bd695ff1970b1704ef1,2015-08,Essex Police,Essex Police,0.717736,51.534325,On or near HERBERT GROVE,E01015852,Southend-on-Sea 015B,Investigation complete; no suspect identified
0fa2872cc88315bbc5dff90ec293087087248f023845f471d18612acc00c504f,2015-08,Essex Police,Essex Police,0.581820,51.871280,On or near PLAINS FIELD,E01021367,Braintree 012C,Investigation complete; no suspect identified
1097a6dddf3288bb54b63ced96e1f28c06506e79b153345e0003f2eff7e351c2,2015-08,Essex Police,Essex Police,0.284143,51.486609,On or near Shopping Area,E01016011,Thurrock 015B,Investigation complete; no suspect identified
bacc6938dcc501a4ceb0eeb8fca2bb49c83bcb4750d818188a3836257440fb9b,2015-08,Essex Police,Essex Police,1.035045,51.852153,On or near FRATING ROAD,E01022053,Tendring 009D,Investigation complete; no suspect identified
10a49a961a4b1e8dcf0d3bbc37072abc1d9dc30e6d32a37d5f1162b256719c54,2015-08,Essex Police,Essex Police,0.498422,51.570220,On or near BROOMFIELDS PLACE,E01021305,Basildon 013D,Investigation complete; no suspect identified
b8a52c3a2c05e7b8c4c58badce921e9a41b97418eaf485717268f2df0f81d2f8,2015-08,Essex Police,Essex Police,0.584796,51.716595,On or near MALDON ROAD,E01021570,Chelmsford 016D,Investigation complete; no suspect identified
57b9799075470d7cd794a7c054396f11a4980745b8af874f004ec18dd33504cd,2015-08,Essex Police,Essex Police,0.445960,51.579555,On or near MILES GRAY ROAD,E01021319,Basildon 017E,Investigation complete; no suspect identified
ace91fad9d4012373f3c60f2dba2b35fca0a8c872d439f3d5aed2d44e8a0e737,2015-08,Essex Police,Essex Police,0.629203,51.810137,On or near BENTLEY ROAD,E01021426,Braintree 015E,Investigation complete; no suspect identified
9be88d288da954b3a3e98d2ef099456b48d2d765d764952cdf7a6b9713c08e0e,2015-08,Essex Police,Essex Police,0.574812,51.886955,On or near CAVENDISH GARDENS,E01021349,Braintree 007A,Investigation complete; no suspect identified
1e13eeb940cf8d84ab957bcb93c4a9afd61477fc5562db4613e2738208fa1ab9,2015-08,Essex Police,Essex Police,0.620339,51.808896,On or near SPEEDWELL CLOSE,E01021425,Braintree 016B,Investigation complete; no suspect identified
ace9ee04369799f270c1b7ce8997b2a4acc6ef1c2a132fcef56b7585b85c261f,2015-08,Essex Police,Essex Police,0.522763,51.606599,On or near TRENT CLOSE,E01021331,Basildon 008A,Investigation complete; no suspect identified
29e263fa3043e82173dec59a370573cd2434efac2629ebebae2c2c07ebf77cea,2015-08,Essex Police,Essex Police,0.905184,51.896589,On or near Theatre/Concert Hall,E01021647,Colchester 007B,Investigation complete; no suspect identified
c945ee30c10b262657761aa6d440613379b26adca64393c6d0ac155c0713db93,2015-08,Essex Police,Essex Police,0.929321,51.904264,On or near ST MARK DRIVE,E01021709,Colchester 022B,Investigation complete; no suspect identified
f2c6052f2c277645531f9009595e0ae43c5abcd6bdf3c8c16c03211e40ac4a9c,2015-08,Essex Police,Essex Police,1.168162,51.794837,On or near ALBANY GARDENS WEST,E01022048,Tendring 014C,Investigation complete; no suspect identified
c1be9209bf1e143f350342af6d119297ee2b4f224de25a5f914c07c83a76bf2d,2015-08,Essex Police,Essex Police,0.830150,51.888121,On or near ESSEX YEOMANRY WAY,E01021718,Colchester 012A,Investigation complete; no suspect identified
e8871b1e5bca481c306900e5381a55987aeb350072b6875123a5c56f15a759b2,2015-08,Essex Police,Essex Police,0.691416,51.562632,On or near FEECHES ROAD,E01015865,Southend-on-Sea 002C,Investigation complete; no suspect identified
f8eaf04720a865b403514f1ef6d8f196efeef7525cead2478fa27249fad258a9,2015-08,Essex Police,Essex Police,0.576037,51.878637,On or near RUSTIC CLOSE,E01021369,Braintree 012D,Investigation complete; no suspect identified
84785f49914f43323dfc6ef3415af161e491eac513c34f31353eaffc5466fb38,2015-08,Essex Police,Essex Police,0.062261,51.675665,On or near Nightclub,E01021806,Epping Forest 009A,Investigation complete; no suspect identified
82976af584e91b5323259bdd0e978ef82ac11f4665c3f6d5602439c2ee9078f2,2015-08,Essex Police,Essex Police,0.441386,51.572311,On or near GREAT KNIGHTLEYS,E01021291,Basildon 016E,Investigation complete; no suspect identified
2a0aeaa8e1d5c1a98881a1e8996236ec75cacb55e0bd147299c750afbf470f0c,2015-08,Essex Police,Essex Police,0.703329,51.566909,On or near Shopping Area,E01021956,Rochford 007E,Investigation complete; no suspect identified
bc6751e6d41e8d082fd6be39d16f17d9def4618658cc672f90ab74c3e1c0c9f2,2015-08,Essex Police,Essex Police,0.475304,51.759090,On or near GIBSON VALE,E01021543,Chelmsford 002B,Investigation complete; no suspect identified
0c1760654698fb6bcf6c3d2a2f12e334ff76c8aef4be740ecebaa11be6971e9c,2015-08,Essex Police,Essex Police,0.094542,51.776475,On or near Sports/Recreation Area,E01021843,Harlow 004E,Investigation complete; no suspect identified
e7118c452ea006471533d5f37771fb5ece570fb3b55576d0f90778a77536f76e,2015-08,Essex Police,Essex Police,0.292494,51.630523,On or near A12,E01021431,Brentwood 004A,Investigation complete; no suspect identified
6be59d2268f2eb11c721f4761efe831e49c0d01d233e3446b687b25b15bf654a,2015-08,Essex Police,Essex Police,0.109228,51.781779,On or near Shopping Area,E01021845,Harlow 002B,Investigation complete; no suspect identified
d7fa73ddb2c209dec43a2c66270c58cac0b8d423009b5e1cd00692897dea63ac,2015-08,Essex Police,Essex Police,0.846808,51.890219,On or near KING COEL ROAD,E01021674,Colchester 009B,Investigation complete; no suspect identified
d98769ccd8ee13e02c4fabaf140829c51b718ef5a819f72936174ce4a48fee6f,2015-08,Essex Police,Essex Police,0.743522,51.548501,On or near CHAINGATE AVENUE,E01015887,Southend-on-Sea 009E,Investigation complete; no suspect identified
c407db00861aff3a60608461ad4e2c88da23823c6dfa12a4dc599823b4a12753,2015-08,Essex Police,Essex Police,0.544283,51.569396,On or near IVY ROAD,E01021516,Castle Point 003D,Investigation complete; no suspect identified
0df682698fef06b61a280d45f180e1bd3786bfd134ee3fe784b69eba71cf1b41,2015-08,Essex Police,Essex Police,0.500496,51.581193,On or near LITTLEBURY COURT,E01021307,Basildon 011C,Investigation complete; no suspect identified
a6f99d24e59dbe864f3ff3509962eda904c4a4b6d1fe323c92ffde785e8175a7,2015-08,Essex Police,Essex Police,0.903575,51.888768,On or near Theme/Adventure Park,E01021648,Colchester 007C,Investigation complete; no suspect identified
4009ef7510b7e49350a7df5de22b128aec7c511620b14418840617e75a90b1dd,2015-08,Essex Police,Essex Police,0.600679,51.642391,On or near GALADRIEL SPRING,E01021606,Chelmsford 020B,Investigation complete; no suspect identified
db926d18d33f6eeffe9610d5a888b144227b58d7f668806a7085693c0ba13c52,2015-08,Essex Police,Essex Police,0.467864,51.735073,On or near PARK ROAD,E01033141,Chelmsford 010G,Investigation complete; no suspect identified
1f61b683f5b25f98743293d7985b13bd908cb7dc79c3fed189867f07a7d0fb3a,2015-08,Essex Police,Essex Police,1.151124,51.789089,On or near Parking Area,E01022025,Tendring 016B,Investigation complete; no suspect identified
07b02ff970a438c38ad5cdeb4568545bcf80c5d1bbf3da2c7e84cd29e5dcedc4,2015-08,Essex Police,Essex Police,0.417986,51.485688,On or near SEVERN,E01015947,Thurrock 013A,Investigation complete; no suspect identified
26a3c453f42ef308ad6738a825e4513c889c7176d55e3240f42d48a8bafde0b5,2015-08,Essex Police,Essex Police,0.634403,51.814715,On or near BRONTE ROAD,E01021418,Braintree 015C,Investigation complete; no suspect identified
5498516b8d9e138e0f8fb094296a03cfdd05fe50fbe238c45203962bdebeb56c,2015-08,Essex Police,Essex Police,0.468329,51.700817,On or near PYMS ROAD,E01021552,Chelmsford 017A,Investigation complete; no suspect identified
bd12699001147f520cb207ca0e9faa8641dc9c3cb2714212d7a384a49fc87827,2015-08,Essex Police,Essex Police,0.094481,51.770766,On or near EAST GATE,E01021872,Harlow 007E,Investigation complete; no suspect identified
52dfe6f9eec7cdd15a14ae69f6efdea102322c77aec8e513a9c1dd6e79837c31,2015-08,Essex Police,Essex Police,0.642065,51.798859,On or near THE RETREAT,E01021416,Braintree 017B,Investigation complete; no suspect identified
59cb463c950bd737b27862cd0de74fb71be5c93a90610ca58b356b2e0ae5ccf5,2015-08,Essex Police,Essex Police,0.085834,51.767754,On or near HARE STREET SPRINGS,E01021842,Harlow 004D,Investigation complete; no suspect identified
8cc6e8e02d3367f40be058011e26ee47151d2d3b89a37c643031971226f60e36,2015-08,Essex Police,Essex Police,0.517023,51.622415,On or near HASLEMERE ROAD,E01021338,Basildon 005C,Investigation complete; no suspect identified
855427e449d108bc5d0a4986b2a2ddeeaf99568091210af77cccacfe4820b77b,2015-08,Essex Police,Essex Police,0.457244,51.649277,On or near Park/Open Space,E01033143,Chelmsford 018E,Investigation complete; no suspect identified
d661e99dcf24cd2c80fd81579e8d38043ce9df108293846416b204ddd6f4a37e,2015-08,Essex Police,Essex Police,0.724922,51.532953,On or near Sports/Recreation Area,E01015842,Southend-on-Sea 014D,Investigation complete; no suspect identified
ce72fe320a0797e05b44ba6e4d77ee3fca4fd1fd0768574f5f54a19031fcb09b,2015-08,Essex Police,Essex Police,0.718806,51.543087,On or near SWANAGE ROAD,E01015844,Southend-on-Sea 014F,Investigation complete; no suspect identified
d6471238ff1c47470425d5be03c2abb1ce7bdfb8f165eac829f91380ab99fe49,2015-08,Essex Police,Essex Police,0.418368,51.582923,On or near Sports/Recreation Area,E01021278,Basildon 014E,Investigation complete; no suspect identified
4c15a33d843638e7e0d8450216e07fd23291995b9d181bdb40c20c206b547285,2015-08,Essex Police,Essex Police,0.896313,51.891114,On or near NORTH HILL,E01021649,Colchester 007D,Investigation complete; no suspect identified
b44cfd662aee4d13e69839fd0eea0b59d30e91c3c0b1a94874b94a4000b1aec1,2015-08,Essex Police,Essex Police,0.465367,51.525270,On or near HERD LANE,E01015945,Thurrock 002A,Investigation complete; no suspect identified
6488e5d388767fbf1cf7c090a0670d3fa1b54a9c55d5c26f7cc98e3af67f80ae,2015-08,Essex Police,Essex Police,0.121283,51.705260,On or near WINCH VIEW,E01021761,Epping Forest 005B,Investigation complete; no suspect identified
a7de76ee513e69bdc65d3a6a1c54a96205413f329283a28348ee9b274ea771c0,2015-08,Essex Police,Essex Police,1.287418,51.863668,On or near Parking Area,E01022054,Tendring 006C,Investigation complete; no suspect identified
e8fe22b2e4e3e63b677c023bc28e0d79e151e18f15d4c903872ef21306233c57,2015-08,Essex Police,Essex Police,0.121283,51.705260,On or near WINCH VIEW,E01021761,Epping Forest 005B,Investigation complete; no suspect identified
b8409dfecc6eddd2181ee9834812d61412033a3439cbae12f859820275d1b0c9,2015-08,Essex Police,Essex Police,0.687432,51.546940,On or near WESTBOROUGH ROAD,E01015902,Southend-on-Sea 007B,Investigation complete; no suspect identified
7439fc805cba6343363dbc488af2959da6eda1f0788617c0f118eca439ca0afa,2015-08,Essex Police,Essex Police,0.461228,51.569334,On or near Pedestrian Subway,E01021318,Basildon 015C,Investigation complete; no suspect identified
e034483c88257950bea757410c307b28f11f4795d7a7929e464a6d3f572133c6,2015-08,Essex Police,Essex Police,1.131556,51.791771,On or near WALNUT WAY,E01022032,Tendring 015E,Investigation complete; no suspect identified
9bb4b63e7fc4e6f2a9104e6f143c02efcd61ae2572548b9a5d1841c44bf54f62,2015-08,Essex Police,Essex Police,0.655916,51.541281,On or near Supermarket,E01015849,Southend-on-Sea 011E,Investigation complete; no suspect identified
46fa6ac4e03c9e8d6c6e3a80791cf0c0c1eb2e956d508258f5f81a1b7ed3ed02,2015-08,Essex Police,Essex Police,0.318857,51.630356,On or near LEWIS CLOSE,E01021465,Brentwood 005D,Investigation complete; no suspect identified
5b15776d9bd7f9280061731e8d1c7f1c64d317dbe3bee0682003db83fcd283c5,2015-08,Essex Police,Essex Police,0.518960,51.602094,On or near VICTOR MEW CLOSE,E01021342,Basildon 008B,Investigation complete; no suspect identified
878205c1337e2c4fc7675a04307611ab011ff38bab39bd5b8fc9a33e2c131dfb,2015-08,Essex Police,Essex Police,0.639574,51.800651,On or near Parking Area,E01021416,Braintree 017B,Investigation complete; no suspect identified
ec7eef288d55aaf3259184ef9716d4d415e3e5b2e78237328e9172f4a70fc55e,2015-08,Essex Police,Essex Police,0.905756,51.871221,On or near CROSSTREE WALK,E01021637,Colchester 018A,Investigation complete; no suspect identified
6b72a91652f59595a2fabb8c0445a63ae8c0d677295f0e11e2f869791158cf58,2015-08,Essex Police,Essex Police,0.095357,51.767783,On or near Shopping Area,E01021872,Harlow 007E,Investigation complete; no suspect identified
1d2f7d1510d1f120570869e810cf61efed722f44828cb9958d8ec6f9fc7ed4b7,2015-08,Essex Police,Essex Police,0.639574,51.800651,On or near Parking Area,E01021416,Braintree 017B,Investigation complete; no suspect identified
af6001910661b52258bed92312f7429f06bb0f2e97a609395378a82b9ae13c8e,2015-08,Essex Police,Essex Police,1.029426,51.797264,On or near CRUCE WAY,E01022046,Tendring 011E,Investigation complete; no suspect identified
71181bcbaca6f012ea694165ae801cc010b2700b06c6eb618749040e5a2aa98a,2015-08,Essex Police,Essex Police,0.085287,51.759041,On or near LINFORD CLOSE,E01021833,Harlow 009D,Investigation complete; no suspect identified
e97655b93a8d504338b952c290b7a389e7eccc3d8634f76fa84663b48bab5f44,2015-08,Essex Police,Essex Police,0.472504,51.567568,On or near MISTLEY SIDE,E01021295,Basildon 020B,Investigation complete; no suspect identified
af7c4f013319617195406c713b1783847980afddff5a194517c84cba15112eb6,2015-08,Essex Police,Essex Police,0.085955,51.751206,On or near BROCKLES MEAD,E01021863,Harlow 011B,Investigation complete; no suspect identified
09364c329585e8de5a037ce9ed8c1b6d34f3a2fb40c00c5bcb587022663b8bf6,2015-08,Essex Police,Essex Police,0.795506,51.530778,On or near Parking Area,E01015876,Southend-on-Sea 013A,Investigation complete; no suspect identified
d6a528301fdd3982f3323a734b788fc502c299ce0e348e27a70826571ead0af4,2015-08,Essex Police,Essex Police,0.307564,51.635327,On or near Parking Area,E01021465,Brentwood 005D,Investigation complete; no suspect identified
e676987c0cde1835e1049e21327e78793aac09deb76764fd611c45f2a1d4a26e,2015-08,Essex Police,Essex Police,0.366659,51.470314,On or near HANDEL CRESCENT,E01016007,Thurrock 018E,Investigation complete; no suspect identified
80649bdb8d61fbaef1e53f7a9face84ce9dfd30e4275a52c2f7818394da1a6e3,2015-08,Essex Police,Essex Police,0.514297,51.587211,On or near NOBEL SQUARE,E01021309,Basildon 011E,Investigation complete; no suspect identified
1fb569cc57b36768eb3adc9830f22e589a94650524d63dd3ac3d7489eecace9e,2015-08,Essex Police,Essex Police,0.320568,51.622264,On or near WORRIN CLOSE,E01021466,Brentwood 005E,Investigation complete; no suspect identified
0372d5057800433c2a0aa69b4d9e808e7d44342965ddd3a7aa35f23f3a92a54c,2015-08,Essex Police,Essex Police,1.098529,51.772922,On or near BELSIZE AVENUE,E01021988,Tendring 018A,Investigation complete; no suspect identified
de4b2c0907bc2a49b915ac05ef764c70c60287b5a305bf485f0870e2502e831f,2015-08,Essex Police,Essex Police,0.366505,51.594656,On or near BILLERICAY ROAD,E01021445,Brentwood 009A,Investigation complete; no suspect identified
db8f23a75959c73eff6c552f6443c37d8e20113bc7a328703faf8a9dcb937c7f,2015-08,Essex Police,Essex Police,0.524635,51.600524,On or near JOHNSON CLOSE,E01021344,Basildon 008D,Investigation complete; no suspect identified
a5a9792ae18cfca71e7aecab22bd6e235d8f61de3f6fe22eaf11f92cd2cc4b37,2015-08,Essex Police,Essex Police,0.652758,51.545508,On or near LYMINGTON AVENUE,E01015845,Southend-on-Sea 011A,Investigation complete; no suspect identified
89652c1c7218e454cfa638351a794c253d215df1dfe21221cfbd905aa63cecfe,2015-08,Essex Police,Essex Police,0.081422,51.765423,On or near COLLINS MEADOW,E01021841,Harlow 004C,Investigation complete; no suspect identified
b125134a934a485c8b4d212c99b5dfd3cdb464741c7a0ba8a2577c452b531ce5,2015-08,Essex Police,Essex Police,0.466294,51.567222,On or near GUN HILL PLACE,E01021295,Basildon 020B,Investigation complete; no suspect identified
b962bf9d3375a1e3a417bb8d788427b11c2398f64458e3f18f102b2f772626a9,2015-08,Essex Police,Essex Police,0.271023,51.869104,On or near LONGCROFT,E01022090,Uttlesford 006B,Investigation complete; no suspect identified
8c50267815febdec0f52242a17946eddaff54cd9b7095caa16d2958d60ecbd48,2015-08,Essex Police,Essex Police,0.281698,51.489840,On or near Parking Area,E01016011,Thurrock 015B,Investigation complete; no suspect identified
dd4d39d437032873e77b897182b93f60ec5ae396ac78decfd7abbc74a29e757c,2015-08,Essex Police,Essex Police,1.113674,51.858470,On or near WOODLANDS RISE,E01022018,Tendring 007E,Investigation complete; no suspect identified
0f3a0eaf5400be273ccb37dcd2a6583e09ea50efd6641d377e510a8d76964403,2015-08,Essex Police,Essex Police,0.685067,51.539358,On or near BRITANNIA GARDENS,E01015827,Southend-on-Sea 012A,Investigation complete; no suspect identified
7bc017b3efbfc4bd09119a39fcd8bc923fe708ecc7a2e30b4d74ec7543934559,2015-08,Essex Police,Essex Police,0.694351,51.537095,On or near LEONARD ROAD,E01015851,Southend-on-Sea 015A,Investigation complete; no suspect identified
bca52137211287d177b86acda28b850ab5d6cd72576b58436c567e459140116e,2015-08,Essex Police,Essex Police,1.130280,51.804963,On or near BOCKING'S GROVE,E01021976,Tendring 013B,Investigation complete; no suspect identified
9448716af7347240e9e290957ab9b09e217eb022c87f4f6845406487cf2cffcc,2015-08,Essex Police,Essex Police,0.281974,51.505753,On or near DAIGLEN DRIVE,E01015929,Thurrock 007C,Investigation complete; no suspect identified
6e84d418db0dee07cec636dea02920cc911f294649cf60d28631e0a05a5e8de0,2015-08,Essex Police,Essex Police,0.089122,51.767723,On or near LITTLE GROVE FIELD,E01021872,Harlow 007E,Investigation complete; no suspect identified
19f93a747f79099d6512a1f710cc1cbc9a345c11fbd20b189f1429e81dc466bc,2015-08,Essex Police,Essex Police,1.126545,51.791455,On or near RUSH GREEN ROAD,E01022031,Tendring 015D,Investigation complete; no suspect identified
53031913ca965574e28c206edc7f3cdbfe03b9163a79cf954adcea07e813f119,2015-08,Essex Police,Essex Police,0.593556,51.594308,On or near LONDON ROAD,E01021926,Rochford 006B,Investigation complete; no suspect identified
e6f0883c31d971798664ffba2dc96b35ed65f3e2135229d3f911f7b3717a2077,2015-08,Essex Police,Essex Police,0.651540,51.825347,On or near TUSSER CLOSE,E01021362,Braintree 015A,Investigation complete; no suspect identified
7a9d9a9a086b672df8e8282d63efcf6313336cf358273ae3b3abb2c194ebb1e0,2015-08,Essex Police,Essex Police,0.910475,51.890063,On or near EAGLEGATE,E01021648,Colchester 007C,Investigation complete; no suspect identified
46398d36e9a45c1356e6ddfaf666f177189bd1cf17ea72eb2343b693ef4d126f,2015-08,Essex Police,Essex Police,0.555900,51.905048,On or near Sports/Recreation Area,E01021355,Braintree 007D,Investigation complete; no suspect identified
9499434ee79cc4d49e2ceb5cf700a044dbd614e9764e29d507a7bbcf604ec04b,2015-08,Essex Police,Essex Police,0.910222,51.864564,On or near QUEENSLAND DRIVE,E01021640,Colchester 018D,Investigation complete; no suspect identified
a091724b14cdac7984e1cfffdbc0b4aeeca30d3b410f1f19630a5d9503e96a00,2015-08,Essex Police,Essex Police,0.716101,51.542466,On or near GUILDFORD ROAD,E01015895,Southend-on-Sea 010A,Investigation complete; no suspect identified
1d4053ad63c892feb770b1407f12d88b426cdb43792e12276b2b9b9983709276,2015-08,Essex Police,Essex Police,0.794987,51.772757,On or near SALTER'S MEADOW,E01021910,Maldon 001C,Investigation complete; no suspect identified
4dfeef2a5edceb41f944cbc732ed3b1bbaa347300d880b8a1ec0528b17912ddb,2015-08,Essex Police,Essex Police,0.710117,51.536183,On or near NELSON STREET,E01015853,Southend-on-Sea 015C,Investigation complete; no suspect identified
b05c0b9fd071de6865da44fa5c7754e21e2eb03076e10100d687538107eff7b4,2015-08,Essex Police,Essex Police,0.583582,51.856906,On or near EVELYN WOOD ROAD,E01021380,Braintree 012E,Investigation complete; no suspect identified
55e45a8fbc0ac6a4c83c470dd4404b11f09562f1e590e4c6833e553affd2f105,2015-08,Essex Police,Essex Police,0.489475,51.744842,On or near SPRINGFIELD PLACE,E01021622,Chelmsford 007C,Investigation complete; no suspect identified
767b0713980ce9e67a580ecfd2093e0aeedf5513d256228a15172b8d5bf098ce,2015-08,Essex Police,Essex Police,0.047292,51.740771,On or near BETTS LANE,E01021741,Epping Forest 002A,Investigation complete; no suspect identified
7918cf7507208d749cded569fef06a8832b3e62492a85444c167a5dc5e624f4b,2015-08,Essex Police,Essex Police,1.175985,51.855534,On or near BYNG CRESCENT,E01021974,Tendring 007B,Investigation complete; no suspect identified
b07e62ec37b8052ad23a09e720b0229cf5a38619537c6854cd87ef6ac7dcf7fa,2015-08,Essex Police,Essex Police,0.021671,51.736602,On or near SUNNYSIDE,E01021794,Epping Forest 002D,Investigation complete; no suspect identified
e8cb052c0adf2057f4cad18d3e3164f1f8d7c57896d026932332816efda97d44,2015-08,Essex Police,Essex Police,1.159092,51.803482,On or near NIGHTINGALE CLOSE,E01022041,Tendring 010D,Investigation complete; no suspect identified
cb7d0e376f0d6a70b758d622f5ed3f3d4b8538d91f01744a3e3fa3296c1907ad,2015-08,Essex Police,Essex Police,0.083445,51.742960,On or near Sports/Recreation Area,E01021867,Harlow 011E,Investigation complete; no suspect identified
a233cb94d31fe6a143767a3f817efa34eb231f4346846861f0f349ce5a38d5b8,2015-08,Essex Police,Essex Police,0.134244,51.764107,On or near BENTLEY DRIVE,E01021825,Harlow 005B,Investigation complete; no suspect identified
5e86c9c4dac7213faeeb06893419cff44172b7bff3b6fd6c3431316a7b9d6494,2015-08,Essex Police,Essex Police,0.899393,51.871909,On or near MEMNON COURT,E01021642,Colchester 018F,Investigation complete; no suspect identified
803ce9ae51bf675745e550839e43c5df8bddef7f2a2ec5e84e4d1e7aeaaf0697,2015-08,Essex Police,Essex Police,0.898794,51.877041,On or near YPRES ROAD,E01021642,Colchester 018F,Investigation complete; no suspect identified
20d2ecad8564cccacb45b495982e3533654ab4f1e5e774e71976a894dcb0f01e,2015-08,Essex Police,Essex Police,0.521381,51.606943,On or near GROVELANDS ROAD,E01021331,Basildon 008A,Investigation complete; no suspect identified
7fe86d69ddc3ef309402d7ec3a6499327599954dc5fdd3a53de7b3e3a48dd435,2015-08,Essex Police,Essex Police,0.724423,51.546563,On or near ELY ROAD,E01015869,Southend-on-Sea 006A,Investigation complete; no suspect identified
74ac548723aac86f41cabb2c29c89daf38f94c68550b78418d452dd75b51ab14,2015-08,Essex Police,Essex Police,0.284551,51.869462,On or near HONEY ROAD,E01022090,Uttlesford 006B,Investigation complete; no suspect identified
e46f8ec239732962d5e715b84a037f08abc17049145981f100750613924f9f75,2015-08,Essex Police,Essex Police,0.515754,51.576226,On or near WILSNER,E01021301,Basildon 011A,Investigation complete; no suspect identified
417ced17252be824cc75b8e0c3f78ff59cad02f793616350c34ece46bd654279,2015-08,Essex Police,Essex Police,0.077480,51.771427,On or near FOLD CROFT,E01021840,Harlow 004B,Investigation complete; no suspect identified
ba560a445f3f2ced66d0a6d6e219cb48a5488daee22db24625b92bf7d45b93d0,2015-08,Essex Police,Essex Police,0.512278,51.579151,On or near HOLGATE,E01021301,Basildon 011A,Investigation complete; no suspect identified
11fe44f20c8285fe12c8a2b3806773a3ba780aa33f4c6f96fed08c24e19d4b31,2015-08,Essex Police,Essex Police,1.139374,51.791769,On or near WINDSOR ROAD,E01022032,Tendring 015E,Investigation complete; no suspect identified
5cfbc2284cf9acfd364fd76068ea94617d374ebf07f8704f036c472341952c40,2015-08,Essex Police,Essex Police,0.300949,51.615133,On or near GRESHAM ROAD,E01021436,Brentwood 007B,Investigation complete; no suspect identified
fa970fd43f09b026b6b5339d21a1d33979fd8e5d9a2649249a2fb083b10085dc,2015-08,Essex Police,Essex Police,0.515914,51.580423,On or near VERMONT CLOSE,E01021309,Basildon 011E,Investigation complete; no suspect identified
a50232b635e5aace96246b514f34dc2c1b1c9ef53d38a064f8f5265bec2549ca,2015-08,Essex Police,Essex Police,0.375578,51.489271,On or near HALTON ROAD,E01015938,Thurrock 012F,Investigation complete; no suspect identified
e35b4164e0f2037314b8609b0cc90bccbbd59f2ddb566b10dd1873acade331df,2015-08,Essex Police,Essex Police,0.707721,51.582771,On or near OLD SHIP LANE,E01021955,Rochford 004D,Investigation complete; no suspect identified
11a94d42ea5bc77a662042894bd9d92a808b7e8048443ad3aee46449ae7779e0,2015-08,Essex Police,Essex Police,0.616084,51.642570,On or near TALLOW GATE,E01021613,Chelmsford 019C,Investigation complete; no suspect identified
c8afe2be92095fa41deafd89d2d997ff08a7378aa500ceb5d9828fafbde87f45,2015-08,Essex Police,Essex Police,0.134244,51.764107,On or near BENTLEY DRIVE,E01021825,Harlow 005B,Investigation complete; no suspect identified
23c057630c60608c40e059e50a829eff43996e37777b3fa70d9c71ddf089a343,2015-08,Essex Police,Essex Police,0.568429,51.534632,On or near SOMNES AVENUE,E01021503,Castle Point 010D,Investigation complete; no suspect identified
d6eb1ca66e460441e703e6b7abd09f8a659d0f68bfe78af89f5e3886b31afd88,2015-08,Essex Police,Essex Police,0.427463,51.567789,On or near BEESTON COURT,E01021286,Basildon 016A,Investigation complete; no suspect identified
02fb0723156a932511d197c2bdc508178011a19bc5b9003afa34f492688b4791,2015-08,Essex Police,Essex Police,0.564475,51.544836,On or near SCHOOL LANE,E01021480,Castle Point 007A,Investigation complete; no suspect identified
5ea2b59b9623b9cae410f50cd6594791c0a46aab6d414354f34590673c4f2618,2015-08,Essex Police,Essex Police,0.081569,51.767039,On or near RYECROFT,E01021842,Harlow 004D,Investigation complete; no suspect identified
c13219d5c425409000c232b73747f7ec5000543527010b94a8f30e64faaeabfe,2015-08,Essex Police,Essex Police,0.730798,51.540290,On or near Petrol Station,E01015844,Southend-on-Sea 014F,Investigation complete; no suspect identified
a43d2d6e01a8cac1420f3f0fda11290fdbba9061f714aec0b84fb3a80557a094,2015-08,Essex Police,Essex Police,0.322153,51.476033,On or near STATION APPROACH,E01015954,Thurrock 017D,Investigation complete; no suspect identified
59c809833c38a709470a1d8445884f864d1761f96ac8eddac621acde2c9becc1,2015-08,Essex Police,Essex Police,0.599635,51.589506,On or near Parking Area,E01021926,Rochford 006B,Investigation complete; no suspect identified
df7dfa18fc67d157c7472878f435d823cb053c9ca24b49bd240f9221886db7f6,2015-08,Essex Police,Essex Police,0.730798,51.540290,On or near Petrol Station,E01015844,Southend-on-Sea 014F,Investigation complete; no suspect identified
bf9049c3f8eb0da74b330104b25a21906e733f2dca10b9996716cefd5812594d,2015-08,Essex Police,Essex Police,0.686931,51.728125,On or near ST MARY'S LANE,E01021889,Maldon 004A,Investigation complete; no suspect identified
7d3f4d8b13fd11f7871d3d2c7f09a657a7998694b4ca6e4f48f0da2f8d7c8509,2015-08,Essex Police,Essex Police,0.093567,51.769182,On or near Shopping Area,E01021872,Harlow 007E,Investigation complete; no suspect identified
52c4ca00e4d7e6d7adc440b16dd5c309aa18d8274e5fc3070be45232c0618683,2015-08,Essex Police,Essex Police,0.897532,51.892209,On or near SHORT CUT ROAD,E01021649,Colchester 007D,Investigation complete; no suspect identified
e889f6ee5d9e865242e7121287d1b064596e4c80abf503b869f154622851257d,2015-08,Essex Police,Essex Police,0.071119,51.755317,On or near TITHELANDS,E01021829,Harlow 009A,Investigation complete; no suspect identified
852ddda1b50d7c5b709e4ddae5c80658809c73405a8b16b45d61b4cf8478fc70,2015-08,Essex Police,Essex Police,0.445960,51.579555,On or near MILES GRAY ROAD,E01021319,Basildon 017E,Investigation complete; no suspect identified
75fdc89f86ff71f6b247daa3a298c23ecc18dadb1c2a284f6ae72e85e0a0e089,2015-08,Essex Police,Essex Police,0.470773,51.734229,On or near MARKET ROAD,E01033141,Chelmsford 010G,Investigation complete; no suspect identified
fc5a58f7246a6ab1f71f6fbf20c3d813ac6dd6e9393466239d70a1b880574d36,2015-08,Essex Police,Essex Police,0.724638,51.669770,On or near SNOREHAM GARDENS,E01021874,Maldon 007B,Investigation complete; no suspect identified
e98de8be2e40322902ceb1c577f9a73aa4383f83455aeb3840d4e310bbc2e697,2015-08,Essex Police,Essex Police,0.428371,51.639473,On or near CRAWFORD CLOSE,E01021251,Basildon 001E,Investigation complete; no suspect identified
3bdb164134c40ff6b487a4dda830cc91f458a7cad3f9872ff836c7aab967be69,2015-08,Essex Police,Essex Police,0.085955,51.751206,On or near BROCKLES MEAD,E01021863,Harlow 011B,Investigation complete; no suspect identified
6dee1b838432d48663bbaa972400848283b9d92f91f9c2bb08963e6a9adaabdc,2015-08,Essex Police,Essex Police,0.343243,51.955545,On or near Parking Area,E01022093,Uttlesford 004B,Investigation complete; no suspect identified
42229cef6e1596e89a00d60e9df24a1f2bef4bb88e4b74e9c87724a55661743b,2015-08,Essex Police,Essex Police,1.254999,51.942947,On or near GARLAND ROAD,E01033051,Tendring 002F,Investigation complete; no suspect identified
9eadb93699c6f8fd383c73a423cc27e15149f41a50b705ecdf5c1202b61f4a09,2015-08,Essex Police,Essex Police,0.601387,51.602993,On or near KELSO CLOSE,E01021918,Rochford 005A,Investigation complete; no suspect identified
9b3964fb6442bfa83082c0d7f03b8a3b2fc8f9d24daba410acb41f9a0d88d0d7,2015-08,Essex Police,Essex Police,0.467164,51.727012,On or near REDCLIFFE ROAD,E01021582,Chelmsford 010D,Investigation complete; no suspect identified
8699ce4ab6cd689994ee982c1d8d0c6def7a7b08a5b5a47757d4fb8e0e21cda2,2015-08,Essex Police,Essex Police,0.897808,51.901249,On or near Supermarket,E01021679,Colchester 004A,Investigation complete; no suspect identified
2bd0cb9fe36bc945cdddcb3789415d6bee33c5fe36a769ffe02dc0fd566c914d,2015-08,Essex Police,Essex Police,-0.003188,51.682569,On or near BROOKER ROAD,E01021817,Epping Forest 008E,Investigation complete; no suspect identified
94ea47787a305d37ce502949df78b9c23ec038ff5c44f8ffc6abdaeeda45f531,2015-08,Essex Police,Essex Police,1.156341,51.788832,On or near BEACH ROAD,E01022025,Tendring 016B,Investigation complete; no suspect identified
a4e40efe69816228cbe5ff4bb701aa016e97ad05513e2918edd00aaf4613e0d2,2015-08,Essex Police,Essex Police,0.057941,51.743382,On or near COMMON ROAD,E01021741,Epping Forest 002A,Investigation complete; no suspect identified
5353a05fd1d7db9525d5b095c196f375d9c401a12b9729cca2b858929bf10756,2015-08,Essex Police,Essex Police,0.128948,51.760282,On or near CARTERS MEAD,E01021836,Harlow 008D,Investigation complete; no suspect identified
1bb00c97b66ca91a2e09c9c120c9abfe77b851c65ba5fbb9f11a5679f1865de8,2015-08,Essex Police,Essex Police,0.296041,51.517259,On or near NURSERY CLOSE,E01015975,Thurrock 006F,Investigation complete; no suspect identified
d69cd5dbc3a28843afa8116bf5748fee13df565d2befa6b60457744011d238f1,2015-08,Essex Police,Essex Police,0.562902,51.522756,On or near ST AGNES DRIVE,E01021503,Castle Point 010D,Investigation complete; no suspect identified
9bdfb7ee8826d7254e7b2c7a8d6dcc2a3a9a228937ee2ff8846c36ce2968e680,2015-08,Essex Police,Essex Police,0.363480,51.872336,On or near WHITE STREET,E01022067,Uttlesford 007B,Investigation complete; no suspect identified
9cb76d8d1febf68343f6d482d5c8a39d000e1d27fa686ce2b02018a4bd608c6c,2015-08,Essex Police,Essex Police,0.333982,51.474170,On or near OAK ROAD,E01015962,Thurrock 016E,Investigation complete; no suspect identified
2a535b8eac00c71ab1640d8084ccba8a1d4ee85098b2292d266f9cfa81034551,2015-08,Essex Police,Essex Police,0.301804,51.622040,On or near William Hunter Way,E01021433,Brentwood 007A,Investigation complete; no suspect identified
8883927438a3da624053fc34e2e784782c8279ccb2ba317c0c105f68e6a665d0,2015-08,Essex Police,Essex Police,1.167507,51.801213,On or near MOUNTVIEW ROAD,E01022048,Tendring 014C,Investigation complete; no suspect identified
628737ff51d3dc18d49e9e2869c8c4a94c295fa10d9c3175ea6d9819d9fe9d66,2015-08,Essex Police,Essex Police,0.465411,51.713964,On or near FALCON WAY,E01021558,Chelmsford 015B,Investigation complete; no suspect identified
498ecef9d6f2381c5981693eff551aceba82add2d16b048ced8e6fa175095a7e,2015-08,Essex Police,Essex Police,0.506400,51.517952,On or near Park/Open Space,E01015946,Thurrock 001C,Investigation complete; no suspect identified
507d00b26875305182953e002891602b47b8223c0b27da4d61848585a338fef4,2015-08,Essex Police,Essex Police,0.463832,51.730985,On or near SEYMOUR STREET,E01021582,Chelmsford 010D,Investigation complete; no suspect identified
61e467100ef3938281c9391daa37ee93d084f706bf5afd2b6ae444e77ebb9a40,2015-08,Essex Police,Essex Police,0.994059,51.962037,On or near DEDHAM ROAD,E01021656,Colchester 001B,Investigation complete; no suspect identified
e8dac50ac61a4a1368bdc1978372a496b506a542310cf0432ced11c206df4c11,2015-08,Essex Police,Essex Police,0.296911,51.521388,On or near CHURCH CRESCENT,E01015974,Thurrock 006E,Investigation complete; no suspect identified
c78414a22125466076a5dc3ea60eff513b6ad3bebe0af3fd108466a38cb5d3ca,2015-08,Essex Police,Essex Police,0.299860,51.613310,On or near MYRTLE ROAD,E01021475,Brentwood 007E,Investigation complete; no suspect identified
9d51bea3ddee993cdee18c9da7a505999dda86725c9382781fe2516490418c07,2015-08,Essex Police,Essex Police,0.888305,51.882741,On or near ERRINGTON ROAD,E01021652,Colchester 013B,Investigation complete; no suspect identified
094707b749791357ccaab81bb7dfc527b5c89e39508299f1c696a25edad5be32,2015-08,Essex Police,Essex Police,0.360884,51.460816,On or near CANBERRA SQUARE,E01016004,Thurrock 018B,Investigation complete; no suspect identified
cd770b025563084c8f8ecf257265b154a931869bb55147dd2fbc85b644b889dc,2015-08,Essex Police,Essex Police,0.445290,51.524575,On or near Police Station,E01015983,Thurrock 002B,Investigation complete; no suspect identified
659f9107c04f51ae30435b2297c056ed8bc8678283dbf90d23af7ddd7b6ed871,2015-08,Essex Police,Essex Police,0.926486,51.887049,On or near DAVEY CLOSE,E01021706,Colchester 022H,Investigation complete; no suspect identified
63096227fa383e3d4063a506674d8c595230522a7a9cbc578a277898c3d73719,2015-08,Essex Police,Essex Police,1.146887,51.784903,On or near TRAFALGAR ROAD,E01022037,Tendring 017D,Investigation complete; no suspect identified
c09835479286578ac36b4454cc66fe13117bec0719c522fa8d52e4a7c5ec23de,2015-08,Essex Police,Essex Police,0.319731,51.477969,On or near Parking Area,E01015953,Thurrock 017C,Investigation complete; no suspect identified
774c9c7e997fa5907ae7d55c1bad0cb3355884319ddf8e2ea498e7dd6e6ba9d7,2015-08,Essex Police,Essex Police,0.081345,51.610779,On or near Petrol Station,E01021767,Epping Forest 017D,Investigation complete; no suspect identified
be931b51daed359806d53b31ea353a7b2752229c7675933090f8cc1c59ca1d3d,2015-08,Essex Police,Essex Police,0.713596,51.539394,On or near Nightclub,E01015852,Southend-on-Sea 015B,Investigation complete; no suspect identified
d34857608d1342bc2b5b1e46684494fcd0b18a8d13d0d63524d890e10d4a1e39,2015-08,Essex Police,Essex Police,0.319731,51.477969,On or near Parking Area,E01015953,Thurrock 017C,Investigation complete; no suspect identified
52546a553150aa1dc04dbdab8895d6caabff6006bdf7189ad250f83581d06b09,2015-08,Essex Police,Essex Police,0.193109,51.872201,On or near DUNMOW ROAD,E01022087,Uttlesford 005F,Investigation complete; no suspect identified
1315722d5c8a8763f0256d51afe8f1aefec15ea173aefa4b8dd73c872dc1a95c,2015-08,Essex Police,Essex Police,0.412754,51.578327,On or near MERRYLANDS,E01021278,Basildon 014E,Investigation complete; no suspect identified
b2d1fbf931f255817b11c475c0fcfdb649379bda55c5c3adf91b33cf57f9ad75,2015-08,Essex Police,Essex Police,0.786921,51.529508,On or near WESTGATE,E01015876,Southend-on-Sea 013A,Investigation complete; no suspect identified
782aaf3e1ea56d8d4703afbed4447623c21a7675632764f2d372e22759f6e0e3,2015-08,Essex Police,Essex Police,0.638651,51.799997,On or near Supermarket,E01021416,Braintree 017B,Investigation complete; no suspect identified
15fb43f29d1e5200d126a30a1818f645ad9496473c8d023c4bdd3c37808f4138,2015-08,Essex Police,Essex Police,0.732972,51.540950,On or near LOVELACE GARDENS,E01015839,Southend-on-Sea 014A,Investigation complete; no suspect identified
64474cd997701c5e7220769b93319cce99b4d42837000dc0dd65d8b4ff34a7cd,2015-08,Essex Police,Essex Police,0.409326,51.624019,On or near EVEREST RISE,E01021244,Basildon 004A,Investigation complete; no suspect identified
4729b0cd3d843be6eb362697f118dfb62a1d750b16d1449832afc75214ad72bb,2015-08,Essex Police,Essex Police,0.717138,51.547280,On or near MAPLE SQUARE,E01015897,Southend-on-Sea 010C,Investigation complete; no suspect identified
05533c4836d2dbe1ccd1b43aeb505fc105d74a51f9acf79eebba171b34c4914f,2015-08,Essex Police,Essex Police,0.595813,51.563753,On or near KINGSMERE,E01021529,Castle Point 006D,Investigation complete; no suspect identified
875cf15a6fa6d482e4b89cbb7e5814467a14c2431da4711d7c998ac827ef6ded,2015-08,Essex Police,Essex Police,0.710117,51.536183,On or near NELSON STREET,E01015853,Southend-on-Sea 015C,Investigation complete; no suspect identified
520f2d88c311aebe2cd800e50014dfba6d6f939c1cefbe88886b729afe57e997,2015-08,Essex Police,Essex Police,1.182383,51.803357,On or near Supermarket,E01022034,Tendring 012C,Investigation complete; no suspect identified
3ca276216dd59ff2869742b48a9bfe18d75f43229d578f013fc72da0fdec0afe,2015-08,Essex Police,Essex Police,0.135652,51.704883,On or near COOPERSALE COMMON,E01021756,Epping Forest 006A,Investigation complete; no suspect identified
b499ac6313e35a6f580c97da5e507f5a7a46dda6ad260d2a3fb51198855e9f6f,2015-08,Essex Police,Essex Police,0.679909,51.545583,On or near LONDON ROAD,E01015832,Southend-on-Sea 012F,Investigation complete; no suspect identified
ba62b04223f140a74c62eeaf241627cf428471a24bfcae255dca7d57f65ecb0f,2015-08,Essex Police,Essex Police,0.760421,51.813487,On or near KILTIE ROAD,E01021643,Colchester 019A,Investigation complete; no suspect identified
fe653b794310e7ca25a31a8662e5e3eea251dcf2ba87aa109d1b823c2b7a7dc7,2015-08,Essex Police,Essex Police,0.441732,51.566656,On or near ARDLEIGH,E01021298,Basildon 017D,Investigation complete; no suspect identified
e6fccb55e4bdca30d8a6d2970a6a250f7b7ee0fa57f14221ba6ccc792411f913,2015-08,Essex Police,Essex Police,0.261741,51.889938,On or near Airport/Airfield,E01022090,Uttlesford 006B,Investigation complete; no suspect identified
eb848fecf1be989a0d0cb3dc6b4f5b358122c5e4830911cd4c76cdd51b602867,2015-08,Essex Police,Essex Police,0.940362,51.893223,On or near HONEYSUCKLE WAY,E01021696,Colchester 008A,Investigation complete; no suspect identified
d62507f3289510b1ceddec1822e9266b35cde5dc962d1f92022d173980931620,2015-08,Essex Police,Essex Police,0.472504,51.567568,On or near MISTLEY SIDE,E01021295,Basildon 020B,Investigation complete; no suspect identified
0d42978000dba8fe85035f9020ad4cfcb758c68bc098e9fbf4deb1c8f787881f,2015-08,Essex Police,Essex Police,1.249909,51.927905,On or near OXENFORD CLOSE,E01022004,Tendring 004D,Investigation complete; no suspect identified
6055474c3cf33d8964702f76422d565cdc92d6698a95f050003a2a7225e0f1c8,2015-08,Essex Police,Essex Police,0.375056,51.492519,On or near RAVENCROFT,E01015938,Thurrock 012F,Investigation complete; no suspect identified
d252145eb59386e8b34410156a3af80d93f4973b2394586d8f7f100a001aa493,2015-08,Essex Police,Essex Police,0.414104,51.577373,On or near GAYWOOD,E01021273,Basildon 014A,Investigation complete; no suspect identified
39eb7e9bb6fcf09b366c6c4deb780c2f34ee1fb851cfead191f974a5d6fd33c4,2015-08,Essex Police,Essex Police,1.117819,51.781442,On or near DONNE DRIVE,E01021990,Tendring 018C,Investigation complete; no suspect identified
d2127e96b47cc5273cea5a9a8cb66d774dab2583020b0962a24957d5cb228de4,2015-08,Essex Police,Essex Police,0.453841,51.570981,On or near WESTGATE,E01021318,Basildon 015C,Investigation complete; no suspect identified
e470bc9dc989e8b75053f89c4f964caa2d7b4c4d2651e47e6ab8e2870c133d00,2015-08,Essex Police,Essex Police,0.599359,51.578612,On or near HIGH ROAD,E01021963,Rochford 008D,Investigation complete; no suspect identified
ed41ef522b87bca7d9b1d01b659d8a0da18f871129baa1906bd8890d083c6dfe,2015-08,Essex Police,Essex Police,0.540114,51.883987,On or near LAMBERTS ORCHARD,E01021358,Braintree 008C,Investigation complete; no suspect identified
c8a2d27389414a0143eb031569a6b0c3cadac31a69e353a89f2e949208215ff4,2015-08,Essex Police,Essex Police,0.877849,51.906290,On or near BRAISWICK,E01021681,Colchester 004C,Investigation complete; no suspect identified
190da9eb0b57c34cbc36a4e9b09cc137760eb9eaf3d7b0499c488052dea68dd8,2015-08,Essex Police,Essex Police,0.465444,51.563247,On or near PEREGRINE CLOSE,E01021299,Basildon 020E,Investigation complete; no suspect identified
87204e2b18fec34790f6b2276c70a9b852b9f2e414b8ef064e35c77822eb9e7c,2015-08,Essex Police,Essex Police,0.370296,51.465761,On or near BURNS PLACE,E01016009,Thurrock 018G,Investigation complete; no suspect identified
079ab9c35dd43b2d7188bdc6db994b3f7329bc9fda1f1cfff50c0ee088849d86,2015-08,Essex Police,Essex Police,0.556484,51.522446,On or near MULBERRY ROAD,E01021503,Castle Point 010D,Investigation complete; no suspect identified
10ac40045e124212f9851a70b0fae81fe4b957422fc62ca917077fd1cd09f3b4,2015-08,Essex Police,Essex Police,0.767564,51.530596,On or near MAPLIN WAY,E01015893,Southend-on-Sea 016E,Investigation complete; no suspect identified
edcf6fcabf9fe3814c7a0e44054006e4a077162041e9a1e65236531f4a09bf7d,2015-08,Essex Police,Essex Police,0.724493,51.540490,On or near FERNDOWN CLOSE,E01015844,Southend-on-Sea 014F,Investigation complete; no suspect identified
6e8eb227e756d57c0501b6e3a36768b4b4005b06e5213dea551be9e211d73811,2015-08,Essex Police,Essex Police,0.868293,51.875883,On or near SHRUB END ROAD,E01021713,Colchester 015C,Investigation complete; no suspect identified
420deee15006caad0ed24a2f451e58576ced2c9558859083e6a69ed46852b03b,2015-08,Essex Police,Essex Police,0.630094,51.801007,On or near Supermarket,E01021428,Braintree 015F,Investigation complete; no suspect identified
4333ee1490c31d1771cbda5c4a4ea3fef0f7fed0e9673f2b0f481bfbf1ba6098,2015-08,Essex Police,Essex Police,0.436261,51.575781,On or near KNIGHTS,E01021289,Basildon 016C,Investigation complete; no suspect identified
93740dc03d2b087812b36f6db088ca7cd6574a0f17952d8b9668bb64cfe09cef,2015-08,Essex Police,Essex Police,0.910040,51.879956,On or near CANTERBURY ROAD,E01021684,Colchester 011B,Investigation complete; no suspect identified
a85fd9804c61cc3263efb40d75b2af7763f563d8b64645256938f7f1cd79f342,2015-08,Essex Police,Essex Police,0.301583,51.621100,On or near Parking Area,E01021433,Brentwood 007A,Investigation complete; no suspect identified
a3011cdb5fe4bbb6a7fea2857cdb0eaea73fa4e67a5c5d35af9e3cdbf5983554,2015-08,Essex Police,Essex Police,0.664271,51.543079,On or near LEIGH ROAD,E01015846,Southend-on-Sea 011B,Investigation complete; no suspect identified
3b59c8f9536a02c037bb6dcee930aadd352ade1248bebb95031b49cd55bc9cce,2015-08,Essex Police,Essex Police,0.447516,51.665668,On or near STOCK ROAD,E01021602,Chelmsford 018B,Investigation complete; no suspect identified
477768abe66cd7eff7706d507fdd77b5a034f625cf14d8ef25feedd0000504bb,2015-08,Essex Police,Essex Police,0.292841,51.901063,On or near BROWN'S END ROAD,E01022095,Uttlesford 006D,Investigation complete; no suspect identified
cd110878e6981fa63c8d14c45efdb68e2cef2d74680173fb35025f02aafb2b5c,2015-08,Essex Police,Essex Police,0.772699,51.525888,On or near LEITRIM AVENUE,E01015920,Southend-on-Sea 017G,Investigation complete; no suspect identified
f08b3af3f73cca460894a6aae74060bc4b2f3082c059976c3dc88c24448db20b,2015-08,Essex Police,Essex Police,0.001847,51.685882,On or near Petrol Station,E01021818,Epping Forest 009C,Investigation complete; no suspect identified
447d0a081cb112f3c9c6d3e6894a07267dd31eb3f40364683a57a089de19a6ee,2015-08,Essex Police,Essex Police,0.578797,51.521103,On or near PRINCES ROAD,E01021485,Castle Point 010A,Investigation complete; no suspect identified
5db3bc49fd08645e5be5db1e20ce517b79d2d8a0992e22440733f8923502979c,2015-08,Essex Police,Essex Police,0.306440,51.622003,On or near Theatre/Concert Hall,E01021433,Brentwood 007A,Investigation complete; no suspect identified
8174b5809b399ba9e9b33e26c08021e2b6185fe9ae422f41a21c5378a8439ef4,2015-08,Essex Police,Essex Police,0.277434,51.486092,On or near Shopping Area,E01016012,Thurrock 015C,Investigation complete; no suspect identified
db4ac0044bc2980d6a5f20be13ad71316f882fbd0757d416bd8533bc9ea1ff63,2015-08,Essex Police,Essex Police,0.708633,51.534760,On or near PRITTLEWELL SQUARE,E01015853,Southend-on-Sea 015C,Investigation complete; no suspect identified
e4a346cd5a2624975e6778d7d5768e15c75a363c758ddc76f9492b0e4d8aafe4,2015-08,Essex Police,Essex Police,0.722846,51.550107,On or near LYNDALE AVENUE,E01015871,Southend-on-Sea 006C,Investigation complete; no suspect identified
34b7161f4cddab1c9d73078695a181c66ab219d021ce44171437158e7c1b1e79,2015-08,Essex Police,Essex Police,0.345705,51.626423,On or near LYNDHURST WAY,E01021447,Brentwood 005A,Investigation complete; no suspect identified
3d6ac61394c70ef6d9aa745ff253f7c3c34db4022574829e2a8ba3644b1d1d3a,2015-08,Essex Police,Essex Police,0.447516,51.665668,On or near STOCK ROAD,E01021602,Chelmsford 018B,Investigation complete; no suspect identified
614a19349b908c490b4df841899590e9b02df10e7cb91754fe972d2b65a43b39,2015-08,Essex Police,Essex Police,0.691346,51.537254,On or near Parking Area,E01015851,Southend-on-Sea 015A,Investigation complete; no suspect identified
4969289ca847ea040f20b6b313fbea4ddae8ca26e450c16672f26d5801f143de,2015-08,Essex Police,Essex Police,0.309065,51.707222,On or near Park/Open Space,E01021769,Epping Forest 003A,Investigation complete; no suspect identified
b97f9787e9215bdace972aad861eea03b9c808a3476e4cb9b969771e3ff14330,2015-08,Essex Police,Essex Police,0.475214,51.731744,On or near Shopping Area,E01033140,Chelmsford 010F,Investigation complete; no suspect identified
f09ff8961c7e4c05410e1d167b0720167609c54cccd71344e31aec0348b6f303,2015-08,Essex Police,Essex Police,0.714061,51.547693,On or near VALE AVENUE,E01015897,Southend-on-Sea 010C,Investigation complete; no suspect identified
1bb45208c83ae9e4197e99b09687964a8717c5a5049682ad3514a800c9920bb5,2015-08,Essex Police,Essex Police,0.830150,51.888121,On or near ESSEX YEOMANRY WAY,E01021718,Colchester 012A,Investigation complete; no suspect identified
77a5833e7099420e56ae59d9831c2f9bc18268858abaffdbea3700c04814e0ff,2015-08,Essex Police,Essex Police,0.439811,51.524302,On or near ST JAMES AVENUE EAST,E01015984,Thurrock 003A,Investigation complete; no suspect identified
7ad594f84fb2cfdfac6840eb214585406caa9a12169e13cd9aebe0ce8cbf2ac8,2015-08,Essex Police,Essex Police,0.700892,51.534795,On or near WESTCLIFF PARADE,E01015853,Southend-on-Sea 015C,Investigation complete; no suspect identified
2dba9e1f61e5138986ca89a691a5942d7862bde59b42bd4d06c5cc289ab51783,2015-08,Essex Police,Essex Police,0.712013,51.538486,On or near Nightclub,E01015852,Southend-on-Sea 015B,Investigation complete; no suspect identified
c0f157f866c86ac9a36a182caeb81afb83683c383d32ded885cc14750bdfd991,2015-08,Essex Police,Essex Police,0.441386,51.572311,On or near GREAT KNIGHTLEYS,E01021291,Basildon 016E,Investigation complete; no suspect identified
b83965bdc5aec720a9ce3c5729d3de95a2a9a37af3a355bdb18291b86c615e73,2015-08,Essex Police,Essex Police,0.592220,51.520870,On or near Supermarket,E01021498,Castle Point 011B,Investigation complete; no suspect identified
bfdfc81f65a021aa3acd49578ccdaa53575f98603d4d7cba757252a88e155b7d,2015-08,Essex Police,Essex Police,1.282893,51.940886,On or near TALBOT STREET,E01021998,Tendring 001B,Investigation complete; no suspect identified
db0e8abbf19564d6751b287ae105a963eb95b384223dae44f024adb75d96aad1,2015-08,Essex Police,Essex Police,0.937354,51.891014,On or near HAWTHORN AVENUE,E01021696,Colchester 008A,Investigation complete; no suspect identified
b4ad86526ba28f8b4ff3f5b539dbc8dd0984a22a4c2da07e85c33f06e0deb931,2015-08,Essex Police,Essex Police,0.343243,51.955545,On or near Parking Area,E01022093,Uttlesford 004B,Investigation complete; no suspect identified
309ffab1b7e0ae9c81d9b7664d5e6f779497c29d55e17f656a30ee12f4c46c6e,2015-08,Essex Police,Essex Police,0.713739,51.548825,On or near GLENHURST ROAD,E01015897,Southend-on-Sea 010C,Investigation complete; no suspect identified
ef610123b000216ea23f0cec8d503c77fda2060b3389f43608fa8be4ef2da205,2015-08,Essex Police,Essex Police,0.433673,51.609461,On or near HAVEN RISE,E01021257,Basildon 009B,Investigation complete; no suspect identified
5fbe8fc3e8349dba01af10f619b671e7364f409e20a7642e290ee5585987a62f,2015-08,Essex Police,Essex Police,0.441732,51.566656,On or near ARDLEIGH,E01021298,Basildon 017D,Investigation complete; no suspect identified
23d75ccff14f4732d8b6fae9aa367a24944e8f4292c4d9484ff938201d7ce8cc,2015-08,Essex Police,Essex Police,0.263449,51.489034,On or near SOUTHWAY,E01016012,Thurrock 015C,Investigation complete; no suspect identified
bf7d1bd1fd863e56701fe8c97bdc072b594765471533d859e88cde6d1d0cc9af,2015-08,Essex Police,Essex Police,0.701179,51.535508,On or near TOWER COURT MEWS,E01015853,Southend-on-Sea 015C,Investigation complete; no suspect identified
b511f984cc7fe501cae807797d165c16baded82fd4c14d2f063ba3fbe1715297,2015-08,Essex Police,Essex Police,0.677696,51.545723,On or near SOUTHBOURNE GROVE,E01015905,Southend-on-Sea 007E,Investigation complete; no suspect identified
8c1714891416e52f733ced5db159d0df20fa4bd1dea25fc5e7df784bb9d41e9b,2015-08,Essex Police,Essex Police,0.651700,51.542681,On or near RECTORY GROVE,E01015848,Southend-on-Sea 011D,Investigation complete; no suspect identified
75f8b3fd07f43c6bd30594f1743e884049d033943508db4ee623e7df73e9a2a2,2015-08,Essex Police,Essex Police,0.876387,51.878860,On or near SHRUB END ROAD,E01021653,Colchester 013C,Investigation complete; no suspect identified
5ef9ef209a20fd356bd60d9eed6591b166ac9b18cf69c0a6d7722f7c68a18f56,2015-08,Essex Police,Essex Police,0.657317,51.545764,On or near DAWLISH DRIVE,E01015847,Southend-on-Sea 011C,Investigation complete; no suspect identified
cd5eb3887b37914d210894da6eef997ef91166e392f2bc6404e3cff0091c1221,2015-08,Essex Police,Essex Police,0.290955,51.490892,On or near HOWARD ROAD,E01015982,Thurrock 019A,Investigation complete; no suspect identified
fc06ae985777cace92d90892b72466c226e6875495e3c1e40f175d7cf8c1eb0c,2015-08,Essex Police,Essex Police,0.882721,51.883597,On or near CAMBRIDGE ROAD,E01021652,Colchester 013B,Investigation complete; no suspect identified
cedb3d9054190a5d2941d240a7979312313d9f082a4ed6160f54b4e48f402ccf,2015-08,Essex Police,Essex Police,0.696432,51.542785,On or near CLAREMONT CLOSE,E01015900,Southend-on-Sea 010F,Investigation complete; no suspect identified
e514b553e61c9a28f27a591a8d62aebbb54511ef1bf4f9841ada574285e4309c,2015-08,Essex Police,Essex Police,0.937412,51.898135,On or near PARSON'S HEATH,E01021707,Colchester 022I,Investigation complete; no suspect identified
34e16bdbe66e967bba00e04a2c2e375b323c23543baaa22bffd92340adcca2e2,2015-08,Essex Police,Essex Police,0.656305,51.570232,On or near THE GREEN,E01015833,Southend-on-Sea 001A,Investigation complete; no suspect identified
9ffe2e4d326e2f11ed8b5fa4f0bfa5b6b48f88936d5d908b7d0b89cc1a5c973e,2015-08,Essex Police,Essex Police,0.465741,51.764174,On or near LONGSHOTS CLOSE,E01021543,Chelmsford 002B,Investigation complete; no suspect identified
d06786bddc076625f7a3df40a6d0e3f4d93681cb290c7708232b1d19902fce44,2015-08,Essex Police,Essex Police,0.626438,51.582110,On or near ALBANY ROAD,E01021947,Rochford 009B,Investigation complete; no suspect identified
9d7ca17d9697fce87bd958cbb2d3cd8a5bbba80e65b9b4bf849508838a3e88d0,2015-08,Essex Police,Essex Police,1.213660,51.842053,On or near OXBORROW CLOSE,E01022010,Tendring 008F,Investigation complete; no suspect identified
58b137f3a071d46733fe317a1b58a500169c93a9f0d0ebb134c0bb20fd68e32b,2015-08,Essex Police,Essex Police,0.440629,51.639767,On or near MARTINGALE CLOSE,E01021237,Basildon 001A,Investigation complete; no suspect identified
cb8cf6ace33ea08217e314c98e3ecae1fb55514ecc54db3ce75caee74696f2b5,2015-08,Essex Police,Essex Police,0.297322,51.628261,On or near ROBIN HOOD ROAD,E01021431,Brentwood 004A,Investigation complete; no suspect identified
809659c5f7918748893bbde7b54ae0c95729f4feb17dd378ee091c55fbbadacb,2015-08,Essex Police,Essex Police,0.300949,51.615133,On or near GRESHAM ROAD,E01021436,Brentwood 007B,Investigation complete; no suspect identified
a6ad7150d666c19393e49f452f754bdac8acd12c3d3cc9197424bd1d51b100a2,2015-08,Essex Police,Essex Police,0.121022,51.755650,On or near SPINNING WHEEL MEAD,E01021835,Harlow 008C,Investigation complete; no suspect identified
f71b6919df62a782044dc8c95ae9f190ffebd4cd2b65ee8ec7d33732e04212c8,2015-08,Essex Police,Essex Police,0.503091,51.579815,On or near WINSTREE,E01021302,Basildon 013B,Investigation complete; no suspect identified
e356d5d1a68c4a5054660c0698dfdad7784d8475d54b8fa2f61a723f607e8550,2015-08,Essex Police,Essex Police,0.236535,51.480971,On or near LONDON ROAD PURFLEET,E01016013,Thurrock 015D,Investigation complete; no suspect identified
a226f5cc21e37be39ad5bc19f3a9c2fa37d09ffe32485272113e4fa548a05bca,2015-08,Essex Police,Essex Police,0.706572,51.538666,On or near PRINCES STREET,E01015854,Southend-on-Sea 015D,Investigation complete; no suspect identified
510722ffa2fb6f0fe437ab090b5d820934da862321530717bbb52c9db555418d,2015-08,Essex Police,Essex Police,0.077815,51.656812,On or near DROVEWAY,E01021777,Epping Forest 011D,Investigation complete; no suspect identified
890b0d09731149c3ed91bf070debc45d066fc14c61a401bbeab7e8199048ace4,2015-08,Essex Police,Essex Police,0.478621,51.563832,On or near HIGHLANDS AVENUE,E01021324,Basildon 019C,Investigation complete; no suspect identified
45a022e0ab6b1b47e717c53a1521b6804337e4e927e4ba00a991bdb1bbb23343,2015-08,Essex Police,Essex Police,0.082426,51.648592,On or near BARRINGTON CLOSE,E01021776,Epping Forest 011C,Investigation complete; no suspect identified
883b0f7401d720d83223f89f6a308f4ae34bb1d78b9b8f18e03a5c6db4c91217,2015-08,Essex Police,Essex Police,0.549033,51.557323,On or near ELM VIEW ROAD,E01021523,Castle Point 007D,Investigation complete; no suspect identified
9845f00a463f5096a661688b1999695c0ce692aee0097d851417a645e75f3b4a,2015-08,Essex Police,Essex Police,0.459227,51.736054,On or near ANDREWS PLACE,E01033138,Chelmsford 009F,Investigation complete; no suspect identified
69dfe1fe2705c8bcc0c3ae086f01a8bca0858c181ce1dd499ed34678b4e3ba61,2015-08,Essex Police,Essex Police,0.908727,51.885511,On or near MAGDALEN STREET,E01021686,Colchester 011D,Investigation complete; no suspect identified
2901c1d00529d4519c314a30079cc4cb1e417c603fb690812e81b59c4ac60856,2015-08,Essex Police,Essex Police,0.431079,51.580098,On or near PURCELL CLOSE,E01021279,Basildon 010E,Investigation complete; no suspect identified
dd86cbd3adf2297b101893a426397d7314a0526158ba502b04540a321d1b7ec5,2015-08,Essex Police,Essex Police,0.248540,51.484060,On or near GRIFFITHS ROAD,E01016013,Thurrock 015D,Investigation complete; no suspect identified
e406230bdbd2c062a079b61d72120dd36215bd63d2dda7164fcc9ee99bd25f1e,2015-08,Essex Police,Essex Police,0.720074,51.535817,On or near ST LEONARD'S ROAD,E01015841,Southend-on-Sea 014C,Investigation complete; no suspect identified
c5a6024c08bccd0c2f3cb2be79c4b90339aa17f0ebe68dd66e4b271d7cc3ff87,2015-08,Essex Police,Essex Police,0.477311,51.732761,On or near HIGH BRIDGE ROAD,E01033140,Chelmsford 010F,Investigation complete; no suspect identified
446589a932ff83172f198a382321445655d86da7d28a096a76b9960cdb8a5dfd,2015-08,Essex Police,Essex Police,0.598547,51.519336,On or near BRAMBLE ROAD,E01021498,Castle Point 011B,Investigation complete; no suspect identified
d58c9696e3a00fb847143c697deb4bd9e3163e1fdf5495b50448a4382da3cccf,2015-08,Essex Police,Essex Police,0.637110,51.561743,On or near THORNDON PARK CRESCENT,E01015816,Southend-on-Sea 003C,Investigation complete; no suspect identified
d94da67c3f7e4b1a9543cd227cedf090faf750a068d29645530ca5ea98acd746,2015-08,Essex Police,Essex Police,0.727306,51.549904,On or near NORWICH AVENUE,E01015875,Southend-on-Sea 006G,Investigation complete; no suspect identified
8a3fae9f08d61a589ad938dd99b9b92c8548196db16441be5ebc8c9736fac72f,2015-08,Essex Police,Essex Police,0.264850,51.609036,On or near Petrol Station,E01021468,Brentwood 006D,Investigation complete; no suspect identified
d17557679861353575f7950c807266059bd5553c2cb7b87989f2ec804497bdff,2015-08,Essex Police,Essex Police,0.637934,51.660149,On or near WOODHAM ROAD,E01021902,Maldon 007F,Investigation complete; no suspect identified
e0a7a299a756275c29d48005ecc009d6508b1610cb630424e52a46ff42230780,2015-08,Essex Police,Essex Police,0.319731,51.477969,On or near Parking Area,E01015953,Thurrock 017C,Investigation complete; no suspect identified
db927d5816c874f64e6f426ed6dca3de025b2adccd9b1a64d47b917cf9e79bd3,2015-08,Essex Police,Essex Police,0.900942,51.896630,On or near CATCHPOOL ROAD,E01021647,Colchester 007B,Investigation complete; no suspect identified
4d2c7527ffb19738c71a10aa564286c4d2f96e64c0b8eebceacd4cfe40d62ae9,2015-08,Essex Police,Essex Police,0.298506,51.623103,On or near THE VALE,E01021433,Brentwood 007A,Investigation complete; no suspect identified
d15ad63d04c3a4c4546a4b0ecfc7ec40cee93a36beccdbd9764264732af24952,2015-08,Essex Police,Essex Police,0.960008,51.859732,On or near Supermarket,E01021739,Colchester 017D,Investigation complete; no suspect identified
935dec800def348bc268eef4a57baa9398e641c42f14e0b29fadb00b52ac4910,2015-08,Essex Police,Essex Police,0.714143,51.536234,On or near Shopping Area,E01015852,Southend-on-Sea 015B,Investigation complete; no suspect identified
b4bfb818544b5b1bc23589cba25998b4b2e882c8b9a58a61e4d9fb232e8df1e8,2015-08,Essex Police,Essex Police,0.377253,51.490999,On or near SEMPER ROAD,E01015938,Thurrock 012F,Investigation complete; no suspect identified
180fe64e568b51cb81db111136becf31da44a9b6f7914cf55a425db1827ce9ed,2015-08,Essex Police,Essex Police,0.355019,51.483921,On or near WOOD VIEW,E01015965,Thurrock 010C,Investigation complete; no suspect identified
0e187037a81abcaca100c8823910dc51546144d6069875509cd38ab82f092631,2015-08,Essex Police,Essex Police,0.905737,51.917539,On or near MILL ROAD,E01021682,Colchester 004D,Investigation complete; no suspect identified
49995adc53e79c8a3a574ecee6c35b5a76a2b2b344a2fa6d2ecde098e439c4a4,2015-08,Essex Police,Essex Police,0.086266,51.649747,On or near EVERSLEY CLOSE,E01021775,Epping Forest 011B,Investigation complete; no suspect identified
3504b518e31a5444a0d8466cc79e05c78b3b33eb4882e4d3087dc96ada7034c8,2015-08,Essex Police,Essex Police,0.755099,51.984782,On or near BELL HILL,E01021407,Braintree 002C,Investigation complete; no suspect identified
f040f98d71f435e11d3c1a9f8dc3867ff7b26da038cff1911e91c2f86e74ec51,2015-08,Essex Police,Essex Police,0.498344,51.571166,On or near MORETONS,E01021306,Basildon 013E,Investigation complete; no suspect identified
1750ec7b0401a8401f9766730577ff5791f0d857e82fd9f3a6d41383b4e2beb4,2015-08,Essex Police,Essex Police,0.482212,51.577561,On or near BEELEIGH CROSS,E01021272,Basildon 012E,Investigation complete; no suspect identified
49ea68e27c0b81896d4eb33e8339eca42378d9bcd009b1a3e4cad3ef5e342765,2015-08,Essex Police,Essex Police,0.367676,51.459366,On or near HUME AVENUE,E01016004,Thurrock 018B,Investigation complete; no suspect identified
66d55f2effeac0e8c121ebce8729f5ae5d50c953844bb51f1e44cdc7b3781a40,2015-08,Essex Police,Essex Police,0.851585,51.889689,On or near LONDON ROAD,E01021675,Colchester 009C,Investigation complete; no suspect identified
3b110c2012c5f5900f4bd56db1b85e2039fa9dac7262498ddb29f36db0f3d4f9,2015-08,Essex Police,Essex Police,0.459537,51.791876,On or near UPPER MOORS,E01021540,Chelmsford 001C,Investigation complete; no suspect identified
efba81563fe2a723d35446321aca6bd0ef9a5e2ab1cb41c0aae7fa5b3fcfb65b,2015-08,Essex Police,Essex Police,-0.008518,51.686706,On or near GROVE COURT,E01021817,Epping Forest 008E,Investigation complete; no suspect identified
1ef1840a2e6868f25bb8d0b23d02a4e4b0704460229a917b68f62d016430b18f,2015-08,Essex Police,Essex Police,0.631574,51.937355,On or near JUNIPER CLOSE,E01021391,Braintree 004C,Investigation complete; no suspect identified
856950ce390f5d8a3f156b6a947b2820041d533b88472be8dff79f304e4e6232,2015-08,Essex Police,Essex Police,0.405165,51.641218,On or near Sports/Recreation Area,E01021245,Basildon 002A,Investigation complete; no suspect identified
585e4e3511023647945233a0bece1b8815690ed8f198d55c268c8f41b1f87387,2015-08,Essex Police,Essex Police,0.479348,51.733977,On or near SPRINGFIELD ROAD,E01033141,Chelmsford 010G,Investigation complete; no suspect identified
4be70b6620590be7d6ceaed02a5fc8b9867d4c1ee8d807e25bb73f9547ad219c,2015-08,Essex Police,Essex Police,0.611262,51.621804,On or near MALYONS LANE,E01021943,Rochford 001B,Investigation complete; no suspect identified
0fb867676455facb1011fe94609e49a302773afa1e9c77ab7db5361dc4eec797,2015-08,Essex Police,Essex Police,0.920114,51.780659,On or near QUEENS CORNER,E01021732,Colchester 021B,Investigation complete; no suspect identified
048433f44624a556917a5e24c33d8605472c1106b9530041a6a476527fea3f87,2015-08,Essex Police,Essex Police,0.610391,51.595554,On or near CAUSTONWAY,E01021961,Rochford 005E,Investigation complete; no suspect identified
9a7e8a74eafabbecaeebe65d69fa48022f36224541131fde6f44970893f8b7fc,2015-08,Essex Police,Essex Police,0.593701,51.712046,On or near MILLFIELDS,E01021570,Chelmsford 016D,Investigation complete; no suspect identified
6e3b29ce98a42bd591d097215415275cd996170eb74845fa7bd469c8fcef7f96,2015-08,Essex Police,Essex Police,0.536922,51.612904,On or near HIGHCLIFFE WAY,E01021339,Basildon 005D,Investigation complete; no suspect identified
7c654f88fd4cde4768d17a66ec1ec771c1976d58ba8410470e735b57ef7becf9,2015-08,Essex Police,Essex Police,0.364521,51.871964,On or near Parking Area,E01022069,Uttlesford 008D,Investigation complete; no suspect identified
d96326f6a4ae1f8fe64a1361229d6ff9c1c2961a274f99047bec8edfc072f9dc,2015-08,Essex Police,Essex Police,0.742422,51.547240,On or near WHITTINGHAM AVENUE,E01015887,Southend-on-Sea 009E,Investigation complete; no suspect identified
332bafa96616589f64d657895d7ca9a1afea723fb0a68200bc375308006290b9,2015-08,Essex Police,Essex Police,0.068337,51.655379,On or near MAPLE GATE,E01021786,Epping Forest 012A,Investigation complete; no suspect identified
05c0009bde0e715379f256e2012d461034b71a651dc3b86c9c7ae021e3e52767,2015-08,Essex Police,Essex Police,0.286693,51.477683,On or near SANDY LANE,E01016011,Thurrock 015B,Investigation complete; no suspect identified
5a87895b2793dd1c044ef1d1424de64db7f10a2a845ac3a5b4d11693b03d1a8d,2015-08,Essex Police,Essex Police,0.332269,51.994242,On or near TOP ROAD,E01022099,Uttlesford 004D,Investigation complete; no suspect identified
1916dd998ecf1af188e414b4c4ff9c04dc879c6b505940751cf525430e43285b,2015-08,Essex Police,Essex Police,0.535918,51.878619,On or near Petrol Station,E01021358,Braintree 008C,Investigation complete; no suspect identified
9849c09dec53e90c6778ba1d50dcf48693071d982c66fdc364b5e4d59ae54218,2015-08,Essex Police,Essex Police,0.240164,52.023160,On or near CROSS STREET,E01022076,Uttlesford 002B,Investigation complete; no suspect identified
766f8c260e12228487c644eaaaf7a9c006d1f221e7707d0f579cc5ca2445ac23,2015-08,Essex Police,Essex Police,0.213177,51.795353,On or near DOWNHALL ROAD,E01022070,Uttlesford 009C,Investigation complete; no suspect identified
fdb941b4bf622736f9610c8f92b2779c59f2743dd352cbcb3484f08570e6fb53,2015-08,Essex Police,Essex Police,0.702236,51.563813,On or near MANNERS WAY,E01015867,Southend-on-Sea 002E,Investigation complete; no suspect identified
de41168b627a16a7b4da4d04083a7339c48a54e4e183bcd39b178bc4dc779eae,2015-08,Essex Police,Essex Police,0.691416,51.562632,On or near FEECHES ROAD,E01015865,Southend-on-Sea 002C,Investigation complete; no suspect identified
c6a121a4ac4378af598ea3b18a72b2db0decad64306bc9511ad0f55da56650c3,2015-08,Essex Police,Essex Police,0.321919,51.779829,On or near THE GOSSETTS,E01022096,Uttlesford 009D,Investigation complete; no suspect identified
9031c798f5834ea8047693fc17f5a94dd5dec9cee386285bf048ced2a6dcaee3,2015-08,Essex Police,Essex Police,0.274448,51.479927,On or near EUCLID WAY,E01016012,Thurrock 015C,Investigation complete; no suspect identified
bd1ac0d114dce918c1362c56938f24fc53487d02487c3a86e639224733914064,2015-08,Essex Police,Essex Police,0.948134,51.877838,On or near Park/Open Space,E01021736,Colchester 017A,Investigation complete; no suspect identified
fa64cd9053c9f453ae3fca1b82d7bdfe96896a6160af047744276abfed7f06bb,2015-08,Essex Police,Essex Police,0.913212,51.888566,On or near BROOK STREET,E01021648,Colchester 007C,Investigation complete; no suspect identified
f07ec113f29cfed726e747811cd473f04788af8786de116afa37195115f2907d,2015-08,Essex Police,Essex Police,1.257257,51.929726,On or near ALLFIELDS,E01022004,Tendring 004D,Investigation complete; no suspect identified
8eeee95e751840b21b3d5948c0bd4ddce3c3361573add4574628d11cbe0fd727,2015-08,Essex Police,Essex Police,0.294403,51.625693,On or near BROWNE CLOSE,E01021434,Brentwood 004C,Investigation complete; no suspect identified
d353f5cf8eedfbbf5c30184c3eeb34bb53aa87fdf07226c5f569fe7e5fb66a1f,2015-08,Essex Police,Essex Police,0.270445,51.486039,On or near Parking Area,E01016012,Thurrock 015C,Investigation complete; no suspect identified
d7050f401f24300bca5140e99b01a9247be24e1581e628bfd5ec8f56619329bd,2015-08,Essex Police,Essex Police,0.622112,51.792948,On or near ALFREG ROAD,E01021423,Braintree 016A,Investigation complete; no suspect identified
5f37ed1efd6bb885256473dd8715c13374ce2dcc22eef4e44d430ab9b8ca1733,2015-08,Essex Police,Essex Police,1.115348,51.773791,On or near FIR WAY,E01021988,Tendring 018A,Investigation complete; no suspect identified
451dd0dad93d401b88e731d4f0c6e147f57d4c747f43f61e521feb6fcbb186d1,2015-08,Essex Police,Essex Police,0.715320,51.534677,On or near Shopping Area,E01015852,Southend-on-Sea 015B,Investigation complete; no suspect identified
e44a13378278f97b92afcca4148f84a8a42e1b453a2c19f4ca8d26e6656d0f56,2015-08,Essex Police,Essex Police,1.152288,51.788104,On or near Shopping Area,E01022025,Tendring 016B,Investigation complete; no suspect identified
17083ff6de04640052d2c212d471ec0059b1d68cc9efbad0b26d3b25c825f258,2015-08,Essex Police,Essex Police,0.658225,51.547974,On or near Supermarket,E01015821,Southend-on-Sea 005B,Investigation complete; no suspect identified
4cad86c954fcdb5eabb44ad968a5a8e1362cc06dfe90a8dcd8176f7805540727,2015-08,Essex Police,Essex Police,1.271602,51.936721,On or near KING GEORGE'S AVENUE,E01022000,Tendring 002A,Investigation complete; no suspect identified
7ad92cf519dcecef9c53760690fd5a09d60b55d18c56fa929b20c617f9db95f8,2015-08,Essex Police,Essex Police,0.630042,51.806854,On or near SAXON DRIVE,E01021426,Braintree 015E,Investigation complete; no suspect identified
aa95a2ff477d30a0678c453dcd7f04f298af470c342a073e7da6d061159bf27e,2015-08,Essex Police,Essex Police,0.454994,51.574168,On or near ROODEGATE,E01021319,Basildon 017E,Investigation complete; no suspect identified
adcb92e39686e78d9147efd72e03e631d26aa53471c4f50b8450ce31bc010472,2015-08,Essex Police,Essex Police,0.074617,51.647264,On or near HOMECROFT GARDENS,E01021772,Epping Forest 013B,Investigation complete; no suspect identified
a9a6e143f944df1a2fadfa085a70bf2b64e2a26eb0934440c87051a8ccf8980d,2015-08,Essex Police,Essex Police,0.794193,51.530054,On or near HINGUAR STREET,E01015877,Southend-on-Sea 013B,Investigation complete; no suspect identified
7471d7732f985c64ff7a96174d61e0448b3cd4e8d07c4961f1eb63e45f109153,2015-08,Essex Police,Essex Police,0.544489,52.027392,On or near RIDGEWELL ROAD,E01021414,Braintree 001C,Investigation complete; no suspect identified
e5254ec2964bf118fc5895c00b4efd3162b5708f1ed8823020f7a7a1174feedf,2015-08,Essex Police,Essex Police,0.261741,51.889938,On or near Airport/Airfield,E01022090,Uttlesford 006B,Investigation complete; no suspect identified
74401b734c65fffbd9af4b4ca39abb5c95f32b44395fcd5111d742c938735e39,2015-08,Essex Police,Essex Police,1.079545,51.854935,On or near WEELEY ROAD,E01021993,Tendring 009C,Investigation complete; no suspect identified
1297183235c1e0e3633824474b32d056d7c87643418fe50d3705cfb53abb3874,2015-08,Essex Police,Essex Police,0.284490,51.487772,On or near Shopping Area,E01016011,Thurrock 015B,Investigation complete; no suspect identified
b24072ed0e304d33c7f3398c8e8889c6cf4c5437b8cb235646e07e9c7392d362,2015-08,Essex Police,Essex Police,1.153778,51.789099,On or near Supermarket,E01022025,Tendring 016B,Investigation complete; no suspect identified
987a83303e3e2b0cffd6e41ae0c086bb9665498f947276cbfaf778ea8abb1b10,2015-08,Essex Police,Essex Police,0.480367,51.748893,On or near ARUN CLOSE,E01021622,Chelmsford 007C,Investigation complete; no suspect identified
bf223a979cbf875fd06063482cc0870f73278e8a369654723e7417fe0d60864a,2015-08,Essex Police,Essex Police,0.691908,51.561919,On or near SOUTH CRESCENT,E01015865,Southend-on-Sea 002C,Investigation complete; no suspect identified
1c58f41d3d93a1463eaedf69f60bf7b30ad239021f23da0065c10ff211234d71,2015-08,Essex Police,Essex Police,0.832174,51.759599,On or near ESTUARY MEWS,E01021908,Maldon 001A,Investigation complete; no suspect identified
b99ab73c51237c89ed7242423dead26b073ec4ccad5c6181134558f383f5e8cd,2015-08,Essex Police,Essex Police,0.113040,51.700130,On or near Police Station,E01021757,Epping Forest 006B,Investigation complete; no suspect identified
9194636dd15b4534c4c4d232f246bb3fe210137c807cc20fabc1403fd0037e49,2015-08,Essex Police,Essex Police,0.102538,51.673359,On or near FOREST DRIVE,E01021805,Epping Forest 010D,Investigation complete; no suspect identified
a0761384e9615a23ce181275a1d5fa157e3520d214a159347e6840a254f49918,2015-08,Essex Police,Essex Police,0.916244,51.922126,On or near MORTIMER GARDENS,E01021682,Colchester 004D,Investigation complete; no suspect identified
e443bff01d320b85570bdc5cf156dd4194e94e1cf355a4b2ceee92c245068fcc,2015-08,Essex Police,Essex Police,0.897988,51.883492,On or near Sports/Recreation Area,E01021651,Colchester 013A,Investigation complete; no suspect identified
2f69683b22030f535fe7aa5a6a1a2409f60c64a58bc1e41a8e2f1e54df8b7375,2015-08,Essex Police,Essex Police,0.423541,51.574084,On or near Parking Area,E01021290,Basildon 016D,Investigation complete; no suspect identified
31d2fc46b7519e70dea1011d59c4dcf5ac9db72aca0a0fb835fbf9455cdc22f5,2015-08,Essex Police,Essex Police,0.555930,51.567884,On or near LINDEN ROAD,E01021525,Castle Point 001D,Investigation complete; no suspect identified
6ef25852102130368b89794226999b526a952bd552871d5ac6979dabbe850a31,2015-08,Essex Police,Essex Police,1.281610,51.937468,On or near HIGH STREET,E01022001,Tendring 001D,Investigation complete; no suspect identified
5b91c7c02c122ab483f39bb0f3353017b1cd1117d9ff829d9cc628502c317cb0,2015-08,Essex Police,Essex Police,0.329639,51.476550,On or near Sports/Recreation Area,E01015952,Thurrock 017B,Investigation complete; no suspect identified
a6879c1dcbc89c797aee81de7d7eafd20ef2dc1b3888fa2dd76399d85241d4e4,2015-08,Essex Police,Essex Police,0.718833,51.536035,On or near HORACE ROAD,E01015841,Southend-on-Sea 014C,Investigation complete; no suspect identified
8e546f9dabc9bf455d0aeecd1781c271ae18f60418947d67e09285ffdf52bfd1,2015-08,Essex Police,Essex Police,0.685337,51.876723,On or near TILKEY ROAD,E01021379,Braintree 014C,Investigation complete; no suspect identified
c66d0992b8b06420632f82fe71d6ba79aba46760cc7403b292e4cec928dec9c2,2015-08,Essex Police,Essex Police,0.410823,51.632631,On or near RICKETTS DRIVE,E01021246,Basildon 002B,Investigation complete; no suspect identified
cf7e31550dfaf8e9e053d9662c732262b3ba365db83da684b6fcc257d76f8751,2015-08,Essex Police,Essex Police,0.595813,51.563753,On or near KINGSMERE,E01021529,Castle Point 006D,Investigation complete; no suspect identified
f3d34321909c077d420b49546734e314286f4825d989d4ef559db0c26657484e,2015-08,Essex Police,Essex Police,0.911100,51.862410,On or near DARWIN CLOSE,E01021640,Colchester 018D,Investigation complete; no suspect identified
bf6960208f4fffd956b58f8599678b6b4cb8d7207c38f2ecd5cbceb96943ab75,2015-08,Essex Police,Essex Police,0.714143,51.536234,On or near Shopping Area,E01015852,Southend-on-Sea 015B,Investigation complete; no suspect identified
f7407f805fb3837bd4c83f25ba5808aa5b75ca41e0b132b6b748b14c28c40842,2015-08,Essex Police,Essex Police,0.286343,51.633206,On or near DARLINGTON COURT,E01021464,Brentwood 004E,Investigation complete; no suspect identified
97ce12b4ab0201dc071f7b8c7f5d9ce7675d8fcd61c7352fdae6d84fe88bdda7,2015-08,Essex Police,Essex Police,0.435058,51.529779,On or near OXLEY GARDENS,E01015999,Thurrock 001E,Investigation complete; no suspect identified
2e7570ab3d31a6919558f11dfb8db0d85daf588ba18785489db3bda02c173c62,2015-08,Essex Police,Essex Police,0.095336,51.766695,On or near Parking Area,E01021868,Harlow 007B,Investigation complete; no suspect identified
e2eed3789c584de228e4e8d1668fbe18c4b456800975bad30006ed881128f451,2015-08,Essex Police,Essex Police,0.261741,51.889938,On or near Airport/Airfield,E01022090,Uttlesford 006B,Investigation complete; no suspect identified
118e98ce7e5010b168e7e171e16d754e9f263dedf8e50d18e11a50f8e110595d,2015-08,Essex Police,Essex Police,0.919964,51.921612,On or near SEVERALLS LANE,E01033721,Colchester 002G,Investigation complete; no suspect identified
58e2620704edfa098f0b0cc824a78010463d80b1bb20dcafff8117bbd8a68a8e,2015-08,Essex Police,Essex Police,0.949051,51.854764,On or near STEPHEN CRANFIELD CLOSE,E01021657,Colchester 016A,Investigation complete; no suspect identified
c0e0da113e93d4f96355c40a673bb2e6622a22b76b1c051c6ddc4daeb5c42044,2015-08,Essex Police,Essex Police,0.284490,51.487772,On or near Shopping Area,E01016011,Thurrock 015B,Investigation complete; no suspect identified
42c3c86365bd038f1c250f04b2a1422191f79b8c1ac2389f36c2fb7cb60acfea,2015-08,Essex Police,Essex Police,0.329745,51.571830,On or near CHILDERDITCH LANE,E01021446,Brentwood 009B,Investigation complete; no suspect identified
405c8b08853289d84079e420850a6b40ddbe8ae43f3a185d15cb7abf608af21b,2015-08,Essex Police,Essex Police,0.835539,51.664086,On or near NEW MOOR CLOSE,E01021905,Maldon 006C,Investigation complete; no suspect identified
d5c7d4b97726ecb058175ac99b2c984e3e8d50979cbe22d07aa755a0eb285c47,2015-08,Essex Police,Essex Police,1.161283,51.803486,On or near BONHAM CLOSE,E01022041,Tendring 010D,Investigation complete; no suspect identified
afa45006305deb65649d0e32d30e66d120bff09e6e27789ffde5634720462792,2015-08,Essex Police,Essex Police,0.667454,51.728165,On or near ST GILES CLOSE,E01021892,Maldon 004D,Investigation complete; no suspect identified
7afacd0662141174bcf6a6d11da92219812cb178a85fbbd7d3dd20f76f00173f,2015-08,Essex Police,Essex Police,0.244039,52.011172,On or near REDDINGS CLOSE,E01022080,Uttlesford 002E,Investigation complete; no suspect identified
e5876928cd6d2289d93dc43cd07328fcb4a24f7056073811dd178a28b1bc0ece,2015-08,Essex Police,Essex Police,0.520508,51.612565,On or near HIGH STREET,E01021331,Basildon 008A,Investigation complete; no suspect identified
1b3aa38d11dd80bd149e37de57632611c687adf918ca2d22cd70c01c7ef31696,2015-08,Essex Police,Essex Police,0.469643,51.735818,On or near DUKE STREET,E01033141,Chelmsford 010G,Investigation complete; no suspect identified
cd731ef660a7afb6d0079c0f908d6bdeaee3b4f40a65c3d743c98068a1d3071b,2015-08,Essex Police,Essex Police,0.113112,51.761899,On or near Sports/Recreation Area,E01021820,Harlow 006B,Investigation complete; no suspect identified
f94816011151d7a9b451a3216cf2629539f6a0d2159e0d652e9c997f76bd2d54,2015-08,Essex Police,Essex Police,0.520333,51.755246,On or near A130,E01021537,Chelmsford 005B,Investigation complete; no suspect identified
96b2c27e0a2446c84272dfc8baef64245c2a8f0c7d7578b89021501c602ea290,2015-08,Essex Police,Essex Police,0.089759,51.767712,On or near SHARPECROFT,E01021872,Harlow 007E,Investigation complete; no suspect identified
b1cd05738e5eb0aefbbb6867db42b35e32277a5fb70a94b2673efab7502bd5e5,2015-08,Essex Police,Essex Police,0.284490,51.487772,On or near Shopping Area,E01016011,Thurrock 015B,Investigation complete; no suspect identified
31b9241d484be415112c0852076a6ac75a1e49d9b3c747a9b368aeeb0eab708f,2015-08,Essex Police,Essex Police,0.429141,51.622505,On or near GOLDCREST DRIVE,E01021243,Basildon 003D,Investigation complete; no suspect identified
b35159fd1455fd7625067064d9c8027af717ee2fc678643109575db2567d9aee,2015-08,Essex Police,Essex Police,0.673547,51.543848,On or near OLD LEIGH ROAD,E01015830,Southend-on-Sea 012D,Investigation complete; no suspect identified
8a5651e423064ffd86bf54591d0d90add261d2b279c5ae2b0dee1ef5e8984905,2015-08,Essex Police,Essex Police,0.468145,51.730660,On or near HAYES CLOSE,E01021582,Chelmsford 010D,Investigation complete; no suspect identified
5f79658f9ed6cc3568d2345ff0b06a49e96cef718735151a1c77b5fa4b5df07f,2015-08,Essex Police,Essex Police,0.432105,51.609853,On or near THE OAKS,E01021257,Basildon 009B,Investigation complete; no suspect identified
e614cebc9fb04f1b91871a040d92a3998b4ad36d57799bafaadd109c781f6513,2015-08,Essex Police,Essex Police,0.710454,51.540888,On or near QUEENSWAY,E01015895,Southend-on-Sea 010A,Investigation complete; no suspect identified
ea6d262c1f7fddb4288c1acc813b76e0ea04d3e582efa0fdc2f88ae547a33bc9,2015-08,Essex Police,Essex Police,0.285272,51.488728,On or near Parking Area,E01016011,Thurrock 015B,Investigation complete; no suspect identified
f5a234155a631408c37b9e4f22c4191300f4bcf356e31cd15fe50305fdd849cb,2015-08,Essex Police,Essex Police,1.115348,51.773791,On or near FIR WAY,E01021988,Tendring 018A,Investigation complete; no suspect identified
7612c8c67596e06c6b1d11e3b4f12be08f4d7a6c41949b291a8de221d7878902,2015-08,Essex Police,Essex Police,0.895674,51.887964,On or near CHURCH WALK,E01021649,Colchester 007D,Investigation complete; no suspect identified
dad1ff7927453e148aed2d3e614ae8bb33a39d9186d2bd02dfe0e54885bd81bf,2015-08,Essex Police,Essex Police,0.637913,51.801767,On or near NICHOLAS COURT,E01021416,Braintree 017B,Investigation complete; no suspect identified
804b4316a42993e1d1e50bd228bd2456402395d0e2bdb73a2e5ad7db604e6bc2,2015-08,Essex Police,Essex Police,0.388280,51.671690,On or near Parking Area,E01021458,Brentwood 002B,Investigation complete; no suspect identified
b8e0c1a034efdc987ceb6110e12c0f9bc26013fc98bfafd7e407f92bbd7f5017,2015-08,Essex Police,Essex Police,0.356329,51.630401,On or near LAMBOURNE DRIVE,E01021449,Brentwood 003B,Investigation complete; no suspect identified
7161bb3d39d0f9632f7d016e446b4da8f11f8530130e56ef9f0d1af6258d7d4e,2015-08,Essex Police,Essex Police,0.614241,51.628627,On or near Parking Area,E01021942,Rochford 001A,Investigation complete; no suspect identified
5a776b29728e3e20827296e9480489824b85bbffed735c0eda0829a043130939,2015-08,Essex Police,Essex Police,0.084050,51.778433,On or near Sports/Recreation Area,E01021839,Harlow 004A,Investigation complete; no suspect identified
dd18251ae6f99c0046886610f773895a1b494206b832cd4b807e448b2a40dd5e,2015-08,Essex Police,Essex Police,0.576805,51.519519,On or near MATLOCK ROAD,E01021502,Castle Point 011E,Investigation complete; no suspect identified
ea886084b7f076da3fbdf12ecb97425ba59a661d8b7a720254c9b03951d0ef75,2015-08,Essex Police,Essex Police,0.289279,51.506591,On or near BROXBURN DRIVE,E01015931,Thurrock 007E,Investigation complete; no suspect identified
381fa2fad76b4bc96eafca0d7792f2355458fa7cbc9a1e2f721fcc7518a182d4,2015-08,Essex Police,Essex Police,0.683758,51.729574,On or near TAIT MEWS,E01021890,Maldon 004B,Investigation complete; no suspect identified
8d959f64f72430403fd1e6e69710f4755a871bc35388609d27b8d8a4d2b59803,2015-08,Essex Police,Essex Police,0.499167,51.749825,On or near SUNFLOWER CLOSE,E01021621,Chelmsford 007B,Investigation complete; no suspect identified
28d9245414b6b6fd3691d88228a6749beddf225d769a36b306d64c3e01967c62,2015-08,Essex Police,Essex Police,0.717040,51.532569,On or near Theme/Adventure Park,E01015851,Southend-on-Sea 015A,Investigation complete; no suspect identified
1aac978746ba73178aabf1001a2c5d0310e33ed680d9a1a8f2546b2538fcbed8,2015-08,Essex Police,Essex Police,0.514137,51.743624,On or near MEGGY TYE,E01033142,Chelmsford 005E,Investigation complete; no suspect identified
aef565d2496631a3bc5bb4a7809aea4e64cae4a077514929273f71fd7ba6243e,2015-08,Essex Police,Essex Police,0.325894,51.611421,On or near ST STEPHENS CRESCENT,E01021435,Brentwood 008A,Investigation complete; no suspect identified
f82cc4a7937827c040361d66d7acf7a04c249ec987a0939642d9e9f792959725,2015-08,Essex Police,Essex Police,0.716855,51.546415,On or near SUTTON ROAD,E01015898,Southend-on-Sea 010D,Investigation complete; no suspect identified
614ff112c6302b8d16f5d07d2ae9915619cb3b6604102a0dfda980db61fbf46b,2015-08,Essex Police,Essex Police,0.815070,51.633217,On or near GLYNN ROAD,E01021878,Maldon 008C,Investigation complete; no suspect identified
2a152a9517a6b3e2d7cc8da8e668eba39a6e40f26875a7504dece9b07ac51c30,2015-08,Essex Police,Essex Police,0.830150,51.888121,On or near ESSEX YEOMANRY WAY,E01021718,Colchester 012A,Investigation complete; no suspect identified
67e6dcc91f29eda5f7ed54280d9013fafa2cc6bad806afc881aac72f9caad6fe,2015-08,Essex Police,Essex Police,0.389724,51.674106,On or near Sports/Recreation Area,E01021458,Brentwood 002B,Investigation complete; no suspect identified
2728566c9e28560130693d4093027bf7a1d4ca433aed1797c1cab8ce1961606e,2015-08,Essex Police,Essex Police,0.490430,51.723742,On or near Parking Area,E01021563,Chelmsford 014B,Investigation complete; no suspect identified
6134d76ff2e8846ff8f8b103f726d8d6ee288912f510661f64217f9b24527cad,2015-08,Essex Police,Essex Police,0.655498,51.554160,On or near ELMSLEIGH DRIVE,E01015814,Southend-on-Sea 003A,Investigation complete; no suspect identified
862a23ea3a8f744a8ccf6bb576341a1425be84c4ea57fef52a83a346ba929b09,2015-08,Essex Police,Essex Police,0.283467,51.508808,On or near Police Station,E01015976,Thurrock 007F,Investigation complete; no suspect identified
7534883275ead3cd2affd0fd643763ccdbacc3e1e8f2b086bb1cf792e96a129b,2015-08,Essex Police,Essex Police,0.405073,51.571182,On or near ROWENHALL,E01021277,Basildon 014D,Investigation complete; no suspect identified
887da554e63e621bff346d4bb3e40c1162d5b16ce6cb985a9b4f0cf09d964108,2015-08,Essex Police,Essex Police,0.476101,51.734998,On or near Parking Area,E01033141,Chelmsford 010G,Investigation complete; no suspect identified
7441f6828f28b1cf057813d7eb3ec1432ee87270f9c943ef9bf9ca169a0e4afd,2015-08,Essex Police,Essex Police,0.070483,51.755985,On or near SEYMOURS,E01021829,Harlow 009A,Investigation complete; no suspect identified
395c43ee2e9f3d85ad63e594654bbcb4903ca598fb0aac1b38922f04669ac037,2015-08,Essex Police,Essex Police,0.614503,51.892726,On or near THE STREET,E01021380,Braintree 012E,Investigation complete; no suspect identified
8adf4edcfa75c494f07b1eaa08a0933f3924173eb1423a17067a263d27a6f235,2015-08,Essex Police,Essex Police,0.634403,51.814715,On or near BRONTE ROAD,E01021418,Braintree 015C,Investigation complete; no suspect identified
7fa051e79106641f228bd06d8e9667198fe31ad1769b4034450c3bdea9dd3789,2015-08,Essex Police,Essex Police,0.331263,51.628545,On or near GREENWAY,E01021455,Brentwood 005C,Investigation complete; no suspect identified
aa5b5c8543824cab341bfa03beedbe2be434815771dc0350fdf3f36bb54362fb,2015-08,Essex Police,Essex Police,1.254223,51.836521,On or near WINCHESTER ROAD,E01021985,Tendring 006A,Investigation complete; no suspect identified
44d8610c17f2b55b25e5a4beb1d0d58681bfdb22e644718fa02ce180dda53292,2015-08,Essex Police,Essex Police,0.427519,51.625137,On or near ABBOTS RIDE,E01021243,Basildon 003D,Investigation complete; no suspect identified
377807787b56ddd2d52b3fc8ac01ecb500dce189a1e7261fdaf371f433766777,2015-08,Essex Police,Essex Police,0.516828,51.582606,On or near DENVER DRIVE,E01021309,Basildon 011E,Investigation complete; no suspect identified
b097b9a6656855c8b05b013c04b787a5fab6616029889df77c8d8dc1ab6c2066,2015-08,Essex Police,Essex Police,0.431436,51.570845,On or near LAINDON LINK,E01021289,Basildon 016C,Investigation complete; no suspect identified
b30046eff56a1885bf60083265ac653e6e59b1310790fe38226b45ce4c565031,2015-08,Essex Police,Essex Police,0.616546,51.616956,On or near Petrol Station,E01021945,Rochford 001D,Investigation complete; no suspect identified
e6b33f8bbf50fe9bc4989839ae5da91ccb1f74c5d55bc727530c697f577eca40,2015-08,Essex Police,Essex Police,0.092648,51.772201,On or near Pedestrian Subway,E01021843,Harlow 004E,Investigation complete; no suspect identified
91043217f7595542942feba88436a44d8fae66c1df861b3a704fe5872ab483e2,2015-08,Essex Police,Essex Police,0.717736,51.534325,On or near HERBERT GROVE,E01015852,Southend-on-Sea 015B,Investigation complete; no suspect identified
5bbbe87b27c8204602cdded921f6056ee32be1977539963ef05a52751f354ad6,2015-08,Essex Police,Essex Police,0.342211,51.954729,On or near Further/Higher Educational Building,E01022092,Uttlesford 004A,Investigation complete; no suspect identified
6591788cc8bb83c627a08cd307c3f315dce3178dbf583ce35ecbc95ad909f001,2015-08,Essex Police,Essex Police,0.605787,51.586267,On or near HIGH STREET,E01021962,Rochford 008C,Investigation complete; no suspect identified
56386360ffeeaf5aedd197a426e55d78fff089fe0e1449347d54af0bbcead490,2015-08,Essex Police,Essex Police,1.244785,51.832276,On or near OLD WAY,E01021987,Tendring 008A,Investigation complete; no suspect identified
7cee84f6ccb4fca533ac21b499a2fd15e075e38625e306451a317f8ca3e7b8cc,2015-08,Essex Police,Essex Police,0.882755,51.868244,On or near EBONY CLOSE,E01033723,Colchester 015G,Investigation complete; no suspect identified
00d0e0cf3c556da2d02bb546e024728f3be518c7d2b40c4294368a99624ff572,2015-08,Essex Police,Essex Police,0.635070,51.542435,On or near BELTON WAY WEST,E01015910,Southend-on-Sea 008C,Investigation complete; no suspect identified
4b2eecca9131cd08ac988c4ad0aae981db1ebfd2adcd24097a24b72e2d7ebf27,2015-08,Essex Police,Essex Police,0.562628,51.889416,On or near CONVENT LANE,E01021356,Braintree 007E,Investigation complete; no suspect identified
40a10e36371f6c820ac06f085d9399761508f65cb7f25ffe7e3bda6731c0c86a,2015-08,Essex Police,Essex Police,0.565265,51.562968,On or near DOWNER ROAD,E01021478,Castle Point 003C,Investigation complete; no suspect identified
65ed4a279b8feb3917c8456e963554ed99e700c55ff0c580e0b3f372c9791685,2015-08,Essex Police,Essex Police,0.459777,51.526421,On or near Petrol Station,E01015943,Thurrock 001A,Investigation complete; no suspect identified
d87aabf79e912672b4cbe360cd94a17b1196e22361ebe4e8409cf69e7359bce4,2015-08,Essex Police,Essex Police,0.870623,51.868442,On or near WATTS ROAD,E01021715,Colchester 015E,Investigation complete; no suspect identified
456ced819b1a532985c2943058214dc616b26e194025a9ce2efecfa46ff71770,2015-08,Essex Police,Essex Police,0.082760,51.757665,On or near JEROUNDS,E01021833,Harlow 009D,Investigation complete; no suspect identified
7addaf87f55697a416b4e953baecc7816542906a494047abb819f4da029058e3,2015-08,Essex Police,Essex Police,1.250822,51.837271,On or near POLE BARN LANE,E01021985,Tendring 006A,Investigation complete; no suspect identified
197589ccea499f37d7bb00fa1cca10a242d8cc2a181355db758446af4dab9cef,2015-08,Essex Police,Essex Police,0.434043,51.567500,On or near BOSTOCHE CLOSE,E01021288,Basildon 016B,Investigation complete; no suspect identified
c547881dd0351713f61f779943db6ed427f946eba6f410ed60ec7abd0655ae7f,2015-08,Essex Police,Essex Police,0.886266,51.867708,On or near PEERSWOOD ROAD,E01033723,Colchester 015G,Investigation complete; no suspect identified
1b49ba22c72f61bbe1700d15b117b77f03524a8bd1a4da8bbb8a741bb00bbfc0,2015-08,Essex Police,Essex Police,0.514624,51.579290,On or near MONTSALE,E01021301,Basildon 011A,Investigation complete; no suspect identified
6a83470048c17433ca0cd98769e3d49b62071b6c42cdc646791b270b6fadd0e8,2015-08,Essex Police,Essex Police,0.736804,51.544728,On or near TRINITY ROAD,E01015887,Southend-on-Sea 009E,Investigation complete; no suspect identified
6415c3de784d2a3a8339b52a21d9a42940300a1a1d3080471685a01556848147,2015-08,Essex Police,Essex Police,0.562628,51.889416,On or near CONVENT LANE,E01021356,Braintree 007E,Investigation complete; no suspect identified
2a32ad3b0edff037761997d05cc87ddd8b1b1f832f283574d1bc34f448900340,2015-08,Essex Police,Essex Police,0.053376,51.644553,On or near Parking Area,E01021781,Epping Forest 014B,Investigation complete; no suspect identified
2fb1f4041e564003c6e200e222483a49d53a8c553ef24b2c2088ee686b7c55d4,2015-08,Essex Police,Essex Police,0.521403,51.613859,On or near Pedestrian Subway,E01021334,Basildon 005A,Investigation complete; no suspect identified
8e9b1d3acea5736a6b46d165e8411334aaf476dc9f02b096b01630ac361cb1de,2015-08,Essex Police,Essex Police,0.521403,51.613859,On or near Pedestrian Subway,E01021334,Basildon 005A,Investigation complete; no suspect identified
fcd3260d63d06171b3aa6d7bbc8eedf7a0b7d8a865019fbb6a6095ce2086d4fd,2015-08,Essex Police,Essex Police,0.080081,51.774718,On or near Supermarket,E01021840,Harlow 004B,Investigation complete; no suspect identified
03bce2640c47d61a291c29061e51ab475ad453d7fe51716a91ab22fdc5ca8cd5,2015-08,Essex Police,Essex Police,0.735950,51.551879,On or near HAMSTEL ROAD,E01015875,Southend-on-Sea 006G,Investigation complete; no suspect identified
2d0b913b0cda30e33baa0615209e840fba501cb8a6c5ba28abf4b5f0969474d7,2015-08,Essex Police,Essex Police,0.517928,51.565414,On or near Sports/Recreation Area,E01021313,Basildon 018A,Investigation complete; no suspect identified
1c8e57f233680ca88fd6194bfc513de60028a2b1d719293ff26f3de4823b6a47,2015-08,Essex Police,Essex Police,0.895335,51.889691,On or near BALKERNE GARDENS,E01021646,Colchester 007A,Investigation complete; no suspect identified
9e4c750b489741dff2173c80efb1d5d72f6c4da60677587f879133d2111aa8a2,2015-08,Essex Police,Essex Police,0.562628,51.889416,On or near CONVENT LANE,E01021356,Braintree 007E,Investigation complete; no suspect identified
564e30fbd0750c895bc6c19b08981015ea8ed543548add2d31cd8ad8f67024aa,2015-08,Essex Police,Essex Police,0.114883,51.758548,On or near Petrol Station,E01021823,Harlow 006D,Investigation complete; no suspect identified
29f4e2e6d8cd67457611a49e028a258ac4a084a3d0f759ac240cbb06ae3cf94c,2015-08,Essex Police,Essex Police,0.431210,51.645250,On or near ARUNDEL MEWS,E01021251,Basildon 001E,Investigation complete; no suspect identified
84749ff3f9f3282dde2af859f8184302b767c0503393bb0257b1a5ec8af5a4e6,2015-08,Essex Police,Essex Police,0.289279,51.506591,On or near BROXBURN DRIVE,E01015931,Thurrock 007E,Investigation complete; no suspect identified
bbb42ae871f5bc6efb507de1f1c2cc061fc87531ffd193cf0e6b78a728634893,2015-08,Essex Police,Essex Police,0.463191,51.566676,On or near WITCHARDS,E01021296,Basildon 020C,Investigation complete; no suspect identified
dff362297403be94fd176ba62ea53b0274d47b4603671a7c4a6fce5766160912,2015-08,Essex Police,Essex Police,0.899875,51.890226,On or near Nightclub,E01021649,Colchester 007D,Investigation complete; no suspect identified
d29eabf9fc8b331a5d48eb5c4fa400e53d8837a39635d839af59c11b7ba053de,2015-08,Essex Police,Essex Police,0.515754,51.576226,On or near WILSNER,E01021301,Basildon 011A,Investigation complete; no suspect identified
69f7a22c76ddcb11ceb5a6967a02912397ec8550c92c53d5963f53c3fc1cbbaf,2015-08,Essex Police,Essex Police,0.040555,51.627170,On or near PALMERSTON ROAD,E01021746,Epping Forest 015E,Investigation complete; no suspect identified
1e21ff44dc2401c0d5c7af6456681369add335d25b780af985ebfd6cb89cf7dd,2015-08,Essex Police,Essex Police,0.655381,51.566268,On or near MANSEL CLOSE,E01015835,Southend-on-Sea 001C,Investigation complete; no suspect identified
591e7c5c48768441ecc93e0d8684b259e01928f2a07bac2a1a43c5fe37039384,2015-08,Essex Police,Essex Police,0.461625,51.576151,On or near BUTNEYS,E01021319,Basildon 017E,Investigation complete; no suspect identified
b10b4206d02f84b0ad086311d0eee984ca49869ac0cd711c6dc0e5fd4e0748d5,2015-08,Essex Police,Essex Police,0.458379,51.567352,On or near CHERRYDOWN EAST,E01021296,Basildon 020C,Investigation complete; no suspect identified
5f94dae8df9825c1b56f1e61b1c54b5d62ab660102b6c046680688b210ae2bf9,2015-08,Essex Police,Essex Police,0.664462,51.561404,On or near BROOMFIELD AVENUE,E01015825,Southend-on-Sea 005F,Investigation complete; no suspect identified
b868b5669b08756d67bd20994caf40c268e77d9906b678e9d94d632221bc118b,2015-08,Essex Police,Essex Police,0.790016,51.539561,On or near CUNNINGHAM CLOSE,E01015880,Southend-on-Sea 013E,Investigation complete; no suspect identified
f68395d7f60992c8da61de084aabaa9868bf889fa4ae098e73d52a1b45f38855,2015-08,Essex Police,Essex Police,0.513644,51.576694,On or near FYEFIELDS,E01021301,Basildon 011A,Investigation complete; no suspect identified
d4755a84000d45f2c3a4bfe885c85d2d5e58e6f65302bdc73e5af7d65b4845d6,2015-08,Essex Police,Essex Police,1.080622,51.804162,On or near GOLDING WAY,E01022045,Tendring 018D,Investigation complete; no suspect identified
92d40a953d5e3b86c040d85e56573f5d933d826ef90cef23ae5da58d914d8315,2015-08,Essex Police,Essex Police,0.710469,51.844508,On or near SHERWOOD WAY,E01021403,Braintree 014F,Investigation complete; no suspect identified
9219b5f924c5f9e6abec39eb786a9b8b73d7cdaec262c6bf44eb6521a7ea9180,2015-08,Essex Police,Essex Police,0.503867,51.574232,On or near WALTHAMS,E01021304,Basildon 013C,Investigation complete; no suspect identified
2fbcf0130740e2311f73485507a2cb8dd272a5f7fbe7cf15e0fb93d9e09e02e1,2015-08,Essex Police,Essex Police,0.684702,51.545167,On or near LONDON ROAD,E01015832,Southend-on-Sea 012F,Investigation complete; no suspect identified
69c93709dd7c9339676dfa53b277e5e758b6cd9d776195c95b03edfef852c3e5,2015-08,Essex Police,Essex Police,0.425753,51.582007,On or near WALTON COURT,E01021274,Basildon 010D,Investigation complete; no suspect identified
189cffb749f85b90ae9a5ab8d01948d97940223b4c08c09b70acbedea14a338d,2015-08,Essex Police,Essex Police,0.440642,51.587256,On or near SOUTH WASH ROAD,E01021261,Basildon 010A,Investigation complete; no suspect identified
19769f95703708e5cc287513d84f07843f32236119f48a19f60372e31b7d6c6a,2015-08,Essex Police,Essex Police,0.480491,51.727343,On or near A1114,E01021577,Chelmsford 012B,Investigation complete; no suspect identified
41c5a5fc1a27c7fbed6ed21d3251f508d48903ca72043a286c5ad193ef23d7f6,2015-08,Essex Police,Essex Police,0.368618,51.467540,On or near POYNDER ROAD,E01016007,Thurrock 018E,Investigation complete; no suspect identified
6dacabbaa8b79b4d50f24c394e016b9cc30e307bd5ea2c67580293b043dc8f94,2015-08,Essex Police,Essex Police,0.960156,51.856014,On or near PHILLIP ROAD,E01021738,Colchester 017C,Investigation complete; no suspect identified
27b4f46fab71a3abb134fb37a8182b6d89285c4c3c01d05a19fd536bdde3b07a,2015-08,Essex Police,Essex Police,0.683487,51.536777,On or near GROSVENOR MEWS,E01015828,Southend-on-Sea 012B,Investigation complete; no suspect identified
36d03ab5eb7023f96d4038427e893b169b925bff00f47cb1cf382032c9e1a001,2015-08,Essex Police,Essex Police,0.502267,51.562719,On or near Supermarket,E01021310,Basildon 022B,Investigation complete; no suspect identified
0a9b87f6fa4fffb83a1676c6d42e4b4537e39f9092316a7d87e40e8142c1d5c4,2015-08,Essex Police,Essex Police,0.503155,51.758805,On or near ALBEMARLE LINK,E01033144,Chelmsford 005F,Investigation complete; no suspect identified
8d3c36f6df6c3470a5c5d8efea14a6a8d870fcf49c735805f9b061bdb6c32bd6,2015-08,Essex Police,Essex Police,0.296249,51.492452,On or near A1306,E01015982,Thurrock 019A,Investigation complete; no suspect identified
9c9df3141560da78f81f2c64847c8ee407fc648f42b89172d1d2b62ebaa53ae2,2015-08,Essex Police,Essex Police,0.446639,51.755059,On or near Supermarket,E01021600,Chelmsford 003D,Investigation complete; no suspect identified
7a45589fe4201e0752ff988b3be4e96a11545ec59f4844355bc3674185c8bf56,2015-08,Essex Police,Essex Police,0.277113,51.898482,On or near SCHOOL LANE,E01022090,Uttlesford 006B,Investigation complete; no suspect identified
2378d0464a19f0755e3fd48c5790cf003aa987fb7c724e73ea64b432b238a610,2015-08,Essex Police,Essex Police,0.498344,51.571166,On or near MORETONS,E01021306,Basildon 013E,Investigation complete; no suspect identified
e8e66c0be6557fbef0df04083e199cb5113e102f3edcdcf64175a7a75a4953b5,2015-08,Essex Police,Essex Police,0.481528,51.555218,On or near BARNARD CLOSE,E01021300,Basildon 022A,Investigation complete; no suspect identified
6cf66ba0266c3dbf896a2ec8e851e1a6c8cfab2a48a50f52b6b4dab7c80385dc,2015-08,Essex Police,Essex Police,0.728510,51.541107,On or near STROMNESS PLACE,E01015843,Southend-on-Sea 014E,Investigation complete; no suspect identified
2f9069e2d3b97e2e945297133e71e6d486c8faede25594dd2c199a1d9e2ddde8,2015-08,Essex Police,Essex Police,0.471707,51.739938,On or near BISHOP ROAD,E01021574,Chelmsford 010A,Investigation complete; no suspect identified
4d69f7ee4740b80807b58b90ae5dc0d818beb260b93a9f460a014955122e58e2,2015-08,Essex Police,Essex Police,0.018503,51.683376,On or near HONEY LANE,E01021809,Epping Forest 008C,Investigation complete; no suspect identified
aedb344bf6a243d8f8315ee90a355f0f3ce4aa104d2367876d0a3c2d2591fe85,2015-08,Essex Police,Essex Police,0.913548,51.728712,On or near EAST END ROAD,E01021907,Maldon 006E,Investigation complete; no suspect identified
539316dd5c0980faa9541565e970a741864fd49badd165eda4764a3a5d146791,2015-08,Essex Police,Essex Police,0.074436,51.648671,On or near COLLEGE CLOSE,E01021790,Epping Forest 012E,Investigation complete; no suspect identified
55e0e049e358b26188aa1f7da828a381591998447f911495095d0736519ddc00,2015-08,Essex Police,Essex Police,0.326119,51.472186,On or near THAMES ROAD,E01015954,Thurrock 017D,Investigation complete; no suspect identified
b9ad350da0284860e15c60e84c22048b340b664dc0646e764730ce5dfe3a3d64,2015-08,Essex Police,Essex Police,0.084919,51.764884,On or near Sports/Recreation Area,E01021842,Harlow 004D,Investigation complete; no suspect identified
26403b527899e777dab19be3165c1757cc2dd476c4cc44ecc16b23451bc82c0f,2015-08,Essex Police,Essex Police,0.215046,51.979438,On or near Parking Area,E01022072,Uttlesford 003C,Investigation complete; no suspect identified
d8c0ac4ae48855d2f233139e52c015e50ae1b7e7031b12d5912a71ce0b7d1a8e,2015-08,Essex Police,Essex Police,0.639510,51.799555,On or near COACH HOUSE WAY,E01021415,Braintree 017A,Investigation complete; no suspect identified
82ce5110c114793fc90341c0e4d0728b04c5872367a2b51004e1845478e9483a,2015-08,Essex Police,Essex Police,0.269289,51.984304,On or near WATER LANE,E01022099,Uttlesford 004D,Investigation complete; no suspect identified
dd02b01e42e5c062584599411c206f75e798b75c76eb1f9a84deceaa8f6cae97,2015-08,Essex Police,Essex Police,0.612844,51.552492,On or near OAK ROAD NORTH,E01021518,Castle Point 006B,Investigation complete; no suspect identified
4c62d5146643f9ba5df922d5f141702980690521b17bbb62bc1015d356600429,2015-08,Essex Police,Essex Police,0.690145,51.741776,On or near STOCK CHASE,E01021888,Maldon 003E,Investigation complete; no suspect identified
22a000f276491ef0253f95a74ac6a7cc6393e16baaafb006bff3b59943d53974,2015-08,Essex Police,Essex Police,0.586103,51.592503,On or near NAVESTOCK CLOSE,E01021958,Rochford 006D,Investigation complete; no suspect identified
5259ec856b7f3e956a39788234e0a2d5189c4810ed35f3c5a7a6d047d1ee44b5,2015-08,Essex Police,Essex Police,0.672310,51.564814,On or near BRENDON WAY,E01015864,Southend-on-Sea 002B,Investigation complete; no suspect identified
589e66c4836eab5118609418977667d7716e404d7708676809a5d853bbaa81b7,2015-08,Essex Police,Essex Police,0.505709,51.574139,On or near MALGRAVES,E01021304,Basildon 013C,Investigation complete; no suspect identified
d88170d726fb65eebe3848c305ef5965d964660c2172c44e41eae8f8bd5de0cb,2015-08,Essex Police,Essex Police,0.679549,51.731622,On or near OLD MILL CLOSE,E01021890,Maldon 004B,Investigation complete; no suspect identified
a7cfa6575903efeab3851ebd81079862736b98de21908a0d1579f0d34c2190d5,2015-08,Essex Police,Essex Police,0.092612,51.768596,On or near Theatre/Concert Hall,E01021872,Harlow 007E,Investigation complete; no suspect identified
d60e78fd1926fe91db57fab3ba75597bbe5688c8372601e6413e4c5c374369f7,2015-08,Essex Police,Essex Police,0.565542,51.522266,On or near FIRST AVENUE,E01021486,Castle Point 010B,Investigation complete; no suspect identified
5a2e4a6074c5b9354819f3a714621c88ae33c25d0463ff80d64e99d6e69faaf7,2015-08,Essex Police,Essex Police,0.900116,51.889231,On or near Shopping Area,E01021649,Colchester 007D,Investigation complete; no suspect identified
5d81af7d8b8992eca372fdf81102fbc990ea04ce02718194c55992ea15ccb659,2015-08,Essex Police,Essex Police,0.358771,51.655191,On or near HOPE CLOSE,E01021460,Brentwood 002D,Investigation complete; no suspect identified
17e048023857fea2a30e6dc10e62855df78dda3d0a732a114423469d9a9855ca,2015-08,Essex Police,Essex Police,0.689585,51.544327,On or near SHOE LANE,E01015831,Southend-on-Sea 012E,Investigation complete; no suspect identified
8ea5da76f38a6a9e1b90c0b259bafa697badd4b4b86854483e9dc55f84688492,2015-08,Essex Police,Essex Police,0.756740,51.815471,On or near GROVE ROAD,E01021643,Colchester 019A,Investigation complete; no suspect identified
86d935650059c3db6b7ea3ca87eae8128497178fdf28017c2bb4f07167e6925e,2015-08,Essex Police,Essex Police,0.687405,51.550646,On or near FAIRFAX DRIVE,E01015904,Southend-on-Sea 007D,Investigation complete; no suspect identified
c7679fb633b070c9a67eb9f1cc4cdd8020499e027091def86205f23ade877e1d,2015-08,Essex Police,Essex Police,0.468341,51.597810,On or near JUBILEE ROAD,E01021260,Basildon 009D,Investigation complete; no suspect identified
95a294195624c3226d1ada523b127fac9e71e1e8d372406002e69924033b1e65,2015-08,Essex Police,Essex Police,0.487667,51.583363,On or near BATTLESWICK,E01021267,Basildon 012B,Investigation complete; no suspect identified
08f3a24bb2b00e8ada18ed2f969fbd111ef0bee5eca7a8112c70cb91933e0603,2015-08,Essex Police,Essex Police,0.492504,51.717223,On or near ROTHMANS PLACE,E01021565,Chelmsford 014C,Investigation complete; no suspect identified
14171fb814c6c97c13a7e10afb5391b604c52825cb7134c6e5ea845e6d4fc012,2015-08,Essex Police,Essex Police,0.211543,51.983398,On or near BARNARD CLOSE,E01022073,Uttlesford 003D,Investigation complete; no suspect identified
d7a637c2613bf5adbd7790895a4d085f28d3e29d0c05c6104d03337b05413982,2015-08,Essex Police,Essex Police,0.212491,51.680826,On or near OLD RECTORY ROAD,E01021800,Epping Forest 003C,Investigation complete; no suspect identified
7ae9bb923b25f4c7a62c8c36e604894a79e6a006f9bf42309073edbf371eae1e,2015-08,Essex Police,Essex Police,0.018503,51.683376,On or near HONEY LANE,E01021809,Epping Forest 008C,Investigation complete; no suspect identified
5eeaa206f3a9286a1da22d090140f80392c15e63c3c933e4313b34260a6467f7,2015-08,Essex Police,Essex Police,0.296506,51.629276,On or near KIMPTON AVENUE,E01021431,Brentwood 004A,Investigation complete; no suspect identified
17ffe2a1587c9621e1c7e9392ee0801867cd3446b32556161a84632da205120b,2015-08,Essex Police,Essex Police,0.640182,51.800889,On or near BEN SAINTY COURT,E01021416,Braintree 017B,Investigation complete; no suspect identified
2e3f12cd026df19968b04387db9ba0abcb784fe24823e72dc7095a30bb38e9bd,2015-08,Essex Police,Essex Police,0.053139,51.645061,On or near Conference/Exhibition Centre,E01021781,Epping Forest 014B,Investigation complete; no suspect identified
02509057c0110c8cf748d7824bf48a0f54a7f89e2fddecfaec9be4d9447cf224,2015-08,Essex Police,Essex Police,0.324584,51.479375,On or near Theatre/Concert Hall,E01015959,Thurrock 016C,Investigation complete; no suspect identified
9971b918231b0133d6446f7c391e7f8aad273a51686416357f79126e28e27dab,2015-08,Essex Police,Essex Police,0.581423,51.533376,On or near CHALK ROAD,E01021504,Castle Point 008C,Investigation complete; no suspect identified
24b593e2e5cc8cd05ae7f85ec478bdd20f70313d0534089d2396447f999254d2,2015-08,Essex Police,Essex Police,0.388236,51.672491,On or near HIGH STREET,E01021458,Brentwood 002B,Investigation complete; no suspect identified
3fe535db79408e9af1622d6d6163b079253a34a199a85b57c7a815a715eca229,2015-08,Essex Police,Essex Police,0.480398,51.586665,On or near Sports/Recreation Area,E01021267,Basildon 012B,Investigation complete; no suspect identified
53f36a4d41c78c3e3eda1622bb5090d1309c79493192a0b99c9dbaa43873fb09,2015-08,Essex Police,Essex Police,0.299271,51.626236,On or near ONGAR ROAD,E01021434,Brentwood 004C,Investigation complete; no suspect identified
7c0b1b17afb7190a9245951d686601d7ce8b428a2d53b63ed42dc50f3d467e6e,2015-08,Essex Police,Essex Police,0.733725,51.535959,On or near BRUNSWICK ROAD,E01015892,Southend-on-Sea 016D,Investigation complete; no suspect identified
811461967bec16a2521f5317cf27746ab5796fcbbcaedec746fdc7843755c04b,2015-08,Essex Police,Essex Police,0.576939,51.521378,On or near WILLOW CLOSE,E01021485,Castle Point 010A,Investigation complete; no suspect identified
0d84a6822c19c7650a1202d53193705940439bc3e2b4e77de2cd91055cf10a82,2015-08,Essex Police,Essex Police,1.047109,51.915877,On or near SHOP ROAD,E01021972,Tendring 005B,Investigation complete; no suspect identified
cfa1ddf84f62bc808d9b536146f0b9bb2ea63fd1c1273d44c348aa220dcbd9d6,2015-08,Essex Police,Essex Police,0.493725,51.586445,On or near CRANES CLOSE,E01021269,Basildon 012C,Investigation complete; no suspect identified
70c585663b896b9a2086d03041d1d2e243db5465a08aee581a2f2e541b3194f2,2015-08,Essex Police,Essex Police,0.367177,51.459745,On or near MONARCH CLOSE,E01016004,Thurrock 018B,Investigation complete; no suspect identified
227852c22e530f17a21744024aa5c0d1ab6226956fddcc332567017a8ec9e6e0,2015-08,Essex Police,Essex Police,0.691731,51.543298,On or near CRANLEY AVENUE,E01015831,Southend-on-Sea 012E,Investigation complete; no suspect identified
e382047a3e77083a8da12cbcc7bba3c03431b5972ba81d30c68e8c23deeb904d,2015-08,Essex Police,Essex Police,0.789851,51.540878,On or near BOWBANK CLOSE,E01015879,Southend-on-Sea 013D,Investigation complete; no suspect identified
51311f5391e6dd24370f7555e9e1fae0c02df00342edabfdee18cda5d02dd09f,2015-08,Essex Police,Essex Police,0.568637,52.024197,On or near MILL LANE,E01021430,Braintree 001D,Investigation complete; no suspect identified
2774c52cb512b9f8810e83a271d547e2be85673846a65a8729b8e0ea24784e54,2015-08,Essex Police,Essex Police,0.371315,51.508432,On or near RECTORY ROAD,E01015979,Thurrock 004C,Investigation complete; no suspect identified
3d7647321424d31bdae1e8159bae8d3f79caadc1b3b49fdce332541127f7cda7,2015-08,Essex Police,Essex Police,0.269052,51.710601,On or near THE STREET,E01021769,Epping Forest 003A,Investigation complete; no suspect identified
d0d2d087823b1adbe10c66331681146ac4a7fdc8afa4dbbadb468c494ff913d6,2015-08,Essex Police,Essex Police,0.587528,51.514912,On or near FERNDALE CRESCENT,E01021499,Castle Point 011C,Investigation complete; no suspect identified
b86cd831a410699f1590f6abeb6cbaa5ceee556a3480bedcc618baf69323b29d,2015-08,Essex Police,Essex Police,1.043330,51.937614,On or near CLAUDE OLIVER CLOSE,E01022014,Tendring 003C,Investigation complete; no suspect identified
d6eef0eb5b53d0874005655df261683a0913149b3ae6fe25243d569e7a67fd53,2015-08,Essex Police,Essex Police,0.135992,51.629402,On or near MANOR ROAD,E01021770,Epping Forest 010A,Investigation complete; no suspect identified
ab4c98396bf92cbd95b51dbf156541d00da82ae64cd1374108322b5a5f79668c,2015-08,Essex Police,Essex Police,0.610962,51.550367,On or near BRANCH ROAD,E01021518,Castle Point 006B,Investigation complete; no suspect identified
cbf5a83a270c1a6751ed5e3fae1527750a07bf5905cb701b199f7e714aedbf27,2015-08,Essex Police,Essex Police,0.349063,51.639126,On or near PINE CRESCENT,E01021452,Brentwood 003E,Investigation complete; no suspect identified
42d5e064ca68228ba2046ce06f61450963cb46f0b1678e55865754c994e67a34,2015-08,Essex Police,Essex Police,0.425259,51.573284,On or near MONASTERY ROAD,E01021290,Basildon 016D,Investigation complete; no suspect identified
142d8145a7669ea4ab523354a96417edc650fc25531fa8159a8a6530634ff994,2015-08,Essex Police,Essex Police,0.303356,51.618458,On or near COPTFOLD ROAD,E01021436,Brentwood 007B,Investigation complete; no suspect identified
40c6e082ee7b69477d1896b9094a40b42bf42f5ebdff4c5190e2c791e53a179b,2015-08,Essex Police,Essex Police,1.136862,51.794444,On or near JAMESON ROAD,E01021969,Tendring 017B,Investigation complete; no suspect identified
8c1564f2ed8f10183ddbe4d6305ee4c9bb214f2702c0f531fa76494b0f35ab1e,2015-08,Essex Police,Essex Police,0.688232,51.535805,On or near THE LEAS,E01015851,Southend-on-Sea 015A,Investigation complete; no suspect identified
cbb3650cb5512f0f74adeef24303fec3e795508e4f9f4c1ee94c17df312c3a88,2015-08,Essex Police,Essex Police,0.560799,52.012029,On or near Sports/Recreation Area,E01021430,Braintree 001D,Investigation complete; no suspect identified
eb74e1168847fe9342943793ae3e4119a68990adb2a144a8476704cc734da3e9,2015-08,Essex Police,Essex Police,0.901486,51.905305,On or near STANFORD ROAD,E01021679,Colchester 004A,Investigation complete; no suspect identified
9b28539c65c6efc025b950677cadd19247972252d7c9abda12026460d854d60c,2015-08,Essex Police,Essex Police,0.915055,51.883582,On or near REBOW STREET,E01021687,Colchester 011E,Investigation complete; no suspect identified
625d80bde73713d02ac100139aca6c43c24b128555e3cac1e57c5567ddaf462c,2015-08,Essex Police,Essex Police,0.701377,51.536897,On or near ST VINCENT'S ROAD,E01015853,Southend-on-Sea 015C,Investigation complete; no suspect identified
5b7597d95fbe08ea75480ceb1a30395d8c4606610bf7f6b45b6ffa2ed8b3fc3a,2015-08,Essex Police,Essex Police,0.828663,51.885503,On or near Hospital,E01021718,Colchester 012A,Investigation complete; no suspect identified
884dd6f4d7f83291ec55c03e0db08315d5046be0e4a7c79478fdca6be27b0075,2015-08,Essex Police,Essex Police,0.699078,51.588448,On or near Petrol Station,E01021930,Rochford 007A,Investigation complete; no suspect identified
46e01686500ab054783c67765603bc8388ed0e5afbdec1a6142ae5e4b2857d54,2015-08,Essex Police,Essex Police,0.512278,51.579151,On or near HOLGATE,E01021301,Basildon 011A,Investigation complete; no suspect identified
02e97e3b004fafbb146dd6d3bbd97329635da30f8818978e9714502a242b9209,2015-08,Essex Police,Essex Police,1.107919,51.845149,On or near Parking Area,E01022047,Tendring 018E,Investigation complete; no suspect identified
afff0dfcc83ab63cadd2114f05b73d465fb2adab9fc051ac71d1c7be22520ec2,2015-08,Essex Police,Essex Police,0.521093,51.608262,On or near ALBANY ROAD,E01021331,Basildon 008A,Investigation complete; no suspect identified
cd602e27a7738be6ffa381ba2ca1dfa4dd1696fbbd7a8c8171ccd60811378be9,2015-08,Essex Police,Essex Police,0.469426,51.728916,On or near GEORGE STREET,E01033140,Chelmsford 010F,Investigation complete; no suspect identified
4febbdef2e7adfeb66647b80b4a6fb6bafc2762e8c3d7123ef56e3a677d443b5,2015-08,Essex Police,Essex Police,0.700400,51.539887,On or near Nightclub,E01015855,Southend-on-Sea 015E,Investigation complete; no suspect identified
6c54b7d64ba7c37567bd21844e5facfc92f512f1548f59acbc6cbd8b7b99af3a,2015-08,Essex Police,Essex Police,0.901567,51.857385,On or near FRIDAY WOOD GREEN,E01021639,Colchester 018C,Investigation complete; no suspect identified
4b06e4a16cae64780233673cd7b05f19542089cfe626a7058a0bb73df49b3fa2,2015-08,Essex Police,Essex Police,0.651808,51.826195,On or near ST MARY'S ROAD,E01021362,Braintree 015A,Investigation complete; no suspect identified
ff10b05ffa42f4f3b985c5713748698c664495faa7b09b8d56a14fb731e66e34,2015-08,Essex Police,Essex Police,0.712855,51.537855,On or near Nightclub,E01015852,Southend-on-Sea 015B,Investigation complete; no suspect identified
5fc16c31351f6e0695e24cacc0649810e6a548ed3d34b4af68de17e7cdb16e98,2015-08,Essex Police,Essex Police,0.411866,51.623967,On or near HUNTS MEAD,E01021244,Basildon 004A,Investigation complete; no suspect identified
77a454ddbb5a4f38b9132030a18f70bf582e150b957f8e6ea1345583bf078aa8,2015-08,Essex Police,Essex Police,0.494158,51.567730,On or near STAGDEN CROSS,E01021326,Basildon 022D,Investigation complete; no suspect identified
2184ae8633f4e99cfba95ef1544d7775af9e93be1c54979363a5e025123d3a6e,2015-08,Essex Police,Essex Police,0.445755,51.567949,On or near LAINDON LINK,E01021287,Basildon 017A,Investigation complete; no suspect identified
81ccb9f96aa03835b1587c80526f7ffc4c50c93b9f38eae4b1737fdbd3dd2f5f,2015-08,Essex Police,Essex Police,0.471763,51.729820,On or near Supermarket,E01033140,Chelmsford 010F,Investigation complete; no suspect identified
26fb7bf019841e127d1103d2dac63f1e4e9e75bbab471865494d597213ebba49,2015-08,Essex Police,Essex Police,0.559771,51.571766,On or near Petrol Station,E01021525,Castle Point 001D,Investigation complete; no suspect identified
347790e8526f8ffc7b884a0f4a194a937481cc6150242c95c55e797475f2f5e2,2015-08,Essex Police,Essex Police,0.159791,51.808360,On or near SHEERING MILL LANE,E01021795,Epping Forest 001B,Investigation complete; no suspect identified
35276750206d258706ce8bc162727e798a8ff8941c9799d64f4cacf9b9c90ee4,2015-08,Essex Police,Essex Police,0.606619,51.553134,On or near HOMESTEAD WAY,E01021518,Castle Point 006B,Investigation complete; no suspect identified
606dff894166e0ffc42f0d41a97b326052004dc5f9df271b8343c90d1865c427,2015-08,Essex Police,Essex Police,0.714146,51.537250,On or near PITMANS CLOSE,E01015852,Southend-on-Sea 015B,Investigation complete; no suspect identified
09771eb5036ab30241a3bf44307ac73345f6ffbc9313b8827f694acfeb46172f,2015-08,Essex Police,Essex Police,0.558942,51.573718,On or near ROSEBERRY AVENUE,E01021513,Castle Point 001A,Investigation complete; no suspect identified
7f3f169fbab231d4064c8562cdf01045c8e7da8ec0c45a33f8233425f78eae19,2015-08,Essex Police,Essex Police,1.150947,51.786764,On or near EDITH ROAD,E01022025,Tendring 016B,Investigation complete; no suspect identified
d9a7c9dccfc2e6aa4b40d59f8f7061c1a8f0abf9a2f9b116e16e395b535683a1,2015-08,Essex Police,Essex Police,0.492169,51.574364,On or near KENNET WAY,E01021271,Basildon 013A,Investigation complete; no suspect identified
9898a2a4c587e683a0b8316647895dd7c7d7a5cce447a25b3d2bd69d34a8ef9a,2015-08,Essex Police,Essex Police,0.106113,51.749767,On or near COMMONSIDE ROAD,E01021861,Harlow 010E,Investigation complete; no suspect identified
4bf58a62c6b23656cf62e42943775e80879509829f9538acc3ada51cd9480e75,2015-08,Essex Police,Essex Police,0.578440,51.562733,On or near BRADLEY AVENUE,E01021512,Castle Point 004D,Investigation complete; no suspect identified
c8048b9078224dfd8138f5b4c37d1a6f60acb231b6d2f571da1d2bc7258ce91f,2015-08,Essex Police,Essex Police,0.695345,51.560024,On or near LARKE RISE,E01015868,Southend-on-Sea 002F,Investigation complete; no suspect identified
070b7ad84544d7065d53b93bf89fd79188f54d5841aea3ddd52b78e274b7309b,2015-08,Essex Police,Essex Police,0.474190,51.732359,On or near Shopping Area,E01033140,Chelmsford 010F,Investigation complete; no suspect identified
b38657466b15370a5d613aee97cdfbaabfedb3eb9eb3913103d45acaf048d97f,2015-08,Essex Police,Essex Police,0.082760,51.757665,On or near JEROUNDS,E01021833,Harlow 009D,Investigation complete; no suspect identified
d72b70a6b3c51e2bb5cedacefc3b987512e159e550a760b663261ef9a199e4c1,2015-08,Essex Police,Essex Police,0.246805,51.929045,On or near VERNON'S CLOSE,E01022062,Uttlesford 005A,Investigation complete; no suspect identified
f19a04e611767865ebfb5abe738f1c91d55aa78a8fa12b58b0aec3f1517806eb,2015-08,Essex Police,Essex Police,0.275961,51.511175,On or near FOYLE DRIVE,E01015972,Thurrock 006C,Investigation complete; no suspect identified
0c3201f4b44cf9c7b2fee9115e291b39f158a3afb05be4e6dcb1fc637b0f0dcc,2015-08,Essex Police,Essex Police,0.274335,51.512394,On or near HAMBLE LANE,E01015972,Thurrock 006C,Investigation complete; no suspect identified
7ab25306026597c5c2269e869fe10f286eb70b06ebdbf4bc36fbdb155d33572a,2015-08,Essex Police,Essex Police,0.626438,51.582110,On or near ALBANY ROAD,E01021947,Rochford 009B,Investigation complete; no suspect identified
a77ad0f1269a00fe9678dbbe99a9d3b8fc8746ede200d4ce4280ae9b707e9fbd,2015-08,Essex Police,Essex Police,0.552914,51.879582,On or near BLYTH'S MEADOW,E01021365,Braintree 009D,Investigation complete; no suspect identified
a02707f5502ac018c73a6493478be48b9c04c6b6f0a566b6aac55c209862baeb,2015-08,Essex Police,Essex Police,0.695345,51.560024,On or near LARKE RISE,E01015868,Southend-on-Sea 002F,Investigation complete; no suspect identified
3bcc5a40c2ba61073b4890d5a203cc87da4282a0c8afe64299d44470a3e104b6,2015-08,Essex Police,Essex Police,0.542308,51.567380,On or near LONDON ROAD,E01021312,Basildon 011F,Investigation complete; no suspect identified
371cf0fdc4a55156e1f94e52f61133d929685b3ce7ad51a22c991e148a65b4d4,2015-08,Essex Police,Essex Police,0.132928,51.790604,On or near Pedestrian Subway,E01021848,Harlow 002E,Investigation complete; no suspect identified
a231a5ec3311771babc0397571f18704b3e0b377bee5319542b81ca358c5371a,2015-08,Essex Police,Essex Police,0.499503,51.580459,On or near LITTLEBURY GREEN,E01021307,Basildon 011C,Investigation complete; no suspect identified
8d127d73cfe34322e6bc24269a28bf1809d696d28faa7d68838374e1c2184ad2,2015-08,Essex Police,Essex Police,0.480929,51.734015,On or near SANDRINGHAM PLACE,E01033141,Chelmsford 010G,Investigation complete; no suspect identified
dfa254084d0f856a10cdbc4b056978cb4a07b634a879bc9b381c0bac8695b4bf,2015-08,Essex Police,Essex Police,0.371733,51.460139,On or near ELIZABETH CLOSE,E01016005,Thurrock 018C,Investigation complete; no suspect identified
fddf9afbf0888d302853cd54a5592ff0995b11deaa65261532d29fd1c25b8607,2015-08,Essex Police,Essex Police,0.658225,51.547974,On or near Supermarket,E01015821,Southend-on-Sea 005B,Investigation complete; no suspect identified
e4d53bdfb0769a1fa98ae1847b301464dd587d99dc751d5405e66b9f8cd0ee99,2015-08,Essex Police,Essex Police,0.741674,51.537203,On or near GLEBE CLOSE,E01015894,Southend-on-Sea 016F,Investigation complete; no suspect identified
aa7de74984e4d6d2285475f9b2cab3d80f606e7d6eb87b46ff1a91fafea8dfa9,2015-08,Essex Police,Essex Police,1.281904,51.938314,On or near VICTORIA STREET,E01022001,Tendring 001D,Investigation complete; no suspect identified
4774732391a63876a21d687e155619145ce297db3f50af7d1fbd6d6d90171335,2015-08,Essex Police,Essex Police,0.473682,51.730490,On or near Pedestrian Subway,E01033140,Chelmsford 010F,Investigation complete; no suspect identified
f3628e1687e661ae60b780d4975ef4261f4d794a1e1b28d1a183f6099f937c30,2015-08,Essex Police,Essex Police,0.899415,51.887378,On or near ABBEY GATE STREET,E01021649,Colchester 007D,Investigation complete; no suspect identified
a7a0272814e3bd1e543535883a792c22ee2eddbdfc52a79eb12e30ea0db33d54,2015-08,Essex Police,Essex Police,0.591332,51.560578,On or near Petrol Station,E01021511,Castle Point 002C,Investigation complete; no suspect identified
308faf1f3af77458bd76439a7f2ebfecbf98c2a36f9cbc663f9a50ab04cdbdab,2015-08,Essex Police,Essex Police,0.501584,51.578651,On or near BOCKINGHAM GREEN,E01021302,Basildon 013B,Investigation complete; no suspect identified
95305f9b5ac1502ea8cc1a89d80673feb513025b616a9232ec69646b405a8267,2015-08,Essex Police,Essex Police,0.713596,51.539394,On or near Nightclub,E01015852,Southend-on-Sea 015B,Investigation complete; no suspect identified
550c3c6bb99290000c1f5985ec855e192ebaef7b611ae223b700a1e0e76d5c35,2015-08,Essex Police,Essex Police,0.551504,51.553780,On or near BENFLEET PARK ROAD,E01021524,Castle Point 007E,Investigation complete; no suspect identified
2df31c7605f24bb9f92e68fdd667d5f020d12efb94c8471cfd42cd43e5957a1c,2015-08,Essex Police,Essex Police,0.473092,51.919956,On or near Park/Open Space,E01021404,Braintree 005A,Investigation complete; no suspect identified
fb8fd4bbb7e034cbc3c229fd08cec2020787243ff434f12db95711509caa448f,2015-08,Essex Police,Essex Police,0.248392,51.929968,On or near SCHOOL LANE,E01022062,Uttlesford 005A,Investigation complete; no suspect identified
e28de879bd3fcdfc6f9b06811ec26933f237e131c25d67a80b53f4ad119f67c5,2015-08,Essex Police,Essex Police,0.717994,51.540353,On or near SOUTHCHURCH ROAD,E01015895,Southend-on-Sea 010A,Investigation complete; no suspect identified
f603e2564216c162f680dd6f302430b6864ef3a277ff6c140500bc7d3697412b,2015-08,Essex Police,Essex Police,0.714148,51.540424,On or near Parking Area,E01015895,Southend-on-Sea 010A,Investigation complete; no suspect identified
94800f94fa86e5c0b5741df89f88996118472caed98f29582716b4a649cca8b4,2015-08,Essex Police,Essex Police,0.910977,51.896931,On or near MEANDER MEWS,E01021647,Colchester 007B,Investigation complete; no suspect identified
ae0b015345e3d3c3a75625a641ab168a3942519a585a0330cb509dc330918dd3,2015-08,Essex Police,Essex Police,0.918776,51.893455,On or near Supermarket,E01021704,Colchester 022F,Investigation complete; no suspect identified
52204c116fbd187471a29879d933e96ed94889f628fd880577c65131717cb2e8,2015-08,Essex Police,Essex Police,0.257909,51.649611,On or near SNAKES HILL,E01021443,Brentwood 001C,Investigation complete; no suspect identified
661c88f826dbe918856cac0703258397994d9f1a5f4b02f99840af5694fae420,2015-08,Essex Police,Essex Police,0.458240,51.569324,On or near Supermarket,E01021318,Basildon 015C,Investigation complete; no suspect identified
6d31db4bb150e9cb98640bf1e00aa566902d5e2ca816e449d27acdc98bbd9052,2015-08,Essex Police,Essex Police,1.120185,51.782944,On or near JAYWICK LANE,E01022036,Tendring 017C,Investigation complete; no suspect identified
b344d798e17d2692eb981011743f7820ec4e6a403793764b38c11bb674fd6e86,2015-08,Essex Police,Essex Police,0.330926,51.631259,On or near HUTTON ROAD,E01021455,Brentwood 005C,Investigation complete; no suspect identified
1ad86c1d0eea982a076263fe42a2428b958dd5d7a37c90a0ce06a9d0d5d23e97,2015-08,Essex Police,Essex Police,0.516133,51.743824,On or near TOWNSEND,E01033142,Chelmsford 005E,Investigation complete; no suspect identified
d5b1e47979af8bc13d34979b5dd32d6e482544e7ce27a24b3347c902d04624a9,2015-08,Essex Police,Essex Police,0.237292,51.714106,On or near MILTON CRESCENT,E01021802,Epping Forest 004D,Investigation complete; no suspect identified
a53ba911575d9da0c687883c5643fd06ae0d489567149fe25d383ed1545c526a,2015-08,Essex Police,Essex Police,0.507660,51.572883,On or near TANSWELL AVENUE,E01021304,Basildon 013C,Investigation complete; no suspect identified
84b9c527b8714b60dc25c7ec2fdfbcd9b64a751d138c072a02b26bf5afed344f,2015-08,Essex Police,Essex Police,0.903882,51.939268,On or near STRAIGHT ROAD,E01021659,Colchester 001C,Investigation complete; no suspect identified
0d25a819d6ea24a4cbfde7c4a2b058008e938ad9845dca193e0f12e95ad15e7d,2015-08,Essex Police,Essex Police,0.870760,51.870831,On or near SMALLWOOD ROAD,E01021715,Colchester 015E,Investigation complete; no suspect identified
baac9513876b2c8e062a0c8dd9a0f493508d40d72bae84138bf588c443f5e7f1,2015-08,Essex Police,Essex Police,0.673643,51.557049,On or near WINSFORD GARDENS,E01015857,Southend-on-Sea 004A,Investigation complete; no suspect identified
978ae5dc83801d675c62b60876b46f7d6b8dca4b34da5c43d841b9448cc20255,2015-08,Essex Police,Essex Police,0.477535,51.737369,On or near ECKERSLEY ROAD,E01033141,Chelmsford 010G,Investigation complete; no suspect identified
c07224b191bed9504156efb4b2537367f62beff832c99f79498bb9ea23612896,2015-08,Essex Police,Essex Police,0.498377,51.572299,On or near BEAMBRIDGE,E01021306,Basildon 013E,Investigation complete; no suspect identified
880e978f76162eacf89b80e9ef4144e14529d1baa32d18eec2473ca9fec45cdb,2015-08,Essex Police,Essex Police,0.312366,51.796303,On or near ROSSDENE GARDENS,E01022096,Uttlesford 009D,Investigation complete; no suspect identified
08dcb051d1486b4c820c4eaae3e279ddef723314d66d984e6c345497eee3135f,2015-08,Essex Police,Essex Police,0.482111,51.580756,On or near DANBURY DOWN,E01021267,Basildon 012B,Investigation complete; no suspect identified
532a3765e2d181f16076728137860c3daea6c142465d27292dc6d1975a58ade3,2015-08,Essex Police,Essex Police,0.580250,51.868481,On or near STILEMANS WOOD,E01021380,Braintree 012E,Investigation complete; no suspect identified
82edfc844cafda57fd8ec29034592628853113d3434c032e4b0f9f75bdb3b77f,2015-08,Essex Police,Essex Police,1.161910,51.791317,On or near CHURCH ROAD,E01022050,Tendring 014E,Investigation complete; no suspect identified
67ea4f1000d4f77ceaec31c91e7ff0e3928f7e63d2a100c3000f6babba2cf0a4,2015-08,Essex Police,Essex Police,0.361622,51.465910,On or near NORTH VIEW AVENUE,E01016007,Thurrock 018E,Investigation complete; no suspect identified
a26b1de34d4e99b4f1ad18b994a177f74a80b5017fba8d31dfbc4922f686b986,2015-08,Essex Police,Essex Police,1.158102,51.815461,On or near OAKLEIGH ROAD,E01022040,Tendring 010C,Investigation complete; no suspect identified
54292019198a88ab1dd89c7b562f37a7774f947a980443d52e229d7daaa29b82,2015-08,Essex Police,Essex Police,0.291703,51.518720,On or near CELANDINE CLOSE,E01015975,Thurrock 006F,Investigation complete; no suspect identified
cc3dfe7ffc12aa8e56ba2a2037e0265d1e72f16b60a03247597d3047a244a03b,2015-08,Essex Police,Essex Police,0.631344,51.549848,On or near SUTHERLAND BOULEVARD,E01015912,Southend-on-Sea 008E,Investigation complete; no suspect identified
04205145976b91e78f248bd4b654f455bc294afed4c8c1ac3805be37433d5d2d,2015-08,Essex Police,Essex Police,0.275961,51.511175,On or near FOYLE DRIVE,E01015972,Thurrock 006C,Investigation complete; no suspect identified
4f7a3fe25aca4d3a854933cf2cd25c246b03f0a009c38f8c82e10f1945405b20,2015-08,Essex Police,Essex Police,0.291069,51.635506,On or near Supermarket,E01021461,Brentwood 004D,Investigation complete; no suspect identified
9948e5e025fea7e5b37592f571879ebdcf85683ae76093d2b9f8d079c50b99bf,2015-08,Essex Police,Essex Police,0.280632,51.509754,On or near Parking Area,E01015972,Thurrock 006C,Investigation complete; no suspect identified
859843f92eb420f124e3b36237f1f5451acd77b515f177c9522b336bc7742add,2015-08,Essex Police,Essex Police,0.049948,51.643534,On or near SALCOMBE PARK,E01021782,Epping Forest 014C,Investigation complete; no suspect identified
fab74dcad344284e9e5c4e8c1d53d9f224270435a6b25b43246a05b7de01f700,2015-08,Essex Police,Essex Police,0.710454,51.540888,On or near QUEENSWAY,E01015895,Southend-on-Sea 010A,Investigation complete; no suspect identified
2561e6e33ffd68e1c8428435078bae6947f52d94d3f862d0c7d8454aa2f156f0,2015-08,Essex Police,Essex Police,0.707572,51.535585,On or near RUNWELL TERRACE,E01015853,Southend-on-Sea 015C,Investigation complete; no suspect identified
0acbdf2868e2b620c7569d9123b7e66af336c379b6da340045eb2ee25988b14a,2015-08,Essex Police,Essex Police,0.847097,51.888368,On or near NEW FARM ROAD,E01021674,Colchester 009B,Investigation complete; no suspect identified
e41a9bdd88c008233a0985d6ee4397dfb4525fb4ed57fc08968b6444ec05ae06,2015-08,Essex Police,Essex Police,0.092612,51.768596,On or near Theatre/Concert Hall,E01021872,Harlow 007E,Investigation complete; no suspect identified
42bec971dabfa240954791d2fd9150dce4005a80d660f5ed61a30b7444741b06,2015-08,Essex Police,Essex Police,0.713214,51.535158,On or near Nightclub,E01015852,Southend-on-Sea 015B,Investigation complete; no suspect identified
ac1f5b0011455f5a95a3f573b93ddd40069969ad4c9e016a7c651048a537feee,2015-08,Essex Police,Essex Police,0.596881,51.602994,On or near PRIORY CHASE,E01021920,Rochford 006A,Investigation complete; no suspect identified
4a20d0019a81d9d3cb2aad29a43c2f81d5f31eccd32838286c8e8ce141728561,2015-08,Essex Police,Essex Police,0.623951,51.549978,On or near ALMA ROAD,E01021517,Castle Point 005A,Investigation complete; no suspect identified
210196f62dfd7deae71f86caa968f8bf25b791fd67f804823a86635011a4022c,2015-08,Essex Police,Essex Police,0.462186,51.721478,On or near Petrol Station,E01021556,Chelmsford 012A,Investigation complete; no suspect identified
118d93894105b9ceee4276150afb1eb0d8dbe306e6ad5d412784c1783c33b792,2015-08,Essex Police,Essex Police,0.710081,51.539700,On or near Further/Higher Educational Building,E01015854,Southend-on-Sea 015D,Investigation complete; no suspect identified
fd3f0ee4ef0abfe3cab87adf76e2eda01ad9757a1a88262cbb563896a71ed929,2015-08,Essex Police,Essex Police,0.268556,51.870015,On or near PRIOR'S WOOD ROAD,E01022091,Uttlesford 006C,Investigation complete; no suspect identified
42dcd4e07d8c95b2a678a6aaf7b37a0d1621b0680967ada77d692925bd6c49d3,2015-08,Essex Police,Essex Police,0.466069,51.575590,On or near HORSLEY CROSS,E01021266,Basildon 015A,Investigation complete; no suspect identified
daa0023fa1f094df8a971d03334e7bbb8360c7931096ed9b71b857c3604e5918,2015-08,Essex Police,Essex Police,0.652747,51.811317,On or near EASTWAYS,E01021362,Braintree 015A,Investigation complete; no suspect identified
8e87755f17d3285ed14df9271836525673d33589039bde81493390c83676b218,2015-08,Essex Police,Essex Police,1.147346,51.796898,On or near LODGE CLOSE,E01021970,Tendring 016A,Investigation complete; no suspect identified
a99ac54b88cd6495c1954f564ff8f1e7d1309da7834171d1629ec49c34c5bfb0,2015-08,Essex Police,Essex Police,0.672276,51.726922,On or near ORCHARD ROAD,E01021898,Maldon 005F,Investigation complete; no suspect identified
36aec5f6bd2515d00e0d337ff0df54fa818d25f0ab1216f4f63026e2f7ccb7c8,2015-08,Essex Police,Essex Police,0.727502,51.535339,On or near WOODGRANGE DRIVE,E01015840,Southend-on-Sea 014B,Investigation complete; no suspect identified
d74ba9c38d589a714e322c6ff9a8f8c375a986f0f0d922cb1c25dada35da4adc,2015-08,Essex Police,Essex Police,1.166011,51.796846,On or near LYON CLOSE,E01022048,Tendring 014C,Investigation complete; no suspect identified
2b31a0da13c946d4b5f1961938b5f2ad43659019381b8c3dbdf7cab495e46950,2015-08,Essex Police,Essex Police,0.513236,51.574005,On or near KENNETH ROAD,E01021314,Basildon 018B,Investigation complete; no suspect identified
417115207b3deac81e99f42b9ee0fea583bd870878871fca7e74bba8f2da4b30,2015-08,Essex Police,Essex Police,0.508450,51.599801,On or near BORWICK LANE,E01021330,Basildon 006C,Investigation complete; no suspect identified
23786bccbc8671b9a55a9906c02636c553a40c5b00aa6c8948296f5201f3d891,2015-08,Essex Police,Essex Police,0.697892,51.536986,On or near HADLEIGH ROAD,E01015853,Southend-on-Sea 015C,Investigation complete; no suspect identified
be1deb4c459c69126b6b27bcb0a2db04c7abdf78d940ce4d76dd6c38b8944d38,2015-08,Essex Police,Essex Police,0.517802,51.613792,On or near Parking Area,E01021329,Basildon 006B,Investigation complete; no suspect identified
cdac0adbc2d4ea5d8d6ffd814d3027b6f4b73ce33be4129aa6ac002258dc7305,2015-08,Essex Police,Essex Police,0.701892,51.541454,On or near Sports/Recreation Area,E01015896,Southend-on-Sea 010B,Investigation complete; no suspect identified
d849fd9a120030d58b67f2b19d0e5c793dddc7fcc80040e3f012c3c1bf4ba8fd,2015-08,Essex Police,Essex Police,0.913151,51.803325,On or near THE STROOD,E01021694,Colchester 019D,Investigation complete; no suspect identified
75ed962be60ce6a675643d0153c0c8f2d6b8a21ba7e57f9f36939b16573384a9,2015-08,Essex Police,Essex Police,0.676017,51.560367,On or near GLASTONBURY CHASE,E01015857,Southend-on-Sea 004A,Investigation complete; no suspect identified
89aac98aa977b05f36f2cd131e81114e70b5c0491012fa65ee13d65ee6870e7f,2015-08,Essex Police,Essex Police,0.255495,51.498900,On or near HIGH STREET,E01015921,Thurrock 015A,Investigation complete; no suspect identified
c28f01c917a387aa5b740b147ad5d8ab5db5db8b5a5fbb437c0cd8af6066d5ee,2015-08,Essex Police,Essex Police,0.718637,51.542191,On or near SUTTON ROAD,E01015895,Southend-on-Sea 010A,Investigation complete; no suspect identified
1f76e614cc5925f4125467b2231b68f475ac1ccfd1a768d0eaf7f0633385120e,2015-08,Essex Police,Essex Police,0.562219,52.018770,On or near DUNCAN RISE,E01021430,Braintree 001D,Investigation complete; no suspect identified
0f5ab19f0a2a3f05fa638f4cedf4d5ed63fe0422999c09257183f4749dad0049,2015-08,Essex Police,Essex Police,0.322153,51.476033,On or near STATION APPROACH,E01015954,Thurrock 017D,Investigation complete; no suspect identified
32fc9fd05f321fa6eb974296130ff6369f6c99980c8b14827ec4b4e5383d55e0,2015-08,Essex Police,Essex Police,0.415069,51.581705,On or near BOURNE AVENUE,E01021278,Basildon 014E,Investigation complete; no suspect identified
37c6e5b13893a60d1f7eceee470d1e853bd1ede714527b04bd75d264752c9b38,2015-08,Essex Police,Essex Police,0.517802,51.613792,On or near Parking Area,E01021329,Basildon 006B,Investigation complete; no suspect identified
b70dfac2d3b10afbd305c17e3cd7bea5ee086b7fdf84ecfb229918eb6fbbc1a3,2015-08,Essex Police,Essex Police,0.447317,51.572044,On or near DELIMANDS,E01021293,Basildon 017C,Investigation complete; no suspect identified
635950d931e0bfbc8dfe942c9f60d9bb29548d7979ab0c6137b47388414bab73,2015-08,Essex Police,Essex Police,0.505657,51.565066,On or near HIGH ROAD,E01021316,Basildon 018D,Investigation complete; no suspect identified
c986bfec16317df82275bbf33dd9a09aa9251d8ea8c7c8113c827fd5890147ef,2015-08,Essex Police,Essex Police,0.483845,51.618617,On or near CHURCH ROAD,E01021264,Basildon 006A,Investigation complete; no suspect identified
484393df9546203ffbdc5f375eb1de04c67a494c2d1f3c61ccff2e7170380442,2015-08,Essex Police,Essex Police,0.675036,51.559886,On or near LANGPORT DRIVE,E01015857,Southend-on-Sea 004A,Investigation complete; no suspect identified
38c57dcdbe1d8764b4018368bba698d99b5eceefb9f96c1fd04719910fe9bc23,2015-08,Essex Police,Essex Police,0.377732,51.515991,On or near Conference/Exhibition Centre,E01015980,Thurrock 004D,Investigation complete; no suspect identified
00bce79e9255c9591a50a5094abc42b018e3bcc22811044777e286b37ceecc87,2015-08,Essex Police,Essex Police,0.519983,51.585102,On or near WATKINS CLOSE,E01021309,Basildon 011E,Investigation complete; no suspect identified
a6f7623a1a6750e7b4c1f5e5ebc13d4b186b5ecd03ec7ae6f70b6d9ef0f2b984,2015-08,Essex Police,Essex Police,0.706956,51.534439,On or near CLIFFTOWN PARADE,E01015853,Southend-on-Sea 015C,Investigation complete; no suspect identified
2155fd750e1eaeacd56f0e1038ff36bbd9e27c13229560e552704ed875eef58e,2015-08,Essex Police,Essex Police,0.464857,51.729057,On or near LOWER ANCHOR STREET,E01021582,Chelmsford 010D,Investigation complete; no suspect identified
a93cc8a987c82f7171ad2578e75409ba2e3e047767f59e421c043ac31fa7b49b,2015-08,Essex Police,Essex Police,1.088168,51.801635,On or near ABBOTS GARDENS,E01022047,Tendring 018E,Investigation complete; no suspect identified
f3901ce213cdb4e931beb444c63f2788b41b329bf0c0cf5237491920d17f7f8e,2015-08,Essex Police,Essex Police,0.935794,51.904984,On or near BROAD OAKS PARK,E01021710,Colchester 022C,Investigation complete; no suspect identified
684162725cdf208a869bd5f18e592a1d0e61f297f548720646827e1d107efafb,2015-08,Essex Police,Essex Police,0.470945,51.641768,On or near DOWSETTS LANE,E01033143,Chelmsford 018E,Investigation complete; no suspect identified
d07ae1583e6ddf3f79cf66a9e777cb99a0ab8fb488779d67030d2cd0dd9cadab,2015-08,Essex Police,Essex Police,0.015259,51.682973,On or near DOWNLANDS,E01021809,Epping Forest 008C,Investigation complete; no suspect identified
458d4a04374ae938d1dccb03a783fe3f7dea807dbbb913a38bc0e605861af420,2015-08,Essex Police,Essex Police,0.418602,51.716843,On or near MARGARETTING ROAD,E01021634,Chelmsford 011D,Investigation complete; no suspect identified
a2668ecdd5c253e34bd2c3bdf0bf6bb072cda8449a87c6902476bb2407246f43,2015-08,Essex Police,Essex Police,0.598234,51.522698,On or near HIGH STREET,E01021498,Castle Point 011B,Investigation complete; no suspect identified
fa1b140158bc2c7e4fa1bde9b7305d7f9dcc073740419a3508fcd003e957a6df,2015-08,Essex Police,Essex Police,0.357327,51.465546,On or near DARWIN ROAD,E01016006,Thurrock 018D,Investigation complete; no suspect identified
dcff01ea61c7792399a14eb2f06c87ef168fc966409bdb6c41c74400c0ad2d40,2015-08,Essex Police,Essex Police,0.513236,51.574005,On or near KENNETH ROAD,E01021314,Basildon 018B,Investigation complete; no suspect identified
c10527e2a638bf7e2daba93ebb9b4587c6990076d29869a386452f230d1141da,2015-08,Essex Police,Essex Police,0.461459,51.569868,On or near Shopping Area,E01021318,Basildon 015C,Investigation complete; no suspect identified
f47afc5e3e1075b5f2069ca31a2d9401d7b122243218f5698e398dd79dafee5b,2015-08,Essex Police,Essex Police,0.351689,51.727249,On or near RADLEY GREEN ROAD,E01021551,Chelmsford 011A,Investigation complete; no suspect identified
129a272f32839fc8a390ce38e46ec081dcff90cc13c2fb99afa282d6a4c06f8e,2015-08,Essex Police,Essex Police,0.418602,51.716843,On or near MARGARETTING ROAD,E01021634,Chelmsford 011D,Investigation complete; no suspect identified
e78dc63d6ba3d7caa4d7082945479b586d9cc7d38fe6f233c631f64cc1acd17f,2015-08,Essex Police,Essex Police,0.666746,51.559508,On or near JUNIPER ROAD,E01015825,Southend-on-Sea 005F,Investigation complete; no suspect identified
0430931988da0bbb11c25ec354e8dc147c701f87e9a51d8fefbc6ec6fa07795c,2015-08,Essex Police,Essex Police,0.113273,51.648886,On or near Petrol Station,E01021770,Epping Forest 010A,Investigation complete; no suspect identified
be5f15443c7a56bbad48e9d023f2a805cb059a7286a75b17bbccd1d46856e30d,2015-08,Essex Police,Essex Police,0.702321,51.537982,On or near AVENUE ROAD,E01015856,Southend-on-Sea 015F,Investigation complete; no suspect identified
dddb52bda5e8b351f1bf7b851f227bb160a34ef8e91ca0534222a573babeb837,2015-08,Essex Police,Essex Police,0.363301,51.481128,On or near CHELMER ROAD,E01015935,Thurrock 012C,Investigation complete; no suspect identified
6113a0b36e405d209f22b9adc158a1dcf45eb588d73597ebb46b115339677755,2015-08,Essex Police,Essex Police,0.971333,51.789124,On or near CHURCH LANE,E01021694,Colchester 019D,Investigation complete; no suspect identified
d6f6d607ffa969fbc4c5ff73e94d7daa8b075f639af99bfefe8b61e4b84d1444,2015-08,Essex Police,Essex Police,0.163831,51.713045,On or near Petrol Station,E01021799,Epping Forest 001E,Investigation complete; no suspect identified
86753f92e358facf0f8d5fbd9b2163255b6a6ae4f762fd7e034629a49b570b50,2015-08,Essex Police,Essex Police,0.418368,51.582923,On or near Sports/Recreation Area,E01021278,Basildon 014E,Investigation complete; no suspect identified
11e75ec8c4589dbafa5634e6897bd44c7ca38a0353b903dbf75088cecdbe06b7,2015-08,Essex Police,Essex Police,0.649651,51.751600,On or near Sports/Recreation Area,E01021913,Maldon 002D,Investigation complete; no suspect identified
039ac8564bfa6c26f7b212b1a4dbf41310bf2bf34662e305f9622ef9180b862f,2015-08,Essex Police,Essex Police,0.026633,51.731939,On or near MIDDLE STREET,E01021794,Epping Forest 002D,Investigation complete; no suspect identified
4cf60296f155f3b9cc817e8597dd4444135e70ed78087cd5f9bea0789957220b,2015-08,Essex Police,Essex Police,0.523431,51.567077,On or near ILFRACOMBE AVENUE,E01021313,Basildon 018A,Investigation complete; no suspect identified
a521e28e12fdc95d90bf0df8be01c22b9610dc3115a717e2466159e3e32f3cdb,2015-08,Essex Police,Essex Police,0.697820,51.563798,On or near ROCHFORD ROAD,E01015867,Southend-on-Sea 002E,Investigation complete; no suspect identified
e0965907bfa1864cb7c0e2e924ae16dbe6926ce9a4cafcd89a1554dc80c45a42,2015-08,Essex Police,Essex Police,0.587149,51.594890,On or near LEONARD DRIVE,E01021957,Rochford 006C,Investigation complete; no suspect identified
cb01d26453422dbed4fc10395c1484275041ba3fd07743e19b7083b4cf05c693,2015-08,Essex Police,Essex Police,0.040453,51.625867,On or near ANDREWS CLOSE,E01021748,Epping Forest 015G,Investigation complete; no suspect identified
891e66580a53e8e94111dd71f2a66304d656ff03735126c9e7cbedc0f8fba658,2015-08,Essex Police,Essex Police,0.706472,51.550333,On or near EDITH ROAD,E01015861,Southend-on-Sea 004E,Investigation complete; no suspect identified
faa2c0c2f7bee38b3862819cfa8a52e19fb633e0687d50d6ad9066892f449111,2015-08,Essex Police,Essex Police,0.372398,51.662812,On or near RYE WALK,E01021459,Brentwood 002C,Investigation complete; no suspect identified
438d88db870969f1c57cce1159afceaa7dbc1ba9e49e29642e8c7aef75fdaa75,2015-08,Essex Police,Essex Police,0.467243,51.731120,On or near Parking Area,E01021582,Chelmsford 010D,Investigation complete; no suspect identified
cdfbf39e2131ad3aeb943e3acffbecce9436c9564a0196f67111538d717fb416,2015-08,Essex Police,Essex Police,0.690564,51.560655,On or near CRANSTON AVENUE,E01015868,Southend-on-Sea 002F,Investigation complete; no suspect identified
3fb66d09cbfb117aca2f9d7c7b9d6d9289fea97be373ff88a3260ccdf944d219,2015-08,Essex Police,Essex Police,0.353555,51.480659,On or near DOCK APPROACH ROAD,E01015967,Thurrock 014B,Investigation complete; no suspect identified
2a8dc09d1f4bd63f10f23b6148275d2a43f6f47cce68bc3892e0f566446ba293,2015-08,Essex Police,Essex Police,0.018746,51.750599,On or near Bus/Coach Station,E01021801,Epping Forest 002E,Investigation complete; no suspect identified
792b47cd6411a1823b40b852231b9583e2d22239ec51aaa2249c5762fc145858,2015-08,Essex Police,Essex Police,0.430477,51.568023,On or near SOUTHWELL LINK,E01021288,Basildon 016B,Investigation complete; no suspect identified
ebf66ccec2797dc0252639aa3606a4a53f1d2e084532c1d740b7cc7f5d2d541d,2015-08,Essex Police,Essex Police,0.109714,51.692699,On or near CENTRE DRIVE,E01021758,Epping Forest 006C,Investigation complete; no suspect identified
1b105a937a9ceae67c2c5767a8ebed7d273449fd9fe453464f5e6848fa67fec6,2015-08,Essex Police,Essex Police,0.387333,51.672374,On or near WOODLAND CLOSE,E01021458,Brentwood 002B,Investigation complete; no suspect identified
cce58b5361c31708bac34f196fb253bdc6a4343df541fc466675e05477cfbc1f,2015-08,Essex Police,Essex Police,0.098456,51.759284,On or near TENDRING ROAD,E01021870,Harlow 006E,Investigation complete; no suspect identified
a82c311edac0e360bd8f61e1722d9adad06dc4d73fad5e7f92945b8c0ff9786c,2015-08,Essex Police,Essex Police,0.447985,51.562974,On or near GERNONS,E01021294,Basildon 020A,Investigation complete; no suspect identified
6698f3bf671b4929aaf8ad3d5e87f722db7f5e6b8812dc877cd12d795b69d9cc,2015-08,Essex Police,Essex Police,0.095357,51.767783,On or near Shopping Area,E01021872,Harlow 007E,Investigation complete; no suspect identified
4b11eecf5a46675358f94c6814ad1f98bdb485cd82882212a4a97dc2d0a8f287,2015-08,Essex Police,Essex Police,0.174023,51.720618,On or near SCHOOL GREEN LANE,E01021797,Epping Forest 001C,Investigation complete; no suspect identified
ee0245d032dba1dde3487e89845147b31c47a683e1f6385c29036c0b0201e1f9,2015-08,Essex Police,Essex Police,1.257257,51.929726,On or near ALLFIELDS,E01022004,Tendring 004D,Investigation complete; no suspect identified
040e91cccb935b5b80656686a05609abb4d54b6c18425aec395b1bfd72b6300f,2015-08,Essex Police,Essex Police,0.350648,51.677854,On or near Park/Open Space,E01021457,Brentwood 002A,Investigation complete; no suspect identified
b5b2f319b4ead478321a445427c22486c787983aadf8b2e941071f78f9495933,2015-08,Essex Police,Essex Police,0.626423,51.810236,On or near SNOWDROP CLOSE,E01021426,Braintree 015E,Investigation complete; no suspect identified
7b16aac21a95876f0323fab31d12f85b78ed551cb040d77ceb15d0d226d3cf2f,2015-08,Essex Police,Essex Police,0.424474,51.566115,On or near WESTMEDE,E01021283,Basildon 021D,Investigation complete; no suspect identified
6e497b6252da422372862af10f540fa0bfd36ed60f8b666b4b264e2068064d92,2015-08,Essex Police,Essex Police,0.578307,51.878452,On or near PLAITERS WAY,E01021369,Braintree 012D,Investigation complete; no suspect identified
ddfe2731600231f8397b47e23243bf460e27f9752143bdf11b93b7644fffb8b3,2015-08,Essex Police,Essex Police,0.703455,51.539367,On or near PARK TERRACE,E01015856,Southend-on-Sea 015F,Investigation complete; no suspect identified
0a22145fe46f1e52fb7e7b9632ed155548a73e963bfa4d68ea35984c12ffbde2,2015-08,Essex Police,Essex Police,0.445960,51.579555,On or near MILES GRAY ROAD,E01021319,Basildon 017E,Investigation complete; no suspect identified
ed4675890fcf07c418f7adf6692a05f2b618b7d1be258586be20460d1b38ee58,2015-08,Essex Police,Essex Police,0.212876,51.980018,On or near LONDON ROAD,E01022073,Uttlesford 003D,Investigation complete; no suspect identified
2c15e96209332c177b4b5d12e07ad2e86796d3afe478e7557c14ca81fb3cba00,2015-08,Essex Police,Essex Police,0.502081,51.573506,On or near Pedestrian Subway,E01021306,Basildon 013E,Investigation complete; no suspect identified
d9c6b5b9c549a4ca6b81edfe01e9167693dbc966e846f7eba48a466089f32bfe,2015-08,Essex Police,Essex Police,0.091419,51.747494,On or near Pedestrian Subway,E01021862,Harlow 011A,Investigation complete; no suspect identified
3354d57ca75d7e3ef320714c2661b340df85e22a51cbfdc9a6a0420e2b84584f,2015-08,Essex Police,Essex Police,0.896616,51.895829,On or near ALBERT STREET,E01021650,Colchester 007E,Investigation complete; no suspect identified
30a5081fc38d0472a02aeb7812711b82c2e5f17a7cf18ebed96461e7797af911,2015-08,Essex Police,Essex Police,0.472917,51.632841,On or near BRABNER GARDENS,E01021604,Chelmsford 018D,Investigation complete; no suspect identified
5807e1fbc4f393218612650b4f92ec27c5024ba76e2fdd10629086ea99da28b2,2015-08,Essex Police,Essex Police,0.346604,51.630974,On or near BROOKFIELD CLOSE,E01021448,Brentwood 003A,Investigation complete; no suspect identified
c11427c5678148ca21d7789abe55925961200a436158aad1a0c15748e47d0653,2015-08,Essex Police,Essex Police,0.590750,51.595755,On or near HARTFORD CLOSE,E01021957,Rochford 006C,Investigation complete; no suspect identified
43172da489dd900fb38a1c1ce2af31088ab2351bd8a7589335d33b59890e06f6,2015-08,Essex Police,Essex Police,0.299539,51.705476,On or near Park/Open Space,E01021769,Epping Forest 003A,Investigation complete; no suspect identified
82387c327be6b1ed89185d45d1e91c7cb299127f0085d2bd668caa9784dc7250,2015-08,Essex Police,Essex Police,0.351253,51.633129,On or near RAYLEIGH ROAD,E01021448,Brentwood 003A,Investigation complete; no suspect identified
6301c0eb4b4685a00438a16b0d170b6afa588827c5967adf200914af1c795d59,2015-08,Essex Police,Essex Police,0.461157,51.722264,On or near BROOKLANDS WALK,E01021578,Chelmsford 010B,Investigation complete; no suspect identified
60c89045040e6b583d596fc0fc489df1f627eb1f408f8d2cbb0790de25072bb8,2015-08,Essex Police,Essex Police,0.228656,51.914463,On or near FOURWAYS,E01022063,Uttlesford 005B,Investigation complete; no suspect identified
d5d07988d867caff28d119adad3f35107863f538dcc0670f46964a7648d537df,2015-08,Essex Police,Essex Police,0.108294,51.617286,On or near LODGE CLOSE,E01021749,Epping Forest 016A,Investigation complete; no suspect identified
779d17954c20017712eff2a65d18f99e779c8f429ed88e59ad147ab7a1f3b61c,2015-08,Essex Police,Essex Police,0.557091,51.865102,On or near GOLDINGHAM DRIVE,E01021374,Braintree 011E,Investigation complete; no suspect identified
d0d199263802bd731a8d719b94a147fc994b6c83ede74268f3333a19ac015c51,2015-08,Essex Police,Essex Police,0.494990,51.610574,On or near NEWHOUSE AVENUE,E01021264,Basildon 006A,Investigation complete; no suspect identified
4f6616ed2e3b587312ade3eeb568082b0ffc0d5981f383a9ef05e5b26b5051c6,2015-08,Essex Police,Essex Police,0.561107,51.873405,On or near ALPHA CLOSE,E01021373,Braintree 011D,Investigation complete; no suspect identified
24e26788ccf3370c1b1d3320b69902d675bfc488493661fcd94354835fe6e365,2015-08,Essex Police,Essex Police,0.467889,51.578286,On or near BROAD GREEN,E01021268,Basildon 015B,Investigation complete; no suspect identified
c87f003e441c79b1d366d4ad4ea141b273b11b25653819424031f2bf37985590,2015-08,Essex Police,Essex Police,0.449431,51.527870,On or near Sports/Recreation Area,E01015988,Thurrock 002D,Investigation complete; no suspect identified
94016ae394e8aee06adfb9d0310788dcdd2aa0eb766497423460e92a721b0831,2015-08,Essex Police,Essex Police,0.431910,51.729860,On or near BRIDGE STREET,E01021633,Chelmsford 011C,Investigation complete; no suspect identified
52e4ff5ebc7b9bbc37cb46f54bf4bd570cdf2668ac2f21780b55fa20765c62c9,2015-08,Essex Police,Essex Police,0.505657,51.565066,On or near HIGH ROAD,E01021316,Basildon 018D,Investigation complete; no suspect identified
5c8b15af6630c6c8e137632857fbc45e0a5b1a922993f071cd6027925cc26241,2015-08,Essex Police,Essex Police,0.472270,51.734594,On or near TINDAL STREET,E01033141,Chelmsford 010G,Investigation complete; no suspect identified
0d66f5c6661647da1c6d09dd3b718870c35f96399e97666fcd7ac8b3b0605d8d,2015-08,Essex Police,Essex Police,1.283255,51.937278,On or near ORWELL ROAD,E01022001,Tendring 001D,Investigation complete; no suspect identified
4bd6583a1428f122bc6aa2b6a3488f1c3224d804d91b4cf0b577111b9cae85ed,2015-08,Essex Police,Essex Police,0.562628,51.889416,On or near CONVENT LANE,E01021356,Braintree 007E,Investigation complete; no suspect identified
7aa308e37a51816ee78436bd71220ddd2b3e9b66a37198a9467a420cd71c591c,2015-08,Essex Police,Essex Police,0.204718,51.645577,On or near MURTHERING LANE,E01021443,Brentwood 001C,Investigation complete; no suspect identified
3851e6476d3a6139e80d9dc8f0ac0e7fcd1ab6366cfe359558bc6230a41d0f94,2015-08,Essex Police,Essex Police,0.363247,51.863456,On or near ONGAR ROAD,E01022068,Uttlesford 007C,Investigation complete; no suspect identified
f4852b1036e4070baf8248b9ae22361129201a7e6ca959ff3da315a7bf18e5c8,2015-08,Essex Police,Essex Police,0.316734,51.476815,On or near Supermarket,E01015953,Thurrock 017C,Investigation complete; no suspect identified
bbd6660a41e90c367dec6f0d1e47f26d1644c85d8c52f26d7cca39a8379fdc66,2015-08,Essex Police,Essex Police,0.475214,51.731744,On or near Shopping Area,E01033140,Chelmsford 010F,Investigation complete; no suspect identified
f0a51905c0c1145854474fa17430ea1ef68b4a7755b50e4a2667b62c19c8f92d,2015-08,Essex Police,Essex Police,0.405569,51.622361,On or near HEATH CLOSE,E01021255,Basildon 004C,Investigation complete; no suspect identified
89806132062a8ecee216090fae18d644961e5ef233f101a92e87939820d589c2,2015-08,Essex Police,Essex Police,0.737940,51.541301,On or near Parking Area,E01015884,Southend-on-Sea 009B,Investigation complete; no suspect identified
25bbbd3f09110fb9584ab7ab72fcae77982c90fb9daccd179dbdff4c3e6180e1,2015-08,Essex Police,Essex Police,0.848180,51.879294,On or near RADVELD CHASE,E01021721,Colchester 012D,Investigation complete; no suspect identified
16df6c7b39355d08561977d9d4dda032ca66bd77831f134bdee9bcab448644c0,2015-08,Essex Police,Essex Police,0.667456,51.543286,On or near Supermarket,E01015829,Southend-on-Sea 012C,Investigation complete; no suspect identified
15733215695460bbb16584df0564161707bd2e123ca6c2b10645e76828ebe485,2015-08,Essex Police,Essex Police,0.676223,51.729017,On or near Parking Area,E01021891,Maldon 004C,Investigation complete; no suspect identified
a2ec46ae3453f97097b1a0abd214edfb1f922196a129e69fa5b002362c0049dd,2015-08,Essex Police,Essex Police,0.504192,51.585656,On or near ARCHERS FIELDS,E01021307,Basildon 011C,Investigation complete; no suspect identified
7404c1b18db7166b9304d08af7ad3079009c8bf93da8f3db130757c382312d6f,2015-08,Essex Police,Essex Police,0.556740,51.713549,On or near Park/Open Space,E01021569,Chelmsford 016C,Investigation complete; no suspect identified
7286f480ff973c82da5eee7a615a7a2c42a35a6dc78e5e6065ae4794009583a3,2015-08,Essex Police,Essex Police,0.604450,51.584849,On or near Police Station,E01021966,Rochford 008F,Investigation complete; no suspect identified
5785ef4d30a532caa958594d0376e82de306393a94497841b1a13802e576c264,2015-08,Essex Police,Essex Police,0.142744,51.762738,On or near ALBERT GARDENS,E01021828,Harlow 005E,Investigation complete; no suspect identified
d40711c24823550f305b7bea2ae06b6882c7f38d31d657ec0fb2a7dc337f0feb,2015-08,Essex Police,Essex Police,0.105096,51.751557,On or near THE BRIARS,E01021861,Harlow 010E,Investigation complete; no suspect identified
40504d47d40c6140747d7ee16fb68192f2e94ef14757802b7f3ecb30132b8d3d,2015-08,Essex Police,Essex Police,1.211302,51.828105,On or near MANOR ROAD,E01022011,Tendring 008G,Investigation complete; no suspect identified
5fd2cee8336e1ebacf4e4031a0f802a421c550426e4549f7eb20cf8e7e79e1e0,2015-08,Essex Police,Essex Police,0.105043,51.748564,On or near LODGE HALL,E01021858,Harlow 010B,Investigation complete; no suspect identified
3773fe2c339906834a12bc7767dab85f623d615526a2ab62cf6306bafbe03330,2015-08,Essex Police,Essex Police,0.012077,51.683963,On or near SPRINGFIELDS,E01021808,Epping Forest 008B,Investigation complete; no suspect identified
20910584f71f9deb688c527b681af23b10d226b08d55c55825b25894e364d673,2015-08,Essex Police,Essex Police,0.259383,51.501775,On or near PARK LANE,E01015926,Thurrock 008E,Investigation complete; no suspect identified
72e91137a14743d07ea01a8a1529b290e3a509197fa001240a5ada28f83cfbfb,2015-08,Essex Police,Essex Police,0.169279,51.698332,On or near EPPING ROAD,E01021800,Epping Forest 003C,Investigation complete; no suspect identified
004661b1bbe3ba2a7b8a7c1afaefc7c2246f782221b15e2f444bb2eeab63c9be,2015-08,Essex Police,Essex Police,0.077775,51.664169,On or near DEBDEN ROAD,E01021788,Epping Forest 012C,Investigation complete; no suspect identified
2014a051cfb966ed5b0dfae5b6089ffa9e1c9defc81866432c3ed4d5880da2a4,2015-08,Essex Police,Essex Police,0.093027,51.753436,On or near Supermarket,E01021859,Harlow 010C,Investigation complete; no suspect identified
ccb797a29ab5b69997dd7bf166b1f0aaa1862dc7ce279973ec3494b3ceaf6d0c,2015-08,Essex Police,Essex Police,0.437796,51.624142,On or near GREENWAY,E01021241,Basildon 003C,Investigation complete; no suspect identified
135f423d74b60201ab49c474b298373e32d0a4a4480fd6febbb6cdb3839f37ff,2015-08,Essex Police,Essex Police,0.459421,51.730025,On or near Sports/Recreation Area,E01033138,Chelmsford 009F,Investigation complete; no suspect identified
af49e5f75b5d13f2e99ced7371731430ceb863ff68265286125a37469bd18068,2015-08,Essex Police,Essex Police,0.513142,51.742917,On or near ALBRA MEAD,E01033142,Chelmsford 005E,Investigation complete; no suspect identified
50f434306cbe04613f3a15909e30e6473606c8a8e52c7f12fc3e058e7a0f7fd3,2015-08,Essex Police,Essex Police,0.568152,51.588599,On or near SOUTHEND ARTERIAL ROAD,E01021963,Rochford 008D,Investigation complete; no suspect identified
603525e6768707b3006f747e032340bfca942331bba3961b3c47590a2bb49e08,2015-08,Essex Police,Essex Police,0.419673,51.513739,On or near Petrol Station,E01015991,Thurrock 005B,Investigation complete; no suspect identified
b5152aaffa466c6fdc5cc453ffd14586ec5acbbeb166406639b17493816f1a8c,2015-08,Essex Police,Essex Police,0.250517,51.501388,On or near BUCHANAN CLOSE,E01015925,Thurrock 008D,Investigation complete; no suspect identified
75ce09224b6832e62f2b59290c0019a098d9c7f0abb4f819c26e4c3c40355cde,2015-08,Essex Police,Essex Police,0.500226,51.568374,On or near HARTFORD END,E01021317,Basildon 018E,Investigation complete; no suspect identified
429813ab95a53300bdcf32923fa79775880aa743b461fcd91bddac3ebf8e1f8d,2015-08,Essex Police,Essex Police,0.082836,51.647128,On or near Supermarket,E01021776,Epping Forest 011C,Investigation complete; no suspect identified
5effea47cab5ecba0f1b93665351c15265628cbd0b678cd45d234caa54859e66,2015-08,Essex Police,Essex Police,0.713077,51.534549,On or near ROYAL MEWS,E01015852,Southend-on-Sea 015B,Investigation complete; no suspect identified
0c47a4e9593357b5dd9b78bc075a88b575922711e12488f4d4da9a76bde22d3c,2015-08,Essex Police,Essex Police,0.193109,51.872201,On or near DUNMOW ROAD,E01022087,Uttlesford 005F,Investigation complete; no suspect identified
157afa8d02b95ffa227863e371b8dc4f5df3866d6f2deb50fee599b1d1999df3,2015-08,Essex Police,Essex Police,0.474587,51.636439,On or near FARRIER SQUARE,E01021604,Chelmsford 018D,Investigation complete; no suspect identified
14ba1c43266543bf429ac5e3e70f30439390a5654baec2278e496382fcdd205a,2015-08,Essex Police,Essex Police,0.362496,51.459417,On or near WELLINGTON ROAD,E01016004,Thurrock 018B,Investigation complete; no suspect identified
69ced0f1e49a55a1d89f7dbdec8ec54c6056dd7ee8ad6f45235f31f44b8bbad4,2015-08,Essex Police,Essex Police,0.435277,51.521995,On or near NURSERY ROAD,E01015986,Thurrock 003C,Investigation complete; no suspect identified
7387b438aee172013854f1643fdad6cf5994ea38ff9508349ba7b502cde1516d,2015-08,Essex Police,Essex Police,0.335677,51.476349,On or near WHITEHALL LANE,E01015962,Thurrock 016E,Investigation complete; no suspect identified
5eb842c6c29e041d1f7ac8dc8c1f8943bf0c13c3d34ddce0e54c73cd9342cda7,2015-08,Essex Police,Essex Police,0.714369,51.547048,On or near GAYTON ROAD,E01015897,Southend-on-Sea 010C,Investigation complete; no suspect identified
469c0e05dc8c8c3242cb6dd8b51f7031af078e864789eda97f1c07a3f3b5a97d,2015-08,Essex Police,Essex Police,0.572837,51.562910,On or near GLEN ROAD,E01021481,Castle Point 004B,Investigation complete; no suspect identified
9da9349baa2bfcf87175cce71626faa07166dec6c4802dd95fb193e1f946f98d,2015-08,Essex Police,Essex Police,0.501584,51.578651,On or near BOCKINGHAM GREEN,E01021302,Basildon 013B,Investigation complete; no suspect identified
6c994472505cd2519835b2483d660f0775e737b587da1140ce2c09edc85dcc4c,2015-08,Essex Police,Essex Police,0.296171,51.476275,On or near ANGLE ROAD,E01016015,Thurrock 015F,Investigation complete; no suspect identified
5d0bdd6078605297f208cd58635faa2eae55e1f7d19b74a1a438d4f80a6c627e,2015-08,Essex Police,Essex Police,0.325924,51.613705,On or near KNIGHT'S WAY,E01021437,Brentwood 008B,Investigation complete; no suspect identified
03aaa417e138a4ed569db1b345e23eb043ba500f5c171b713b99a8777ac8c61f,2015-08,Essex Police,Essex Police,1.234705,51.850830,On or near CHARTFIELD DRIVE,E01022009,Tendring 008E,Investigation complete; no suspect identified
a8a0be0a274d48b7f21220fff86d2dbf7d8088c0fad5dc178448e42016fcf3b0,2015-08,Essex Police,Essex Police,0.715773,51.533579,On or near PIER HILL,E01015852,Southend-on-Sea 015B,Investigation complete; no suspect identified
973c1d1141b30fef1a107d48b4e98da0f0b906a4c57b78cfae35a4aa561a946d,2015-08,Essex Police,Essex Police,0.641352,51.800800,On or near NEWLAND STREET,E01021416,Braintree 017B,Investigation complete; no suspect identified
8c4b86e409d6a2b49252089780b21e465c39c91a1a3da8b318487044b27488d7,2015-08,Essex Police,Essex Police,0.080700,51.768637,On or near WOODING GROVE,E01021841,Harlow 004C,Investigation complete; no suspect identified
29669d026084c4ed7e8c0c17b775eb2f0b003b8ff968ec7dae989d3368ec5558,2015-08,Essex Police,Essex Police,0.894129,51.887886,On or near Parking Area,E01021649,Colchester 007D,Investigation complete; no suspect identified
c734d70faa383c700a8cacf484e4e2d7b01b3a0df158308c25b21bbc2d146c0f,2015-08,Essex Police,Essex Police,1.220397,51.841230,On or near CROSSFIELD WAY,E01022011,Tendring 008G,Investigation complete; no suspect identified
7e3e4260064379040cee804c9847f9b51f13daa22bab127b6ca8a089ef471632,2015-08,Essex Police,Essex Police,0.549870,51.705442,On or near SPOREHAMS LANE,E01021571,Chelmsford 013E,Investigation complete; no suspect identified
1e312d434796c32d8c983e7d6c7bc08b958427988071f68c6837bd321dad70de,2015-08,Essex Police,Essex Police,1.128565,51.794864,On or near CARTERS CLOSE,E01022031,Tendring 015D,Investigation complete; no suspect identified
1dbe3071e53b560944e8b133119415d84d7cd4e1538c3a1ab100c0770e97b081,2015-08,Essex Police,Essex Police,0.361679,51.461709,On or near CALCUTTA ROAD,E01016009,Thurrock 018G,Investigation complete; no suspect identified
7a25867f5c7e34e31175cc8b19f1f051b40a2bb04196e30b10b272887c203cbd,2015-08,Essex Police,Essex Police,0.704330,51.536118,On or near CAMBRIDGE ROAD,E01015853,Southend-on-Sea 015C,Investigation complete; no suspect identified
9a561dd44a80fa7d9910b35ba9681e97b3b78c54c88d2737072cfa0ad64e1a55,2015-08,Essex Police,Essex Police,0.354700,51.462622,On or near BROADWAY,E01016003,Thurrock 018A,Investigation complete; no suspect identified
d8223d205572e7917306c128ed241526e13a3ff11d0fa6f9d2ef5b16a4af8fae,2015-08,Essex Police,Essex Police,0.605787,51.586267,On or near HIGH STREET,E01021962,Rochford 008C,Investigation complete; no suspect identified
d580169a92461da11a13022679c91e66a7a4f27513ed0d6a902ac709165eaec8,2015-08,Essex Police,Essex Police,0.540111,51.758318,On or near Supermarket,E01021536,Chelmsford 005A,Investigation complete; no suspect identified
ff93a037baecdfd87a2d6039453250f6c2afbdfa565f83174d3715a056e67b8f,2015-08,Essex Police,Essex Police,0.134047,51.751646,On or near LONDON ROAD,E01021768,Epping Forest 001A,Investigation complete; no suspect identified
f1f63baaa2a927a7fdb17bc07c4c1e79b8f1574fe281c19be4ee717f382cc304,2015-08,Essex Police,Essex Police,0.559910,51.679962,On or near THE TYE,E01021535,Chelmsford 016B,Investigation complete; no suspect identified
85497c2176969c7aadbd244b3e79e752bc687dd312d351e9e805b7fec1f7c95b,2015-08,Essex Police,Essex Police,0.553536,51.655136,On or near SALFORAL CLOSE,E01021594,Chelmsford 021B,Investigation complete; no suspect identified
6a08260156b9514b75c41ea99623a51928e099b761c6c12c7ed29cea299a3a5c,2015-08,Essex Police,Essex Police,0.504807,51.582935,On or near WOOD GREEN,E01021308,Basildon 011D,Investigation complete; no suspect identified
50f2e9b27719f74ed09fbdef6d11e68ee6e276d51d68e57e06160c80b0b840ee,2015-08,Essex Police,Essex Police,0.605787,51.586267,On or near HIGH STREET,E01021962,Rochford 008C,Investigation complete; no suspect identified
5018049838058aa2e9a47be6b9307556fa055e1c83bb026e88e58622e176c43d,2015-08,Essex Police,Essex Police,0.663019,51.549547,On or near KATHLEEN DRIVE,E01015821,Southend-on-Sea 005B,Investigation complete; no suspect identified
5636a50cc42be45066ed3b737a6cc4bbe063efc7a751a2c8ba6d6de1148273ff,2015-08,Essex Police,Essex Police,0.459064,51.792507,On or near RAY MEAD,E01021540,Chelmsford 001C,Investigation complete; no suspect identified
fbcdfbcad4c5af46cf84047302b309dd19d2ad424154b8addc19cb2f3c6fd9ce,2015-08,Essex Police,Essex Police,0.286977,51.644651,On or near DAYS LANE,E01021463,Brentwood 006C,Investigation complete; no suspect identified
e211bd46d548842d82749d4b3ae0be76b371a8f09d1b9a07cf421a69f537d10a,2015-08,Essex Police,Essex Police,0.122640,51.772536,On or near LADYSHOT,E01021846,Harlow 002C,Investigation complete; no suspect identified
792d846df0178bfbb358cc7142107b8d0a1120f280fe1946e298c2e242ce6979,2015-08,Essex Police,Essex Police,0.591471,51.525464,On or near SHORT ROAD,E01021494,Castle Point 008B,Investigation complete; no suspect identified
2bba52b6746fe1cc14d1814f43c53f29c7d674fd342bd301a2e180f2792b3565,2015-08,Essex Police,Essex Police,0.629816,51.762343,On or near GROVE LEA,E01021396,Braintree 018D,Investigation complete; no suspect identified
6ec4f1509ba121ab6060e5056625db673135b57a9151d7285a81412d3c10f1cc,2015-08,Essex Police,Essex Police,0.700486,51.535497,On or near MARINE AVENUE,E01015853,Southend-on-Sea 015C,Investigation complete; no suspect identified
3ad4cd57c054cf36a968fb7fd569e0135c5b9f9a84c58e9ad66039b7e97434a5,2015-08,Essex Police,Essex Police,0.606697,51.587524,On or near BELLINGHAM LANE,E01021964,Rochford 008E,Investigation complete; no suspect identified
f8ee1bf5993a96cd5cc0358c77b2b2ccbc18ab5028ab2a907559ebd220728ce1,2015-08,Essex Police,Essex Police,0.350504,51.631777,On or near FAWTERS CLOSE,E01021448,Brentwood 003A,Investigation complete; no suspect identified
5a6467422f9c6957c9ff0caa038dbbc11bf7cac661c6db54b8f2cd21b8b98c09,2015-08,Essex Police,Essex Police,0.204096,51.871393,On or near Petrol Station,E01022087,Uttlesford 005F,Investigation complete; no suspect identified
307908ebfd86b7e4b0fa5ac140e92d466ff158392c88adc89ac65969f05c6008,2015-08,Essex Police,Essex Police,0.717374,51.545917,On or near Sports/Recreation Area,E01015898,Southend-on-Sea 010D,Investigation complete; no suspect identified
68328c79efb7530f4ba7677cf8e82792732cc7555c551e7b2b6deb1b33fa2be7,2015-08,Essex Police,Essex Police,0.116772,51.783747,On or near WEST ROAD,E01021848,Harlow 002E,Investigation complete; no suspect identified
22089f4d8459d7b44dd2ee86c4553d3dbe21461bc58dc56a0804f4c4e390348c,2015-08,Essex Police,Essex Police,1.135951,51.781526,On or near PEVENSEY DRIVE,E01022036,Tendring 017C,Investigation complete; no suspect identified
8a25da29705b2503ff2054c23a6dd910af7e5b2c83080e000784d37a23b50fe5,2015-08,Essex Police,Essex Police,0.580800,51.879854,On or near CLAY PITS,E01021369,Braintree 012D,Investigation complete; no suspect identified
c814f13c539e6bb2a9644771dcafe68f1084c57e4690d0a225ccd0d25abb0faf,2015-08,Essex Police,Essex Police,0.714931,51.845799,On or near WATERMILL ROAD,E01021403,Braintree 014F,Investigation complete; no suspect identified
6450fe4570e86d5f6ad86b6fc96452435e88ad763f5d22ecb98b7be06ed9873f,2015-08,Essex Police,Essex Police,0.140503,51.783057,On or near THE COURTYARD,E01021857,Harlow 001D,Investigation complete; no suspect identified
4108b511bb4e750d36e4a67fcbda7d7339e3022a0fcdb76cc91f8496c0381c3f,2015-08,Essex Police,Essex Police,0.275869,51.656935,On or near FROG STREET,E01021444,Brentwood 001D,Investigation complete; no suspect identified
df98197ec1316db246d6be78bdb4d87bd956751ddfbe1604e4caa9af2c1bc8e9,2015-08,Essex Police,Essex Police,0.173068,51.898237,On or near Sports/Recreation Area,E01022089,Uttlesford 005G,Investigation complete; no suspect identified
d6d5952c38e27d0cddee08ee79ef4c4617395a570a0efb7c9a8e2c2cfc524970,2015-08,Essex Police,Essex Police,0.428881,51.516669,On or near SCRATTON ROAD,E01015989,Thurrock 005A,Investigation complete; no suspect identified
7c1c15703685ccf7669b1b2bdac5551e9defe600d31ac5d47562b09563950b1b,2015-08,Essex Police,Essex Police,0.466936,51.736909,On or near Supermarket,E01021574,Chelmsford 010A,Investigation complete; no suspect identified
9a20d169541fe45bd0282067692bc297c44c10d99342a77296e270fb634a6a77,2015-08,Essex Police,Essex Police,0.741305,51.875494,On or near ELM LANE,E01021663,Colchester 010C,Investigation complete; no suspect identified
6c7c43593e8fdc3ab6155d3d0439ab61229cdab931d86b1ec6cfa85a37af6d7e,2015-08,Essex Police,Essex Police,0.934194,51.891587,On or near JASMINE CLOSE,E01021697,Colchester 008B,Investigation complete; no suspect identified
c471e8f580e86c6cfc8c10091552a349494521e8da99a1ab421e537e673b379b,2015-08,Essex Police,Essex Police,0.703500,51.537927,On or near PARK CRESCENT,E01015856,Southend-on-Sea 015F,Investigation complete; no suspect identified
906a4165d1ce1e5bdc3afdd2315e13af8c9d0a07659b6c97c0517eac9a016462,2015-08,Essex Police,Essex Police,0.701377,51.536897,On or near ST VINCENT'S ROAD,E01015853,Southend-on-Sea 015C,Investigation complete; no suspect identified
9ea3c36429132694a03489c4ee788f006b96b628e8643d7a0509ed617487a228,2015-08,Essex Police,Essex Police,0.702321,51.537982,On or near AVENUE ROAD,E01015856,Southend-on-Sea 015F,Investigation complete; no suspect identified
98368f038ac064bbfd01dffddd15d2f193f985199516a8f59ffa2a04b9c3e8ce,2015-08,Essex Police,Essex Police,0.592889,51.528077,On or near HELDEN AVENUE,E01021494,Castle Point 008B,Investigation complete; no suspect identified
fcb681e14d498f15efca5cb92af347c7035b1e847ce9e7f59d9e8f18adfe6cc6,2015-08,Essex Police,Essex Police,0.097001,51.781044,On or near Parking Area,E01021853,Harlow 003E,Investigation complete; no suspect identified
cdcdbafa890d8e9711cd56b9dc02f6c0b7cc84c12f086e163ab432dcd13a8fad,2015-08,Essex Police,Essex Police,0.097001,51.781044,On or near Parking Area,E01021853,Harlow 003E,Investigation complete; no suspect identified
6ad1ccf5ba1fb5a92d3da36eacc477b78d1f005da1dd06d42213bb58d44bf903,2015-08,Essex Police,Essex Police,0.363552,51.547214,On or near ALBERT ROAD,E01015978,Thurrock 004B,Investigation complete; no suspect identified
fcbb20a91222c8471bb119a55e2971d0c8858cb81880a6c1a27bb93064a799ed,2015-08,Essex Police,Essex Police,0.408642,51.637829,On or near THE FOXGLOVES,E01021245,Basildon 002A,Investigation complete; no suspect identified
b71d923f46dc34cba4ef0bb4aa20a405ffccbb2ad25726d506bc7f60ba4c134e,2015-08,Essex Police,Essex Police,0.475802,51.698511,On or near Supermarket,E01021553,Chelmsford 017B,Investigation complete; no suspect identified
77cf04b0955883b893b58637dd1b740a8d095eb941060f5aeaab1f223c9bf25c,2015-08,Essex Police,Essex Police,0.696459,51.596152,On or near Supermarket,E01021932,Rochford 007B,Investigation complete; no suspect identified
fc4c6d2a45bda0cb6e94d391a99c179e6f41fe799e36fc1f24a10f37ab03d47c,2015-08,Essex Police,Essex Police,0.689533,51.547593,On or near WESTCLIFF PARK DRIVE,E01015904,Southend-on-Sea 007D,Investigation complete; no suspect identified
f401f02c102196d0d67776a2b90feb0e28d448fefa81c7eaa03abbe287a89112,2015-08,Essex Police,Essex Police,-0.008616,51.653813,On or near MILL LANE,E01021806,Epping Forest 009A,Investigation complete; no suspect identified
2baee17b09e8e93e5179d9c1a9479cd59e86ddb845a0b47da36779f026fd3e57,2015-08,Essex Police,Essex Police,0.583992,51.689795,On or near LYNDHURST DRIVE,E01021533,Chelmsford 016A,Investigation complete; no suspect identified
6e2a7aa98973c140233fd0a1924e6977b50a89ceb6a8ae442a4987f569f49018,2015-08,Essex Police,Essex Police,0.548827,51.886694,On or near COLDNAILHURST AVENUE,E01021359,Braintree 008D,Investigation complete; no suspect identified
934b89da958eb8768d68b8ab92dbcbd80d4490b821356dd8eaa8774e272bc012,2015-08,Essex Police,Essex Police,0.475802,51.698511,On or near Supermarket,E01021553,Chelmsford 017B,Investigation complete; no suspect identified
ca99acf35897956d6d1fc75d446cfa4af3d3ae8e91378e5bdd3b53305cacdcf2,2015-08,Essex Police,Essex Police,0.427519,51.625137,On or near ABBOTS RIDE,E01021243,Basildon 003D,Investigation complete; no suspect identified
6a5fc827549bbc1f45fd2ededc4d4cae99a4a924c0336a3eb31aa460d38423d4,2015-08,Essex Police,Essex Police,0.575849,51.532212,On or near LEKOE ROAD,E01021505,Castle Point 008D,Investigation complete; no suspect identified
6f7c1e5d5a87365a66225e25799619d47c63e76f488bdd107bb18a4621bf81aa,2015-08,Essex Police,Essex Police,0.165333,51.713890,On or near DUKES CLOSE,E01021798,Epping Forest 001D,Investigation complete; no suspect identified
a89c3d0d20bcdfea8130ac7055741aeab44a9ef939498e18922c0e122825fed9,2015-08,Essex Police,Essex Police,0.636609,51.786139,On or near Parking Area,E01021424,Braintree 018E,Investigation complete; no suspect identified
0e480b3483932777898b0001e2ce74bed2d4c6b41cf5a53cdccf24079f00f701,2015-08,Essex Police,Essex Police,0.696084,51.726441,On or near Park/Open Space,E01021889,Maldon 004A,Investigation complete; no suspect identified
c36045f198d5ed75dfa8bf9e1166ae544742e0cc6cb0a7d7b80e0fb96634a8d1,2015-08,Essex Police,Essex Police,0.862657,51.845505,On or near MARTIN END,E01021645,Colchester 019C,Investigation complete; no suspect identified
7df085130b7cec475f8826390b910eea7eaa4205252ad9d31510894150c80ab5,2015-08,Essex Police,Essex Police,0.895674,51.887964,On or near CHURCH WALK,E01021649,Colchester 007D,Investigation complete; no suspect identified
9178b4d40dbe495aa5137a0059c247e3eaca471b4c348155e598e57d0609e9a7,2015-08,Essex Police,Essex Police,0.592651,51.710648,On or near HAWKS CLOSE,E01021572,Chelmsford 016E,Investigation complete; no suspect identified
4e6d74df98ecc3d27bb0d576b4ebb07fce1bebf41a7645009819344b1640b322,2015-08,Essex Police,Essex Police,1.279162,51.853834,On or near EAST TERRACE,E01022054,Tendring 006C,Investigation complete; no suspect identified
344b95ec6dda958210d29602315b24518a665814f20128b2b70efd5e3dbfb738,2015-08,Essex Police,Essex Police,1.033821,51.810650,On or near LINK ROAD,E01021981,Tendring 011C,Investigation complete; no suspect identified
5dac7c8a7b2a69adf0d7a2ecdeb0d3f991d4d455db62663c5134e64aaa4ce298,2015-08,Essex Police,Essex Police,0.475214,51.731744,On or near Shopping Area,E01033140,Chelmsford 010F,Investigation complete; no suspect identified
2cae0c1f3dc2c74eb267344bf3c2e2e205e4fb1149c86b8cb6c7d29654ba99c8,2015-08,Essex Police,Essex Police,0.907553,51.879253,On or near CLAUDIUS ROAD,E01021684,Colchester 011B,Investigation complete; no suspect identified
eafba052654f64045318b8b41f7205a91f3e40a535c4095721ae7f745dda1b29,2015-08,Essex Police,Essex Police,1.148985,51.799193,On or near GROOM PARK,E01021970,Tendring 016A,Investigation complete; no suspect identified
e6dcad494ab6a5df513983379b433e6a9e55d83344390ee36b6cf282094ace21,2015-08,Essex Police,Essex Police,1.028837,51.811193,On or near ANNE CLOSE,E01021981,Tendring 011C,Investigation complete; no suspect identified
136db0f654d178279e23a75632d83649323887b048fb5408e666df3d66631a41,2015-08,Essex Police,Essex Police,0.483196,51.720154,On or near CHILTON CLOSE,E01033137,Chelmsford 014F,Investigation complete; no suspect identified
d97191769542b6b63e8b7ae43fc39d37f02878796ff96ef84cd42a2d8882a4ed,2015-08,Essex Police,Essex Police,1.117151,51.784581,On or near CHAUCER CLOSE,E01021989,Tendring 018B,Investigation complete; no suspect identified
39397eac33f002598aa2f7edead9a782022aba13f2308f2d2945db962c6248d9,2015-08,Essex Police,Essex Police,0.273943,51.475854,On or near LONDON ROAD WEST THURROCK,E01016012,Thurrock 015C,Investigation complete; no suspect identified
3bdcc0ad9e7ed181adcd49cf5d7e4b61d2d5092e0cfaa86a88ebb5e2c5cfc356,2015-08,Essex Police,Essex Police,1.248772,51.844290,On or near Supermarket,E01021994,Tendring 008B,Investigation complete; no suspect identified
1e64eff29fe1aae13b0bc8e39aa53f8d0ef841814ea80eb94284c6dbddca553f,2015-08,Essex Police,Essex Police,0.409264,51.638661,On or near TAVISTOCK DRIVE,E01021245,Basildon 002A,Investigation complete; no suspect identified
f5b91f93de69853c28ccefdf42ee41c216ff34ab0eaa06863c5e1b6b6a5aeb72,2015-08,Essex Police,Essex Police,1.151360,51.814311,On or near Highfield Holiday Park,E01022039,Tendring 010B,Investigation complete; no suspect identified
3b9605a0067e61a0b9b2d6f8ad47671a5f3cdc39783817e898c44062628adf5d,2015-08,Essex Police,Essex Police,0.605787,51.586267,On or near HIGH STREET,E01021962,Rochford 008C,Investigation complete; no suspect identified
eb524c54bc5301fec8f6e847041887e43e80599de834a39fc74dafe9472cb332,2015-08,Essex Police,Essex Police,0.654174,51.808443,On or near A12,E01021362,Braintree 015A,Investigation complete; no suspect identified
e137f246d1f03fe44856926f3a2b4ab278e8c4c23ab6052d6150191ed4d5f38d,2015-08,Essex Police,Essex Police,1.116152,51.831071,On or near RECTORY ROAD,E01022047,Tendring 018E,Investigation complete; no suspect identified
4f77381b119c76b3e2de70a2d6b6a58b1f7457a023e30fb311e88f4950077a73,2015-08,Essex Police,Essex Police,0.133042,51.689085,On or near MOUNT ROAD,E01021756,Epping Forest 006A,Investigation complete; no suspect identified
5eb0f908755260449992824f03e944bf7044d082cd7ea59f6d7fa9bf30c167c6,2015-08,Essex Police,Essex Police,0.556107,51.569742,On or near CHANCEL CLOSE,E01021525,Castle Point 001D,Investigation complete; no suspect identified
50fabdf96a2c9b6ae89e38e26f96099f449193666f3f73c63088b8a779d50f4a,2015-08,Essex Police,Essex Police,0.412421,51.628695,On or near HOME MEADOWS,E01021253,Basildon 004B,Investigation complete; no suspect identified
d0a0ff0cd75a6363336790e425d25404cf0708c2688b1e43c7c0c1424b9da35f,2015-08,Essex Police,Essex Police,0.199700,51.897104,On or near MANOR ROAD,E01022086,Uttlesford 006A,Investigation complete; no suspect identified
0f72314321dd78bd18e122063eb37e739b744649ec218ed8567a96404c77c3e4,2015-08,Essex Police,Essex Police,0.363301,51.481128,On or near CHELMER ROAD,E01015935,Thurrock 012C,Investigation complete; no suspect identified
4797144f9881f1526f7d910d8374d09399743f78aa9d53a246b6058b5476ac44,2015-08,Essex Police,Essex Police,0.966689,51.870977,On or near RICHARD AVENUE,E01021737,Colchester 017B,Investigation complete; no suspect identified
32bb2b1c56b9a548301709610c6c8bc02aeed9769d1a28741fecba092f46ca77,2015-08,Essex Police,Essex Police,1.138283,51.866018,On or near WHITEHALL LANE,E01021973,Tendring 007A,Investigation complete; no suspect identified
3c3e95f352d40dd74da62f3edcb944538b92fe23c39f17b8084a884baacfa702,2015-08,Essex Police,Essex Police,0.541837,51.882331,On or near SAUNDERS AVENUE,E01021358,Braintree 008C,Investigation complete; no suspect identified
6a7826fbbabe9839420a7762d0b22adb06a11db4f69300af9f06207200b9f0c2,2015-08,Essex Police,Essex Police,0.556586,51.868495,On or near CHALLIS LANE,E01021372,Braintree 011C,Investigation complete; no suspect identified
494ea6ec423541897f2695a02a0c9b509fe3f7ee1da7aeb5bf243d8f54729a1e,2015-08,Essex Police,Essex Police,0.471511,51.580656,On or near BRYN FARM CLOSE,E01021268,Basildon 015B,Investigation complete; no suspect identified
d1e18ec456b01a142761c4e91e25dbdbf7a749b76e007f2479e1730e91a3d211,2015-08,Essex Police,Essex Police,0.666711,51.552494,On or near MIDDLESEX AVENUE,E01015820,Southend-on-Sea 005A,Investigation complete; no suspect identified
d3a2c5ddfc85ba49525cd8e0b3c20200c3e0b99f3274ea916c492b78cfac27a2,2015-08,Essex Police,Essex Police,0.516191,51.586217,On or near JOSSELIN ROAD,E01021309,Basildon 011E,Investigation complete; no suspect identified
850e6892d70efa8ca1263aaafac0adf4761d3c3133f2570d3d3bd34fa2543ce3,2015-08,Essex Police,Essex Police,0.924353,51.898740,On or near WILSON MARRIAGE ROAD,E01021703,Colchester 022E,Investigation complete; no suspect identified
2d6f9a229e705e2a035b13d8648bbdfee3a39b3ff1fa569d9a37def7c7061dec,2015-08,Essex Police,Essex Police,0.489921,51.731352,On or near RUSKIN ROAD,E01021628,Chelmsford 008E,Investigation complete; no suspect identified
c6d122a2f0bca0f278f7b2ab864a916e4018fa0361d7e799ae8c2778d28345ed,2015-08,Essex Police,Essex Police,1.274188,51.934068,On or near LANGLEY CLOSE,E01021999,Tendring 001C,Investigation complete; no suspect identified
4a6417642aa3e8c9c19398a2d826d4871683ed1ab0e41191122408de08857213,2015-08,Essex Police,Essex Police,0.072179,51.640069,On or near HIGHWOOD LANE,E01021771,Epping Forest 013A,Investigation complete; no suspect identified
2956c68cda28fe7ac8549d9f3e7db9f95ed0b6406054dbf725c9c0a26a4a4447,2015-08,Essex Police,Essex Police,0.542308,51.567380,On or near LONDON ROAD,E01021312,Basildon 011F,Investigation complete; no suspect identified
a8edfd738637f12e20e13fd06d50e08f0cd92d37e7bd260faccecb2f84902650,2015-08,Essex Police,Essex Police,0.468593,51.736218,On or near DUKE STREET,E01033141,Chelmsford 010G,Investigation complete; no suspect identified
f45bea95074621f316c2d1b953f994bbc89a960ac50a7517effcb2cbdb77627e,2015-08,Essex Police,Essex Police,0.300936,51.611446,On or near WARLEY MOUNT,E01021475,Brentwood 007E,Investigation complete; no suspect identified
e8c91337be7dece905b9770878a210f8e965f9b7fee5052fad31fd77d692d198,2015-08,Essex Police,Essex Police,0.288839,51.488037,On or near FLEMING ROAD,E01015982,Thurrock 019A,Investigation complete; no suspect identified
c1c635b37c1a8918becd977f77ce25cb23d620947b4a6e5ded1a42d9a92a1967,2015-08,Essex Police,Essex Police,0.081345,51.610779,On or near Petrol Station,E01021767,Epping Forest 017D,Investigation complete; no suspect identified
76696a813d06b72975404e7e446f8278a2ee2e11166d92f266e438dd30d6d82a,2015-08,Essex Police,Essex Police,0.081345,51.610779,On or near Petrol Station,E01021767,Epping Forest 017D,Investigation complete; no suspect identified
566f3eca2e0c98e65ee6565d8d9322f77f91e0a6c1b06a2e6bbb117a23a33e6f,2015-08,Essex Police,Essex Police,0.475075,51.716216,On or near Supermarket,E01021586,Chelmsford 015E,Investigation complete; no suspect identified
b551da29889de1e1b5951e843d493aabfcc5058d0783502b4a1b5a9941221dcb,2015-08,Essex Police,Essex Police,-0.008518,51.686706,On or near GROVE COURT,E01021817,Epping Forest 008E,Investigation complete; no suspect identified
57347c0379e90146de56a93b334a548c77c9c7293894f05dc8987a35ea265b6e,2015-08,Essex Police,Essex Police,0.498523,51.565218,On or near ELM GREEN,E01021317,Basildon 018E,Investigation complete; no suspect identified
b1c366f812b608f362ca6556f3cdccfba6e277b54e4273adec5b64dee986b7aa,2015-08,Essex Police,Essex Police,0.492161,51.561810,On or near HIGH ROAD,E01021328,Basildon 022E,Investigation complete; no suspect identified
cd81d9e32cc69e1fda7c9ba34bdacde31d62c0f88a6cb3b1d29d589b97b9ef3f,2015-08,Essex Police,Essex Police,0.486217,51.559454,On or near LONDON ROAD,E01021311,Basildon 022C,Investigation complete; no suspect identified
ff14a060e4745e776997b10fe428f8c6b3706c0b58b0ad512bf2481115102d81,2015-08,Essex Police,Essex Police,1.257809,51.933128,On or near Supermarket,E01022006,Tendring 002C,Investigation complete; no suspect identified
01b35156fd667f3b13339e644dd7fc3d9906881a2e5b2b97bd47c8007aa7ffea,2015-08,Essex Police,Essex Police,0.076552,51.777091,On or near Sports/Recreation Area,E01021840,Harlow 004B,Investigation complete; no suspect identified
b3525b9ddbfd450cd7c27b3229019786281b6d47320482cc71e4414ff799c332,2015-08,Essex Police,Essex Police,0.677199,51.731325,On or near Supermarket,E01021890,Maldon 004B,Investigation complete; no suspect identified
34dfd2d1a0cea1ccf7e5f626ebb84bb6665d063b960f385f6dc47a4a0e9a6dce,2015-08,Essex Police,Essex Police,0.927371,51.880326,On or near COLNE CAUSEWAY,E01021685,Colchester 011C,Investigation complete; no suspect identified
b05e409e3dd5b5f95a5db65cb1f18b471ffb33c16644cde52159e4e7a5452061,2015-08,Essex Police,Essex Police,0.743905,51.550066,On or near VALLANCE CLOSE,E01015886,Southend-on-Sea 009D,Investigation complete; no suspect identified
49130bd5ea8fc2c4b3bf929b8cf6af3892e647af72be69f061b60de45c85b17f,2015-08,Essex Police,Essex Police,0.476706,51.589656,On or near Sports/Recreation Area,E01021267,Basildon 012B,Investigation complete; no suspect identified
28264694fdf52abae44abce9102c5684e65ad6779b85c9dc7912222214f10fc6,2015-08,Essex Police,Essex Police,0.774843,51.535523,On or near SAXON GARDENS,E01015916,Southend-on-Sea 017C,Investigation complete; no suspect identified
30e19a212710f48aa3653c2a528449c65de7bc2ad05bea32064df696c0ebec86,2015-08,Essex Police,Essex Police,0.281355,51.487302,On or near Shopping Area,E01016012,Thurrock 015C,Investigation complete; no suspect identified
0c50dd011f681ea46ddbba9a80b8449df136525570df9b436e30a4da762b34ab,2015-08,Essex Police,Essex Police,0.694696,51.567099,On or near WELLS AVENUE,E01015865,Southend-on-Sea 002C,Investigation complete; no suspect identified
1505c51c808ef97ca44ec3c0dd8ddd7a899c97179ff108bbd7d44dfda438001a,2015-08,Essex Police,Essex Police,0.281355,51.487302,On or near Shopping Area,E01016012,Thurrock 015C,Investigation complete; no suspect identified
5e3fc7017be3f969ac35d0a78ffd2e4d423bca1375a78f788fcccc6984445305,2015-08,Essex Police,Essex Police,0.619447,51.579281,On or near Supermarket,E01021949,Rochford 009D,Investigation complete; no suspect identified
db7bb08b6e34fb288d7f69787287a233561f58ee0b0853a6e3a293f858e31c1a,2015-08,Essex Police,Essex Police,0.509837,51.576766,On or near CHALVEDON AVENUE,E01021303,Basildon 011B,Investigation complete; no suspect identified
2f683a08beb377aa9008b3026ec64a1828cdbfd06906bd6d8df68b64d67a33d4,2015-08,Essex Police,Essex Police,0.357952,51.584234,On or near BRENTWOOD ROAD,E01021446,Brentwood 009B,Investigation complete; no suspect identified
e952f1b2492cdc145674ba85b13df9e1dc0e1039b77103ae723ccea259723128,2015-08,Essex Police,Essex Police,0.577443,51.869694,On or near CHELMER ROAD,E01021368,Braintree 011A,Investigation complete; no suspect identified
54fc6d33bfb068dbe5e1ba477decce967ccfa9b9089ec75b0238eee9a1a66f45,2015-08,Essex Police,Essex Police,0.508538,51.753951,On or near HONOR LINK,E01033144,Chelmsford 005F,Investigation complete; no suspect identified
a19de759a1679f3ada1eb594ef96e7fca771a1ce6670a80ffd104503ada1606c,2015-08,Essex Police,Essex Police,0.702810,51.566435,On or near ROCHFORD ROAD,E01015867,Southend-on-Sea 002E,Investigation complete; no suspect identified
b7cf6d91c7f6375ba5419f2930dec0c4d3751a8789ba63ab4774ba82ad978348,2015-08,Essex Police,Essex Police,0.617587,51.642573,On or near Parking Area,E01021613,Chelmsford 019C,Investigation complete; no suspect identified
7877cb7dea3d3e3b221c8c078bfc1c12c8d5afaf00ee3a715cbd9ffc94de900e,2015-08,Essex Police,Essex Police,1.024940,51.810852,On or near VICTORIA PLACE,E01021982,Tendring 011D,Investigation complete; no suspect identified
3b9fae07118d24c065b16f5f374912a0ce7bae65984e1791d188a8e2ec58590a,2015-08,Essex Police,Essex Police,0.519469,51.753007,On or near WINSFORD WAY,E01021537,Chelmsford 005B,Investigation complete; no suspect identified
2f206c8d547560f9330612c093beb0652e3722eb40bab514a28d0aba61167849,2015-08,Essex Police,Essex Police,0.747396,51.547439,On or near LOCKSLEY CLOSE,E01015888,Southend-on-Sea 009F,Investigation complete; no suspect identified
251d494d5fb38565e48c08ac665a44ee21fe6b4bc3db097833f0c7de17ac613e,2015-08,Essex Police,Essex Police,0.701414,51.543614,On or near ALBANY AVENUE,E01015896,Southend-on-Sea 010B,Investigation complete; no suspect identified
3082536d7459f3ac2fd5f54c4f8fc108709db3dd87f3c1ecc2d7c27240f6de58,2015-08,Essex Police,Essex Police,0.480486,51.725679,On or near VAN DIEMAN'S ROAD,E01021577,Chelmsford 012B,Investigation complete; no suspect identified
68696a9320563ea0dbc1ab8208912982b79677d0ffd14f9c5bb8a4a1e082a311,2015-08,Essex Police,Essex Police,1.145742,51.791779,On or near ANCHOR ROAD,E01021968,Tendring 017A,Investigation complete; no suspect identified
e3b454faf6753f513705e52adcc6b806880aa486b4a1cc485d6ec4de0c423e33,2015-08,Essex Police,Essex Police,0.101956,51.754464,On or near FIVE ACRES,E01021871,Harlow 007D,Investigation complete; no suspect identified
935d732420f412b508ee7ef0ea27f548f0c0f633ea4e9c61be9fbfe98f173aa9,2015-08,Essex Police,Essex Police,1.242990,51.830724,On or near FOURTH AVENUE,E01021987,Tendring 008A,Investigation complete; no suspect identified
62c72ba09d317823b23794b43e4bd72f9f77ec14126aeab12864b5e9dbb94388,2015-08,Essex Police,Essex Police,0.869786,51.689938,On or near TILLINGHAM ROAD,E01021907,Maldon 006E,Investigation complete; no suspect identified
50b1b175c28096bacc73078cd0a77f066789b74918b2ff00c63cc8e23f25e23c,2015-08,Essex Police,Essex Police,0.022997,51.684234,On or near HAYWOOD COURT,E01021810,Epping Forest 008D,Investigation complete; no suspect identified
a1d95043a19f0bbcdb1f0da6c2b77cea0fad3863eba180ba61a26fa49324e6fa,2015-08,Essex Police,Essex Police,0.254365,51.933909,On or near WRIGHT'S PIECE,E01022062,Uttlesford 005A,Investigation complete; no suspect identified
6cdd90934e1fb180e6e48c0b96aba45b90854c3fa0ca088aa0677d7cbd8ac6d6,2015-08,Essex Police,Essex Police,0.473762,51.577191,On or near ORSETT END,E01021265,Basildon 012A,Investigation complete; no suspect identified
b344a71b7e4de1835b76247dd91664a43b091029b4339776699b853d91248f0b,2015-08,Essex Police,Essex Police,0.718637,51.542191,On or near SUTTON ROAD,E01015895,Southend-on-Sea 010A,Investigation complete; no suspect identified
8b0879fac9308ecbaa140a836be043fc95c4bc8081cd372d125d29b643f1cbcb,2015-08,Essex Police,Essex Police,1.251026,51.837491,On or near PEACEHAVEN,E01021985,Tendring 006A,Investigation complete; no suspect identified
830cb901b82e42dfd1aa39d3d050500fb6d7ee545a35f30f535c2e089bf7970d,2015-08,Essex Police,Essex Police,0.935388,51.890514,On or near BLACKTHORN AVENUE,E01021696,Colchester 008A,Investigation complete; no suspect identified
df57da2e2ee654c299361236d3000978c375741e604332be6788bc1717cb5952,2015-08,Essex Police,Essex Police,0.672416,51.554819,On or near ARUNDEL GARDENS,E01015857,Southend-on-Sea 004A,Investigation complete; no suspect identified
ea5c16a3e739526a528bb328940dd40005d9ec7fe5e0986811f5476bdb5e40bc,2015-08,Essex Police,Essex Police,0.774617,51.544612,On or near BOURNES GREEN CHASE,E01015914,Southend-on-Sea 017A,Investigation complete; no suspect identified
ae987925a00484d91466d97396fb7efe2f1b4a1a26edb8d7fa56f03e73e49070,2015-08,Essex Police,Essex Police,0.695571,51.925349,On or near THOMAS BELL ROAD,E01021410,Braintree 006E,Investigation complete; no suspect identified
e8fb95f58df7d8c62e760ecc321a2b295308888ad700ce44a41c2f54c6a76a2d,2015-08,Essex Police,Essex Police,0.450803,51.522535,On or near THAMES CLOSE,E01015983,Thurrock 002B,Investigation complete; no suspect identified
a636aabbc02ec835d808ac6de5b798330475de0aafb9de87d7d1ad2085413989,2015-08,Essex Police,Essex Police,0.105268,51.768352,On or near THE DOWNS,E01021849,Harlow 003A,Investigation complete; no suspect identified
f8047019af2e6b2d2215fba212da39260e074961af2d776af138b496c4790bfe,2015-08,Essex Police,Essex Police,0.302496,51.566351,On or near Shopping Area,E01021473,Brentwood 008D,Investigation complete; no suspect identified
bc0f03fbfd41dc74e18c993efad9c02558d5958275502d38da42b2aff47c8b57,2015-08,Essex Police,Essex Police,0.285766,51.510112,On or near GALEY GREEN,E01015976,Thurrock 007F,Investigation complete; no suspect identified
a7339dd07a5c22a8e2bdd77a672fe5a6fd46bf4547e332fb0035e68bb179d0a4,2015-08,Essex Police,Essex Police,0.527308,51.608596,On or near RODING WAY,E01021346,Basildon 008E,Investigation complete; no suspect identified
3a9cf2a5824913dbead04fcfd5954d64093f84b02efc43e1f1db65d4220fdfe3,2015-08,Essex Police,Essex Police,0.455025,51.557871,On or near FOBBING FARM CLOSE,E01021297,Basildon 020D,Investigation complete; no suspect identified
20c5cacb7106ea2d5afba5f964ddd27461f89417472a11fc6005fcb83d6d7cbc,2015-08,Essex Police,Essex Police,0.597382,51.525460,On or near MORNINGTON CRESCENT,E01021496,Castle Point 009D,Investigation complete; no suspect identified
08f6762cf60aaca57f954c8db2be0bb1560761a30c1ca38883af3831bb64bb31,2015-08,Essex Police,Essex Police,0.577385,51.878329,On or near BRAIDING CRESCENT,E01021369,Braintree 012D,Investigation complete; no suspect identified
604f97858659c00d3823358b4744ec96825907029c9efe6d8b1cce63fef5161b,2015-08,Essex Police,Essex Police,0.059767,51.646528,On or near SHELLEY GROVE,E01021789,Epping Forest 012D,Investigation complete; no suspect identified
37920bfd2b4ab67ef2856d692485185ce52078ead70396b3980a1d922b131d17,2015-08,Essex Police,Essex Police,0.628361,51.938147,On or near THE TYTHINGS,E01021391,Braintree 004C,Investigation complete; no suspect identified
778733bdef2fae504003f6e101381c8cdb750fe89be45507f6bd9c771c4f0a2e,2015-08,Essex Police,Essex Police,0.311048,51.902316,On or near WATER LANE,E01022095,Uttlesford 006D,Investigation complete; no suspect identified
87c7b10c9a78c4e91af645f973a0c77964f4e1bd542904b158eba4bae5bd05dd,2015-08,Essex Police,Essex Police,0.700083,51.562793,On or near DEREK GARDENS,E01015867,Southend-on-Sea 002E,Investigation complete; no suspect identified
89f26086f152b6eef6c37f53c3d5e54c93212a2902910166d29d2d9a21e96685,2015-08,Essex Police,Essex Police,0.353555,51.480659,On or near DOCK APPROACH ROAD,E01015967,Thurrock 014B,Investigation complete; no suspect identified
2f0305481db2c25e9a74579b5caeaf27fd96df9d50660c80c89ac5a96f93e905,2015-08,Essex Police,Essex Police,0.931567,51.890987,On or near HICKORY AVENUE,E01021699,Colchester 008D,Investigation complete; no suspect identified
cc644dc5a815f4a67633079f0466218e06f8cd62dcdfa176b3381d926c2db365,2015-08,Essex Police,Essex Police,0.287136,51.510131,On or near DART GREEN,E01015976,Thurrock 007F,Investigation complete; no suspect identified
0e407e020776debba493f1e3554c03a04274a69ba44e7a68f0e768c32f3eb4eb,2015-08,Essex Police,Essex Police,0.284565,51.510307,On or near EDEN GREEN,E01015976,Thurrock 007F,Investigation complete; no suspect identified
3110a98cac13cd9317efc4167c51f127782bc016a67fb5caeb85405211004d56,2015-08,Essex Police,Essex Police,0.575173,51.598868,On or near LONDON ROAD,E01021920,Rochford 006A,Investigation complete; no suspect identified
fe9a887d996f0b254243cf32bf8cc0e3b8f155402571ce47882d90dc303f7a5e,2015-08,Essex Police,Essex Police,0.285766,51.510112,On or near GALEY GREEN,E01015976,Thurrock 007F,Investigation complete; no suspect identified
9e1c5e42664b7dfea5087401a0960f26865edc920940691b6c8cd31d58620dd6,2015-08,Essex Police,Essex Police,0.602936,51.524500,On or near Sports/Recreation Area,E01021490,Castle Point 012B,Investigation complete; no suspect identified
0aeba4b5c4deb5c95caa513e789feaf58cba45b2106fade4bcb44fdd753ed25b,2015-08,Essex Police,Essex Police,0.431405,51.568634,On or near ELIZABETH WAY,E01021288,Basildon 016B,Investigation complete; no suspect identified
ec29988434df568dfd290c4f70a33d5fe29aa54c0f5e3178b7328c8b3743a8fb,2015-08,Essex Police,Essex Police,0.279933,51.478444,On or near HILLTOP ROAD,E01016012,Thurrock 015C,Investigation complete; no suspect identified
f430b314879a37af4911a85932297167246c5346b58bfa09f8bc65c97e684199,2015-08,Essex Police,Essex Police,0.082504,51.659454,On or near CASTELL ROAD,E01021777,Epping Forest 011D,Investigation complete; no suspect identified
5a5d77a5ca79921dfca3241b775ad1fae7e997ad46d3efc265deeb6d568c930b,2015-08,Essex Police,Essex Police,0.635366,51.795161,On or near TUDOR CLOSE,E01021422,Braintree 017E,Investigation complete; no suspect identified
555d2ef582a9db3967235676015b32fca377f844a4659a1d08448b72633f8d94,2015-08,Essex Police,Essex Police,0.279525,51.476618,On or near THE ROOKERY,E01016012,Thurrock 015C,Investigation complete; no suspect identified
50a10e84b75eb9dcb0d5c82eada0e348deb8ee529ca96e1346a7131a2eb37fc2,2015-08,Essex Police,Essex Police,0.552537,51.878313,On or near MARKET PLACE,E01033459,Braintree 009F,Investigation complete; no suspect identified
382ab8e5f492098aa0db7d9bfcd6394c481aaef25c86da66086cf4982cba6ccf,2015-08,Essex Police,Essex Police,0.750074,51.811805,On or near CHURCH MEWS,E01021723,Colchester 020A,Investigation complete; no suspect identified
e59326d11bb40c7d9fd01ecc0477568c8af044750b1b9fb2ca18ba5ca4cb8f4f,2015-08,Essex Police,Essex Police,0.461204,51.563561,On or near CODENHAM STRAIGHT,E01021296,Basildon 020C,Investigation complete; no suspect identified
4ff0cbbd4b4fd000a814b8518f48fb4b8d83ab913b6ccb25bce23da96f9c75fc,2015-08,Essex Police,Essex Police,0.248695,51.485460,On or near THE QUADRANT,E01015921,Thurrock 015A,Investigation complete; no suspect identified
e7c730bf8a245e81e2002f6ca07f6619c13c565e3afbc3cf658aff0db8bef343,2015-08,Essex Police,Essex Police,0.910417,51.878598,On or near STEED CRESCENT,E01021684,Colchester 011B,Investigation complete; no suspect identified
3a9e20809941b0ea77ae5f544ec04cbf34349af6f4acbd6c466ed39fe261f537,2015-08,Essex Police,Essex Police,0.895390,51.894168,On or near MARKET CLOSE,E01021650,Colchester 007E,Investigation complete; no suspect identified
13db42c1be944fca6360731a8fd031b9ac748f740b7a56db920c6c82692bb8f3,2015-08,Essex Police,Essex Police,0.425528,51.572910,On or near FRIARS CLOSE,E01021290,Basildon 016D,Investigation complete; no suspect identified
f0c137f74dd33dd45ef837681b938566f1e489786a25b39d8de2d0ad81df787c,2015-08,Essex Police,Essex Police,0.225349,51.505924,On or near WENNINGTON ROAD,E01002344,Havering 029B,Investigation complete; no suspect identified
a3cbf0c4a33bfde050a9d29bdfb7793820abfeb69d3d8adf27092d269f5f35c9,2015-08,Essex Police,Essex Police,0.851585,51.889689,On or near LONDON ROAD,E01021675,Colchester 009C,Investigation complete; no suspect identified
305eabb3d9c7965267cbbc7682d814559914c3d9e831b31f7cb2f931ef8ba47e,2015-08,Essex Police,Essex Police,0.909683,51.887250,On or near ERNULPH WALK,E01021649,Colchester 007D,Investigation complete; no suspect identified
b2e02f94b25dfb88eca0c2f3ddeb61ca05901905582ad432725caf0cd775054f,2015-08,Essex Police,Essex Police,0.301804,51.622040,On or near William Hunter Way,E01021433,Brentwood 007A,Investigation complete; no suspect identified
26a6c51ef383341b311838dac29183d31dbba670754d9f0b94d57da847adbdfb,2015-08,Essex Police,Essex Police,0.488395,52.059750,On or near A1017,E01021376,Braintree 001B,Investigation complete; no suspect identified
8e35f23dd15eec707eb1a258266ce6ff2cab2a2e18a1bd940dfa2cbf7a4958fb,2015-08,Essex Police,Essex Police,0.717040,51.532569,On or near Theme/Adventure Park,E01015851,Southend-on-Sea 015A,Investigation complete; no suspect identified
0f53b4ab87cc3b8d598e7afe1758b26f5cfadcd0eab1498c321b0e5b94caecd7,2015-08,Essex Police,Essex Police,0.919727,51.910133,On or near Supermarket,E01021671,Colchester 002D,Investigation complete; no suspect identified
2aaf7a87ae519bdb81e9e709d9a79c3af1a6229cf94c661d63c32e49dfbc0e61,2015-08,Essex Police,Essex Police,1.254906,51.932022,On or near LAUREL AVENUE,E01022006,Tendring 002C,Investigation complete; no suspect identified
eb2e75ddd6ebdca0cfcda44ccb98c96a7b18b861f5e32bdde003cb4d48e81bd8,2015-08,Essex Police,Essex Police,0.636072,51.541801,On or near CASTLE DRIVE,E01015910,Southend-on-Sea 008C,Investigation complete; no suspect identified
b502a2691602c0c86cccbf76d491ae705213dfc25cdfce9eb51928e2267d1cc2,2015-08,Essex Police,Essex Police,0.785375,51.544339,On or near BRAY COURT,E01015878,Southend-on-Sea 013C,Investigation complete; no suspect identified
8882c7823e6b1a18e976129359e559a2e36795b367a42760609b6129d20e051e,2015-08,Essex Police,Essex Police,0.335936,51.474932,On or near Parking Area,E01015962,Thurrock 016E,Investigation complete; no suspect identified
6d97a8ce1d45ddc16023a1939c449b25722aae3e2fadc5221a54c8873c3c2085,2015-08,Essex Police,Essex Police,0.733683,51.530689,On or near CAMPER ROAD,E01015891,Southend-on-Sea 016C,Investigation complete; no suspect identified
10589d74a04aada1939de8b931e1ebdfc54c49cfb0b32c517bb195231be29eb6,2015-08,Essex Police,Essex Police,0.824021,51.899321,On or near HUXTABLES LANE,E01021730,Colchester 003D,Investigation complete; no suspect identified
7b3d62fc08e30bb51292bd1889166d8fcccae51b0997859f809e432870047f04,2015-08,Essex Police,Essex Police,0.609031,51.587193,On or near Parking Area,E01021962,Rochford 008C,Investigation complete; no suspect identified
b421606df231072dbbdfde5c19af9e312ea5f4d21b9a56793bfa921b72f89dcf,2015-08,Essex Police,Essex Police,0.712497,51.540310,On or near Bus/Coach Station,E01015895,Southend-on-Sea 010A,Investigation complete; no suspect identified
d99909c311c4b56f6e9da988ef22d3c23571ec3f3fe02cb19337a48669115b4c,2015-08,Essex Police,Essex Police,0.032328,51.740734,On or near HOE LANE,E01021794,Epping Forest 002D,Investigation complete; no suspect identified
7b14865e47b89a55dbfb0566ce8e523e91a16e14fe8c872273f7fc3c6bfec12d,2015-08,Essex Police,Essex Police,0.733683,51.530689,On or near CAMPER ROAD,E01015891,Southend-on-Sea 016C,Investigation complete; no suspect identified
d56c372c252f799a2fbefddd9b7727fa5aae560c6f9dddd2db9f5e1bbf30cd35,2015-08,Essex Police,Essex Police,0.287502,51.511688,On or near ANNALEE GARDENS,E01015976,Thurrock 007F,Investigation complete; no suspect identified
f4b0b0e22f74fdb2bc2e26bdb47353cc45bf986c23f407117f3b5cbbfe3176cc,2015-08,Essex Police,Essex Police,0.416509,51.623512,On or near Supermarket,E01021244,Basildon 004A,Investigation complete; no suspect identified
7f7e7922e747bd1de0b77a1912034b200f1dd6ee4efee55351d4cab607791607,2015-08,Essex Police,Essex Police,0.174459,51.782469,On or near MATCHING ROAD,E01021768,Epping Forest 001A,Investigation complete; no suspect identified
5aaee8c9d67e6db304dd1885bfe397d3dc6711440db6ff11756de2f740ce26dd,2015-08,Essex Police,Essex Police,0.517838,51.597990,On or near LOWER PARK ROAD,E01021344,Basildon 008D,Investigation complete; no suspect identified
b41d281b21e6c382e32b4a01c2ebcab20fddb36fe607b8142bceded1f1d0b29a,2015-08,Essex Police,Essex Police,0.261741,51.889938,On or near Airport/Airfield,E01022090,Uttlesford 006B,Investigation complete; no suspect identified
c6d6e6eb9a81d55c6f33e0812ffe39250d809b891ac58eb0c9850c4d30e26e32,2015-08,Essex Police,Essex Police,0.721464,51.533968,On or near HARTINGTON PLACE,E01015841,Southend-on-Sea 014C,Investigation complete; no suspect identified
3a49e031e5ce564cfb45d38e71eacb0dc0ec83a1f1c64b8c0b7ffb5ee9148ff1,2015-08,Essex Police,Essex Police,0.486453,51.720930,On or near HARBERD TYE,E01033137,Chelmsford 014F,Investigation complete; no suspect identified
342e08e9f128e8e20e3d8604024a8bf7de48145fd33d5e9c67658e0cab7c9e7e,2015-08,Essex Police,Essex Police,0.093027,51.753436,On or near Supermarket,E01021859,Harlow 010C,Investigation complete; no suspect identified
56fa15a0663a04b9e6b3180eb1f4a043143bbdcce54db6f3790e0198646be98c,2015-08,Essex Police,Essex Police,0.326367,51.478477,On or near BEDFORD ROAD,E01015956,Thurrock 016B,Investigation complete; no suspect identified
a36f451c6ae5f3cc362c4a1f96b57ac4ef3bc3b7a699f02780446386e8297db0,2015-08,Essex Police,Essex Police,0.742557,51.548766,On or near NEWINGTON AVENUE,E01015887,Southend-on-Sea 009E,Investigation complete; no suspect identified
fb848d9d0e118a0d9be0fc7447b9c9186af91ddb572bc42b5487461bfb7be2e9,2015-08,Essex Police,Essex Police,0.344556,51.486891,On or near Sports/Recreation Area,E01015970,Thurrock 014E,Investigation complete; no suspect identified
cfc8fbaa9995f444c63e1c18b28d8a0154484195bec38f45f8dba28b3b14a166,2015-08,Essex Police,Essex Police,0.080081,51.774718,On or near Supermarket,E01021840,Harlow 004B,Investigation complete; no suspect identified
44258e17d5c9ca200f2a41ea9cd14abd785f3423e1acee83806e50a7f700b5b1,2015-08,Essex Police,Essex Police,1.258708,51.924856,On or near Sports/Recreation Area,E01022004,Tendring 004D,Investigation complete; no suspect identified
7e4fe58d48a24359d76e04e944effb81f671c7af179269c4040529976a7c0daa,2015-08,Essex Police,Essex Police,1.251120,51.848866,On or near AUDRIES ESTATE,E01022012,Tendring 008H,Investigation complete; no suspect identified
2b017de35ed7dbb9c3d6712ccfa85c13ef9e1f3069306277884132ffb5779f52,2015-08,Essex Police,Essex Police,0.717040,51.532569,On or near Theme/Adventure Park,E01015851,Southend-on-Sea 015A,Investigation complete; no suspect identified
bbf8d8bd84a662c5fb9b02fb93d3291d9a72e1c22b7a81362cc0218bc89dd45b,2015-08,Essex Police,Essex Police,0.123993,51.781603,On or near STACKFIELD,E01021848,Harlow 002E,Investigation complete; no suspect identified
3e6fd8786f5dfee0c539c0c0297700a70ae1533438d842d5d353526c87caca1d,2015-08,Essex Police,Essex Police,0.402650,51.565998,On or near NORTHAMPTON GROVE,E01021280,Basildon 021A,Investigation complete; no suspect identified
2999f9be910ec30a548113ed98eb26d3ad3e7148d78dd66dbd677963865a5dd1,2015-08,Essex Police,Essex Police,0.716140,51.539731,On or near WARRIOR SQUARE EAST,E01015852,Southend-on-Sea 015B,Investigation complete; no suspect identified
47d0dfbbd3deea5476baf1e90385fcf6e5be7b70e974e693e70de5e0b5fbb4e2,2015-08,Essex Police,Essex Police,0.465051,51.529296,On or near PARKWAY,E01015946,Thurrock 001C,Investigation complete; no suspect identified
64f8e77dab533e48738f36eea18e935460d3c8094b4e1e10b1300e387c828f2f,2015-08,Essex Police,Essex Police,0.116132,51.762941,On or near TUMBLER ROAD,E01021819,Harlow 006A,Investigation complete; no suspect identified
7cf7e79775a12e744c8e2ea5d32bd3e6f4ba9845b3a2db63d991e2c8f8d54eef,2015-08,Essex Police,Essex Police,0.454862,51.747720,On or near ANDERSON AVENUE,E01021596,Chelmsford 006E,Investigation complete; no suspect identified
b2361a957fee47bf1ad9100168827c4345e303ceaa690d036148a4b378b76cce,2015-08,Essex Police,Essex Police,0.251352,51.499636,On or near Petrol Station,E01015926,Thurrock 008E,Investigation complete; no suspect identified
000b8b76412690b59ea4e4fe14624e477e022d480aff48c90d12f201c2dfda18,2015-08,Essex Police,Essex Police,1.012774,51.806182,On or near Parking Area,E01021980,Tendring 011B,Investigation complete; no suspect identified
e83981327ac4cfd134cce51752fc43d335d22dee0246d904c9611ae16bc2b993,2015-08,Essex Police,Essex Police,0.701065,51.539917,On or near NORTH ROAD,E01015856,Southend-on-Sea 015F,Investigation complete; no suspect identified
8c23c4603282c834b07e61cf09251b39d0d8d336f9e9037f1c45738f872ea370,2015-08,Essex Police,Essex Police,0.700083,51.562793,On or near DEREK GARDENS,E01015867,Southend-on-Sea 002E,Investigation complete; no suspect identified
f3e05c0e7cd6bb3eb48b9f500c025de17d3ab47c0644efbedc2b1735b534bca1,2015-08,Essex Police,Essex Police,0.613141,51.646197,On or near MAYDENE,E01021613,Chelmsford 019C,Investigation complete; no suspect identified
1d20607f3279d9535873121ab3bdf686c7b49fd957c938870e80ad1834545c24,2015-08,Essex Police,Essex Police,0.450268,51.747429,On or near CANBERRA CLOSE,E01021596,Chelmsford 006E,Investigation complete; no suspect identified
0bea337c00006744f16366ef1f195305ded7a57aa84956d012573ad7af91dde4,2015-08,Essex Police,Essex Police,0.069195,51.648808,On or near ST NICHOLAS PLACE,E01021790,Epping Forest 012E,Investigation complete; no suspect identified
b4b2ca22bdc8f7c187f09efa262f76891a64ea30aa92b309f6ded43735811c85,2015-08,Essex Police,Essex Police,0.066872,51.656861,On or near RECTORY COURT,E01021786,Epping Forest 012A,Investigation complete; no suspect identified
9e2155a48ff93837a2984b52daa69eedc270e735c6e43657a9f026c4d4447d1f,2015-08,Essex Police,Essex Police,0.639759,51.570614,On or near RINGWOOD DRIVE,E01015837,Southend-on-Sea 001E,Investigation complete; no suspect identified
fb741684b7357b2993534cd66b6f2102ca0a561d36ba9629ce9c1e2947eb877a,2015-08,Essex Police,Essex Police,0.713214,51.535158,On or near Nightclub,E01015852,Southend-on-Sea 015B,Investigation complete; no suspect identified
3e5b3a888a050cc291e9caa9d08737c203e29b8980ae4e1556e4c078c8a1ff05,2015-08,Essex Police,Essex Police,0.559771,51.571766,On or near Petrol Station,E01021525,Castle Point 001D,Investigation complete; no suspect identified
9f75138124d659fb6447aaf90c4478fbc7afcdf3b1fb7f31850afb039d0ec6cb,2015-08,Essex Police,Essex Police,1.247841,51.842858,On or near ELM TREE CLOSE,E01021996,Tendring 008D,Investigation complete; no suspect identified
8e5b9b9dfbcea6ac340c755332a050f96f152eecbc1440ca62a4267e7c68e3ae,2015-08,Essex Police,Essex Police,0.012586,51.643893,On or near HORNBEAM LANE,E01021806,Epping Forest 009A,Investigation complete; no suspect identified
72983eed96e80250a7799304a7f3357cffed121c929ede4d403085d026463a97,2015-08,Essex Police,Essex Police,0.113273,51.648886,On or near Petrol Station,E01021770,Epping Forest 010A,Investigation complete; no suspect identified
1d15bcfb5ca3389435d20750b6c5fbad512c1fd71e21ab026a34bd1465e5883e,2015-08,Essex Police,Essex Police,0.117296,51.785653,On or near Petrol Station,E01021848,Harlow 002E,Investigation complete; no suspect identified
907e368afb8dc8ec9389bdf2f458d763b3febf35e0dae175909ccbad5aa5282b,2015-08,Essex Police,Essex Police,0.106113,51.749767,On or near COMMONSIDE ROAD,E01021861,Harlow 010E,Investigation complete; no suspect identified
e6447bff7781d346e34e9d9f83480f8c20c0e44bbe898b38053bad482a2c640d,2015-08,Essex Police,Essex Police,0.468593,51.736218,On or near DUKE STREET,E01033141,Chelmsford 010G,Investigation complete; no suspect identified
06fe7202074fa411719f137ab75fc7d85c5e0fce1d8e71ea8edd52dc7012e5d8,2015-08,Essex Police,Essex Police,0.515047,51.571790,On or near LEIGH FELLS,E01021315,Basildon 018C,Investigation complete; no suspect identified
32635c0fb399d95083cecbeab250d42ae7c0c2ce354687d6aa8dbc43198552ff,2015-08,Essex Police,Essex Police,0.355019,51.483921,On or near WOOD VIEW,E01015965,Thurrock 010C,Investigation complete; no suspect identified
4f22d218dff7c81f61c88bdf5a83e6bed8ce50a4c50d0459ebd5f7eb65596ed4,2015-08,Essex Police,Essex Police,0.452440,51.747132,On or near LANGTON AVENUE,E01021596,Chelmsford 006E,Investigation complete; no suspect identified
cd0a15ecd6e76068abd552989a7a73eb92f37d70f87567b0f2753dc481e9c179,2015-08,Essex Police,Essex Police,0.725561,51.546779,On or near THE GROVE,E01015869,Southend-on-Sea 006A,Investigation complete; no suspect identified
621e1dd7566fa2d091ac903c45893d1ca6fbed88460505d4065a653ce1d16506,2015-08,Essex Police,Essex Police,1.025938,51.808209,On or near TOWER STREET,E01021982,Tendring 011D,Investigation complete; no suspect identified
2f5b03f532a809ddb0dd42ac6884e20eed99b054966133b0572a7d23a8ad750d,2015-08,Essex Police,Essex Police,0.691297,51.592368,On or near HAINAULT AVENUE,E01021932,Rochford 007B,Investigation complete; no suspect identified
14818b068560cfd2fc4b713a1d2e4c406033cd235b7860719271faac8d784c56,2015-08,Essex Police,Essex Police,0.840039,51.864715,On or near MALDON ROAD,E01021721,Colchester 012D,Investigation complete; no suspect identified
f48f468d8ceddb34a7ad038a74c241e380512d3c41c713e6b76723746f8c07f7,2015-08,Essex Police,Essex Police,0.452122,51.527769,On or near PARKMILL CLOSE,E01015987,Thurrock 002C,Investigation complete; no suspect identified
ce55189b1a1c51357d6b72cfa1d7aedd9c4aacb7bf0dadd5dc302247f9069239,2015-08,Essex Police,Essex Police,0.641282,51.816962,On or near PALM CLOSE,E01021419,Braintree 015D,Investigation complete; no suspect identified
001cfbf7248bd52019fb5d12ed786450725205b5f0fb32b7414f9c5b6c88174d,2015-08,Essex Police,Essex Police,0.718637,51.542191,On or near SUTTON ROAD,E01015895,Southend-on-Sea 010A,Investigation complete; no suspect identified
e26f5fa6b53e25a4b335fed072925916ea823516b91ea6d582c20242b82f778b,2015-08,Essex Police,Essex Police,0.297249,51.615394,On or near CHASE ROAD,E01021439,Brentwood 007C,Investigation complete; no suspect identified
b52767f2ebca309338fa8d06b32aece9c2472bd73b70198866da1ab8a7be2733,2015-08,Essex Police,Essex Police,0.641352,51.800800,On or near NEWLAND STREET,E01021416,Braintree 017B,Investigation complete; no suspect identified
5d0b3a14a070ec71cecd58a555456072949be0996fbbbf01ab6d4809748b780b,2015-08,Essex Police,Essex Police,0.236950,52.024183,On or near MYDDYLTON PLACE,E01022076,Uttlesford 002B,Investigation complete; no suspect identified
455c021b77b49ddb2c1a35e7888ec8e52eb4ba37049ba16f5562835e2c6de3f2,2015-08,Essex Police,Essex Police,0.549221,51.881326,On or near WEAVERS CLOSE,E01021357,Braintree 008B,Investigation complete; no suspect identified
9c8c39674a8123b9e3d227acf405b4033898418a38ffe8f837712f2d6283817f,2015-08,Essex Police,Essex Police,0.738848,51.771903,On or near GREEN LANE,E01021882,Maldon 002A,Investigation complete; no suspect identified
61f64d41e1c9169076a84ee7d2cb2afb9451232d052c11c31b8ccf104dd8922b,2015-08,Essex Police,Essex Police,0.712493,51.536371,On or near WESTON ROAD,E01015852,Southend-on-Sea 015B,Investigation complete; no suspect identified
05165c196d9a1c2954aaab017b3051c7ee28eba2e745d771b4ebed6238bd7923,2015-08,Essex Police,Essex Police,0.453134,51.739356,On or near Sports/Recreation Area,E01021575,Chelmsford 009B,Investigation complete; no suspect identified
f7a95a3f774775d706d1aee3e0fc0d513e60ad143a4870919a1717e9aeb68596,2015-08,Essex Police,Essex Police,0.263431,51.706447,On or near MILLFIELD,E01021769,Epping Forest 003A,Investigation complete; no suspect identified
f4641dfdcad1a2d22364cf7379db350e6488b9fcc1ab21df59ee180d2045bae1,2015-08,Essex Police,Essex Police,1.149822,51.802040,On or near KNOX ROAD,E01022042,Tendring 014A,Investigation complete; no suspect identified
e4e787ebc857a8d5e8fa46ea745da3afc478a7c42aac6e5f1a9f1467938355cc,2015-08,Essex Police,Essex Police,0.505906,51.575879,On or near PLUMLEYS,E01021304,Basildon 013C,Investigation complete; no suspect identified
9baf9c20f6ffcd9a496375d00784916e484c76b85f0ce5bcb05c03ff701145a1,2015-08,Essex Police,Essex Police,0.552914,51.879582,On or near BLYTH'S MEADOW,E01021365,Braintree 009D,Investigation complete; no suspect identified
fd3a2704b58db0a739d044e72fe3099576ad9b484edb94e66f546ab5001c96a8,2015-08,Essex Police,Essex Police,0.578145,51.515686,On or near JASMINE CLOSE,E01021502,Castle Point 011E,Investigation complete; no suspect identified
fa63c39aae76b58de48a49bd8f39c0a66d7ab276e6d03da73f9e1b775b0538d8,2015-08,Essex Police,Essex Police,0.906006,51.886361,On or near Parking Area,E01021686,Colchester 011D,Investigation complete; no suspect identified
a18e851d2641dcacff4d26ea50de2f547c900ad59020479a92b19e677512fa30,2015-08,Essex Police,Essex Police,0.928291,51.879728,On or near KING EDWARD QUAY,E01021685,Colchester 011C,Investigation complete; no suspect identified
23264b57f7a5f29a24dea0ab048dc3ff9f043c31bb280d44f1e3f68b02e0c598,2015-08,Essex Police,Essex Police,0.529481,51.621968,On or near LOCARNO AVENUE,E01021593,Chelmsford 021A,Investigation complete; no suspect identified
786ec104e7332c3d2a34367bfed0282dd12e7631288aaeeb108b24d8be42e90a,2015-08,Essex Police,Essex Police,0.284143,51.486609,On or near Shopping Area,E01016011,Thurrock 015B,Investigation complete; no suspect identified
1ca606d7348a9ea4c13b7bddac2f1402e980b2425ab72ec5cf174209f0303bfe,2015-08,Essex Police,Essex Police,0.924388,51.887874,On or near HUNTING GATE,E01021706,Colchester 022H,Investigation complete; no suspect identified
3a085aa88a987b6c65f23814544c5ad400ba2c87789b72e53e9f06e4c0b000b2,2015-08,Essex Police,Essex Police,0.484303,51.730311,On or near HILL ROAD SOUTH,E01033140,Chelmsford 010F,Investigation complete; no suspect identified
bc897d9a2f645f9b49a6ae28b778d212657d25a47dd6bd01dd103a07042f95ec,2015-08,Essex Police,Essex Police,0.884495,51.866367,On or near BARONSWOOD WAY,E01033723,Colchester 015G,Investigation complete; no suspect identified
af81a04f7ad266c4198ce99db578dcd5d7d28970a5358384ce554abfa87cba1b,2015-08,Essex Police,Essex Police,-0.005443,51.735582,On or near GREEN LANE,E01021792,Epping Forest 002B,Investigation complete; no suspect identified
20d4adf7cf8ee9ab82d72fb5e683b83af6377ef4473f532548581d6798a0891f,2015-08,Essex Police,Essex Police,0.072179,51.640069,On or near HIGHWOOD LANE,E01021771,Epping Forest 013A,Investigation complete; no suspect identified
4c20933f48c62ee21325bcbfa83635c4642bbc69d6f6da24b898f2e813b94a40,2015-08,Essex Police,Essex Police,0.485313,51.753725,On or near Capio Springfield Hospital,E01021620,Chelmsford 004D,Investigation complete; no suspect identified
811733fc8eeca50e357426e64b60e06597757921485aa04cb227c8eac3ad3efa,2015-08,Essex Police,Essex Police,0.512278,51.579151,On or near HOLGATE,E01021301,Basildon 011A,Investigation complete; no suspect identified
df900396511134dae408654b017c591039264b5c5f8f2596331ba64e94630b7f,2015-08,Essex Police,Essex Police,0.731899,51.547117,On or near GROVELANDS,E01015870,Southend-on-Sea 006B,Investigation complete; no suspect identified
a25f890ee05095f3da6f0e8e0b5d562ee4da0fa262fe4b21a943c1411d8d79fd,2015-08,Essex Police,Essex Police,0.739411,51.549937,On or near CANTERBURY AVENUE,E01015886,Southend-on-Sea 009D,Investigation complete; no suspect identified
17090621b46e77bdc7634b873fbb41c404fac8321bee2f8977deb24f63c5c441,2015-08,Essex Police,Essex Police,0.038252,51.628639,On or near RUSSELL ROAD,E01021746,Epping Forest 015E,Investigation complete; no suspect identified
7e92b686a8c7e056f9deeb871bb932746d054a22964d7c4cfc9e488d42ca0bde,2015-08,Essex Police,Essex Police,0.420383,51.730143,On or near PURCELL CLOSE,E01021633,Chelmsford 011C,Investigation complete; no suspect identified
f77aa731726b2ce1f6d1c51a376f7f6c26457635cf51ce8cdfaffd66ffe20610,2015-08,Essex Police,Essex Police,0.489100,51.715083,On or near DORSET AVENUE,E01021565,Chelmsford 014C,Investigation complete; no suspect identified
cc4b61a2e1a49d2e70c9546bb83f5cdb0f81de279a8f89a445ba0b9a851d0c8c,2015-08,Essex Police,Essex Police,0.096410,51.669395,On or near WOBURN AVENUE,E01021804,Epping Forest 010C,Investigation complete; no suspect identified
dcca1c031531afa6bd9c5e2a09c62e1f7a787d1b93a2b59bf8cd7e0a117fe64c,2015-08,Essex Police,Essex Police,0.364120,51.870956,On or near HIGH STREET,E01022067,Uttlesford 007B,Investigation complete; no suspect identified
e0c7ddfef4fa001279085d822eaf58094b0716cda1e9a94a257d36ef903833d7,2015-08,Essex Police,Essex Police,0.255495,51.498900,On or near HIGH STREET,E01015921,Thurrock 015A,Investigation complete; no suspect identified
a5a70cf6419f2534872a2ec4deefc69a526d341b3c671a5cfd5dea785774444a,2015-08,Essex Police,Essex Police,0.919964,51.921612,On or near SEVERALLS LANE,E01033721,Colchester 002G,Investigation complete; no suspect identified
419c1575c875c290efee44585d97065676f9158b6beae046225f4cd7186c6a76,2015-08,Essex Police,Essex Police,0.912338,51.926046,On or near Petrol Station,E01021682,Colchester 004D,Investigation complete; no suspect identified
29a99a164fb8f417da3397445bbf2ccc693983aeb0732bce0a57d78c248b7665,2015-08,Essex Police,Essex Police,1.153340,51.787393,On or near Nightclub,E01022025,Tendring 016B,Investigation complete; no suspect identified
38fd81d1f785ae4a65ebf1a892506fae5a76fa782c16e4e3e4e454f5d41fee84,2015-08,Essex Police,Essex Police,0.897825,51.889081,On or near CULVER STREET WEST,E01021649,Colchester 007D,Investigation complete; no suspect identified
58656bad0d563c449161a493616d2e517dce1493c8d2b321dded04bc19f49f49,2015-08,Essex Police,Essex Police,0.919964,51.921612,On or near SEVERALLS LANE,E01033721,Colchester 002G,Investigation complete; no suspect identified
8c744705cf795f9bbe3d3394b277c6859eb826ca7b44d1fae1010339abec78b5,2015-08,Essex Police,Essex Police,0.496269,51.573585,On or near Pedestrian Subway,E01021306,Basildon 013E,Investigation complete; no suspect identified
50950eb196524d5fdbe670c2e2e6b6fe8129b06a56531b35e32cd9274c2b5497,2015-08,Essex Police,Essex Police,0.849846,51.877833,On or near PEARTREE ROAD,E01021690,Colchester 014B,Investigation complete; no suspect identified
aab95972a2fc62eeaa5cad607c42919ed2b23c0601910d2196b2d5a115f2e644,2015-08,Essex Police,Essex Police,0.442421,51.588118,On or near CROUCH STREET,E01021261,Basildon 010A,Investigation complete; no suspect identified
27cf25bf3c9fcf8038644759ba066729ad1246da7cb74e1306cf6defb4269ec1,2015-08,Essex Police,Essex Police,0.515914,51.580423,On or near VERMONT CLOSE,E01021309,Basildon 011E,Investigation complete; no suspect identified
ed3860d468eefd41bb392427963566a387f3a87974b890253859aef1ac747ad7,2015-08,Essex Police,Essex Police,0.401724,51.573076,On or near MENZIES AVENUE,E01021277,Basildon 014D,Investigation complete; no suspect identified
f09aeaf861e2ddace5457fb68abacd7f0d073abebbb3db4517608b961a93b21d,2015-08,Essex Police,Essex Police,0.002803,51.669176,On or near THE GRANGE,E01021806,Epping Forest 009A,Investigation complete; no suspect identified
fa009a4038bf0d0d230ef061b7d5bda1ef568317234ec2e0f4dd8c06cb65900a,2015-08,Essex Police,Essex Police,-0.005443,51.735582,On or near GREEN LANE,E01021792,Epping Forest 002B,Investigation complete; no suspect identified
2de259f726594f2da21d33824037fcbd1e8de57a81a302028dd7bf17f23f050a,2015-08,Essex Police,Essex Police,0.320892,51.509908,On or near MEDEBRIDGE ROAD,E01015932,Thurrock 006A,Investigation complete; no suspect identified
e18e4d524341430ea90157b704c4f6786bb0f866c87c8372fff4b566286bb07c,2015-08,Essex Police,Essex Police,0.524301,51.602834,On or near DOUGLAS DRIVE,E01021344,Basildon 008D,Investigation complete; no suspect identified
dacc17a3676be7d0f5070ee5dce47bffa727f2c88b0d5225119d99af5947a29e,2015-08,Essex Police,Essex Police,0.722318,51.534029,On or near PLEASANT MEWS,E01015842,Southend-on-Sea 014D,Investigation complete; no suspect identified
6958fee2869ea9ab63b0c1aff419bb9a7bd82b3b7393209e8eb213437daabcdc,2015-08,Essex Police,Essex Police,0.502108,51.573739,On or near MILL GREEN,E01021306,Basildon 013E,Investigation complete; no suspect identified
173412f3cf98d645bbbfeb670f1eee4c756114c5c3d2ba058cdbc5f627b3b803,2015-08,Essex Police,Essex Police,-0.003307,51.663750,On or near GODWIN CLOSE,E01021806,Epping Forest 009A,Investigation complete; no suspect identified
3a2cddf9f98cd2bb14cbb5777270ec313608377231e25f4746db3227b6e23996,2015-08,Essex Police,Essex Police,0.879098,51.864664,On or near HOMEFIELD ROAD,E01033723,Colchester 015G,Investigation complete; no suspect identified
e34735fa51df56e69752c324256e90f1f146598f5465c74b8a64bb249de2bf97,2015-08,Essex Police,Essex Police,0.514135,51.579579,On or near SCALDHURST,E01021309,Basildon 011E,Investigation complete; no suspect identified
faf4347d50b9233940222e2448f9dd582d504b70ec1adf243c1a8dd4569f818a,2015-08,Essex Police,Essex Police,0.495785,51.775195,On or near PRATT'S FARM LANE,E01021540,Chelmsford 001C,Investigation complete; no suspect identified
4fb4538aff0d2eb7012abc32763a0c6714129b9c7b1c12dd8e222ec70a30d536,2015-08,Essex Police,Essex Police,0.129515,51.737520,On or near LONDON ROAD,E01021768,Epping Forest 001A,Investigation complete; no suspect identified
a91c9ee6c7dfe9bca84608e55dfa0274d46e5c04e48bd570ff6d3659844e419d,2015-08,Essex Police,Essex Police,1.150380,51.797348,On or near Petrol Station,E01021970,Tendring 016A,Investigation complete; no suspect identified
255bd15b7229d8427853fda5d2edabf2a64099577c82c49950737e83d242d8af,2015-08,Essex Police,Essex Police,0.484162,51.737517,On or near OLD COURT ROAD,E01021627,Chelmsford 010E,Investigation complete; no suspect identified
4e8510148c0cc8c23a0a8a3d4c676d2e8febdafa38388fae0cd097c674394dc8,2015-08,Essex Police,Essex Police,0.522763,51.606599,On or near TRENT CLOSE,E01021331,Basildon 008A,Investigation complete; no suspect identified
94c772fd3d3c03cf844cbbe425309e97d7faaf5838ffc142ed7d61830bb4d791,2015-08,Essex Police,Essex Police,1.085171,51.776242,On or near SEAVIEW ROAD,E01022045,Tendring 018D,Investigation complete; no suspect identified
269198788a48d799047411719506cd8170cdf404f9f152191b64d45a21246607,2015-08,Essex Police,Essex Police,-0.008518,51.686706,On or near GROVE COURT,E01021817,Epping Forest 008E,Investigation complete; no suspect identified
cd3f48a8de26fed24ffdbcaaa169a2f5552123864401866df1fd0cbb0faf4cfd,2015-08,Essex Police,Essex Police,0.713962,51.534151,On or near Nightclub,E01015852,Southend-on-Sea 015B,Investigation complete; no suspect identified
a53ce8b65e33c46cff3acb308ff4f5ec12f37f592acf48c894f6868eaf6dcea2,2015-08,Essex Police,Essex Police,0.410191,51.621250,On or near RUSHDENE ROAD,E01021255,Basildon 004C,Investigation complete; no suspect identified
149f46b28e351d69610663f026e38cf03d8bca23b4baac2361ad0676037bbb61,2015-08,Essex Police,Essex Police,0.497724,51.735233,On or near CUSAK ROAD,E01021547,Chelmsford 008D,Investigation complete; no suspect identified
f5f5e6df883987efbf63e05cc68281558bd5f7bf4e5f3a8b6706972bf7004a21,2015-08,Essex Police,Essex Police,0.714495,51.537781,On or near CHICHESTER ROAD,E01015852,Southend-on-Sea 015B,Investigation complete; no suspect identified
1abd09fdaf450fa1431dc00ed318295496c31161f4c72e005c4f5324eb2c08dc,2015-08,Essex Police,Essex Police,0.575173,51.598868,On or near LONDON ROAD,E01021920,Rochford 006A,Investigation complete; no suspect identified
558fb39b53283ad0a413fd9c6333ccd132664309c6afb8670a9a2f6740d20a21,2015-08,Essex Police,Essex Police,0.629203,51.810137,On or near BENTLEY ROAD,E01021426,Braintree 015E,Investigation complete; no suspect identified
7900dce43095d0b3a39055dbc6eb0830d83be1e74c3e235fca56973cad4e3b46,2015-08,Essex Police,Essex Police,0.639574,51.800651,On or near Parking Area,E01021416,Braintree 017B,Investigation complete; no suspect identified
898c13207d367ff1b87e216d49d4749f3df9d1a9c91ed5787cfecbc24819bbc2,2015-08,Essex Police,Essex Police,0.895674,51.887964,On or near CHURCH WALK,E01021649,Colchester 007D,Investigation complete; no suspect identified
4ead67b48599a942fe3aefa78b8e5b8d2087bb0957294db5dc552cedaba13350,2015-08,Essex Police,Essex Police,0.336294,51.496032,On or near Hospital,E01015995,Thurrock 009E,Investigation complete; no suspect identified
635f0e8b607a979fa48eaf438abf3184800caf0a5cbb1ec7fa6c56f92387779e,2015-08,Essex Police,Essex Police,0.324934,51.477776,On or near CLARENCE ROAD,E01015956,Thurrock 016B,Investigation complete; no suspect identified
34994136b79338189114a747633ad5647d17155e8e968849c549441912c336c1,2015-08,Essex Police,Essex Police,0.343586,51.959333,On or near Sports/Recreation Area,E01022093,Uttlesford 004B,Investigation complete; no suspect identified
dea9a84b9b0562d9b457e1e1987fdf0ed340c317131172c4b8a2db7cafd67fa6,2015-08,Essex Police,Essex Police,0.501202,51.580108,On or near LOXFORD,E01021302,Basildon 013B,Investigation complete; no suspect identified
d66e83683380b62f6e4c67dd8ffce03699ba95b13b9d4d2353be7104a6d1cf63,2015-08,Essex Police,Essex Police,0.326374,51.496732,On or near CRAWFORD AVENUE,E01015994,Thurrock 009D,Investigation complete; no suspect identified
1d3777ef5023407a4f9830714c9946d0ac757e9188da917cce27013ef7480e64,2015-08,Essex Police,Essex Police,0.610085,51.588959,On or near BARRINGTONS CLOSE,E01021964,Rochford 008E,Investigation complete; no suspect identified
112a7c7f5c425be0c76ec9f2aa44164180802273251ccc233581b405af4e59b4,2015-08,Essex Police,Essex Police,0.697159,51.536050,On or near LYDFORD ROAD,E01015853,Southend-on-Sea 015C,Investigation complete; no suspect identified
a203be76175236ab7afbaff72dc384698b01357653e7bf0c5c0b707c70e3e2e8,2015-08,Essex Police,Essex Police,0.135588,51.706889,On or near GARNON MEAD,E01021756,Epping Forest 006A,Investigation complete; no suspect identified
6842d94a04c75af04d2718b034992bb1f301f8547c715b18dc745cf54d592273,2015-08,Essex Police,Essex Police,0.161240,51.814394,On or near STATION ROAD,E01021795,Epping Forest 001B,Investigation complete; no suspect identified
af3e1df7e30cdfa2b64ea3796a2b3ade1537fe30b163c92c4c9c4e950aa1d3f0,2015-08,Essex Police,Essex Police,0.898584,51.898397,On or near BLOYES MEWS,E01021647,Colchester 007B,Investigation complete; no suspect identified
f16ba0e61c640df367b1dbe8389bb7033197f095fb35782775258a8e4075d378,2015-08,Essex Police,Essex Police,0.551292,51.632674,On or near A130,E01021594,Chelmsford 021B,Investigation complete; no suspect identified
2fc4f39ef0b333f0b1c5b6f2319a754fac24247b54b7c6f72c1e5d7a60855497,2015-08,Essex Police,Essex Police,0.282026,51.488629,On or near Parking Area,E01016011,Thurrock 015B,Investigation complete; no suspect identified
a77f64c4004200edec257200b9d720f42d31df77850dc6a331930508c165da0d,2015-08,Essex Police,Essex Police,0.850100,51.886659,On or near COLLINGWOOD ROAD,E01021674,Colchester 009B,Investigation complete; no suspect identified
028eb16ba25840384b71c1c3b14610cad5b9945879c6213bed70364b4c80ff4a,2015-08,Essex Police,Essex Police,0.717784,51.553030,On or near CROMWELL ROAD,E01015874,Southend-on-Sea 006F,Investigation complete; no suspect identified
8ef87186433c5080168b3c1bfd2d44d51dfd0cd419f4711e10a975a3fb8f805e,2015-08,Essex Police,Essex Police,0.582911,51.692651,On or near PRIORY LANE,E01021533,Chelmsford 016A,Investigation complete; no suspect identified
d93369f069ba66d5b7d5b6a831e760ef950efb05a3c253f83e7bc4f40f4e4853,2015-08,Essex Police,Essex Police,,,No location,,,Investigation complete; no suspect identified
2bcd66f5ad7c4baf775adbbded3391b5bf78f9c8fcd45cfa0ebb2201ae8f14d4,2015-08,Essex Police,Essex Police,0.631836,51.943564,On or near TRINITY STREET,E01021387,Braintree 004A,Investigation complete; no suspect identified
0cd80b300460ff3462040cbfe46fed48d19ab581b42d07c5041d1cd33ff132dd,2015-08,Essex Police,Essex Police,0.096120,51.641172,On or near Sports/Recreation Area,E01021750,Epping Forest 016B,Investigation complete; no suspect identified
94b88f8ae94c4c822721c0c57628e9cd858ef5e8b95b58720329d6dbd81134a1,2015-08,Essex Police,Essex Police,0.094104,51.777661,On or near GLADWIN WAY,E01021843,Harlow 004E,Investigation complete; no suspect identified
54e4b3b65795b58e0de6b3fd019113e817b493f96d3ffb66e931f3adfed2f628,2015-08,Essex Police,Essex Police,0.462235,51.775920,On or near PUDDINGS WOOD LANE,E01021542,Chelmsford 002A,Investigation complete; no suspect identified
23caf5b90dacd65648769de9a50f7dbd65569006fe327345ee68867f97e47bd1,2015-08,Essex Police,Essex Police,0.299140,51.484068,On or near MAUNDER CLOSE,E01015982,Thurrock 019A,Investigation complete; no suspect identified
713f5f86ddbeaeb4ab7eb35f913a2064bb10569c506c9cdb9e01ed81e6956ace,2015-08,Essex Police,Essex Police,1.131556,51.791771,On or near WALNUT WAY,E01022032,Tendring 015E,Investigation complete; no suspect identified
bae207194db77e1517fc8782863795c854403ff7b241722b92e91f4c2c875bc2,2015-08,Essex Police,Essex Police,0.704765,51.550264,On or near HILL ROAD,E01015861,Southend-on-Sea 004E,Investigation complete; no suspect identified
16ca2acf3efd4bf8ea3e48f7c6141ab5cdb4f1bd3708e4e5a155114ed139b714,2015-08,Essex Police,Essex Police,0.092811,51.774150,On or near Supermarket,E01021843,Harlow 004E,Investigation complete; no suspect identified
b72b0516b690c6ef1b3ff1099629d369466369e7b1318857fd21e6fec08e787a,2015-08,Essex Police,Essex Police,0.321981,51.692912,On or near BLACKMORE MEAD,E01021469,Brentwood 001E,Investigation complete; no suspect identified
aff0254632e4e298a2cef273470df3279f7d72f2f774f3be4482b5c0cf9fc4b1,2015-08,Essex Police,Essex Police,0.324934,51.477776,On or near CLARENCE ROAD,E01015956,Thurrock 016B,Investigation complete; no suspect identified
2502107243e3a8cd3b1b7936b9fbccfdec80701a5740aafc1ab34abb77a165f5,2015-08,Essex Police,Essex Police,0.261741,51.889938,On or near Airport/Airfield,E01022090,Uttlesford 006B,Investigation complete; no suspect identified
a9df396c0212219d16bbc318096180a07133a7a05bb9e66ea1ee6f074eab1653,2015-08,Essex Police,Essex Police,0.473447,51.634358,On or near CARSEY CLOSE,E01021604,Chelmsford 018D,Investigation complete; no suspect identified
63bc8985c0ec7e51032ce99f3bbaa1c9a447265bc1e6141cfc35a3d31975b557,2015-08,Essex Police,Essex Police,0.694713,51.566406,On or near VICKERS ROAD,E01015865,Southend-on-Sea 002C,Investigation complete; no suspect identified
485d26442575bcc32351f28155b07c5bab2e67ad233c9b3d1f52990a8c992f7d,2015-08,Essex Police,Essex Police,0.483434,51.605531,On or near SOUTHLANDS ROAD,E01021260,Basildon 009D,Investigation complete; no suspect identified
e600f861ac761b206f4f05e26c841a9446eb182e6bcdd089fa277842c26fe7c4,2015-08,Essex Police,Essex Police,0.949827,51.944043,On or near WICK ROAD,E01021655,Colchester 001A,Investigation complete; no suspect identified
a01f4396779756d298fb85e8f913a54189e14d9c4b28b81e509773d7f2f4b1f5,2015-08,Essex Police,Essex Police,0.687415,51.803857,On or near THE AVENUE,E01021882,Maldon 002A,Investigation complete; no suspect identified
9e928322cfb046d6d96b4a37d514a8e1ea4b6cce1b10d9ecc99934271f4c67ec,2015-08,Essex Police,Essex Police,0.117819,51.788468,On or near PRINTERS WAY,E01021848,Harlow 002E,Investigation complete; no suspect identified
32f81aa38e1f4dc7f22bd4a1aeeb437b31ef9759211b857481430c8768150a35,2015-08,Essex Police,Essex Police,0.700130,51.584277,On or near Sports/Recreation Area,E01021954,Rochford 007D,Investigation complete; no suspect identified
1991bf3d835c53780f1ba2dfca61be5de5fd5d75daf357e68ae22211c62f7ead,2015-08,Essex Police,Essex Police,0.715846,51.543749,On or near MALDON ROAD,E01015898,Southend-on-Sea 010D,Investigation complete; no suspect identified
de9cac4454d80a703d500d6c404f8c767f3985a72e7b0eb5a4795906451b910d,2015-08,Essex Police,Essex Police,0.693247,51.544045,On or near WEST ROAD,E01015900,Southend-on-Sea 010F,Investigation complete; no suspect identified
614525c1fee5b540357692ed00235e60f9e708ea3f4392aa966564d401fbef36,2015-08,Essex Police,Essex Police,0.918776,51.893455,On or near Supermarket,E01021704,Colchester 022F,Investigation complete; no suspect identified
e0ad8f2b11f109709eea72c5d48c3775b64eaec6b65a4e39583dc784cd5395a5,2015-08,Essex Police,Essex Police,0.752157,51.542192,On or near FORTESCUE CHASE,E01015883,Southend-on-Sea 009A,Investigation complete; no suspect identified
bed11a3cf3b7acd5109f8b45f7f5f00e0b187fa12edfe0323e66f4073c05e6b7,2015-08,Essex Police,Essex Police,0.617587,51.642573,On or near Parking Area,E01021613,Chelmsford 019C,Investigation complete; no suspect identified
d3f55ac924561575b2714bd13c821b980f18db1b3f6cc270ebe2a346086b55d2,2015-08,Essex Police,Essex Police,0.717374,51.545917,On or near Sports/Recreation Area,E01015898,Southend-on-Sea 010D,Investigation complete; no suspect identified
89790d41c26173bfe798a068af6a189442e85648019ad550e73ae8c2a2b4b475,2015-08,Essex Police,Essex Police,1.021188,51.815491,On or near UPPER PARK ROAD,E01021980,Tendring 011B,Investigation complete; no suspect identified
3001e1f738241957bf7b765d0fcf3766070277551e35ffde29f5cf40a1edcfa7,2015-08,Essex Police,Essex Police,0.455832,51.749300,On or near MELBOURNE AVENUE,E01021589,Chelmsford 006C,Investigation complete; no suspect identified
85c6ce8c9dca27fd85d7e88555b3ded57a8fedc782fa5337c7da6a191fdd5fc2,2015-08,Essex Police,Essex Police,0.559152,51.515256,On or near HAVEN ROAD,E01021501,Castle Point 011D,Investigation complete; no suspect identified
7c942d1d269fe9a0e75aef4f3a178a35d09857da6b4f37002e31cb10938645ce,2015-08,Essex Police,Essex Police,0.272254,51.492281,On or near Motorway Service Area,E01016012,Thurrock 015C,Investigation complete; no suspect identified
60a428018a968673eedeae4f0faec9b1488e690cc296934901f12b6c7395b432,2015-08,Essex Police,Essex Police,0.280942,51.508174,On or near DUNNING CLOSE,E01015929,Thurrock 007C,Investigation complete; no suspect identified
1cf2a49aaf47efce23ab6428f139887ead8fbe487ba813e06b57f03e05a20421,2015-08,Essex Police,Essex Police,0.294403,51.625693,On or near BROWNE CLOSE,E01021434,Brentwood 004C,Investigation complete; no suspect identified
7e77594d2a827f919a3dc238306c3011feefa06296694210acb164ed7eb1767b,2015-08,Essex Police,Essex Police,0.907073,51.877224,On or near DUDLEY CLOSE,E01021642,Colchester 018F,Investigation complete; no suspect identified
08207f749758b1fd5041a6f9a89d95a9921a3c67149aafe5d5232337dd689c3f,2015-08,Essex Police,Essex Police,1.155579,51.802416,On or near WINDMILL PARK,E01022043,Tendring 014B,Investigation complete; no suspect identified
0b3d13ede9873db1892528163f5273e9266065580cc1ca460af89a59969b5284,2015-08,Essex Police,Essex Police,1.148679,51.788768,On or near WEST AVENUE,E01022025,Tendring 016B,Investigation complete; no suspect identified
3ec8d1b26f271aa89f8cc0624592b6474f2595cf777e296e3755c5e50b9dc543,2015-08,Essex Police,Essex Police,1.054973,51.941072,On or near COLCHESTER ROAD,E01022014,Tendring 003C,Investigation complete; no suspect identified
96584035ece5a656a752a69185e1c0b3b8d699de7de201d89dfae14306ca7d25,2015-08,Essex Police,Essex Police,0.082125,51.646763,On or near Petrol Station,E01021776,Epping Forest 011C,Investigation complete; no suspect identified
4b3446c3663da05dd93ed7bcbb632e1844990a7a82ac8ddd40742625ea9fc71a,2015-08,Essex Police,Essex Police,0.909211,51.879500,On or near BARRINGTON ROAD,E01021684,Colchester 011B,Investigation complete; no suspect identified
1ae6a8504a4f7fdd3207b91f8a0b3c5a25a6950711ad2d596fb7ea626c88c716,2015-08,Essex Police,Essex Police,0.502267,51.562719,On or near Supermarket,E01021310,Basildon 022B,Investigation complete; no suspect identified
c43229d75f2bc9fd8890155eb60cab3e134c9b5f163da3c8d5e78f58fdb21594,2015-08,Essex Police,Essex Police,0.110002,51.690491,On or near SPRINGFIELD,E01021759,Epping Forest 006D,Investigation complete; no suspect identified
50d9e6815e77a061d938c33b4a8f77b6460f4de11e5ebf66864aae01bafccb6a,2015-08,Essex Police,Essex Police,0.082125,51.646763,On or near Petrol Station,E01021776,Epping Forest 011C,Investigation complete; no suspect identified
a0b209e9923fee2f0f0f50a67040bb4bad8e342d41815f7699a18c11561e080b,2015-08,Essex Police,Essex Police,0.112240,51.703130,On or near RAYFIELD,E01021762,Epping Forest 005C,Investigation complete; no suspect identified
3e4c1916937feb1b39681797f819d764eb630d216d6fb756af22eb3987f2cfd3,2015-08,Essex Police,Essex Police,0.816309,51.631047,On or near LILIAN ROAD,E01021881,Maldon 008F,Investigation complete; no suspect identified
f1f9970eb3225645b7ae94fa57aebe2eed7e947f479917b4e78492d4f5099b6d,2015-08,Essex Police,Essex Police,0.716257,51.540241,On or near SOUTHCHURCH ROAD,E01015852,Southend-on-Sea 015B,Investigation complete; no suspect identified
ff468d615e27f3ce66ff74c40865b6e71b4a6a16478cd3e0b4d5dd8973de0d32,2015-08,Essex Police,Essex Police,0.664324,51.720250,On or near Supermarket,E01021896,Maldon 005D,Investigation complete; no suspect identified
fba6a04fcf257b8eece40223c69cc3053163cd6b8b021f5c870f70226d99beaa,2015-08,Essex Police,Essex Police,0.246083,52.022886,On or near EAST STREET,E01022081,Uttlesford 002F,Investigation complete; no suspect identified
8f2330f127694ae1018389fbfd94abf06613060cc2c3a2e0339c1a85a3189262,2015-08,Essex Police,Essex Police,0.596014,51.513565,On or near LOVENS CLOSE,E01021500,Castle Point 012E,Investigation complete; no suspect identified
2d8c93ad290a3ec2180ad1563dfcf8a5dd2f2746152e0deb6920b8d744cc191a,2015-08,Essex Police,Essex Police,1.142149,51.793296,On or near Shopping Area,E01021968,Tendring 017A,Investigation complete; no suspect identified
1234f5fdf14df1da2519bcbfe60211e34687a5bc6b1256b804a2e3651eb68982,2015-08,Essex Police,Essex Police,0.305652,51.621290,On or near HIGH STREET,E01021436,Brentwood 007B,Investigation complete; no suspect identified
c114322a1bf23386827d504be836cd20296f7df1a0b4aff4ec8c6d3d78b620f1,2015-08,Essex Police,Essex Police,0.474190,51.732359,On or near Shopping Area,E01033140,Chelmsford 010F,Investigation complete; no suspect identified
230fd71083c73445def250d30781ed8cca795b4b892d159e6158179e06dc988a,2015-08,Essex Police,Essex Police,1.151280,51.792583,On or near WELLESLEY ROAD,E01022026,Tendring 016C,Investigation complete; no suspect identified
c4a3e618a06b026511b4a83908c5e9b9cab3b868bc9687bd547876814364bd00,2015-08,Essex Police,Essex Police,0.277434,51.486092,On or near Shopping Area,E01016012,Thurrock 015C,Investigation complete; no suspect identified
10e5a4563a45ceb64a7080c81ec9256c6f70b06401dfb0c068d7b176a38b5824,2015-08,Essex Police,Essex Police,0.675648,51.555312,On or near MERILIES GARDENS,E01015858,Southend-on-Sea 004B,Investigation complete; no suspect identified
4100cd5c7505e9ccbc74b897cd2efb8180f1b6ec82e3dcb0d0f869271b250e64,2015-08,Essex Police,Essex Police,0.900116,51.889231,On or near Shopping Area,E01021649,Colchester 007D,Investigation complete; no suspect identified
6a1a06c38b9b7388b2522c72849d293815ab8f61ea3daa779a6c63fe6e4ad411,2015-08,Essex Police,Essex Police,0.674415,51.555691,On or near MANNERING GARDENS,E01015857,Southend-on-Sea 004A,Investigation complete; no suspect identified
f806c2f0f3d1beb0ce2f6c61ebeab260f26183341242a191470ad66c2fd34828,2015-08,Essex Police,Essex Police,0.283014,51.510418,On or near Supermarket,E01015976,Thurrock 007F,Investigation complete; no suspect identified
7537f62229ec73ac9832c328ca9db926bab03c44a3bbcb54a9ebb0ea4e180af2,2015-08,Essex Police,Essex Police,0.042017,51.667422,On or near Parking Area,E01021806,Epping Forest 009A,Investigation complete; no suspect identified
e35d02047063d0c55bf9d3eb13170b39763fd3fa8b0eb1e2d87ebb979339b652,2015-08,Essex Police,Essex Police,0.472870,51.733906,On or near TINDAL STREET,E01033141,Chelmsford 010G,Investigation complete; no suspect identified
f403f2f393a435ba6a536325279e93cfe43ddfc97924114ddb26dd2c79b443a1,2015-08,Essex Police,Essex Police,0.127401,51.721192,On or near CARPENTERS ARMS LANE,E01021761,Epping Forest 005B,Investigation complete; no suspect identified
4d9277368c92af8c1d4fd1b966da7c2305be8fa5060822603111c93bfaee1c1d,2015-08,Essex Police,Essex Police,0.721462,51.549159,On or near BOURNEMOUTH PARK ROAD,E01015897,Southend-on-Sea 010C,Investigation complete; no suspect identified
c3dcc564888b21c68f185e59a489f2dd64410777026db65b81de0402856215de,2015-08,Essex Police,Essex Police,1.229514,51.917602,On or near SEAVIEW AVENUE,E01021992,Tendring 004B,Investigation complete; no suspect identified
41f9a559ec44ffba3a16ce0c8b316bd74fec953b6d68b04671ff0f67f6883305,2015-08,Essex Police,Essex Police,0.648094,51.549390,On or near BELFAIRS DRIVE,E01015815,Southend-on-Sea 003B,Investigation complete; no suspect identified
337e0e369a5f0a7ad938e3ef4c9e30577bc85a4a578495ecd1e18413accd1336,2015-08,Essex Police,Essex Police,0.109228,51.781779,On or near Shopping Area,E01021845,Harlow 002B,Investigation complete; no suspect identified
60863cae658f05fbd0ee8bfc9b964f97024905da07c5eb262454a26615a90689,2015-08,Essex Police,Essex Police,0.905583,51.879797,On or near Supermarket,E01021684,Colchester 011B,Investigation complete; no suspect identified
53a30b53d139ffcc05594698f053a5cd02dfddce65681171549387f98a72fbe9,2015-08,Essex Police,Essex Police,0.427331,51.571533,On or near MELLOW PURGESS CLOSE,E01021286,Basildon 016A,Investigation complete; no suspect identified
cc8590f02856b9e185228d002eaf4d3919cd813e8bb34849a3667cd468aee7e5,2015-08,Essex Police,Essex Police,0.142285,51.636004,On or near Park/Open Space,E01021770,Epping Forest 010A,Investigation complete; no suspect identified
0b5e33be19e2f5eb551230ee265fd2ad41b88091923e8ed04a28ad76124d2d41,2015-08,Essex Police,Essex Police,0.327640,51.476886,On or near FINCHLEY ROAD,E01015952,Thurrock 017B,Investigation complete; no suspect identified
81e8dc25ed045b5a852a054bcc72a88a88f9fb94b8118ab1b195b5644441f080,2015-08,Essex Police,Essex Police,0.344899,51.645253,On or near Petrol Station,E01021467,Brentwood 005F,Investigation complete; no suspect identified
b0cd1eb0b71a6128475b9c6f8348d457ffebb0b4416204eab1938fb5554715af,2015-08,Essex Police,Essex Police,0.422007,51.572650,On or near HIGH ROAD,E01021290,Basildon 016D,Investigation complete; no suspect identified
31384bd3e5392834b9172a7d6478eb2f140d314a1fb4c95c31db94f0c19bad74,2015-08,Essex Police,Essex Police,0.090347,51.753772,On or near Pedestrian Subway,E01021859,Harlow 010C,Investigation complete; no suspect identified
ab77abb77ecc69e00b42a0640d2cefd65187a646d850e59ee67912e6383acbf0,2015-08,Essex Police,Essex Police,0.915602,51.872264,On or near Supermarket,E01021667,Colchester 016F,Investigation complete; no suspect identified
6c603299e8d4395f9d03b04f469a63c6d4dea74b94b0e85b9867f1cf259259c0,2015-08,Essex Police,Essex Police,0.702103,51.547700,On or near Petrol Station,E01015861,Southend-on-Sea 004E,Investigation complete; no suspect identified
c800bd26fdfdafcc0598902543b4ec5ae53012611334e8af234f0c0d16fe20f2,2015-08,Essex Police,Essex Police,0.623788,51.550395,On or near ALMA CLOSE,E01021517,Castle Point 005A,Investigation complete; no suspect identified
b9163cdd1760c299eadd9ed6e013bdfa35740c256a8511147d569bc30b3d68fe,2015-08,Essex Police,Essex Police,0.882819,51.869691,On or near OLIVE GROVE,E01033723,Colchester 015G,Investigation complete; no suspect identified
b73ff6776a1d6eff1f5d23df7eeae1f0f0ba5aa6db4025b10b2842055d1e4efc,2015-08,Essex Police,Essex Police,0.424377,51.566738,On or near MARLBOROUGH DRIVE,E01021282,Basildon 021C,Investigation complete; no suspect identified
13fa41d290024e3201fd79e381ae95aa9d2158e03ac31cf02f69a63859ccd5cb,2015-08,Essex Police,Essex Police,0.050486,51.646807,On or near CONNAUGHT HILL,E01021781,Epping Forest 014B,Investigation complete; no suspect identified
8d7beea6ac648756c356eacc52ee63f625750a782ce4320174ca05e92d2d1c0c,2015-08,Essex Police,Essex Police,1.153340,51.787393,On or near Nightclub,E01022025,Tendring 016B,Investigation complete; no suspect identified
ae1ad454e90c83b78bf44aa3c0b51e07ec1f0a60e77b6021988b3102bdcdda6b,2015-08,Essex Police,Essex Police,0.810547,51.902153,On or near FIDDLERS FOLLY,E01021730,Colchester 003D,Investigation complete; no suspect identified
c28a2e130ff914d73b8a16db6a36850c1f2c2517d0a8eeac312cec931685a293,2015-08,Essex Police,Essex Police,0.228365,51.650580,On or near SABINES ROAD,E01021443,Brentwood 001C,Investigation complete; no suspect identified
41b580714fc6eeb3a275cb83e9c65cee02eeec4cfc541be74a3e8173f60422d3,2015-08,Essex Police,Essex Police,0.123124,51.652126,On or near SAWYER'S CHASE,E01021770,Epping Forest 010A,Investigation complete; no suspect identified
4f09b7f67b6aaf4618a5d1c33280ffcfb30342f852ebe542b9d9d8a669945ba6,2015-08,Essex Police,Essex Police,0.080233,51.759419,On or near Sports/Recreation Area,E01021833,Harlow 009D,Investigation complete; no suspect identified
c4a5c3a731e281df22d7f161a4e0345debb99b91ac4ef7fca988ef9b3eed15ce,2015-08,Essex Police,Essex Police,0.445960,51.579555,On or near MILES GRAY ROAD,E01021319,Basildon 017E,Investigation complete; no suspect identified
c679d31b5ce76305d62815a10b43179e594a504e1fec5f4e0e100b8ff11e7fba,2015-08,Essex Police,Essex Police,0.440211,51.517495,On or near ABBOTTS HALL CHASE,E01015990,Thurrock 003D,Investigation complete; no suspect identified
79ab13ed603523d78ff7709b89fd9eeb0a0d42c56d590d062920b39306f300ac,2015-08,Essex Police,Essex Police,1.157180,51.798550,On or near OXFORD ROAD,E01022043,Tendring 014B,Investigation complete; no suspect identified
1f0d35e0d59231b480b052fb7a552f43d2cf82666cac0b7162bc4ef45e7a0763,2015-08,Essex Police,Essex Police,0.471575,51.566148,On or near GREAT MISTLEY,E01021295,Basildon 020B,Investigation complete; no suspect identified
696caa360916c8c6b6b32a90464c1dedd6e448de0b4c4902d40c93ff62768f4e,2015-08,Essex Police,Essex Police,0.455928,51.794587,On or near BROOK MEAD,E01021539,Chelmsford 001B,Investigation complete; no suspect identified
082840101034b9f70749fc3a4e3f93bf673cb5cc3c955a5614831d0a978322a5,2015-08,Essex Police,Essex Police,0.109725,51.772544,On or near MONKSWICK ROAD,E01021850,Harlow 003B,Investigation complete; no suspect identified
61016af1d159e4f90a27b355a5863c1a81ecff6fc6366e94eb56ea810a7ec11b,2015-08,Essex Police,Essex Police,0.344899,51.645253,On or near Petrol Station,E01021467,Brentwood 005F,Investigation complete; no suspect identified
20e9c9fcfd72acc22f70c06acf5357ec47a43280efa213ab40aa17252d3dcee8,2015-08,Essex Police,Essex Police,-0.002946,51.739658,On or near NAZEING NEW ROAD,E01021792,Epping Forest 002B,Investigation complete; no suspect identified
58a903ae56fb4b1acec91d237bdee9918844d00b47f86f4deaccaa0c1ffbcd63,2015-08,Essex Police,Essex Police,0.786734,51.544622,On or near CAVERSHAM AVENUE,E01015879,Southend-on-Sea 013D,Investigation complete; no suspect identified
2021e3168408358b8cf7d51b59f657c3191e4b6d5b6f5026e94fdb5053bde588,2015-08,Essex Police,Essex Police,0.924555,51.889543,On or near BRIDGEFIELD CLOSE,E01021706,Colchester 022H,Investigation complete; no suspect identified
cd8447ee9c7cfed2f9c0de0018ab5ff9f20cf4012aa4c49291041cfe072d8b01,2015-08,Essex Police,Essex Police,0.092811,51.774150,On or near Supermarket,E01021843,Harlow 004E,Investigation complete; no suspect identified
7ba3c71118f1db8cacd4a5a55347ab97c0d446577db7daa6c2627d06d81f94f7,2015-08,Essex Police,Essex Police,0.069748,51.641595,On or near LOWER ALDERTON HALL LANE,E01021771,Epping Forest 013A,Investigation complete; no suspect identified
f975cae599365af95f030f70800a3b35620cac092ae6a2f17e0e29d3d78bedc8,2015-08,Essex Police,Essex Police,1.149934,51.795741,On or near CROSSFIELD ROAD,E01022026,Tendring 016C,Investigation complete; no suspect identified
b4a4d227cbeb40356961023a5953b80525bd2c52ec9f70414f3046f8d43900da,2015-08,Essex Police,Essex Police,0.412754,51.578327,On or near MERRYLANDS,E01021278,Basildon 014E,Investigation complete; no suspect identified
fa9792038f8fee5645319f0a91437d7b950f4ab92296197665978ceb43a7fa4c,2015-08,Essex Police,Essex Police,0.097001,51.781044,On or near Parking Area,E01021853,Harlow 003E,Investigation complete; no suspect identified
d56b77e51f0bf21e14077aea5a8147950e09838dcc5ac66710902efa53339e39,2015-08,Essex Police,Essex Police,0.181428,51.725858,On or near HOWS MEAD,E01021797,Epping Forest 001C,Investigation complete; no suspect identified
f57ba7a3ad56a94ca5e368cf90bcec894e5fd30d65fe34828ac99a9b1695d7db,2015-08,Essex Police,Essex Police,0.094835,51.767145,On or near Pedestrian Subway,E01021872,Harlow 007E,Investigation complete; no suspect identified
4ad18ebfc33ea141ab7eee9ec6cd61aeb17d588c5243e07a34e439e207925938,2015-08,Essex Police,Essex Police,0.913033,51.878830,On or near BOURNE ROAD,E01021684,Colchester 011B,Investigation complete; no suspect identified
02e01b798ffdb885ea365d11c7356950653c153da32867f44777b8cf08d420f7,2015-08,Essex Police,Essex Police,0.264244,51.667079,On or near CHURCH ROAD,E01021443,Brentwood 001C,Investigation complete; no suspect identified
fbf156cbce0ebb33d299515988ac6a1e648d17f80e1c552effb13c524d880073,2015-08,Essex Police,Essex Police,0.053397,51.646298,On or near Police Station,E01021781,Epping Forest 014B,Investigation complete; no suspect identified
f8a50d15690d057f088a9777fddb147a3e52982b2965b4d61fcfb1ae1eed27de,2015-08,Essex Police,Essex Police,0.506941,51.572925,On or near WINIFRED ROAD,E01021304,Basildon 013C,Investigation complete; no suspect identified
39def63ac597857a76ef097e5eb542d9ab1a870931c10bb8cd2ecca0d4ffdb91,2015-08,Essex Police,Essex Police,1.275034,51.931697,On or near BEACH ROAD,E01021999,Tendring 001C,Investigation complete; no suspect identified
99e58da5be89a04dd3b6583dd39c323f89c22786e0e1948258a49d0fe41e293e,2015-08,Essex Police,Essex Police,0.084919,51.764884,On or near Sports/Recreation Area,E01021842,Harlow 004D,Investigation complete; no suspect identified
db048550dfbdb9f9cb13d71f89a5222beaa910b2b91d803a331b663fa86af1f5,2015-08,Essex Police,Essex Police,0.260427,51.935277,On or near CHICKNEY ROAD,E01022062,Uttlesford 005A,Investigation complete; no suspect identified
01e71c915b01bf8b2ac870051dda70535cad2204364c6287de3c936d8c5e9e14,2015-08,Essex Police,Essex Police,0.270445,51.486039,On or near Parking Area,E01016012,Thurrock 015C,Investigation complete; no suspect identified
e9b43034901edf808f72b62a3be38d04655a8610b05d01486780c2ff19942083,2015-08,Essex Police,Essex Police,0.053305,51.643628,On or near OLD STATION ROAD,E01021781,Epping Forest 014B,Investigation complete; no suspect identified
ef3f6168f80fed34e8b4909aaa2beaae0a2e6b41b95a26976df6af168642b85c,2015-08,Essex Police,Essex Police,0.265807,51.602741,On or near NAG'S HEAD LANE,E01021473,Brentwood 008D,Investigation complete; no suspect identified
0cc7ba2247cd415956fef7a4b3f23dadad17215698765213375afe7c1bd7ac4d,2015-08,Essex Police,Essex Police,0.693186,51.745645,On or near SYCAMORE ROAD,E01021888,Maldon 003E,Investigation complete; no suspect identified
8cb1a34e66ce23208eaa054b2fef705c93647ce39fe2dc50c03650eae694dab6,2015-08,Essex Police,Essex Police,0.146293,51.760560,On or near MALKIN DRIVE,E01021828,Harlow 005E,Investigation complete; no suspect identified
947ad67630579c611c95eaefdc6e2ad455a75b854ec31955b6548e19fea59b09,2015-08,Essex Police,Essex Police,0.836479,51.886853,On or near TOLLGATE COURT,E01021719,Colchester 012B,Investigation complete; no suspect identified
9ac96c8a963e98007c8b2c623f45e85881b0a120f94a2556d8c5643e2fa6f437,2015-08,Essex Police,Essex Police,0.931039,51.903403,On or near ST LAWRENCE ROAD,E01021709,Colchester 022B,Investigation complete; no suspect identified
0751460b26c67381823b17c1c3f9916c705e8b79e158124ed51dbe5a563795ca,2015-08,Essex Police,Essex Police,0.044145,51.642098,On or near ALBION HILL,E01021780,Epping Forest 014A,Investigation complete; no suspect identified
a75ad64172d4db90729d9e8cfe1449b80913c4a58ed055917744c7e68d9980c9,2015-08,Essex Police,Essex Police,0.094481,51.770766,On or near EAST GATE,E01021872,Harlow 007E,Investigation complete; no suspect identified
f8ac71c7faec6c8f1968e7f52c6e284d52b38dd5486245c8482d033a31c0d8f4,2015-08,Essex Police,Essex Police,0.370752,51.708260,On or near POOL'S LANE,E01021551,Chelmsford 011A,Investigation complete; no suspect identified
ca716c6425721bd0b8cc6525000164acc60ffea1de5f378baf4c9d01c6e086c6,2015-08,Essex Police,Essex Police,0.054196,51.647669,On or near CLIFTON ROAD,E01021791,Epping Forest 012F,Investigation complete; no suspect identified
a9647c1fc40826177e425c98e3f00e7a40f300f47a99fff476fb5621347cda1c,2015-08,Essex Police,Essex Police,0.071140,51.616328,On or near TUDOR CLOSE,E01021752,Epping Forest 016D,Investigation complete; no suspect identified
9617959e45f37b3c99bddeb1e289bec8ec44fc4be2539fb034575d74e76466c4,2015-08,Essex Police,Essex Police,0.319514,51.513425,On or near Park/Open Space,E01015932,Thurrock 006A,Investigation complete; no suspect identified
3328a29961121d1f670d8664ccf53fce916783f512f23b7b0177af93048f10b2,2015-08,Essex Police,Essex Police,0.836849,51.660753,On or near HALL ROAD,E01021906,Maldon 006D,Investigation complete; no suspect identified
ed3f5500ca06eda49978ce58d04b2fa28321da22edac2bf62e880357b347ac55,2015-08,Essex Police,Essex Police,0.500728,51.746078,On or near Supermarket,E01021626,Chelmsford 007E,Investigation complete; no suspect identified
5992e99450bae9f28745ceb97b338ebd517e25032f7b1ab9dc9206c45be2b68f,2015-08,Essex Police,Essex Police,0.117961,51.620754,On or near RAYMOND GARDENS,E01021749,Epping Forest 016A,Investigation complete; no suspect identified
414b95b679dbea67f4e6e9df814114e70a48226735e6e84947986484e4835060,2015-08,Essex Police,Essex Police,1.154379,51.789595,On or near ROSEMARY ROAD,E01022025,Tendring 016B,Investigation complete; no suspect identified
6214e0518a460e271fd8e1dec377d1f2f367e64eb9b121bc392e8762c34ba949,2015-08,Essex Police,Essex Police,0.596014,51.513565,On or near LOVENS CLOSE,E01021500,Castle Point 012E,Investigation complete; no suspect identified
34ed94f54584a09e4378879837ff3e012472ad0a4a93e632425822c3a1022a49,2015-08,Essex Police,Essex Police,0.072575,51.656365,On or near HILLYFIELDS,E01021779,Epping Forest 011F,Investigation complete; no suspect identified
1d0fc257811d57252a97c80ae71457ff957c0bb21ff5263e949d5756cfe501eb,2015-08,Essex Police,Essex Police,0.330926,51.631259,On or near HUTTON ROAD,E01021455,Brentwood 005C,Investigation complete; no suspect identified
e0e209d1f7193558daded1a401f1df816912d63134dc1631e0e90d81d580ddbd,2015-08,Essex Police,Essex Police,0.018746,51.750599,On or near Bus/Coach Station,E01021801,Epping Forest 002E,Investigation complete; no suspect identified
c90938e8b2f413529fab591f3ef8a89e51b2550578ed8d70a05a9b17918ad0e4,2015-08,Essex Police,Essex Police,0.903719,51.884699,On or near Petrol Station,E01021683,Colchester 011A,Investigation complete; no suspect identified
6fc05708a0f5e3a152563f4353b28d1cb9ba8fac128f993e4065d2a61ca5da63,2015-08,Essex Police,Essex Police,0.656686,51.553009,On or near ELLENBROOK CLOSE,E01015826,Southend-on-Sea 005G,Investigation complete; no suspect identified
0f02a9981c2dc7915d05f3a991a796eaebdd454464ef013a323f6f242481f437,2015-08,Essex Police,Essex Police,0.455364,51.569789,On or near Shopping Area,E01021318,Basildon 015C,Investigation complete; no suspect identified
457baaff44695905a9154e8d0d6126fced636103880c9ba3b523dc31737b75cc,2015-08,Essex Police,Essex Police,0.084945,51.647729,On or near Parking Area,E01021776,Epping Forest 011C,Investigation complete; no suspect identified
f2d1a7b6b6ee94aa0fbb543f479250211a65da9e84aff0f6e78e6f1c725939ea,2015-08,Essex Police,Essex Police,0.352574,51.875756,On or near ACACIA DRIVE,E01033054,Uttlesford 007D,Investigation complete; no suspect identified
4e8833a1f91ed09fc0372323d5f55a14bf983e805d8c8c8bc96925b111f608fe,2015-08,Essex Police,Essex Police,0.814310,51.626077,On or near KINGS ROAD,E01021880,Maldon 008E,Investigation complete; no suspect identified
7e5360d652d198cbce8a50fcbb8440784e1adb6c12b33320cdd16b6f1301b86b,2015-08,Essex Police,Essex Police,0.335328,51.616810,On or near WENDOVER GARDENS,E01021454,Brentwood 009C,Investigation complete; no suspect identified
816a0f6a5b6e4c462d23b27613357e313bc058c0b2be11c142f6051b299e20bf,2015-08,Essex Police,Essex Police,0.439042,51.948032,On or near BROOK STREET,E01021411,Braintree 005B,Investigation complete; no suspect identified
4fd4931a725da511e4ddfeabedc81a90149e9dd54354325a19f146224e4e21e7,2015-08,Essex Police,Essex Police,0.428854,51.579253,On or near BYRD COURT,E01021279,Basildon 010E,Investigation complete; no suspect identified
c39db8221051b8863902cf644b5b3f8ba981023e4866788bdeb17f843307bdf0,2015-08,Essex Police,Essex Police,0.504484,51.591747,On or near LORDS COURT,E01021307,Basildon 011C,Investigation complete; no suspect identified
da6ad281c8107d6cf0a1cb8e0c9312fa5d31e6f07d4e122471eff8045a2e3204,2015-08,Essex Police,Essex Police,0.664462,51.561404,On or near BROOMFIELD AVENUE,E01015825,Southend-on-Sea 005F,Investigation complete; no suspect identified
02a20256837f4b5354bee1053b438795a4535824e4bcf24f0357a5fc0d0798d0,2015-08,Essex Police,Essex Police,0.908856,51.871972,On or near Petrol Station,E01021637,Colchester 018A,Investigation complete; no suspect identified
c19c70b5ec605a3c49658402bd9e20e5dc45cffaba2081bdbe7969702e4f4b73,2015-08,Essex Police,Essex Police,0.460736,51.568517,On or near CLAY HILL ROAD,E01021318,Basildon 015C,Investigation complete; no suspect identified
b21dbb9dd0ed1c48c927946081983c68dcc56e482d6e486baa91df3c33592f50,2015-08,Essex Police,Essex Police,0.671282,51.570917,On or near Supermarket,E01015863,Southend-on-Sea 002A,Investigation complete; no suspect identified
e75e44db0a4c6f76ddb0e3b4b83cea937399221b8655c31cf107fd1f8759827b,2015-08,Essex Police,Essex Police,0.835563,51.883386,On or near TOLLGATE ROAD,E01021654,Colchester 010A,Investigation complete; no suspect identified
8801a3519e406b731a6fc65bd3c0511c7e1fdd0e82f719f021d24e19f2314465,2015-08,Essex Police,Essex Police,0.716855,51.546415,On or near SUTTON ROAD,E01015898,Southend-on-Sea 010D,Investigation complete; no suspect identified
adaf089dd30282e8a909f7b1ee4409d037c9af67fb7741ff7675a32767888f67,2015-08,Essex Police,Essex Police,0.464594,51.756950,On or near ESSEX AVENUE,E01021588,Chelmsford 006B,Investigation complete; no suspect identified
a2d02250cc76dc2314840b1378c585f4cf95b83d5be547bd2c26106ffe259242,2015-08,Essex Police,Essex Police,0.415968,51.483211,On or near THOMAS BATA AVENUE,E01015948,Thurrock 013B,Investigation complete; no suspect identified
2871974d18a5266a0270c8c43b334ac29c4869139cf6a331648ba48922a5cbb1,2015-08,Essex Police,Essex Police,0.414230,51.805936,On or near WOOLMERS MEAD,E01021550,Chelmsford 003A,Investigation complete; no suspect identified
8ff446623f14307966fd132f5dc6c8938bf5e32d7702752ad3e2dd2cf9df130e,2015-08,Essex Police,Essex Police,1.244191,51.929511,On or near ABDY AVENUE,E01033051,Tendring 002F,Investigation complete; no suspect identified
9f08ce8229141b6ad4db65ea1a4e2a6221b949380ffb76647202eca2098cd87c,2015-08,Essex Police,Essex Police,1.271407,51.934235,On or near MAPLE CLOSE,E01021999,Tendring 001C,Investigation complete; no suspect identified
c398386b07537949ba89977e075f0b30e1f2922feaa96e77427cb006bfac2f36,2015-08,Essex Police,Essex Police,0.364492,51.469071,On or near BERKELEY TERRACE,E01016007,Thurrock 018E,Investigation complete; no suspect identified
5df735a544ceb11efa91aa5e54afdd532df8512cd914015f430f88627d1db6cc,2015-08,Essex Police,Essex Police,0.296350,51.523989,On or near PEARTREE CLOSE,E01015971,Thurrock 006B,Investigation complete; no suspect identified
3323d40ecb850a404737855f4f226fdc55ae0a17c4c5122f7e066483e0526564,2015-08,Essex Police,Essex Police,0.293477,51.626232,On or near CLEVES AVENUE,E01021432,Brentwood 004B,Investigation complete; no suspect identified
c93699f4b941ba6af7b92f6b3c93299dbae9576a38150cdc7b10c8ae5f75c97e,2015-08,Essex Police,Essex Police,1.182383,51.803357,On or near Supermarket,E01022034,Tendring 012C,Investigation complete; no suspect identified
f0375daa8af34135ef425a745204804b68d3ff7aa7c372445847ca1f23d61a2f,2015-08,Essex Police,Essex Police,0.649933,51.544789,On or near GLENDALE GARDENS,E01015845,Southend-on-Sea 011A,Investigation complete; no suspect identified
80140ff3c7890ecde2248724ce8846c5deb88353c395804e52b517faa2e69d1e,2015-08,Essex Police,Essex Police,0.459123,51.744816,On or near Supermarket,E01021573,Chelmsford 009A,Investigation complete; no suspect identified
45b5739b23bf74a7917caca71a028e474979569ca2cbc119dc10e82220e505e6,2015-08,Essex Police,Essex Police,0.302207,51.620297,On or near HIGH STREET,E01021433,Brentwood 007A,Investigation complete; no suspect identified
3d9b45912d2d182728f3f9c41195539ceb1cd55f95a96c7b5908e079d4d792aa,2015-08,Essex Police,Essex Police,1.261418,51.940359,On or near Iconfield Park,E01022007,Tendring 002D,Investigation complete; no suspect identified
c19d1a052da316b96f59b5945154a831f69abb8ba4ab6d063a421a0edfcbe81c,2015-08,Essex Police,Essex Police,0.845719,51.884732,On or near ROGATION CLOSE,E01021720,Colchester 012C,Investigation complete; no suspect identified
1141092563345b7dc39364da093283f731cb33130744381fd22a714049ffae21,2015-08,Essex Police,Essex Police,0.736455,51.548522,On or near CROSSFIELD ROAD,E01015886,Southend-on-Sea 009D,Investigation complete; no suspect identified
bfe073349d816d80d4ea108ada657973a8dcbe9a1fcafd6887bfee79ee5961d0,2015-08,Essex Police,Essex Police,0.328663,51.630809,On or near Supermarket,E01021465,Brentwood 005D,Investigation complete; no suspect identified
781e0ccf2ea884e2aec1c3243cb2e01ace9996b37ab9cb449e8cb5ff5a052934,2015-08,Essex Police,Essex Police,0.008813,51.646493,On or near BURY ROAD,E01021806,Epping Forest 009A,Investigation complete; no suspect identified
f8a91633ea29092507b03c1a7e0d9f4a583b212908c7214592c6801df2e9193b,2015-08,Essex Police,Essex Police,0.855894,51.912473,On or near ALBANY ROAD,E01021728,Colchester 003B,Investigation complete; no suspect identified
a6c7654adb276d105d43a0bbdac0331bd888687f938c1976dd35c9bc36f928e1,2015-08,Essex Police,Essex Police,0.471763,51.729820,On or near Supermarket,E01033140,Chelmsford 010F,Investigation complete; no suspect identified
ee767653b050bd6e2277756fa9665201023f67cd6ef3f5ca9f0b049dcdc94cb3,2015-08,Essex Police,Essex Police,0.103004,51.749886,On or near COPSHALL CLOSE,E01021858,Harlow 010B,Investigation complete; no suspect identified
8199bd479fab1b0c7d0a81deb1494ba5cdeacfd83598ada002ca606080182f42,2015-08,Essex Police,Essex Police,0.709743,51.544690,On or near Police Station,E01015895,Southend-on-Sea 010A,Investigation complete; no suspect identified
674ebd1fb6e1087f2ca624f28fa91e25d13f3fed499ae19cc74c89f80fcca052,2015-08,Essex Police,Essex Police,0.739965,51.540202,On or near APOLLO DRIVE,E01015884,Southend-on-Sea 009B,Investigation complete; no suspect identified
2329a9eee4d51b28de522e877bc974941920ef56ef45063d91cb4783cf022d9f,2015-08,Essex Police,Essex Police,0.277434,51.486092,On or near Shopping Area,E01016012,Thurrock 015C,Investigation complete; no suspect identified
1fd5ec6ce3e614ba163f6647cd866a7ae1eea509e24e4eafb7cc4bbdaa98ae57,2015-08,Essex Police,Essex Police,0.691150,51.544444,On or near Supermarket,E01015902,Southend-on-Sea 007B,Investigation complete; no suspect identified
8cdcead06f107caf2a6b17440384252c416601d4f345fcc4e6c1d5679ce9dead,2015-08,Essex Police,Essex Police,0.528231,51.582586,On or near ELM ROAD,E01021312,Basildon 011F,Investigation complete; no suspect identified
fdcd60db269daa5dbf43d353733e0ece4c89b8b21fecebcda36697abed0e12b4,2015-08,Essex Police,Essex Police,1.280609,51.936911,On or near KINGSWAY,E01022001,Tendring 001D,Investigation complete; no suspect identified
ad2530c683b136aab10563a6c53ce1b1b2023a9eac89a8ef8d27026886fd14eb,2015-08,Essex Police,Essex Police,0.754149,51.555348,On or near REBELS LANE,E01021924,Rochford 010E,Investigation complete; no suspect identified
10208a455b62841b1538c42906b85ebc475c12d8923759e86a60a3ebbb615b2d,2015-08,Essex Police,Essex Police,1.144508,51.806562,On or near THIRTLE CLOSE,E01021975,Tendring 013A,Investigation complete; no suspect identified
7a6ae763582f54c2783ae9ba501a1cc378bdb9891b4495ab09c8f38b924c6ba9,2015-08,Essex Police,Essex Police,0.904659,51.888912,On or near Parking Area,E01021648,Colchester 007C,Investigation complete; no suspect identified
88955f7d3935bd2fef1add25191ae66c121b74f1dfde2f7ebf728cd59fa680b1,2015-08,Essex Police,Essex Police,0.081345,51.610779,On or near Petrol Station,E01021767,Epping Forest 017D,Investigation complete; no suspect identified
86d80fb8675c2665282b921de37b7a4d37cc0db4c419ecca4f3cc06e30e3c677,2015-08,Essex Police,Essex Police,0.453166,51.581751,On or near HOWARD CHASE,E01021268,Basildon 015B,Investigation complete; no suspect identified
488dd6a15ecdf65cc359ac9f6e6bf9820b5020b4cbc314323fd34be5e99deb92,2015-08,Essex Police,Essex Police,0.904292,51.884343,On or near FAIRFAX ROAD,E01021683,Colchester 011A,Investigation complete; no suspect identified
b948c89eb58ec4117425fac22900336ba6d263d929ef85eb52a37e9aaf780e80,2015-08,Essex Police,Essex Police,0.684100,51.561163,On or near Supermarket,E01015868,Southend-on-Sea 002F,Investigation complete; no suspect identified
c3310f2799a9bca4117822b3bd8fba12d9b238b8590709b6dd87d179227805b0,2015-08,Essex Police,Essex Police,0.691224,51.540566,On or near VALKYRIE ROAD,E01015831,Southend-on-Sea 012E,Investigation complete; no suspect identified
0a64b08916b6776cc1016d2ebdf5989b0b5e9cebb9884c01e854ec7918585a9e,2015-08,Essex Police,Essex Police,0.496745,51.747673,On or near Supermarket,E01021625,Chelmsford 007D,Investigation complete; no suspect identified
1b98f470b5a0518a2cb1950e396bf6f745f91605ed118dbc8e6057454d609102,2015-08,Essex Police,Essex Police,0.471763,51.729820,On or near Supermarket,E01033140,Chelmsford 010F,Investigation complete; no suspect identified
8081310f59d7837f18f9cefdb01dc695173a77c708a1d1a337533fcf231ce048,2015-08,Essex Police,Essex Police,1.119375,51.776679,On or near ROSEMARY WAY,E01021990,Tendring 018C,Investigation complete; no suspect identified
1c565048e7c389f042788f979d9c313aad882c139270933015b646faee57f83f,2015-08,Essex Police,Essex Police,0.443114,51.583274,On or near Pipps Hill Retail Park,E01021268,Basildon 015B,Investigation complete; no suspect identified
ca6687e6c9ad08bef493fb197738f180faab7d034a59d0535e9087df6b1d51bb,2015-08,Essex Police,Essex Police,0.093567,51.769182,On or near Shopping Area,E01021872,Harlow 007E,Investigation complete; no suspect identified
cfc5a56625e9d6374076f5d98e76eddcbb7dcd2251f95f28fa53cc76466ac3ae,2015-08,Essex Police,Essex Police,0.777216,51.819261,On or near NEWBRIDGE ROAD,E01021643,Colchester 019A,Investigation complete; no suspect identified
15c274ba052df1e5bc25a984ecf8b8d95b52f1c6f33cc5d9f0a58e6f7337287e,2015-08,Essex Police,Essex Police,0.323432,51.476835,On or near Shopping Area,E01015954,Thurrock 017D,Investigation complete; no suspect identified
7942a40bbf00da1acdc5b41fb5528ab2b9a59a052b5a0d6068bacab44c63fe70,2015-08,Essex Police,Essex Police,0.559458,51.554119,On or near Petrol Station,E01021522,Castle Point 007C,Investigation complete; no suspect identified
3e0fd8400a59331c5ef97f4cbe35362229a5957587405f6621c885413bb36f59,2015-08,Essex Police,Essex Police,0.392137,51.562561,On or near LOWER DUNTON ROAD,E01021284,Basildon 021E,Investigation complete; no suspect identified
d91da57ffcf1f106d49bc39b5107867f1bb2d2792486267ae2b1b8b40e67f5d6,2015-08,Essex Police,Essex Police,0.602599,51.600952,On or near NORWICH CRESCENT,E01021918,Rochford 005A,Investigation complete; no suspect identified
0970f6794d005731433bcc38ebb06602f336870468c0e8f6caf0ab238964bb0d,2015-08,Essex Police,Essex Police,0.053305,51.643628,On or near OLD STATION ROAD,E01021781,Epping Forest 014B,Investigation complete; no suspect identified
a32c4a2a5c943779bdfce9275d37d6517792e652f24bb3f7ada52edc9fb7a369,2015-08,Essex Police,Essex Police,0.057030,51.649274,On or near HIGH ROAD,E01021791,Epping Forest 012F,Investigation complete; no suspect identified
adf61e2d5c93988abc665757b89441e9e2c5280855d7c90d0e713e2e3aeb4179,2015-08,Essex Police,Essex Police,0.561894,51.544587,On or near HIGH STREET,E01021480,Castle Point 007A,Investigation complete; no suspect identified
d40c63f2f91c7e4c16c727b4fcbb3a83ef00d7ad3208c47a98d05dfb0ea50614,2015-08,Essex Police,Essex Police,0.121022,51.755650,On or near SPINNING WHEEL MEAD,E01021835,Harlow 008C,Investigation complete; no suspect identified
af51a52003b94a86dbd296fd6529b095e909c367178b0378026d72b26deaa4a6,2015-08,Essex Police,Essex Police,0.610588,51.554674,On or near RECTORY ROAD,E01021520,Castle Point 006C,Investigation complete; no suspect identified
9588ebef36cd75245f188acba9a73426bf99bd9e459cbf3352f4921c83083c0f,2015-08,Essex Police,Essex Police,0.451336,51.966122,On or near THE HOPGROUNDS,E01021412,Braintree 005C,Investigation complete; no suspect identified
e1b05404464da2443fce9a9cfd05576a5f930a36c473dd2a66d0674f5193ab0d,2015-08,Essex Police,Essex Police,0.011728,51.690758,On or near OLD OAKS,E01021811,Epping Forest 007A,Investigation complete; no suspect identified
132b43b9fed05706e23d4b09b2b828fa68a7a2daeeb2458db75f0cdd97a2c7ba,2015-08,Essex Police,Essex Police,0.997930,51.928203,On or near HOME FARM LANE,E01021971,Tendring 005A,Investigation complete; no suspect identified
2196ceaa816f512a614e3eebd927e8b382c99aba10deca8013d9062e735aae0e,2015-08,Essex Police,Essex Police,0.509103,51.611119,On or near LONDON MEWS,E01021329,Basildon 006B,Investigation complete; no suspect identified
d4f2c387714042a19fb25f6ccf542983ee9397808ba28bd9c16e605a60e896b9,2015-08,Essex Police,Essex Police,1.247258,51.831137,On or near HAROLD ROAD,E01021986,Tendring 006B,Investigation complete; no suspect identified
1be0b4d5494502574535d7931c09b62fa2735ec96ab28524817dc67c61079252,2015-08,Essex Police,Essex Police,0.702103,51.547700,On or near Petrol Station,E01015861,Southend-on-Sea 004E,Investigation complete; no suspect identified
395150e8aa504f8a99ba6510798e5e5bbeae95af8139c1af6e55bff747a82d4d,2015-08,Essex Police,Essex Police,0.685124,51.545473,On or near LONDON ROAD,E01015901,Southend-on-Sea 007A,Investigation complete; no suspect identified
ab7ea6d6ca0870ef68b92d54d0ba010d1c4324dee0eef21485c76cb8936eca87,2015-08,Essex Police,Essex Police,0.918776,51.893455,On or near Supermarket,E01021704,Colchester 022F,Investigation complete; no suspect identified
215aae9ac22fd39cc310cda5cdf1a1a8b948641491497f768ecf48f4a3e02065,2015-08,Essex Police,Essex Police,0.468128,51.738062,On or near Parking Area,E01021574,Chelmsford 010A,Investigation complete; no suspect identified
1416175ae13781ed3e43b252410e2a55f4dee00a5b57a1d5dbab503e8fe110a2,2015-08,Essex Police,Essex Police,1.154883,51.790382,On or near HIGH STREET,E01022025,Tendring 016B,Investigation complete; no suspect identified
bd7225b5af48b3e7319138db70fa9f41cece306d1a51c208a3bd8c2f8d401278,2015-08,Essex Police,Essex Police,0.302120,51.618869,On or near Supermarket,E01021436,Brentwood 007B,Investigation complete; no suspect identified
2acf140f01ce95523cbd206cac92f7c0c139712884400160e419a5f2bb290db1,2015-08,Essex Police,Essex Police,0.662379,51.545263,On or near CHALKWELL PARK DRIVE,E01015846,Southend-on-Sea 011B,Investigation complete; no suspect identified
120814e1bfdd9d92a704a38bc10bc2c4047a2fb210223488e3719339032aa572,2015-08,Essex Police,Essex Police,0.662379,51.545263,On or near CHALKWELL PARK DRIVE,E01015846,Southend-on-Sea 011B,Investigation complete; no suspect identified
692f5624908522b198f5644d12d564da0c6c379775c039fad3fa64d33b2cc69d,2015-08,Essex Police,Essex Police,0.724776,51.550296,On or near SELBOURNE ROAD,E01015871,Southend-on-Sea 006C,Investigation complete; no suspect identified
283138db5e6e8f474fc1e76bc3b6180d960c650b8840306d8da7acd557aef070,2015-08,Essex Police,Essex Police,0.492792,51.725616,On or near Pedestrian Subway,E01021563,Chelmsford 014B,Investigation complete; no suspect identified
bfc86dfbbaaba83a5a5876de72d586e9ab6206e752e4046114b1c1fa534dc4fb,2015-08,Essex Police,Essex Police,0.343830,51.489028,On or near Petrol Station,E01015965,Thurrock 010C,Investigation complete; no suspect identified
5bcac41734a4f795ce2a73d5e4524263234e0ae1805152e4ef72f1ff452d540b,2015-08,Essex Police,Essex Police,0.709427,51.537916,On or near GORDON PLACE,E01015852,Southend-on-Sea 015B,Investigation complete; no suspect identified
b22bee29e5e5f367db8cfcdd243b840cabde13a713e16cb0ac0ec84a3da224af,2015-08,Essex Police,Essex Police,0.904304,51.876636,On or near MAPLE WAY,E01021642,Colchester 018F,Investigation complete; no suspect identified
c6581d8546ddc909a8f09ed5f8be678de52624ff6abfa7289d475783956ac0c4,2015-08,Essex Police,Essex Police,0.316135,51.474947,On or near ASTLEY,E01015953,Thurrock 017C,Investigation complete; no suspect identified
72895ce0e773829cbde4604811064b227ba09a350f9749387aa11e620bf384cd,2015-08,Essex Police,Essex Police,0.904110,51.902254,On or near GRESLEY CLOSE,E01021679,Colchester 004A,Investigation complete; no suspect identified
5af4b092c55c459133eab4d5b64201ab86c7ed7924934b48353e1711662d7cf1,2015-08,Essex Police,Essex Police,0.416509,51.623512,On or near Supermarket,E01021244,Basildon 004A,Investigation complete; no suspect identified
9ece794ab7bf9bc9d3be0cd583501599567e3a1988f4a0df0e3e595bb9549854,2015-08,Essex Police,Essex Police,0.101619,51.749380,On or near LOWER MEADOW,E01021858,Harlow 010B,Investigation complete; no suspect identified
9f494b891ed01accb7d83955802109005fc1d9e1d58993c20a4fe814119e43a5,2015-08,Essex Police,Essex Police,0.089191,51.749440,On or near JOYNERS FIELD,E01021862,Harlow 011A,Investigation complete; no suspect identified
c6bf099366a4ca465678091d959e4adca679649cd18b1302402aa4f0d743987c,2015-08,Essex Police,Essex Police,0.133650,51.760430,On or near FULLERS MEAD,E01021834,Harlow 008B,Investigation complete; no suspect identified
09d107a45978536431fb00b5205fee0a2e5653447887dcf16617776ec50fec8c,2015-08,Essex Police,Essex Police,0.294127,51.491792,On or near Supermarket,E01015982,Thurrock 019A,Investigation complete; no suspect identified
a0a570730ecd5c90d28c2db660c4a7abf094b68ede7ad7248ec40d64974b571c,2015-08,Essex Police,Essex Police,0.897778,51.887913,On or near SIR ISAAC'S WALK,E01021649,Colchester 007D,Investigation complete; no suspect identified
a19d1511b43737d7b4f13d79a991b56f5fd22d4a9e1d3d50558dd08ef66ecc44,2015-08,Essex Police,Essex Police,0.481969,51.569131,On or near FAIRVIEW ROAD,E01021322,Basildon 019A,Investigation complete; no suspect identified
342b73530aba267f40228132d0df781ed5f6b6e1240359deeabfc9dd87119490,2015-08,Essex Police,Essex Police,0.684722,51.720675,On or near POULTON CLOSE,E01021895,Maldon 005C,Investigation complete; no suspect identified
1b78ae35d6ed51891d5378aa9ceba3b3a2efa1acb488cad1aa09eaaa09200c2e,2015-08,Essex Police,Essex Police,1.150152,51.794503,On or near ST ANDREW'S ROAD,E01022026,Tendring 016C,Investigation complete; no suspect identified
cb999974247ea6c4851b96a6b8cafe819f3e207d46832f43b89af2444540390a,2015-08,Essex Police,Essex Police,0.092636,51.771302,On or near Nightclub,E01021872,Harlow 007E,Investigation complete; no suspect identified
677542585aea6832292be11c54436aebc39cdbbc2ea84ca1bd703c27200ce871,2015-08,Essex Police,Essex Police,0.727549,51.532757,On or near BERESFORD ROAD,E01015841,Southend-on-Sea 014C,Investigation complete; no suspect identified
4e37a492bd457b9e0bda6a9fc725390aceda46cd30c97add28bcc0241696f788,2015-08,Essex Police,Essex Police,0.606697,51.587524,On or near BELLINGHAM LANE,E01021964,Rochford 008E,Investigation complete; no suspect identified
083f284734a8d38f3e42d59ff8ff5ed1a97f3df8e0031385ecb186c409ec70d3,2015-08,Essex Police,Essex Police,0.333812,51.498203,On or near MEADOW ROAD,E01015995,Thurrock 009E,Investigation complete; no suspect identified
8793333e02253f25593c05d6853c47b8af0a0d65b59b95c05af189d2574caed8,2015-08,Essex Police,Essex Police,0.285907,51.477510,On or near CHARLOTTE PLACE,E01016011,Thurrock 015B,Investigation complete; no suspect identified
d96fbe3dfb752afe8fdacc21a8bfb15539fbbf21190d20bd402ae85d80a06128,2015-08,Essex Police,Essex Police,0.001847,51.685882,On or near Petrol Station,E01021818,Epping Forest 009C,Investigation complete; no suspect identified
3f9c598fb1a615273b33f8ab1ac3011b40c722b39de4e624c6decebe5b1b3108,2015-08,Essex Police,Essex Police,0.592539,51.925506,On or near NEW ROAD,E01021381,Braintree 007F,Investigation complete; no suspect identified
b2c77b9fb81a2c26d52f6e5ebf941fc5ffb70125f497872ad25a49a28269b441,2015-08,Essex Police,Essex Police,0.053954,51.633357,On or near LOUGHTON WAY,E01021785,Epping Forest 014D,Investigation complete; no suspect identified
e38f53514edbfe232ab53c2ce8be88bf6020befc21d65d20fcd030ae8e0edc99,2015-08,Essex Police,Essex Police,1.173987,51.802181,On or near MERRYMOUNT GARDENS,E01022050,Tendring 014E,Investigation complete; no suspect identified
51b6effb18d505ad6b8ab48278c2480c28e4d64aad322bca17b426748dec0bd1,2015-08,Essex Police,Essex Police,0.354700,51.462622,On or near BROADWAY,E01016003,Thurrock 018A,Investigation complete; no suspect identified
58fc0c753a919a8ed550b3517050ae2b1275c102e31e3a1e02ae78fbb540d0f8,2015-08,Essex Police,Essex Police,0.310761,51.670912,On or near PLOVERS MEAD,E01021471,Brentwood 001G,Investigation complete; no suspect identified
88a7fc19f82584b631cee825ef6847ca2708b162dc32226206c92f65af8bbd27,2015-08,Essex Police,Essex Police,0.328663,51.630809,On or near Supermarket,E01021465,Brentwood 005D,Investigation complete; no suspect identified
41c12ede564867b986221a1797dba9f01595b3cd1f16646d668c56effd982ec3,2015-08,Essex Police,Essex Police,0.782261,51.878723,On or near HARVEST CLOSE,E01021678,Colchester 010E,Investigation complete; no suspect identified
74087ca0b15ccf54b9dd17b751fcfee4a311741bbec131665ff9f206f26f7350,2015-08,Essex Police,Essex Police,0.427331,51.571533,On or near MELLOW PURGESS CLOSE,E01021286,Basildon 016A,Investigation complete; no suspect identified
ff4f7f2cff0e61f41d02f3ff9b19be5d8ad3fa57d4653be31d563b628e00c181,2015-08,Essex Police,Essex Police,0.506961,51.745891,On or near CUTON HALL LANE,E01021544,Chelmsford 008A,Investigation complete; no suspect identified
923b5cdd47bf3a41aaf8c7ee46c0b815ae987ae7da3cb9f8ca4d88ef032a164d,2015-08,Essex Police,Essex Police,0.628186,51.876395,On or near Petrol Station,E01021361,Braintree 012B,Investigation complete; no suspect identified
76dc3668d6d16fb1a012ed7aa44afd58ffe66be3e5cac56b440f54f5cfddbb0a,2015-08,Essex Police,Essex Police,0.901710,51.891404,On or near MAIDENBURGH STREET,E01021649,Colchester 007D,Investigation complete; no suspect identified
2bea5c48f18b30cf150ab2ed489287c8dd4a7cd5de58c341526f9f59c9fdc42f,2015-08,Essex Police,Essex Police,1.129196,51.802717,On or near WATERWORKS DRIVE,E01021977,Tendring 013C,Investigation complete; no suspect identified
b10a2d534ceb434d131de1a47ba5dc1687e1a89aa1c355fdd11fa581f3889e7f,2015-08,Essex Police,Essex Police,0.475214,51.731744,On or near Shopping Area,E01033140,Chelmsford 010F,Investigation complete; no suspect identified
b492307b931933077e7d2b6d98917f7d60ff60746b990aff04ad0b5c7220fee1,2015-08,Essex Police,Essex Police,0.058523,51.609473,On or near THE CHILDERS,E01021752,Epping Forest 016D,Investigation complete; no suspect identified
ea3ba4810257c8932e1e6ee17bcf6ec0f7d76eccee7b805258c2a5e2517c0b79,2015-08,Essex Police,Essex Police,0.082125,51.646763,On or near Petrol Station,E01021776,Epping Forest 011C,Investigation complete; no suspect identified
e8cb92949ff4183a59168270dc9e659f17eb29b29c8900656c0a73fa0bca1f8a,2015-08,Essex Police,Essex Police,0.915843,51.884300,On or near CANNON ROAD,E01021687,Colchester 011E,Investigation complete; no suspect identified
476c622da83dec4dab8f7c2eedebbfbbf559d7afebe955eb4da1b611de292e6f,2015-08,Essex Police,Essex Police,0.278704,51.612266,On or near LILLEY CLOSE,E01021468,Brentwood 006D,Investigation complete; no suspect identified
d25de3be54cf8b2f20208662d369a46b3303ef84c6172b9a0555e39fb4c520e8,2015-08,Essex Police,Essex Police,0.925623,51.890326,On or near WEGGS WILLOW,E01021706,Colchester 022H,Investigation complete; no suspect identified
c1199635447ad40c8fea2825597b0eb2e9d76b4cc81a38c929d3ab3ed764d737,2015-08,Essex Police,Essex Police,0.936577,51.890907,On or near Parking Area,E01021696,Colchester 008A,Investigation complete; no suspect identified
69d29e710a11660018e6421a12c526900243dd093edfa3e7e07faf84d98412e1,2015-08,Essex Police,Essex Police,0.247476,51.709856,On or near MAYFLOWER WAY,E01021755,Epping Forest 004C,Investigation complete; no suspect identified
7cb1a66d21deb311a8671e7bbf92a5e74a31e4c6257d4d1deac274d53027cb93,2015-08,Essex Police,Essex Police,0.466784,51.736256,On or near Bus/Coach Station,E01021574,Chelmsford 010A,Investigation complete; no suspect identified
e454d98942f3c01e26ec21f23dd401f89363eee85999879d45e029b8758f4629,2015-08,Essex Police,Essex Police,0.439408,51.740802,On or near Petrol Station,E01021634,Chelmsford 011D,Investigation complete; no suspect identified
9817b4233352b00757e576be5a6ac6ce30bd39049502bcd0d4e2e3ffd6a68310,2015-08,Essex Police,Essex Police,0.082125,51.646763,On or near Petrol Station,E01021776,Epping Forest 011C,Investigation complete; no suspect identified
4316191ebc4d15d5eddae2e3a53c5f3e511a8a671c7488c9f9d3a8d0501a48c9,2015-08,Essex Police,Essex Police,0.754270,51.921893,On or near THE STREET,E01021662,Colchester 010B,Investigation complete; no suspect identified
be6ae2ed95e46d93060fdd14e36c168c611fd88b2eba1897a83c2aaf6500fc6e,2015-08,Essex Police,Essex Police,0.836822,51.881215,On or near JUNIPER CLOSE,E01021722,Colchester 012E,Investigation complete; no suspect identified
772fb9112c2519e3fc9e459248743d150dd0c8932881e05bebd8e62acb1f05c4,2015-08,Essex Police,Essex Police,0.788599,51.528182,On or near ST GEORGE'S LANE,E01015876,Southend-on-Sea 013A,Investigation complete; no suspect identified
d75bcfbacf742f916b3a56e1029280210b7164c01e202af5bc0c32db2d2e090b,2015-08,Essex Police,Essex Police,0.924163,51.885074,On or near SPURGEON STREET,E01021685,Colchester 011C,Investigation complete; no suspect identified
6ad2317bbac112e2f7ad1acf8594191ef0d0da576466b39bb7d07fbab1abcb9a,2015-08,Essex Police,Essex Police,0.294127,51.491792,On or near Supermarket,E01015982,Thurrock 019A,Investigation complete; no suspect identified
b101c4c6489d9ab35e07592a97f16ed85e30263680be605bd70dfcd476506d85,2015-08,Essex Police,Essex Police,0.575298,51.524499,On or near CEDAR ROAD,E01021488,Castle Point 010C,Investigation complete; no suspect identified
a92a1936a094338e91f4fc81bc7afecb9c69c88967228a4ec0001310f410d570,2015-08,Essex Police,Essex Police,0.343633,51.623803,On or near WINDY HILL,E01021447,Brentwood 005A,Investigation complete; no suspect identified
6450c05808e1d2745c646c00b1f93eb8c626281ed2eba21c7df13643cbdab6c2,2015-08,Essex Police,Essex Police,0.500879,51.590268,On or near Cricketers Retail Park,E01021307,Basildon 011C,Investigation complete; no suspect identified
839e24a5c571a54e9d47d124dbb6613291fce68b0c3f800686d5987f28b63bc5,2015-08,Essex Police,Essex Police,1.185844,51.902109,On or near ORCHARD CLOSE,E01021991,Tendring 004A,Investigation complete; no suspect identified
54b1209236a49662fb1c18bf8ebcfb550bc4623155037cf84fefc9f03112cbc7,2015-08,Essex Police,Essex Police,0.056727,51.644504,On or near BROOK ROAD,E01021791,Epping Forest 012F,Investigation complete; no suspect identified
9e5ed33a4c4f3d7327d28035f3e84cf5ac18bf90f764eef8fe524089ccdd9feb,2015-08,Essex Police,Essex Police,0.016978,51.684859,On or near MASON CLOSE,E01021809,Epping Forest 008C,Investigation complete; no suspect identified
b21fc1956cc5cd48a42b5b42158a70e888bcdf64d186c8681d581439ae7bc387,2015-08,Essex Police,Essex Police,0.773254,51.544258,On or near SHOEBURY ROAD,E01015914,Southend-on-Sea 017A,Investigation complete; no suspect identified
a8eb767eacc7c57125f1d1aedfe6f888426cd4f267e33c02176567ea8368d58c,2015-08,Essex Police,Essex Police,0.641270,51.801386,On or near WHITEHALL COURT,E01021416,Braintree 017B,Investigation complete; no suspect identified
3619caa8c60e40879fb48e1a095222f4b94f95c31e61721f6f2a160955d409e7,2015-08,Essex Police,Essex Police,0.082125,51.646763,On or near Petrol Station,E01021776,Epping Forest 011C,Investigation complete; no suspect identified
dd5110d77c76d798888c4df4e676ca4321b22afc3023406dbfb86e8a4e59cf49,2015-08,Essex Police,Essex Police,0.475284,51.737012,On or near VICTORIA ROAD,E01033141,Chelmsford 010G,Investigation complete; no suspect identified
e52581c552dfffcc3fa18e687fb0881c0073a61b4401268149ab00af6ce8f8fc,2015-08,Essex Police,Essex Police,0.451885,51.717880,On or near LONDON ROAD,E01021556,Chelmsford 012A,Investigation complete; no suspect identified
f84f34a78c212949f083e418fb9221ffc10f930473bf85114db90c47f98d4b3a,2015-08,Essex Police,Essex Police,1.153778,51.789099,On or near Supermarket,E01022025,Tendring 016B,Investigation complete; no suspect identified
663829b83220b2f13122a9a410f616b6a7f4b1a6762089ba11b32d20ed5d3ce0,2015-08,Essex Police,Essex Police,0.455711,51.732648,On or near Petrol Station,E01033138,Chelmsford 009F,Investigation complete; no suspect identified
d40af4241162eb6c01b32da828816497786bf757acdd22137b10f49d9bf6195f,2015-08,Essex Police,Essex Police,0.704765,51.550264,On or near HILL ROAD,E01015861,Southend-on-Sea 004E,Investigation complete; no suspect identified
c9621a5e48f09830a58008afca43f52e88ca09fa8e3ad13cc229905164f5dfc9,2015-08,Essex Police,Essex Police,0.415968,51.483211,On or near THOMAS BATA AVENUE,E01015948,Thurrock 013B,Investigation complete; no suspect identified
9ae5d69ed53dcb934fba6b62924d179ce1b8104cbc9fc00c7095e4318f6110b0,2015-08,Essex Police,Essex Police,0.810547,51.902153,On or near FIDDLERS FOLLY,E01021730,Colchester 003D,Investigation complete; no suspect identified
957ecc53df8fa30b9071aed7446f6404164f03c574f860038ce52e04fbf706ed,2015-08,Essex Police,Essex Police,0.582766,51.869793,On or near Petrol Station,E01021380,Braintree 012E,Investigation complete; no suspect identified
e3ebfd92ad808ab09ffa80ab795e1ba8b7f3b58a1383d65cc39ceb6e1ff91cda,2015-08,Essex Police,Essex Police,0.471054,51.768046,On or near BUTLERS CLOSE,E01021542,Chelmsford 002A,Investigation complete; no suspect identified
41ad430dba96b15927fa0d3ac346acf752f9cdf7022218b3ba4d0e2549df2cfa,2015-08,Essex Police,Essex Police,0.641646,51.945835,On or near MANFIELD,E01021388,Braintree 004B,Investigation complete; no suspect identified
3aa5dbe9cfbab4872abb028a7079415b02aab05f63d84c6549bbe748cbcbb6bc,2015-08,Essex Police,Essex Police,0.623530,51.811128,On or near HONEYSUCKLE WAY,E01021425,Braintree 016B,Investigation complete; no suspect identified
59c2cd4d8f2ae521025c02b28b8d42791d2c2b54fc3be0f5c32a3ce122e80cfb,2015-08,Essex Police,Essex Police,0.017042,51.739334,On or near BANES DOWN,E01021793,Epping Forest 002C,Investigation complete; no suspect identified
d72ddc69d39a1d7604742313c978a27620fe9a0dcc9275db8b3686f112f1dc56,2015-08,Essex Police,Essex Police,0.357752,51.875023,On or near ROSEMARY CRESCENT,E01033056,Uttlesford 007F,Investigation complete; no suspect identified
75a39cfbcb3c6b297b9ee0d280bc36b97aa2dcc57c0321c8f2b90ea64390c8d0,2015-08,Essex Police,Essex Police,0.312366,51.796303,On or near ROSSDENE GARDENS,E01022096,Uttlesford 009D,Investigation complete; no suspect identified
8580e91a792d0f0e7f433c109622c1e99526f16dbd503750d3ac346c370e5283,2015-08,Essex Police,Essex Police,0.079919,51.656676,On or near COLEBROOK LANE,E01021778,Epping Forest 011E,Investigation complete; no suspect identified
4b33bdfa4f171928f24407c3dbb56be2555f701bf1b7c07ade03b53d08164409,2015-08,Essex Police,Essex Police,0.202103,52.063156,On or near ROSE LANE,E01022094,Uttlesford 001D,Investigation complete; no suspect identified
17ad32b5bd8339b8d850563b7035781544dea91f40f18f60be172721431e13bb,2015-08,Essex Police,Essex Police,0.322008,51.478851,On or near QUARRY HILL,E01015956,Thurrock 016B,Investigation complete; no suspect identified
c498091c4c7c4ba1afcadc5b173fa2ccee4696f21578911a5fa60b7329549c5f,2015-08,Essex Police,Essex Police,0.915602,51.872264,On or near Supermarket,E01021667,Colchester 016F,Investigation complete; no suspect identified
86a16cf1b3215d507458907bd28ae247540512c30fc35d460b691c238b532a60,2015-08,Essex Police,Essex Police,0.350172,51.635983,On or near WILKES ROAD,E01021451,Brentwood 003D,Investigation complete; no suspect identified
1893288125be008a267c0d37dda8ee77a61e6e1ff929e66e67de96d23dac6965,2015-08,Essex Police,Essex Police,0.654785,51.600358,On or near Parking Area,E01021936,Rochford 003D,Investigation complete; no suspect identified
51e15d873e618f38fc02db1535d48ce61c4969b30080ac357311cfb97784b8a4,2015-08,Essex Police,Essex Police,0.039654,51.770885,On or near TEMPLE MEAD,E01021801,Epping Forest 002E,Investigation complete; no suspect identified
93fe5c4302701211c359ba94a4a38772e4965ca2d19f5aa963d9b1cd22522b00,2015-08,Essex Police,Essex Police,0.120114,51.651443,On or near TURNERS COURT,E01021770,Epping Forest 010A,Investigation complete; no suspect identified
cd84fb5878e011348f2b55009f464ff948b45f8575caf1c45de353d165556233,2015-08,Essex Police,Essex Police,0.121382,51.760859,On or near Supermarket,E01021821,Harlow 008A,Investigation complete; no suspect identified
c9fde649e42433dc0a177bc079a61c3f2312960d6c46fc4877031fc970475465,2015-08,Essex Police,Essex Police,0.251804,51.495347,On or near HALL ROAD,E01015922,Thurrock 008A,Investigation complete; no suspect identified
83464b259f79e07adbf48e5780e39b7c4323f025be0fdb8b43d5dc2671ba5ab2,2015-08,Essex Police,Essex Police,0.295458,51.605950,On or near WATER TOWER ROAD,E01021472,Brentwood 008C,Investigation complete; no suspect identified
c5109d548f7fa6128e9015cf0dca105991b31df53f84cdfb85433822a4663e81,2015-08,Essex Police,Essex Police,0.189821,51.702672,On or near MILL LANE,E01021800,Epping Forest 003C,Investigation complete; no suspect identified
927747baaf0f756c4d54ff133b27a8cc959386c8f78fd8f92e45e0f52d7b55da,2015-08,Essex Police,Essex Police,0.329169,51.614738,On or near SAXON CLOSE,E01021437,Brentwood 008B,Investigation complete; no suspect identified
f3ff13836364f607ce7f64d005fda82182f518239880c58a6d1ca37fbcab6b70,2015-08,Essex Police,Essex Police,0.124229,51.785708,On or near Petrol Station,E01021848,Harlow 002E,Investigation complete; no suspect identified
f4fcbcd69e83f8b7d89c9b522921879f2f4a9df166d046d595f1baf9d1158dd7,2015-08,Essex Police,Essex Police,0.905184,51.896589,On or near Theatre/Concert Hall,E01021647,Colchester 007B,Investigation complete; no suspect identified
dc3c95a56013ec2486233b83054042ac4608d9e976062b4c9705cfe4aa3e748f,2015-08,Essex Police,Essex Police,0.500879,51.590268,On or near Cricketers Retail Park,E01021307,Basildon 011C,Investigation complete; no suspect identified
e9fe1362397f9efad14a44ddab61613863439d7aff81ff25b8d7660f5d0a808c,2015-08,Essex Police,Essex Police,0.092811,51.774150,On or near Supermarket,E01021843,Harlow 004E,Investigation complete; no suspect identified
b78db8f218fa1b7f9d3fbd42deca55c55ff0113f5e8ede007009bd3c4a62c133,2015-08,Essex Police,Essex Police,0.420091,51.689420,On or near ORTON CLOSE,E01021602,Chelmsford 018B,Investigation complete; no suspect identified
56d132017c987f47e7a2d6bb46503af0d995df4486d85b0bc5316f9654257bf3,2015-08,Essex Police,Essex Police,0.481501,51.727025,On or near Pedestrian Subway,E01033140,Chelmsford 010F,Investigation complete; no suspect identified
d791345a2229d8cb6fad3933741b6fec618e57d38a72253aa4d586db4291e0f0,2015-08,Essex Police,Essex Police,0.014873,51.738769,On or near WHITEHALL CLOSE,E01021793,Epping Forest 002C,Investigation complete; no suspect identified
7dc90f4b99d6449a7900a777bf0e3c8c125a7151847cf3d06774c6b318f1b29b,2015-08,Essex Police,Essex Police,0.937149,51.892548,On or near ALMOND WAY,E01021697,Colchester 008B,Investigation complete; no suspect identified
94343a2f2de574afb64813457034aaeb17bdbd5e27289947a12673adc5ce0334,2015-08,Essex Police,Essex Police,0.441732,51.566656,On or near ARDLEIGH,E01021298,Basildon 017D,Investigation complete; no suspect identified
72d4299fa11a42e7d58be1f13d85cfd26407876d0871e79f3d5e83492d1b075c,2015-08,Essex Police,Essex Police,0.904659,51.888912,On or near Parking Area,E01021648,Colchester 007C,Investigation complete; no suspect identified
624a7e10456ee9e214f83f38733ea448c9aeef3580dcdd626c886ba8ed454f66,2015-08,Essex Police,Essex Police,0.508183,51.565596,On or near PARKHURST ROAD,E01021316,Basildon 018D,Investigation complete; no suspect identified
6b88afe8d2691d9e4e53843ec417e1a918b367dd2987273edb571bb3318d7658,2015-08,Essex Police,Essex Police,0.798066,51.550414,On or near ALEXANDRA ROAD,E01021924,Rochford 010E,Investigation complete; no suspect identified
c0dccdae9f24dd35e15fe94037846ef1791f7e0daec00a8e92f5c072b1c7cf67,2015-08,Essex Police,Essex Police,0.418160,51.638262,On or near DORSET WAY,E01021252,Basildon 002E,Investigation complete; no suspect identified
587a084218ce8fc5112f855e425ee502ae936d1b819b5cda05c2a846924a52b3,2015-08,Essex Police,Essex Police,0.236126,51.764685,On or near LITTLE LAVER ROAD,E01021796,Epping Forest 003B,Investigation complete; no suspect identified
6ee1de7cef909869deebac6e092d3c6f0b85d48ee8a224ca4bcb8ac6219c63cf,2015-08,Essex Police,Essex Police,0.714143,51.536234,On or near Shopping Area,E01015852,Southend-on-Sea 015B,Investigation complete; no suspect identified
8a5e07780bc7da66df9d24ac946fb14cfc6f74cbbcccc8c0b338ccd4ac219fc0,2015-08,Essex Police,Essex Police,0.285740,51.509016,On or near BROCK GREEN,E01015931,Thurrock 007E,Investigation complete; no suspect identified
096f2c0dd1acc9cefc484f56d67bdf1b0faa7521c9556547fe56c378b2ee22db,2015-08,Essex Police,Essex Police,0.795763,51.538039,On or near TURNER CLOSE,E01015881,Southend-on-Sea 013F,Investigation complete; no suspect identified
dc457fab0bedd7cb8a41b8354340e2ea3f7ca247a0c69e1c9d4f3e9243222512,2015-08,Essex Police,Essex Police,0.074083,51.607365,On or near STRADBROKE DRIVE,E01021766,Epping Forest 017C,Investigation complete; no suspect identified
c01bda26ff9dba9c88b4da5d58c1127746bdb60b8170987b9ac21c418ce9ecee,2015-08,Essex Police,Essex Police,0.440211,51.517495,On or near ABBOTTS HALL CHASE,E01015990,Thurrock 003D,Investigation complete; no suspect identified
2d43b4c22f4d17dbbb231d6a62b4c6c925a59cd644098524f2c80a0e2e5171f8,2015-08,Essex Police,Essex Police,1.131274,51.797535,On or near BOXTED AVENUE,E01022031,Tendring 015D,Investigation complete; no suspect identified
2d2990d3235be1746d5cdd5237adf1375b7d39fa6a1bbf87111ed2fae554cb93,2015-08,Essex Police,Essex Police,0.804823,51.635082,On or near SPRINGFIELD ROAD,E01033057,Maldon 008G,Investigation complete; no suspect identified
f4f0acf090d2fed48b71e4c347411973988c4c52b01b28858c96c05c10216fdd,2015-08,Essex Police,Essex Police,1.257809,51.933128,On or near Supermarket,E01022006,Tendring 002C,Investigation complete; no suspect identified
1272e5cb228f39864d9d4bd5f42ca6e835a71d43c47a7c39df305afc3c5e4eb4,2015-08,Essex Police,Essex Police,0.558566,51.864207,On or near MARLOWE CLOSE,E01021374,Braintree 011E,Investigation complete; no suspect identified
030cabcc6a09adca0bd1a02c3a6fa94c4725b2570295cc76698b4e451816a087,2015-08,Essex Police,Essex Police,0.250066,51.709833,On or near RODING VIEW,E01021755,Epping Forest 004C,Investigation complete; no suspect identified
27a454aabedc735ad537037b77abe990774872b17b12407f9f963d4402d30e93,2015-08,Essex Police,Essex Police,0.725264,51.534824,On or near OUTING CLOSE,E01015842,Southend-on-Sea 014D,Investigation complete; no suspect identified
b7aba931e941c7109e30fb2cd9899307cea0f1f35dc5b4544a3416e99eb08b74,2015-08,Essex Police,Essex Police,0.785590,51.563194,On or near LITTLE WAKERING ROAD,E01021917,Rochford 010A,Investigation complete; no suspect identified
8b1848c5340b790ce47cfb9eacf5b26bf0a4ed01c8d8707050ae7a1805e136d5,2015-08,Essex Police,Essex Police,0.275564,51.489033,On or near Supermarket,E01016012,Thurrock 015C,Investigation complete; no suspect identified
4312ad062f4800c7845d39ccca32a5dd5161c4904927fbc42e3475ed9ef3c18d,2015-08,Essex Police,Essex Police,0.471097,51.728494,On or near GODFREYS MEWS,E01033140,Chelmsford 010F,Investigation complete; no suspect identified
5396764e5788877371f0da51db74f91e280c1267b66482ab9654770cce2aec23,2015-08,Essex Police,Essex Police,0.140044,51.766627,On or near ASHWORTH PLACE,E01021826,Harlow 005C,Investigation complete; no suspect identified
7e23ed333dfcc79d00d2512bd5c8cf9f2cea0d38cd3778d99f051af765e0668d,2015-08,Essex Police,Essex Police,0.563272,51.562688,On or near FELSTEAD ROAD,E01021478,Castle Point 003C,Investigation complete; no suspect identified
654dec03211d9b7fb5fd130de14bb56e20913fc810703f93f76b64e0ec750ab9,2015-08,Essex Police,Essex Police,0.137581,51.764495,On or near TICKENHALL DRIVE,E01021826,Harlow 005C,Investigation complete; no suspect identified
93c431662265cb76f06eaaddc2b55cb6beba390959ff8101f9c166bead574585,2015-08,Essex Police,Essex Police,0.326970,51.613262,On or near VERNON CRESCENT,E01021437,Brentwood 008B,Investigation complete; no suspect identified
3b5edf5238939c061f1355ba15795a93d9791a6c6b8905c4267ec001a0046997,2015-08,Essex Police,Essex Police,0.316734,51.476815,On or near Supermarket,E01015953,Thurrock 017C,Investigation complete; no suspect identified
3b7346b9ceb3b3c26ff9a5928741643f5fbcb1ea9c52000bd2e59bb92c5ccbc9,2015-08,Essex Police,Essex Police,0.093567,51.769182,On or near Shopping Area,E01021872,Harlow 007E,Investigation complete; no suspect identified
a4435cae096f16e92003492a332c1384415a09e4318a6e3ebbd723e315a7b61e,2015-08,Essex Police,Essex Police,0.553760,51.571646,On or near OVERTON ROAD,E01021513,Castle Point 001A,Investigation complete; no suspect identified
d89a70165ea92e8f4773277e0517b9d677466e4bdb665322be865b0e2bf47b7c,2015-08,Essex Police,Essex Police,0.055328,51.648719,On or near Parking Area,E01021791,Epping Forest 012F,Investigation complete; no suspect identified
705bc15b5805c895defc3c45d3c80eff51381d12edaa07935713deba5afd563e,2015-08,Essex Police,Essex Police,0.912317,51.854493,On or near BOYLES COURT,E01021658,Colchester 016B,Investigation complete; no suspect identified
4be833bc5e19ab188d5ca2d113d06c27f6969f703b550992106ea0f871379d4d,2015-08,Essex Police,Essex Police,0.101355,51.670628,On or near THRIFTS MEAD,E01021803,Epping Forest 010B,Investigation complete; no suspect identified
0fd31f3c595dcdbd3c3135153c019e9f7f104dba2c460c54ce6e23fc0adb4283,2015-08,Essex Police,Essex Police,0.291990,51.623393,On or near ST CHARLES ROAD,E01021432,Brentwood 004B,Investigation complete; no suspect identified
46558ef8d9a03babbd6b5fca84e17a92f2085c197798717d03c1c0be0f5cbeaf,2015-08,Essex Police,Essex Police,0.694605,51.538465,On or near PRESTON ROAD,E01015855,Southend-on-Sea 015E,Investigation complete; no suspect identified
8147b5cf02004b80a388b0be74f9af1af80b472dde021e4edd498dfbb6113866,2015-08,Essex Police,Essex Police,0.550191,51.604045,On or near Park/Open Space,E01021335,Basildon 007A,Investigation complete; no suspect identified
11a8a2245abee963ce3431b538efef8870da401eff151c32825425d02c315b90,2015-08,Essex Police,Essex Police,0.550842,51.878655,On or near Shopping Area,E01021365,Braintree 009D,Investigation complete; no suspect identified
dc3a67b34dd7f6d1a42e5c2db6dfd671b54027e3edca293bdb305d947b45bd74,2015-08,Essex Police,Essex Police,0.550842,51.878655,On or near Shopping Area,E01021365,Braintree 009D,Investigation complete; no suspect identified
ff5d4d1d3eed46f330448cd00cd75fa46cc2ed7dee25d748309513a04dd73211,2015-08,Essex Police,Essex Police,0.112741,51.707689,On or near FRAMPTON ROAD,E01021760,Epping Forest 005A,Investigation complete; no suspect identified
37e8a3cb2d6d916f7985715ab230c4ac1786b2e28851fae5915cb60cee2403c4,2015-08,Essex Police,Essex Police,0.884454,51.881153,On or near ST HELENA ROAD,E01021653,Colchester 013C,Investigation complete; no suspect identified
e854103efa7d86a63c2a63920b375f9512335902ee49470d699c13d4598cd294,2015-08,Essex Police,Essex Police,0.916710,51.879062,On or near OLD HEATH ROAD,E01021684,Colchester 011B,Investigation complete; no suspect identified
475e2544bc9495b6616920afa5fbc98143ae92e1d1c328a191c21eb803365440,2015-08,Essex Police,Essex Police,0.993146,51.959048,On or near Supermarket,E01021656,Colchester 001B,Investigation complete; no suspect identified
8b6c8da148032424b0a7663709b6480dc9a515e598aa93c79ec4a86c66a1031f,2015-08,Essex Police,Essex Police,0.639653,51.808464,On or near Braintree Road,E01021416,Braintree 017B,Investigation complete; no suspect identified
6cf0e0f0b8cc7e14e3a875e1d7f04d8e97a64e9b3d73a5089b36a31fb0d7027d,2015-08,Essex Police,Essex Police,0.727306,51.549904,On or near NORWICH AVENUE,E01015875,Southend-on-Sea 006G,Investigation complete; no suspect identified
25f153c0d9262772cee7b00eeb5cb3088249723a1ea7e4676ab88fb4ab7482db,2015-08,Essex Police,Essex Police,1.131274,51.797535,On or near BOXTED AVENUE,E01022031,Tendring 015D,Investigation complete; no suspect identified
532a6345b97a00d5b585a57e35a7ba05bda59d46a52741eeba0adcb64ffe2b9c,2015-08,Essex Police,Essex Police,0.353555,51.480659,On or near DOCK APPROACH ROAD,E01015967,Thurrock 014B,Investigation complete; no suspect identified
86de8d749bff7880f3380a93d7faf698ac51599d90dda0b81cd1c246f7aafc33,2015-08,Essex Police,Essex Police,0.330820,51.498011,On or near FAIRWAY,E01015993,Thurrock 009C,Investigation complete; no suspect identified
60bcdff81f2b8e9571c697de974f94dcd75320cf096a63a1b95d1fec66622671,2015-08,Essex Police,Essex Police,0.917782,51.905927,On or near COPPICE END,E01021671,Colchester 002D,Investigation complete; no suspect identified
d4e0aef123d0acb992d4b70aca71d80e0970e9e896929dfb0fed8399dccbece3,2015-08,Essex Police,Essex Police,0.461180,51.571394,On or near Parking Area,E01021318,Basildon 015C,Investigation complete; no suspect identified
b8cf1c135bc2884666d8e3774201566e565b7b9574a1aa841d1cd855d2668406,2015-08,Essex Police,Essex Police,0.468902,51.564748,On or near COLNE PLACE,E01021295,Basildon 020B,Investigation complete; no suspect identified
f17e43c873968c91483ec6f15991911832bba1b4010a03375c40bf9bfb1bdb97,2015-08,Essex Police,Essex Police,0.397253,51.509757,On or near Petrol Station,E01015979,Thurrock 004C,Investigation complete; no suspect identified
fd444ec8443be2020a2af33d0171f15cf6259ffebb1df1187c9dfc7925797caa,2015-08,Essex Police,Essex Police,0.361654,51.459829,On or near AUCKLAND CLOSE,E01016004,Thurrock 018B,Investigation complete; no suspect identified
c2cb4b6b00fc87038b0dc1fe5c010b0ff4b4dd96f87a89430fa4088034a7d23c,2015-08,Essex Police,Essex Police,0.423863,51.583655,On or near Petrol Station,E01021274,Basildon 010D,Investigation complete; no suspect identified
933d775bd7c9a029fb6df658fba9a88274aa50ba4d9a3893681e0cb333165674,2015-08,Essex Police,Essex Police,0.494407,51.563039,On or near WEAVERS,E01021328,Basildon 022E,Investigation complete; no suspect identified
317a436dcb095ef41a2622d318043a25d9347ec36516078d1813d71fcda7c9fb,2015-08,Essex Police,Essex Police,0.586503,51.866321,On or near LONG GREEN,E01021380,Braintree 012E,Investigation complete; no suspect identified
ca7445c1562cb2f0a0116316e3ac5be822f43836be27e679b87332a4343b02e6,2015-08,Essex Police,Essex Police,0.900410,51.900565,On or near Petrol Station,E01021679,Colchester 004A,Investigation complete; no suspect identified
57c566d013276bad04b3c441f52a43593e8afdaba07cd0a4bb3b4a36896ab239,2015-08,Essex Police,Essex Police,0.458361,51.554726,On or near HAWKESBURY BUSH LANE,E01021299,Basildon 020E,Investigation complete; no suspect identified
c3ea41b91c386164e1a1b51e2baa8c6a0a7198b14c57093a6a4898f04a01e53c,2015-08,Essex Police,Essex Police,0.853641,51.912258,On or near ERLE HAVARD ROAD,E01021729,Colchester 003C,Investigation complete; no suspect identified
82d708ff15dbb36e38d5428678092feef08f0f995ad31121f465cec450d8f463,2015-08,Essex Police,Essex Police,0.378398,51.463178,On or near SANDHURST ROAD,E01016005,Thurrock 018C,Investigation complete; no suspect identified
cde949ca8021d90ab5e02567f4f3bb21609b658396b9fea204737af86b32b224,2015-08,Essex Police,Essex Police,0.648094,51.549390,On or near BELFAIRS DRIVE,E01015815,Southend-on-Sea 003B,Investigation complete; no suspect identified
1cd46b5849772c1171526f0615f79acb001e410c377b7b483bbf9c3e33403ae5,2015-08,Essex Police,Essex Police,0.578284,51.527581,On or near FERRYMEAD,E01021506,Castle Point 008E,Investigation complete; no suspect identified
93499e8105e4e0e4c7a1a3af14c78a2ae176aa6d9dcaa7c70302b8a23105941d,2015-08,Essex Police,Essex Police,0.102538,51.673359,On or near FOREST DRIVE,E01021805,Epping Forest 010D,Investigation complete; no suspect identified
6d5270beb38853bf9f02c36fcc1c43f468b6ec6ad22f0de13ff7773267aa56cf,2015-08,Essex Police,Essex Police,0.903818,51.879013,On or near MEYRICK CRESCENT,E01021642,Colchester 018F,Investigation complete; no suspect identified
f45222ba0730d907bc8db98850c8d24066e8c3cfe3c7a76e9ad223adec499aa9,2015-08,Essex Police,Essex Police,0.910815,51.884533,On or near KENDALL ROAD,E01021686,Colchester 011D,Investigation complete; no suspect identified
61eb5f029db581b8db6552104dc9e7c6feb12374dad2565226820a506ca45c79,2015-08,Essex Police,Essex Police,0.416938,51.570668,On or near ESSEX CLOSE,E01021275,Basildon 014B,Investigation complete; no suspect identified
1706c2427d7f19ab58e22fbcce2c4e7a4023e213762f05ac2c24586f4266c254,2015-08,Essex Police,Essex Police,0.361654,51.459829,On or near AUCKLAND CLOSE,E01016004,Thurrock 018B,Investigation complete; no suspect identified
c864cb58815e3b8576df1d4e0f81e22b5f1792faee7147fd87afe9e8aeb23f78,2015-08,Essex Police,Essex Police,0.160227,51.806850,On or near LADYWELL PROSPECT,E01021795,Epping Forest 001B,Investigation complete; no suspect identified
bbb8bb0a28b22a8e03313db5a11391df4ad4446973f801598e8a08e615f58c64,2015-08,Essex Police,Essex Police,0.455364,51.569789,On or near Shopping Area,E01021318,Basildon 015C,Investigation complete; no suspect identified
3b334d6392e2a9552cefa50b1839465df6c7ad6fd2e44b073a369074883fbbfd,2015-08,Essex Police,Essex Police,0.243639,51.486627,On or near A1306,E01015921,Thurrock 015A,Investigation complete; no suspect identified
238ef07f8100a88694930e7a2ea087d9a89612b272aa9005a12de96666868fa2,2015-08,Essex Police,Essex Police,0.126648,51.755126,On or near PRIORY COURT,E01021835,Harlow 008C,Investigation complete; no suspect identified
9321a88c9db505e88bea12d077c14fcb7f3630a697fdb445597cd3bcc749ceec,2015-08,Essex Police,Essex Police,0.235058,51.483472,On or near CASPIAN WAY,E01016014,Thurrock 015E,Investigation complete; no suspect identified
e6a30bd98ff96b89f17bc7d61317312b5bbfe6fd8de21e4cb9ca1a194633313b,2015-08,Essex Police,Essex Police,0.070177,51.640221,On or near Sports/Recreation Area,E01021784,Epping Forest 013E,Investigation complete; no suspect identified
b734344e32f6133a992cde895bec9ad7f6951cb1eb1d6e29fd080269817da61e,2015-08,Essex Police,Essex Police,0.417959,51.637187,On or near GROSVENOR GARDENS,E01021252,Basildon 002E,Investigation complete; no suspect identified
b2f8f6de2f4439193c90aac9cf7c8ac46e9ffbc1489347dbb20d0b695c46562a,2015-08,Essex Police,Essex Police,0.476871,51.766278,On or near CRICKETERS CLOSE,E01021541,Chelmsford 001D,Investigation complete; no suspect identified
c81ffb1dee662d1cee393924d82bb13072643acb86fe2a4deecd93a74b4833ce,2015-08,Essex Police,Essex Police,0.362302,51.483801,On or near RUSKIN ROAD,E01015935,Thurrock 012C,Investigation complete; no suspect identified
ae8041173f3b040cbbf281d112049ce97596ff3d97dc0968993f8de6c416db98,2015-08,Essex Police,Essex Police,0.270445,51.486039,On or near Parking Area,E01016012,Thurrock 015C,Investigation complete; no suspect identified
6728066248f7e3c05dae1533f2e9f7cf73150fd1e817b2ab2d7cad6591dad1eb,2015-08,Essex Police,Essex Police,0.432500,51.612372,On or near BRIAR VIEW,E01021259,Basildon 009C,Investigation complete; no suspect identified
3e4e0dd051e4583f6c62af52691eccf48330a32edccd47cdb4c889078fb8ab2a,2015-08,Essex Police,Essex Police,0.361679,51.461709,On or near CALCUTTA ROAD,E01016009,Thurrock 018G,Investigation complete; no suspect identified
49e465852bdeb3d87e279cc2835e33bab42c68a69f96b8ca0d722200d86e95a8,2015-08,Essex Police,Essex Police,0.114358,51.706653,On or near WOODBERRY DOWN,E01021760,Epping Forest 005A,Investigation complete; no suspect identified
140e5cf391187f2aea169a96d75babe7ce4b80ece38087fd0f96c095dfb27da5,2015-08,Essex Police,Essex Police,0.121987,51.725238,On or near UPLAND ROAD,E01021761,Epping Forest 005B,Investigation complete; no suspect identified
0a831f8018533cf420eb5aa87c494af58bbc736b9efd5e64384da8da8ea84afa,2015-08,Essex Police,Essex Police,1.147433,51.789620,On or near Supermarket,E01022038,Tendring 017E,Investigation complete; no suspect identified
00dc173e365ff513ab03ce7eb4884401ae6356f2523ba625a43dd86c84975ff9,2015-08,Essex Police,Essex Police,0.858351,51.879506,On or near SAXON CLOSE,E01021691,Colchester 014C,Investigation complete; no suspect identified
21dd34b726cce7a993109583f592c720cd24303d105247c34b88b546e544dd17,2015-08,Essex Police,Essex Police,0.915217,51.908068,On or near WEST VIEW CLOSE,E01021671,Colchester 002D,Investigation complete; no suspect identified
a2116570225835b46eedfe98d5aca4cbf2d17f0fd8fa7b01b00a6b01c31ee477,2015-08,Essex Police,Essex Police,0.656214,51.602071,On or near Supermarket,E01021937,Rochford 003E,Investigation complete; no suspect identified
2f38a2ee1a7cc326191806efd496f2bfe0d01fd75565fba1e0d42e5af2ab593b,2015-08,Essex Police,Essex Police,0.716314,51.536840,On or near BALTIC AVENUE,E01015852,Southend-on-Sea 015B,Investigation complete; no suspect identified
18834e6b40b355cac548ad03128f4cd0bf96f9503e38a6d0e4cf8c0d8d876994,2015-08,Essex Police,Essex Police,0.326367,51.478477,On or near BEDFORD ROAD,E01015956,Thurrock 016B,Investigation complete; no suspect identified
c800567bb7a1018945683a34d4cade23bff0a363fd23ba606289faabdadb0d48,2015-08,Essex Police,Essex Police,0.243639,51.486627,On or near A1306,E01015921,Thurrock 015A,Investigation complete; no suspect identified
8b06c2423fb750d44e983ba832e3d7c01e548fe60fc6ca0b157c67b099d7f9b5,2015-08,Essex Police,Essex Police,0.082125,51.646763,On or near Petrol Station,E01021776,Epping Forest 011C,Investigation complete; no suspect identified
e41f9c5016856fe4c3e4d9d2fbb3789ae2f2b6232ee013e34328cc96ecbff8de,2015-08,Essex Police,Essex Police,0.910820,51.926191,On or near Petrol Station,E01021682,Colchester 004D,Investigation complete; no suspect identified
c8c2ecc05b39c0572e5cc1865d62f379bb959fb2426708a8aed502f8f4629a82,2015-08,Essex Police,Essex Police,0.514694,51.875324,On or near Sports/Recreation Area,E01021405,Braintree 010D,Investigation complete; no suspect identified
4c4eb8e06c216cbc10dad6c76220473abcab60ad184a8c3b3963f94ba0c39b2e,2015-08,Essex Police,Essex Police,0.275564,51.489033,On or near Supermarket,E01016012,Thurrock 015C,Investigation complete; no suspect identified
2df4611da7812d6f2c5a4bee3bd79994b7d70a07d3866d5eb0124cb3595e7e2b,2015-08,Essex Police,Essex Police,0.442770,51.519249,On or near CANON CLOSE,E01015985,Thurrock 003B,Investigation complete; no suspect identified
3718747fea0dd905c423d16d22f9bb4dc66f17f98849746090683ac69d8f7969,2015-08,Essex Police,Essex Police,0.604750,51.651870,On or near KINGS WAY,E01021614,Chelmsford 019D,Investigation complete; no suspect identified
68fde1143050ab5cf65a62f61f04d2412c76f3827d64c9f16f0c6df9ab365f4e,2015-08,Essex Police,Essex Police,0.948134,51.877838,On or near Park/Open Space,E01021736,Colchester 017A,Investigation complete; no suspect identified
1ec9872e6fd84a175352979bd975060f22362be3bd3cbd3c7523003d447a71cd,2015-08,Essex Police,Essex Police,-0.003188,51.682569,On or near BROOKER ROAD,E01021817,Epping Forest 008E,Investigation complete; no suspect identified
93f8b030f213d01218e439e1f22d89bd2a50c8d2435a7e883a6f491e54b88a3b,2015-08,Essex Police,Essex Police,0.336751,51.484394,On or near COLLEGE ROAD,E01015968,Thurrock 014C,Investigation complete; no suspect identified
50fa611967f16fddd3cef0e2cba75f69ad030eb1aec674a3c672e5ba7a23b571,2015-08,Essex Police,Essex Police,0.095192,51.772660,On or near A1019,E01021872,Harlow 007E,Investigation complete; no suspect identified
f107f4ff8db1b2b1cdf9d0cf2cc1ad3c426128dd18283315c94f392d906330cb,2015-08,Essex Police,Essex Police,0.296350,51.523989,On or near PEARTREE CLOSE,E01015971,Thurrock 006B,Investigation complete; no suspect identified
9e4c57e4d08ef4f64c2a432248bfefbca833a057cb4b3760e493ecec56c7eee5,2015-08,Essex Police,Essex Police,0.423688,51.576024,On or near ST ANDREWS LANE,E01021290,Basildon 016D,Investigation complete; no suspect identified
b5c500f63d518814d46ead7e6a44c16b7062aaf8537cc1732c7ea242e98329cc,2015-08,Essex Police,Essex Police,0.434043,51.567500,On or near BOSTOCHE CLOSE,E01021288,Basildon 016B,Investigation complete; no suspect identified
77c71c8659577fff15c1afb3a62dbf56b9f2ffa34147c92232271741880bcf56,2015-08,Essex Police,Essex Police,0.239693,51.717873,On or near BROOKFIELDS,E01021802,Epping Forest 004D,Investigation complete; no suspect identified
c52c25f57ed5649d1312749930c0f7adae06afad635de33572c8101fe311b0c4,2015-08,Essex Police,Essex Police,0.295639,51.522744,On or near CANTERBURY PARADE,E01015971,Thurrock 006B,Investigation complete; no suspect identified
0770eb89786617efd37baa516acee7ce20b9191470399527205cfc1b39521f90,2015-08,Essex Police,Essex Police,0.886400,51.880008,On or near BUTT ROAD,E01021653,Colchester 013C,Investigation complete; no suspect identified
bb96ede62c905c16a2e6db053c95eb0206209613d2c892d2a1aecceafeb885e4,2015-08,Essex Police,Essex Police,0.416847,51.689091,On or near JENNINGS PLACE,E01021602,Chelmsford 018B,Investigation complete; no suspect identified
4c73e4ce899fa75c3650efd0bbceca068ad78ae03c45188ad9353d06b94056a6,2015-08,Essex Police,Essex Police,0.707721,51.582771,On or near OLD SHIP LANE,E01021955,Rochford 004D,Investigation complete; no suspect identified
6dda31c10dc140f436b0c4f19ee9ad2c877c16cff75bd8e119c25cfbf6759993,2015-08,Essex Police,Essex Police,0.637897,51.809448,On or near Petrol Station,E01021416,Braintree 017B,Investigation complete; no suspect identified
2bd7d159c6d0c83f0d8e27e52bbb9b3cd39a1d534fc320fd2e834780fa435626,2015-08,Essex Police,Essex Police,0.089532,51.645957,On or near LANGSTON ROAD,E01021776,Epping Forest 011C,Investigation complete; no suspect identified
ebbb9ae875040047e7ac0ace6f58c3692a12ed3480cb6a0125f758a06656495e,2015-08,Essex Police,Essex Police,0.897825,51.889081,On or near CULVER STREET WEST,E01021649,Colchester 007D,Investigation complete; no suspect identified
08fc176fb3f07e2d8715427bd36d4c4dd2a111af34573d3b5928475f8491a998,2015-08,Essex Police,Essex Police,0.478909,51.638308,On or near Sports/Recreation Area,E01021604,Chelmsford 018D,Investigation complete; no suspect identified
c1636a5e1b89eecaf18883556e193059f1841b8a3f11316cff994731cffd463a,2015-08,Essex Police,Essex Police,0.294552,51.634934,On or near ALBANY ROAD,E01021461,Brentwood 004D,Investigation complete; no suspect identified
97dffdb4231fb6099a3b3a7b2bf467ab70da747443e122ef1911abfd019c4025,2015-08,Essex Police,Essex Police,0.058539,51.637278,On or near HIGHLAND AVENUE,E01021783,Epping Forest 013D,Investigation complete; no suspect identified
9b4a3c4a61c681d3f130f76ff6b4357d4a68949262f84d280726711f9047159e,2015-08,Essex Police,Essex Police,0.099030,51.691973,On or near BELL COMMON,E01021758,Epping Forest 006C,Investigation complete; no suspect identified
551cab57ebae4aee9923c8308e3ed3b3afcba9c90a679ef0378d80f4d58cc251,2015-08,Essex Police,Essex Police,0.344899,51.645253,On or near Petrol Station,E01021467,Brentwood 005F,Investigation complete; no suspect identified
30d2650aa982e3aaf369baead08285954a0309b70d462f9a90e01a2ebeed94dd,2015-08,Essex Police,Essex Police,0.261741,51.889938,On or near Airport/Airfield,E01022090,Uttlesford 006B,Investigation complete; no suspect identified
7c4d5f658e2a31b2c3b043610890c3b5ada4aa42d81b16266d7934260de660a1,2015-08,Essex Police,Essex Police,0.503639,51.575865,On or near STOKEFELDE,E01021306,Basildon 013E,Investigation complete; no suspect identified
4a001ac12ef2720ac699517c9cdee7da18b168b411a31f5e169359918790a42b,2015-08,Essex Police,Essex Police,0.897808,51.901249,On or near Supermarket,E01021679,Colchester 004A,Investigation complete; no suspect identified
5a37ae7d8553d247e6766b8da7e047d3739b6d72d822b1eba35c1dceece595a0,2015-08,Essex Police,Essex Police,0.465424,51.774576,On or near Hospital,E01021542,Chelmsford 002A,Investigation complete; no suspect identified
027c2262231280a60d6b8c6f57287f615102aa01260270f01e2cf9f086955e42,2015-08,Essex Police,Essex Police,0.421343,51.575892,On or near Pedestrian Subway,E01021273,Basildon 014A,Investigation complete; no suspect identified
ff2e47223c09ff98c00e1c6329fe350bda90a8f3b4d2679ffa8ed74d6205aab9,2015-08,Essex Police,Essex Police,1.153985,51.796630,On or near HARROW ROAD,E01022043,Tendring 014B,Investigation complete; no suspect identified
f0c8ec9ae93fa52826cd4104be0b649a60919044d71b89b2fc346fb4ea0e2893,2015-08,Essex Police,Essex Police,0.237934,52.011477,On or near FULFEN WAY,E01022074,Uttlesford 002A,Investigation complete; no suspect identified
d8fe51534151fa4bf1cec76b24a53e88ecba3375950578bd8eef2155c5fca343,2015-08,Essex Police,Essex Police,0.108431,51.784581,On or near Shopping Area,E01021845,Harlow 002B,Investigation complete; no suspect identified
9e48569396e09ee5e1117235b157f0d14cccd37d389a9e34b66db1bfa9d16b60,2015-08,Essex Police,Essex Police,0.679120,51.557194,On or near SOUTHBOURNE GROVE,E01015858,Southend-on-Sea 004B,Investigation complete; no suspect identified
c3059436de5f24cc3f486287f6925106c2f45271b12048684cbbf9e0939301f9,2015-08,Essex Police,Essex Police,0.080081,51.774718,On or near Supermarket,E01021840,Harlow 004B,Investigation complete; no suspect identified
6ff42008fdf43a1378d77f6f8e674061321b762d36b38c26ddbe7eef8d16a4ce,2015-08,Essex Police,Essex Police,1.287088,51.945122,On or near GEORGE STREET,E01021997,Tendring 001A,Investigation complete; no suspect identified
b24f0c477339ff422528eac84c478fffd25d37a3979b6b418986179c0fca5c03,2015-08,Essex Police,Essex Police,1.120185,51.782944,On or near JAYWICK LANE,E01022036,Tendring 017C,Investigation complete; no suspect identified
807ae5e0daf58ac4f12b09bf66e40481ea7a463538e67176cbf2c9c8002c8633,2015-08,Essex Police,Essex Police,0.132511,51.766089,On or near Supermarket,E01021827,Harlow 005D,Investigation complete; no suspect identified
e1b3059043def819461389b382d30284887b6f52d913518b4be31f3ecd879a22,2015-08,Essex Police,Essex Police,0.163831,51.713045,On or near Petrol Station,E01021799,Epping Forest 001E,Investigation complete; no suspect identified
9991ed85d72d63c4a7e1689df28ec3853d0f2c8529b94b8de84255faa3ad605f,2015-08,Essex Police,Essex Police,0.069194,51.606561,On or near TOMSWOOD ROAD,E01021766,Epping Forest 017C,Investigation complete; no suspect identified
e7704aeb55673f26c49b9bd77dfb8c361b13c47aad56b840568942fe8f36ed35,2015-08,Essex Police,Essex Police,0.305909,51.509736,On or near BUCKLES LANE,E01015932,Thurrock 006A,Investigation complete; no suspect identified
4df7e20bb658b1540df3d77ec17238489e266a92202acd53ed18252f930dfdbe,2015-08,Essex Police,Essex Police,0.496745,51.747673,On or near Supermarket,E01021625,Chelmsford 007D,Investigation complete; no suspect identified
335ea7ee3257f874acee6c16d71b9dfc8a37aacbdba46f8855be8145e8771277,2015-08,Essex Police,Essex Police,0.431436,51.570845,On or near LAINDON LINK,E01021289,Basildon 016C,Investigation complete; no suspect identified
e62e7c1991e2265482e61cae1973704fac585a5f8d70aea12a43ec9fbea65730,2015-08,Essex Police,Essex Police,0.601775,51.523608,On or near MITCHELLS AVENUE,E01021496,Castle Point 009D,Investigation complete; no suspect identified
5636e14badcf513fb39f77f45a016291eb85df1b431319ee7c6f9cfab187b82e,2015-08,Essex Police,Essex Police,1.149820,51.793270,On or near MEREDITH ROAD,E01022026,Tendring 016C,Investigation complete; no suspect identified
7b1f080852db77173a208e7c7f5979bf15f4c557720d5e8e229ace2c8d3b278a,2015-08,Essex Police,Essex Police,0.054540,51.636413,On or near DANBURY ROAD,E01021785,Epping Forest 014D,Investigation complete; no suspect identified
4efd5abed95c844271196ac4be1b3c988bc4ddba42c62315341bc725efcad1b8,2015-08,Essex Police,Essex Police,0.347165,51.632311,On or near RAYLEIGH ROAD,E01021451,Brentwood 003D,Investigation complete; no suspect identified
0b7de50c617733e825bcf2923acd9e75fd558b41d4b89b38eb0837f154cab1f8,2015-08,Essex Police,Essex Police,0.657706,51.541555,On or near BROADWAY,E01015847,Southend-on-Sea 011C,Investigation complete; no suspect identified
54f903b063925e8170188c11b3ba511f23d32ac1590a4230245819a753181617,2015-08,Essex Police,Essex Police,0.691150,51.544444,On or near Supermarket,E01015902,Southend-on-Sea 007B,Investigation complete; no suspect identified
72616653656bc231277a340becf001f2e214c71b21b9cc8cc96be74a2ef79617,2015-08,Essex Police,Essex Police,0.328663,51.630809,On or near Supermarket,E01021465,Brentwood 005D,Investigation complete; no suspect identified
d4c17b0d67bd213e5e9e27565ed8278d63b6aff75105d771c95e5b331f44d222,2015-08,Essex Police,Essex Police,0.649788,51.540071,On or near ALLEY DOCK,E01015848,Southend-on-Sea 011D,Investigation complete; no suspect identified
005bf25c06dfacf410ba7b891c4a61f882e372bac99eba4bd4cd4c4f7d08e81a,2015-08,Essex Police,Essex Police,0.641684,51.564734,On or near Petrol Station,E01015816,Southend-on-Sea 003C,Investigation complete; no suspect identified
d7f46ba41348030078c2a7a3a49df238b44dbd71f0dce171f4aeac62c15f2000,2015-08,Essex Police,Essex Police,0.097001,51.781044,On or near Parking Area,E01021853,Harlow 003E,Investigation complete; no suspect identified
74e813ca8caaa727b6d449ba844418ee702720165d0cc8db1736353a0ad11490,2015-08,Essex Police,Essex Police,0.036139,51.654053,On or near Parking Area,E01021806,Epping Forest 009A,Investigation complete; no suspect identified
b556fea048505aa51bc97b8b9bcf8e84bde4a54f3d22b289c6b926f903e691ca,2015-08,Essex Police,Essex Police,0.036139,51.654053,On or near Parking Area,E01021806,Epping Forest 009A,Investigation complete; no suspect identified
1b578c102b474641afb6bfff841bbe570d2f416f699c7b5b3a4c433e6fe5d64f,2015-08,Essex Police,Essex Police,0.295639,51.522744,On or near CANTERBURY PARADE,E01015971,Thurrock 006B,Investigation complete; no suspect identified
2c555fcf0deb00db2c34218b2796c30dbbe28e608ec9c96658d33ce36c3489b9,2015-08,Essex Police,Essex Police,0.889018,51.866445,On or near BERECHURCH ROAD,E01033723,Colchester 015G,Investigation complete; no suspect identified
f494212d38a138d4cb2b14ae234573f68bba3d355ce4d36df8476b4183fb76f7,2015-08,Essex Police,Essex Police,0.109490,51.753529,On or near SAKINS CROFT,E01021861,Harlow 010E,Investigation complete; no suspect identified
37eb4e097b67c66d482fae991e0989c87864d0e3f7ecf895c859988b957edc40,2015-08,Essex Police,Essex Police,0.665861,51.562865,On or near RAYLEIGH ROAD,E01015824,Southend-on-Sea 005E,Investigation complete; no suspect identified
92a85209ca8c1a84f5f1cc6ce1fdfde4abde2e37605f4b70674355f769cbbf47,2015-08,Essex Police,Essex Police,0.096619,51.668906,On or near HORNBEAM CLOSE,E01021803,Epping Forest 010B,Investigation complete; no suspect identified
2e56b552cd9524eec06af21d59b0801f0d458cb753a8a8312a6d7044c67a2a53,2015-08,Essex Police,Essex Police,0.035532,51.626304,On or near Parking Area,E01021748,Epping Forest 015G,Investigation complete; no suspect identified
5a0d2241454cbd08cda58663c0e20a73687efda8a0a54536308a2b4f914f46f6,2015-08,Essex Police,Essex Police,0.122640,51.772536,On or near LADYSHOT,E01021846,Harlow 002C,Investigation complete; no suspect identified
bd033129dcbceb2621567f6cc918f643df16b592b056a0c8b2027a8d1dcc1da5,2015-08,Essex Police,Essex Police,0.122640,51.772536,On or near LADYSHOT,E01021846,Harlow 002C,Investigation complete; no suspect identified
28ee5cfdab598c867c8f3f33651192a97d3835c93f320ba5ad73ee8302fa6f8c,2015-08,Essex Police,Essex Police,0.696207,51.741142,On or near REDSHANK DRIVE,E01021884,Maldon 003A,Investigation complete; no suspect identified
c78a1435b95d3ed98b3ed4d61bb493ddd1a4da98934e4a9155849f61fceddfc4,2015-08,Essex Police,Essex Police,0.174023,51.720618,On or near SCHOOL GREEN LANE,E01021797,Epping Forest 001C,Investigation complete; no suspect identified
2dc393a046ea2d0fe96051603332c66db02bd466a156fad141a7f724b14ce409,2015-08,Essex Police,Essex Police,0.930040,51.895882,On or near Sports/Recreation Area,E01021707,Colchester 022I,Investigation complete; no suspect identified
64b7534a151e289c4c905df541cc9a1457ab30bee15e450e5cd10df57928ffee,2015-08,Essex Police,Essex Police,0.765306,51.536648,On or near STATION ROAD,E01015890,Southend-on-Sea 016B,Investigation complete; no suspect identified
9dc3ee161cc60f7a91adf1f9581f751cd13bbc0b64e0aebbfe952c66b0b0b979,2015-08,Essex Police,Essex Police,0.710081,51.539700,On or near Further/Higher Educational Building,E01015854,Southend-on-Sea 015D,Investigation complete; no suspect identified
50f45cdc6e33ca337711e28dc3f992e3006abe658d2e89973e8bde0dbebf82ce,2015-08,Essex Police,Essex Police,0.654021,51.558781,On or near BIRCHE CLOSE,E01015819,Southend-on-Sea 003F,Investigation complete; no suspect identified
0742ca9f1ef6607d450befe92abd1fea35183229d282377ee0889b3277fe53ce,2015-08,Essex Police,Essex Police,0.639677,51.806386,On or near ALBERT ROAD,E01021416,Braintree 017B,Investigation complete; no suspect identified
cd2860834391404dae0d31be89c30492b114ebfe77ff720464e239fdce7d2bbd,2015-08,Essex Police,Essex Police,0.344899,51.645253,On or near Petrol Station,E01021467,Brentwood 005F,Investigation complete; no suspect identified
9829a5a6569a5b25f5de2a8cd2d0daad45c8c841402b36c69d061c882d692b33,2015-08,Essex Police,Essex Police,0.895674,51.887964,On or near CHURCH WALK,E01021649,Colchester 007D,Investigation complete; no suspect identified
cdca796320cc2044da2e7b9e438c2e2f6a6ecdda881ca896a2e5f21b28c7445a,2015-08,Essex Police,Essex Police,0.910977,51.896931,On or near MEANDER MEWS,E01021647,Colchester 007B,Investigation complete; no suspect identified
c5e711ee995745012788f8ee65df7171dd960e66d74494ddb6590f5cb8f96252,2015-08,Essex Police,Essex Police,0.712013,51.538486,On or near Nightclub,E01015852,Southend-on-Sea 015B,Investigation complete; no suspect identified
b4801dee18315aeae00c242d794183c720de3a0fe80bf3284fb25025812baf76,2015-08,Essex Police,Essex Police,0.472504,51.567568,On or near MISTLEY SIDE,E01021295,Basildon 020B,Investigation complete; no suspect identified
716f77389c5a77582097771bc8a83b0ac403b627cbf9aa81e95fddeb40275fb3,2015-08,Essex Police,Essex Police,0.296350,51.523989,On or near PEARTREE CLOSE,E01015971,Thurrock 006B,Investigation complete; no suspect identified
19cbd764f9b6c45a0706b402440cd40b7820c4fb5f6e5320435a293988fe8dd2,2015-08,Essex Police,Essex Police,0.905583,51.879797,On or near Supermarket,E01021684,Colchester 011B,Investigation complete; no suspect identified
727de0e0e825a4cb6813b4c953bc787d238df1fe2cfd1e2e90aedfc220a0254d,2015-08,Essex Police,Essex Police,0.090560,51.772176,On or near WYCH ELM,E01021843,Harlow 004E,Investigation complete; no suspect identified
4ec3532d1681300bdc26fa2c729c720a29dd05c2c42b51ef85bf63bf7c4c4bd0,2015-08,Essex Police,Essex Police,0.503639,51.575865,On or near STOKEFELDE,E01021306,Basildon 013E,Investigation complete; no suspect identified
4737fc3d7d097828bbfff1077e040cfdb43dd2a493975afea0568e65163bbaf6,2015-08,Essex Police,Essex Police,0.477311,51.732761,On or near HIGH BRIDGE ROAD,E01033140,Chelmsford 010F,Investigation complete; no suspect identified
31db7613756686bdaa75e49da8daec9068009f7ae6afe4f958f0c49cb3ce9c07,2015-08,Essex Police,Essex Police,0.060114,51.639822,On or near RODING ROAD,E01021783,Epping Forest 013D,Investigation complete; no suspect identified
9a629026dd404bc0d9972ed2b28452a025d95178625780f3dcf5e653c83477f5,2015-08,Essex Police,Essex Police,0.777879,51.877891,On or near Sports/Recreation Area,E01021678,Colchester 010E,Investigation complete; no suspect identified
dd473abc6035c88318e38d3ea819aea4c06ae4927449cdba0d8e6a03accd22e1,2015-08,Essex Police,Essex Police,0.299860,51.613310,On or near MYRTLE ROAD,E01021475,Brentwood 007E,Investigation complete; no suspect identified
1b0ac52e6663787663a764d7fbc2de852e8a6cc5cf79056002498ec27f161eb7,2015-08,Essex Police,Essex Police,0.639677,51.806386,On or near ALBERT ROAD,E01021416,Braintree 017B,Investigation complete; no suspect identified
63b21a984d525c4fdfc2d5ecf9fc8a5fe2f6c7f33389dd28961096e84881de5b,2015-08,Essex Police,Essex Police,0.261741,51.889938,On or near Airport/Airfield,E01022090,Uttlesford 006B,Investigation complete; no suspect identified
4beb40fc355666342d1221926b879a8561ec62d502643ddfde8849559f5d2dbc,2015-08,Essex Police,Essex Police,0.088035,51.646082,On or near LENTHALL ROAD,E01021776,Epping Forest 011C,Investigation complete; no suspect identified
d795b7e1623982e6de0320e6cebe9ede09d45920e8a9fbf101563d644618c88e,2015-08,Essex Police,Essex Police,0.504192,51.585656,On or near ARCHERS FIELDS,E01021307,Basildon 011C,Investigation complete; no suspect identified
5013db01b53e3f7b87d96673394e739653b7eab95cccb150c3e10b8c9c8c207b,2015-08,Essex Police,Essex Police,0.519982,51.611929,On or near Supermarket,E01021331,Basildon 008A,Investigation complete; no suspect identified
5e0089ef3ecbfeba7bf73df3343e1e1b500ff6955a3e30eb6c99b21aba064544,2015-08,Essex Police,Essex Police,0.587816,51.521507,On or near BULOW AVENUE,E01021484,Castle Point 011A,Investigation complete; no suspect identified
91139a4981b91ca0fd4693ca8de0876a4a3dc3346047b64bb8836b27e50bc6d7,2015-08,Essex Police,Essex Police,0.305652,51.621290,On or near HIGH STREET,E01021436,Brentwood 007B,Investigation complete; no suspect identified
64ecec12f478e1798939966b5c32ef23d594e72a1f7ab7e19013b4e3e41efe6d,2015-08,Essex Police,Essex Police,0.891763,51.887710,On or near CROUCH STREET,E01021649,Colchester 007D,Investigation complete; no suspect identified
5c524aabbe7d960d46d3abee333d5db8a77368b2fd0b596abb13f1acda824268,2015-08,Essex Police,Essex Police,1.098529,51.772922,On or near BELSIZE AVENUE,E01021988,Tendring 018A,Investigation complete; no suspect identified
7526916f6005be34e3cf9d80fcccc0db88d5fc96361eb137cb7d70d9e8f20559,2015-08,Essex Police,Essex Police,0.897934,51.888970,On or near Shopping Area,E01021649,Colchester 007D,Investigation complete; no suspect identified
937e5001da6da4b99f8727e3fa52078a18d1407052ffaab8ecdc901761459dd5,2015-08,Essex Police,Essex Police,0.683177,51.725882,On or near HORTON CLOSE,E01021889,Maldon 004A,Investigation complete; no suspect identified
d21036934ebb826ecf76358653214ea7b3e6c4cfb6b4c9133e794b1f10ea5761,2015-08,Essex Police,Essex Police,0.399684,51.567767,On or near Supermarket,E01021284,Basildon 021E,Investigation complete; no suspect identified
0afaf29f90769975baee7188588dd2070832ebf679ca17d008687c6eedacc7d1,2015-08,Essex Police,Essex Police,0.609031,51.587193,On or near Parking Area,E01021962,Rochford 008C,Investigation complete; no suspect identified
0ded0a6094c151271c400a44c683332b46328aaec9cfa80149c1ce86f6a440f9,2015-08,Essex Police,Essex Police,0.707614,51.580480,On or near Police Station,E01021955,Rochford 004D,Investigation complete; no suspect identified
257656adcc2c7da7b0504c0d2bdd01733a890533dba744f3d734a604e112b2bc,2015-08,Essex Police,Essex Police,0.717994,51.540353,On or near SOUTHCHURCH ROAD,E01015895,Southend-on-Sea 010A,Investigation complete; no suspect identified
fc5322a60f17498494f933939dd662526bdcc89880f0dddda081c1b0e66e503a,2015-08,Essex Police,Essex Police,0.697921,51.928631,On or near SIMS CLOSE,E01021410,Braintree 006E,Investigation complete; no suspect identified
c445dfc5691662fcf1ca167270ca05388314e92b06ae2d4d821d475af01d5abc,2015-08,Essex Police,Essex Police,1.184647,51.902259,On or near SCHOOL ROAD,E01021991,Tendring 004A,Investigation complete; no suspect identified
535080accfa22bab1172ec4d8eb3f39cb10110441cffbf83bc1b824482a487db,2015-08,Essex Police,Essex Police,0.726190,51.541872,On or near CHRISTCHURCH ROAD,E01015843,Southend-on-Sea 014E,Investigation complete; no suspect identified
d4adb03101dcab24bccc149909fdbf507eaf49332f2bbc88c44e78d39219ad0f,2015-08,Essex Police,Essex Police,0.636952,51.815863,On or near SHAW ROAD,E01021418,Braintree 015C,Investigation complete; no suspect identified
bf21d2f31e7c197fa4969f833caff5a7814506273196bcdedb47a698cdbd099e,2015-08,Essex Police,Essex Police,1.120520,51.847837,On or near CRAVENWOOD CLOSE,E01022018,Tendring 007E,Investigation complete; no suspect identified
ffb0ef2fb3bc2f2b13c51b4eafe7ed8f83da717059bce150c5eabed8f44fc797,2015-08,Essex Police,Essex Police,0.255495,51.498900,On or near HIGH STREET,E01015921,Thurrock 015A,Investigation complete; no suspect identified
8c01682b10316e1a81857e5228cafa64e7c0725c844975257ae61c7aba2e394e,2015-08,Essex Police,Essex Police,0.732972,51.540950,On or near LOVELACE GARDENS,E01015839,Southend-on-Sea 014A,Investigation complete; no suspect identified
eca85bffb2cf433c246e164ebdbafe6dd1b1a367f4d196ca6f9d7ed36f701d2d,2015-08,Essex Police,Essex Police,1.182383,51.803357,On or near Supermarket,E01022034,Tendring 012C,Investigation complete; no suspect identified
eaf8a4be059be2750ca31bd665171929dc6352ced966ba35abd0e1adb09c9e5f,2015-08,Essex Police,Essex Police,0.497196,51.734579,On or near HURST WAY,E01021547,Chelmsford 008D,Investigation complete; no suspect identified
fd420284ddfbf6a9d24dc55d4928df6b9c7f2bf004767cdab9984e889d8a2c52,2015-08,Essex Police,Essex Police,0.064799,51.640504,On or near ALDERTON WAY,E01021783,Epping Forest 013D,Investigation complete; no suspect identified
7e016c70ec4e3cfec12e007aaf45e67c21bfb2313488f259209debe0a309e76b,2015-08,Essex Police,Essex Police,1.161743,51.806945,On or near CRAIGFIELD AVENUE,E01022041,Tendring 010D,Investigation complete; no suspect identified
27eda68cce9fcd98167886918b6dddb563bcb36eab9d6ea8bab9252d090f773a,2015-08,Essex Police,Essex Police,0.286977,51.644651,On or near DAYS LANE,E01021463,Brentwood 006C,Investigation complete; no suspect identified
aa889fb08071ee85f25a1b402a0e4908f6525f84d1ea05b3cb0322443ab762bf,2015-08,Essex Police,Essex Police,0.598234,51.522698,On or near HIGH STREET,E01021498,Castle Point 011B,Investigation complete; no suspect identified
3ea3a04fa05f25ab3b5383f831782537d7542437376e501f3ea46f568170521b,2015-08,Essex Police,Essex Police,0.345705,51.626423,On or near LYNDHURST WAY,E01021447,Brentwood 005A,Investigation complete; no suspect identified
2657c5af87267facf6366ae67cc7474838b7d276747ef65b9e469a785449f753,2015-08,Essex Police,Essex Police,0.567095,51.525263,On or near THIRD AVENUE,E01021507,Castle Point 010E,Investigation complete; no suspect identified
ad1b3c2d59217bd479a517a3b185547c29532cf4f12c0bf0db726f7f2c233bb0,2015-08,Essex Police,Essex Police,0.500859,51.717252,On or near Supermarket,E01021560,Chelmsford 013B,Investigation complete; no suspect identified
d7c0f90884e220e39b97430149d4270f8768a2e3207cabe6e8d66d3e8020a2e3,2015-08,Essex Police,Essex Police,0.691150,51.544444,On or near Supermarket,E01015902,Southend-on-Sea 007B,Investigation complete; no suspect identified
6e99d8460cc7afdaeb085591da171509fb5e0f30599a547545183690889ad4f8,2015-08,Essex Police,Essex Police,0.455364,51.569789,On or near Shopping Area,E01021318,Basildon 015C,Investigation complete; no suspect identified
abbff386febdbf93ec64885a29ac0b5d0eaf28e46f3cb1bded892b2b81d4fdb6,2015-08,Essex Police,Essex Police,0.903818,51.879013,On or near MEYRICK CRESCENT,E01021642,Colchester 018F,Investigation complete; no suspect identified
5159309cd118dd3f6c5231fb1359d8b408fb838c6f45900bbaea4d7fd41b4b8a,2015-08,Essex Police,Essex Police,0.646955,52.073155,On or near SCHOOL ROAD,E01021406,Braintree 002B,Investigation complete; no suspect identified
5e6063597be31face587c885cb291040087c57e91ff561225bc36fe0ee5c6fcf,2015-08,Essex Police,Essex Police,0.121382,51.760859,On or near Supermarket,E01021821,Harlow 008A,Investigation complete; no suspect identified
568086aa7e7f206ca41886841e4894443d145e9aca6c7a48626d9b255df4bcdd,2015-08,Essex Police,Essex Police,0.288595,51.639178,On or near LASCELLES CLOSE,E01021462,Brentwood 006B,Investigation complete; no suspect identified
5e3c2593ec67faf8ed7675893e286f47af275b7ef0eceb5418cc67b22ab58457,2015-08,Essex Police,Essex Police,0.908791,51.859266,On or near BLACKHEATH,E01021641,Colchester 018E,Investigation complete; no suspect identified
ae72d0dc79f6c12f8afe97e35264a5b79f7a5adabef84c3318063b99d528be2e,2015-08,Essex Police,Essex Police,0.284490,51.487772,On or near Shopping Area,E01016011,Thurrock 015B,Investigation complete; no suspect identified
5eb4cb1a5c9ae0550923135b2ab921cd458df50ef81a2e159da0d2ae63a3ea6f,2015-08,Essex Police,Essex Police,0.598234,51.522698,On or near HIGH STREET,E01021498,Castle Point 011B,Investigation complete; no suspect identified
a9935b6656dc2f82061c8ac9f1486e9b57015e622fcac0387685f57a99a3c66f,2015-08,Essex Police,Essex Police,-0.002165,51.686760,On or near Supermarket,E01021818,Epping Forest 009C,Investigation complete; no suspect identified
285ab198997f3d977c3685b7663fd20bc8b74409edd39b12d0006ced1d1ea540,2015-08,Essex Police,Essex Police,0.363301,51.481128,On or near CHELMER ROAD,E01015935,Thurrock 012C,Investigation complete; no suspect identified
c3929cca6957921447c5e4b0b6a1cf1e1fac037a967d76d557f22dead2ce59df,2015-08,Essex Police,Essex Police,0.462750,51.565722,On or near TERLING,E01021296,Basildon 020C,Investigation complete; no suspect identified
c3fd84252502007f621abdf4105bd7a4c6e697812c8f1a462b3a3ced11653631,2015-08,Essex Police,Essex Police,0.048118,51.771826,On or near HARLOW ROAD,E01021801,Epping Forest 002E,Investigation complete; no suspect identified
6e5826645d6faa6262f93e5cbeb9df7ffeaea2573e7ee97472de88a1ceb43574,2015-08,Essex Police,Essex Police,0.116570,51.773868,On or near Sports/Recreation Area,E01021844,Harlow 002A,Investigation complete; no suspect identified
b8c4bb5c8160907ab21ed5fd938de55575d6c20bd720e1c6ed218ae4e81fe9d7,2015-08,Essex Police,Essex Police,0.502267,51.562719,On or near Supermarket,E01021310,Basildon 022B,Investigation complete; no suspect identified
75e2d1edc5dab5dfdb4348caabbf77df095415cb33eacfb82eb781209c945e0c,2015-08,Essex Police,Essex Police,0.084778,51.763079,On or near HARBERTS ROAD,E01021872,Harlow 007E,Investigation complete; no suspect identified
eb9691b96294d05e7ca80a285d2b5933d98795798f9b59ee51b931b06c6660c3,2015-08,Essex Police,Essex Police,0.867700,51.876167,On or near POND CHASE,E01021689,Colchester 014A,Investigation complete; no suspect identified
e9cf7fb4502edc94cfa0ffb4af7af64aeeca38c732cae3fa0405421391fb1940,2015-08,Essex Police,Essex Police,0.897825,51.889081,On or near CULVER STREET WEST,E01021649,Colchester 007D,Investigation complete; no suspect identified
c50f2481d851d71cb2b2dbec9d228065f86b710b87b45eac7f4e8906b18debb7,2015-08,Essex Police,Essex Police,0.364120,51.870956,On or near HIGH STREET,E01022067,Uttlesford 007B,Investigation complete; no suspect identified
922d3eed43ed9cadc042576eec3283d05c6bfd23b6f2989c569cc9a193e4927a,2015-08,Essex Police,Essex Police,1.147433,51.789620,On or near Supermarket,E01022038,Tendring 017E,Investigation complete; no suspect identified
f4c3d36cdd30551b8bf57c29d7be8bdb1164838e043198dcdfcd406cebac1cf7,2015-08,Essex Police,Essex Police,0.333730,51.934628,On or near FOLLY MILL LANE,E01022092,Uttlesford 004A,Investigation complete; no suspect identified
d0ee8c815a8a3042102ecf9f6310c0e5835698ad94ea8302c5fe7c4c0ee396c2,2015-08,Essex Police,Essex Police,0.761816,51.536874,On or near Parking Area,E01015890,Southend-on-Sea 016B,Investigation complete; no suspect identified
e49cdf94ccc4736384de14bb44c568da02cd33f65afd663fe7810b1fb397d5b2,2015-08,Essex Police,Essex Police,0.897808,51.901249,On or near Supermarket,E01021679,Colchester 004A,Investigation complete; no suspect identified
e4d6abbc6cb789344c3106e6a30e6cde300d210fda59db831cef82b4a355090d,2015-08,Essex Police,Essex Police,0.345558,51.495748,On or near JESMOND ROAD,E01015963,Thurrock 010A,Investigation complete; no suspect identified
0becefc97d578c1b4b67a14707bfeb361d4adb929e682c38f2f9339e76b2a7e9,2015-08,Essex Police,Essex Police,0.081345,51.610779,On or near Petrol Station,E01021767,Epping Forest 017D,Investigation complete; no suspect identified
5d7fced02a56b1925d08d4ce1afa68b795fc2fddaf0af2f674c3a73e3a45f8d9,2015-08,Essex Police,Essex Police,0.043403,51.690194,On or near HORSESHOE HILL,E01021806,Epping Forest 009A,Investigation complete; no suspect identified
81265e568ef306d054ec08d8c431c85f405b5a986e49605de38cbad40eb5bff7,2015-08,Essex Police,Essex Police,0.043403,51.690194,On or near HORSESHOE HILL,E01021806,Epping Forest 009A,Investigation complete; no suspect identified
52d7f0767e973b7673d4366c61cfdba73de6cec762712770885a141c5a62e8c2,2015-08,Essex Police,Essex Police,0.463490,51.569268,On or near Supermarket,E01021318,Basildon 015C,Investigation complete; no suspect identified
54867b5f620887b7ab0c7422928b9da25f96bfc42cf6acd1bf437474eb27bc47,2015-08,Essex Police,Essex Police,0.509907,51.607090,On or near BERRY CLOSE,E01021332,Basildon 006D,Investigation complete; no suspect identified
20987b9fd3e06318e5e05aac2a6585277518600d5677181cc5fa7fc42213c9f6,2015-08,Essex Police,Essex Police,0.121382,51.760859,On or near Supermarket,E01021821,Harlow 008A,Investigation complete; no suspect identified
29cd6cb556580511a02313f7c1f2200b5fb4ff49e84a5b69e889e461cd029992,2015-08,Essex Police,Essex Police,0.244893,51.705939,On or near Police Station,E01021753,Epping Forest 004A,Investigation complete; no suspect identified
798cadca342a387c22f7f70324e4355ede95ce6eefbba11b1549f3bf7f40677e,2015-08,Essex Police,Essex Police,0.361679,51.461709,On or near CALCUTTA ROAD,E01016009,Thurrock 018G,Investigation complete; no suspect identified
0fb75ffa11b390d291c3f2d428002bccf1a8787f1f4e48ed479d158abf163c56,2015-08,Essex Police,Essex Police,0.914949,51.883063,On or near KING STEPHEN ROAD,E01021687,Colchester 011E,Investigation complete; no suspect identified
48c64325e67b8f38f6ae2b0ddd326cbd4b67a825c7dee3831ecee72b23cfb9da,2015-08,Essex Police,Essex Police,0.469663,51.575056,On or near GIPPESWYCK,E01021266,Basildon 015A,Investigation complete; no suspect identified
7d9bc6a9bc6beb5400b2ff11e1854b51918570907d92f01014220b69ed372927,2015-08,Essex Police,Essex Police,0.072960,51.622348,On or near LEE GROVE,E01021751,Epping Forest 016C,Investigation complete; no suspect identified
00154097fcb8f75bd95c3b087dc6e7260bdc9ebe61bf9537218eb86f1f1a40a3,2015-08,Essex Police,Essex Police,0.462621,51.571346,On or near Parking Area,E01021318,Basildon 015C,Investigation complete; no suspect identified
255fcc74ecbba7a33e05c93e471e8a50642b89896acae39d64073c16eb1c9601,2015-08,Essex Police,Essex Police,0.084217,51.757208,On or near PYENEST ROAD,E01021833,Harlow 009D,Investigation complete; no suspect identified
014314f67c96d724a853480c148fe77e242ae877674746b666ae331ff9390415,2015-08,Essex Police,Essex Police,0.367721,51.511103,On or near THE GREEN,E01015977,Thurrock 004A,Investigation complete; no suspect identified
7fb218a95eef8c1354a0f75a1a8cdc2e96c3a7ce683a2531359b852eb7a84f0b,2015-08,Essex Police,Essex Police,0.336075,51.498230,On or near LEASWAY,E01015993,Thurrock 009C,Investigation complete; no suspect identified
2c401c1ce1f752be88e101159ac2933428430a471611a2c4d67a8f7476ed9f39,2015-08,Essex Police,Essex Police,0.089532,51.645957,On or near LANGSTON ROAD,E01021776,Epping Forest 011C,Investigation complete; no suspect identified
624809434104925e115aa7a8217952f65a3498396350f1b0b878b4f586c4fd99,2015-08,Essex Police,Essex Police,0.463590,51.579932,On or near GHYLLGROVE CLOSE,E01021268,Basildon 015B,Investigation complete; no suspect identified
4fe7d4251571e07e53c9bdfb8714771d7ccacbe0a5bfaa4f35977a5939f8ac75,2015-08,Essex Police,Essex Police,0.462711,51.549778,On or near HIGHLAND ROAD,E01015943,Thurrock 001A,Investigation complete; no suspect identified
d431a0bc05f9411b80fa5e74db0ebbc11096cd5d0cacb65a8bc6639d41af1ba8,2015-08,Essex Police,Essex Police,0.277434,51.486092,On or near Shopping Area,E01016012,Thurrock 015C,Investigation complete; no suspect identified
8a38a31bbf059d6cccb985c99d8b2955ff7011c78330e9f02696b6f37523f5ab,2015-08,Essex Police,Essex Police,0.906130,51.862156,On or near TERLING CLOSE,E01021641,Colchester 018E,Investigation complete; no suspect identified
d690c71e884376c2592234d52a1d7acd4cb1a52ebb4e45854d3b6b8382aba012,2015-08,Essex Police,Essex Police,0.473762,51.577191,On or near ORSETT END,E01021265,Basildon 012A,Investigation complete; no suspect identified
31626a5aa4f79a428057513ef13ece0f109be0b9e9e07203bee92a17af47ea46,2015-08,Essex Police,Essex Police,0.501584,51.578651,On or near BOCKINGHAM GREEN,E01021302,Basildon 013B,Investigation complete; no suspect identified
821b9f204d6a1e934fb0a90417d5dfa64274ced69edfd0d94ae31e0b6ce86e85,2015-08,Essex Police,Essex Police,0.094394,51.758241,On or near OLD ORCHARD,E01021869,Harlow 007C,Suspect charged
ff6cea605570e464294c1ef8d5b722ce22a57854977bdc4b21098e76b79b85f8,2015-08,Essex Police,Essex Police,0.502267,51.562719,On or near Supermarket,E01021310,Basildon 022B,Local resolution
3922a9764f74ee4bce2156da0bf9b0244df989227ec59b81c72db8c4e07c960c,2015-08,Essex Police,Essex Police,0.615160,51.520442,On or near LINROPING AVENUE,E01021492,Castle Point 009A,Formal action is not in the public interest
d229f9ceebe235c358bb413cbf7fec9e5053a16ed8f80f95a255d0d17046d792,2015-08,Essex Police,Essex Police,0.693247,51.544045,On or near WEST ROAD,E01015900,Southend-on-Sea 010F,Suspect charged
7f65ef92d598597abde9c5f9bc4facfd3907fe22a9b719c56e9aadeca3da90ea,2015-08,Essex Police,Essex Police,0.713596,51.539394,On or near Nightclub,E01015852,Southend-on-Sea 015B,Suspect charged
6a419c77c2749dc3a1101f9de2338245f2c6061ec16d27431b8ca705b38ee646,2015-08,Essex Police,Essex Police,0.715320,51.534677,On or near Shopping Area,E01015852,Southend-on-Sea 015B,Suspect charged
2fabfadf953cef855494401bf4b5b0a8bf8ae373fd2463d6e1bab39c5b67c6fc,2015-08,Essex Police,Essex Police,0.908973,51.883238,On or near MILITARY ROAD,E01021686,Colchester 011D,Formal action is not in the public interest
14a1c5794710ebb0c26010bac82e7984ef52f25943c7d993a275d8f52a89a8c9,2015-08,Essex Police,Essex Police,0.907789,51.889653,On or near ST. JAMES' RISE,E01021648,Colchester 007C,Formal action is not in the public interest
956dff89b10a7d2106fb6b33c97f1fd454125bfec40f19878c6dc095023c6efc,2015-08,Essex Police,Essex Police,0.480749,51.572700,On or near HERON DALE,E01021320,Basildon 015D,Suspect charged
8f59dd1df4b0238eec885faa8e94c8b43032b776fbd1e2adaf1a2bc05efca0b8,2015-08,Essex Police,Essex Police,0.714390,51.538674,On or near Parking Area,E01015852,Southend-on-Sea 015B,Offender given a caution
3b7c5324b453b70e0aeeab8dc175d75953b7dc036d9af42df699539569c2e056,2015-08,Essex Police,Essex Police,1.100349,51.774511,On or near STANDARD AVENUE,E01021988,Tendring 018A,Suspect charged
0c198eca52ea12dbbe7099ab45580e1c96082af1f67a61412013faa5e416fdab,2015-08,Essex Police,Essex Police,0.928570,51.782931,On or near WELLHOUSE AVENUE,E01021733,Colchester 021C,Formal action is not in the public interest
9c3f6aaaf324a969f485207c2b58c09c0f5da67e4734c40ff311447c706e7b43,2015-08,Essex Police,Essex Police,0.907575,51.864054,On or near STANSTED ROAD,E01021638,Colchester 018B,Offender given a caution
5a5fd5fee8449657f6781627f7029239b4d208fb36ddd6d84d67330c0e5f809e,2015-08,Essex Police,Essex Police,0.417763,51.628072,On or near TANFIELD DRIVE,E01021253,Basildon 004B,Offender given a caution
ce671a8a388f5d034f45fc5fa6af39372743253edca24a8449cc6ab60ed57265,2015-08,Essex Police,Essex Police,0.725264,51.534824,On or near OUTING CLOSE,E01015842,Southend-on-Sea 014D,Suspect charged
39a5260ec307322575c705595b057f177866e11c8a95547c147db270697db64c,2015-08,Essex Police,Essex Police,0.277434,51.486092,On or near Shopping Area,E01016012,Thurrock 015C,Suspect charged
f28dbd8fddeec0ed913976682c7ecf57f81c9ad830f0706372511cca628cd586,2015-08,Essex Police,Essex Police,0.277434,51.486092,On or near Shopping Area,E01016012,Thurrock 015C,Suspect charged
2526f01d58478e614412155e38bd09f14fe1f51c48492ad532db0cb121141684,2015-08,Essex Police,Essex Police,0.895698,51.897371,On or near NORTH STATION ROAD,E01021650,Colchester 007E,Suspect charged
c67eb576eeda76df31895e919f2f9d33ce8fb26a23cdc36e48d4d6b5b46b1efd,2015-08,Essex Police,Essex Police,0.010729,51.687808,On or near EASTBROOK ROAD,E01021807,Epping Forest 008A,Suspect charged
46a46d742630487df87823b20899616c1d319e69adaf7be42dc38cef30749bf0,2015-08,Essex Police,Essex Police,0.484654,51.736715,On or near Prison,E01021627,Chelmsford 010E,Suspect charged
896846fd426a18fa9ec3a94f88cc7e2764b510bab5f69547fbaff22517ca61b6,2015-08,Essex Police,Essex Police,0.322355,51.479168,On or near Grays Police Station,E01015956,Thurrock 016B,Suspect charged
702e7facf579ac1a5a178bb1031f057991f54b6d6dbca18faafc53b3c3b49d62,2015-08,Essex Police,Essex Police,0.359986,51.633502,On or near OAKWOOD AVENUE,E01021450,Brentwood 003C,Suspect charged
95396e8bb0e2121d3a235e7b4b8a10ce9e062bcf4856b23e9a925aea4b0e65ba,2015-08,Essex Police,Essex Police,0.622101,51.807499,On or near SAMPHIRE CLOSE,E01021425,Braintree 016B,Suspect charged
c66a5ca86fea14da971b9293ec0fe1fad4af7dffe16b629f802ab1cd824918f3,2015-08,Essex Police,Essex Police,0.356213,51.463491,On or near DUNLOP CLOSE,E01016003,Thurrock 018A,Suspect charged
619c17ca969ba7fd9ae10ac9c411f7cc82d4bcb9f4565b758c5da42eb2e5341f,2015-08,Essex Police,Essex Police,0.114475,51.776487,On or near Parking Area,E01021845,Harlow 002B,Formal action is not in the public interest
59bebee41fcdab08f6d9faafc505d4e8344732b0ec968d6a4dba9f70998c24e7,2015-08,Essex Police,Essex Police,0.415707,51.485078,On or near ALEXANDRA WAY,E01015948,Thurrock 013B,Suspect charged
65243660bc9256491c4ab12bbff0803b9185766080ca870018004784dda7581e,2015-08,Essex Police,Essex Police,0.737940,51.541301,On or near Parking Area,E01015884,Southend-on-Sea 009B,Offender given a caution
5252cde2d2a4026d0be230b8a1a8557e6c12e1371c596eff6a4a84394924f405,2015-08,Essex Police,Essex Police,0.092636,51.771302,On or near Nightclub,E01021872,Harlow 007E,Offender given a caution
19d2b735f6b21395b88099f6c989a1b21d972fc29b71ab9664ed28828509f370,2015-08,Essex Police,Essex Police,0.895335,51.889691,On or near BALKERNE GARDENS,E01021646,Colchester 007A,Formal action is not in the public interest
2d0c8f6e5648d2f1da353531fa6edd1885ad9cf089ea872e1c6c1568ebe7a6f1,2015-08,Essex Police,Essex Police,0.287263,51.870228,On or near BURGATTES ROAD,E01022090,Uttlesford 006B,Suspect charged
c0beb94d4eb8df9b16a97de6c387ce4e41c672bf4f762db08e5853823652909b,2015-08,Essex Police,Essex Police,0.092636,51.771302,On or near Nightclub,E01021872,Harlow 007E,Offender given a caution
75a2248f792ad19de0d13f03f2a821428a84e36d04fdc193d4adcde9faa4ea2c,2015-08,Essex Police,Essex Police,0.357737,51.464000,On or near ADELAIDE ROAD,E01016006,Thurrock 018D,Suspect charged
b05801014ee3008b6d9675fa2470d5389e70654c55bcfeffdda29e44f33648b2,2015-08,Essex Police,Essex Police,0.631050,51.812201,On or near GLEBE CRESCENT,E01021417,Braintree 015B,Suspect charged
4bd9df663535f19c85ce9b6a873139e39c8d4687735733e5ee5f8edef42004e7,2015-08,Essex Police,Essex Police,0.895335,51.889691,On or near BALKERNE GARDENS,E01021646,Colchester 007A,Offender given a caution
b13ca5c70b84942de042e0454729655cb58abdc27a7b36c448491ba77df8e79c,2015-08,Essex Police,Essex Police,0.921917,51.913172,On or near TONY WEBB CLOSE,E01021669,Colchester 002B,Suspect charged
2cf89ab5b1a07958006e694526a7e90cd982a68efa54c8419123049e787700bb,2015-08,Essex Police,Essex Police,0.921917,51.913172,On or near TONY WEBB CLOSE,E01021669,Colchester 002B,Formal action is not in the public interest
1747d935b4e7212eb998207467e5ad536d5e18c30fb99b423c1c3d5a7a5a4ba8,2015-08,Essex Police,Essex Police,0.478121,51.568960,On or near HELPESTON,E01021320,Basildon 015D,Suspect charged
0bbd378d6ef6671b8f47e9d027c8ff2a7196643ce6f2b73e67201e20b3642586,2015-08,Essex Police,Essex Police,0.502743,51.579265,On or near DELVINS,E01021302,Basildon 013B,Formal action is not in the public interest
9a760058f55f1ad1492e15a789790ed90ac3a84ea9326ac882ac4b7d430ec4a5,2015-08,Essex Police,Essex Police,0.475214,51.731744,On or near Shopping Area,E01033140,Chelmsford 010F,Local resolution
d37d58c1c8452d68f28d905aeadc0b42998a0223d6231980444b5ab90bef0c12,2015-08,Essex Police,Essex Police,0.725264,51.534824,On or near OUTING CLOSE,E01015842,Southend-on-Sea 014D,Suspect charged
140dd7f4332c4c2567b4330e26b2b6f181549adfeddcf62f63ead695e03ef1b2,2015-08,Essex Police,Essex Police,0.442562,51.716294,On or near Park/Open Space,E01021634,Chelmsford 011D,Offender given a caution
5ca443c4327e83d5ee57a45cd07797f8ad33e988b7e32595e6d3c21a60920d04,2015-08,Essex Police,Essex Police,0.576423,51.874204,On or near CRESSING ROAD,E01021367,Braintree 012C,Unable to prosecute suspect
d6ca0616663db6d41ba22f0ee23c13f9e5bf17eb5dbfa40d2baf9b8335e9b2d2,2015-08,Essex Police,Essex Police,0.116417,51.779581,On or near TANY'S DELL,E01021845,Harlow 002B,Unable to prosecute suspect
5bb8fdc706f17c9ef148da156cea5c3d4d7eea18b3e93701812110903c2f019a,2015-08,Essex Police,Essex Police,0.092811,51.774150,On or near Supermarket,E01021843,Harlow 004E,Local resolution
d6edb1e16bb5f786d80af6c4a09f44d311b4fc780c18121692a4cd438be6a88b,2015-08,Essex Police,Essex Police,0.684852,51.537187,On or near GROSVENOR ROAD,E01015828,Southend-on-Sea 012B,Formal action is not in the public interest
ffc7d3b18616435eb42a23284094876199632424d628f8421ba8569d08486c5f,2015-08,Essex Police,Essex Police,0.617587,51.642573,On or near Parking Area,E01021613,Chelmsford 019C,Suspect charged
135d563885a4fd4d4de99b6f762965cbcd664b8b4826ceb31250cf4db11cdf6b,2015-08,Essex Police,Essex Police,0.092525,51.756683,On or near WOODCROFT,E01021868,Harlow 007B,Suspect charged
73c4543e433bf5a295f26c54f6c1511cd24b9c84e5a233dea8356bd153bdab94,2015-08,Essex Police,Essex Police,0.430447,51.724980,On or near PARADISE ROAD,E01021636,Chelmsford 011F,Offender given a drugs possession warning
c86c83435f611f024d10e0453c8d9b8f7ece11b17037fdead3daff545523027c,2015-08,Essex Police,Essex Police,0.483196,51.720154,On or near CHILTON CLOSE,E01033137,Chelmsford 014F,Unable to prosecute suspect
928dca93cfbb0c5a3025d0f6d533bf696c6cdc065311d51cbbdb2732e8aec92b,2015-08,Essex Police,Essex Police,0.442562,51.716294,On or near Park/Open Space,E01021634,Chelmsford 011D,Suspect charged
e9cc79f796ce9532eb00a288f6c6e2eca7263db177c5b56623d6213ec67c3b42,2015-08,Essex Police,Essex Police,0.935180,51.893775,On or near SPRUCE AVENUE,E01021697,Colchester 008B,Suspect charged
19ba0c7909ad0755b4ccfd045af86e003fa23b75aa8308f6923b77b759f8efba,2015-08,Essex Police,Essex Police,0.261741,51.889938,On or near Airport/Airfield,E01022090,Uttlesford 006B,Offender given a caution
239d45d4e6352997df68283598716ed37269c4026c490b41958ef44801c46f2f,2015-08,Essex Police,Essex Police,0.442562,51.716294,On or near Park/Open Space,E01021634,Chelmsford 011D,Offender given a caution
ea92c813addd15ba002ce288968f223f4513021bc2f49d23daa5b147fe2a717e,2015-08,Essex Police,Essex Police,0.678375,51.731127,On or near CHEQUERS LANE,E01021890,Maldon 004B,Local resolution
85742085c4e49b2b57105c5bad6497bcbf83bfcde1820095e6ca200f36d7bbe8,2015-08,Essex Police,Essex Police,0.480870,51.570413,On or near NELSON ROAD,E01021322,Basildon 019A,Unable to prosecute suspect
0f820086be12a584254a0c6b2b2b3800de87f4b25a26f95c914bd30800edc988,2015-08,Essex Police,Essex Police,0.442562,51.716294,On or near Park/Open Space,E01021634,Chelmsford 011D,Offender given a caution
3bec5cec50c6b235e907d1fdb2163703950704fd75400d26e689a0e6a0bc854f,2015-08,Essex Police,Essex Police,0.904292,51.884343,On or near FAIRFAX ROAD,E01021683,Colchester 011A,Local resolution
d578037d5dff0293ef8c03ca837ea1a5d8f49ad5cc048fdb744b03eceeffffde,2015-08,Essex Police,Essex Police,0.442562,51.716294,On or near Park/Open Space,E01021634,Chelmsford 011D,Offender given a caution
1578d97bc3e519318d524be08d389041a8bd11bd6d543e51f106a60ca0b31a11,2015-08,Essex Police,Essex Police,0.592616,51.569957,On or near MEADOW CLOSE,E01021510,Castle Point 002B,Formal action is not in the public interest
914d94f754d3b831089b3bba1b35d7678ed34b1aa1874c54770c97c9881a0cfe,2015-08,Essex Police,Essex Police,0.442562,51.716294,On or near Park/Open Space,E01021634,Chelmsford 011D,Offender given a caution
6d1c3158215fc7031f43eccd3e8d7eb77d5beb320a786320cd4e4fd1601fe8fb,2015-08,Essex Police,Essex Police,0.442562,51.716294,On or near Park/Open Space,E01021634,Chelmsford 011D,Offender given a drugs possession warning
1bcecb08ab783c6c816f963bc1898a6ef69403581cc1acb21a1431d506c8ffb7,2015-08,Essex Police,Essex Police,0.442562,51.716294,On or near Park/Open Space,E01021634,Chelmsford 011D,Offender given a drugs possession warning
7f75169b7a4a1f8667d9325a9ab968dafcc90ffd11e42667b5ca92403cd7b6ca,2015-08,Essex Police,Essex Police,0.442562,51.716294,On or near Park/Open Space,E01021634,Chelmsford 011D,Offender given a drugs possession warning
6599e2e5ca7dc12658aefc0ad390b988f62478e3d4cdcc7d4a9010d2f4037cf2,2015-08,Essex Police,Essex Police,0.442562,51.716294,On or near Park/Open Space,E01021634,Chelmsford 011D,Offender given a drugs possession warning
1fcd0993a36f5bac8229eec98e96675c8220f425c71f2f4787c192d8ff320b80,2015-08,Essex Police,Essex Police,0.442562,51.716294,On or near Park/Open Space,E01021634,Chelmsford 011D,Offender given a caution
6c58792d5e34bc7ec740e64b35adc821d5e0f0726f0fd92e943b8eb3f56ed7d6,2015-08,Essex Police,Essex Police,0.374551,51.491684,On or near SLEEPERS FARM ROAD,E01015938,Thurrock 012F,Unable to prosecute suspect
6c58792d5e34bc7ec740e64b35adc821d5e0f0726f0fd92e943b8eb3f56ed7d6,2015-08,Essex Police,Essex Police,0.374551,51.491684,On or near SLEEPERS FARM ROAD,E01015938,Thurrock 012F,Unable to prosecute suspect
96db9c0c1ba573cffbfbca365670ea75d83f714ee2f41fdd46a81a924970a78b,2015-08,Essex Police,Essex Police,0.442562,51.716294,On or near Park/Open Space,E01021634,Chelmsford 011D,Offender given a drugs possession warning
6a7cec17e2c72a09b75a278cbf47cc1ea8eb177788f96024c41dde8162a71704,2015-08,Essex Police,Essex Police,0.919727,51.910133,On or near Supermarket,E01021671,Colchester 002D,Offender given penalty notice
ceb97540a8e0ab53283fc74f2b391b63574de92298fecedee9fc5aee20a01f6b,2015-08,Essex Police,Essex Police,0.896245,51.888706,On or near HEAD STREET,E01021649,Colchester 007D,Suspect charged
4c243ba400b4da8a06c2ff36bf1ee8cfa15ff461f6a19120654238bfdaab10d6,2015-08,Essex Police,Essex Police,0.442562,51.716294,On or near Park/Open Space,E01021634,Chelmsford 011D,Offender given a caution
181e0ba0cba5f15e5fde6d3de0296275470664022898ba8a4a964594f5d13c64,2015-08,Essex Police,Essex Police,0.687399,51.722836,On or near D'ARCY AVENUE,E01021889,Maldon 004A,Local resolution
eca16b7893a1ad0813341399ff85f417e1088e410483ac6dbdf29ddc6eec0e06,2015-08,Essex Police,Essex Police,0.569542,51.527242,On or near ST GUIBERTS ROAD,E01021507,Castle Point 010E,Local resolution
af65c316cd445eb00efb9ea40167e393ebb2552f2cf6fee68fa2ef00cd493c4d,2015-08,Essex Police,Essex Police,0.035702,51.629142,On or near ST JOHN'S COURT,E01021746,Epping Forest 015E,Unable to prosecute suspect
9c366ba742ffe07a23358eb1e3a2fba69062f4690c0f31442c8fabd8ab006980,2015-08,Essex Police,Essex Police,0.417398,51.625283,On or near HIGH STREET,E01021240,Basildon 003B,Suspect charged
1e8e5a26678377ddda13b5456e2bf4f3560e7fbb42d450730c307b83d96d9208,2015-08,Essex Police,Essex Police,0.095357,51.767783,On or near Shopping Area,E01021872,Harlow 007E,Local resolution
8193333768f4c79db119a2d657409398be2d6f4479852f730dbde41ffd9d0ac5,2015-08,Essex Police,Essex Police,0.425753,51.582007,On or near WALTON COURT,E01021274,Basildon 010D,Formal action is not in the public interest
64a05a280b8c095373a3a71ec01f5e7e07edc13831cf1355a85a94345ef71f05,2015-08,Essex Police,Essex Police,0.241602,51.480344,On or near BEACON HILL,E01016013,Thurrock 015D,Unable to prosecute suspect
03106f04cfe1b233a7302cc7642434cc6a3d151e9e3d08f2380021f3a5fc16b4,2015-08,Essex Police,Essex Police,1.171397,51.853491,On or near HALL LANE,E01021974,Tendring 007B,Formal action is not in the public interest
bfc1ad504a3225e003d3814ed4bea5637556c20d9fb4811d1b71e1b00bcd081a,2015-08,Essex Police,Essex Police,0.261741,51.889938,On or near Airport/Airfield,E01022090,Uttlesford 006B,Offender given penalty notice
7f5e7af34577b46e5140c65c827a8ed7ae4aad9631ff1fad22c6584a371da811,2015-08,Essex Police,Essex Police,0.500064,51.581984,On or near ABINGDON COURT,E01021307,Basildon 011C,Unable to prosecute suspect
ddb00680f325e6444868d10d706b2481054ab206d3a981629e8973ea7e0c5cbb,2015-08,Essex Police,Essex Police,0.728256,51.532273,On or near BURNABY ROAD,E01015841,Southend-on-Sea 014C,Suspect charged
30605cfcd4ada0607e0d4578040db323f775964e0d49392c54b319209aca22a0,2015-08,Essex Police,Essex Police,0.717040,51.532569,On or near Theme/Adventure Park,E01015851,Southend-on-Sea 015A,Offender given a drugs possession warning
7538521ebb0e0aafcd77bdb4ca485beebccf3b5d08e342bc488eaa68d1e39fd4,2015-08,Essex Police,Essex Police,0.578284,51.527581,On or near FERRYMEAD,E01021506,Castle Point 008E,Unable to prosecute suspect
f0708bba36e704718ee0258c66a2f666e53bb0839f9ab74f335ac239418be0c7,2015-08,Essex Police,Essex Police,0.044128,51.640443,On or near Sports/Recreation Area,E01021780,Epping Forest 014A,Unable to prosecute suspect
b909d2b7c1db2968a912568b84919b725bfdbd15b0c933697ef744740dbb6f83,2015-08,Essex Police,Essex Police,0.896245,51.888706,On or near HEAD STREET,E01021649,Colchester 007D,Offender given a caution
0bd337377ccf05add385efb5a73fc6c6784591a7e6ee2dd3b56b84525e4ae9ef,2015-08,Essex Police,Essex Police,1.172795,51.802564,On or near SHRUBLAND COURT,E01022050,Tendring 014E,Unable to prosecute suspect
ce9f73d5af9291bf94512fb488be723568e8cf35e853d6c97e9fb7f26084da57,2015-08,Essex Police,Essex Police,0.467164,51.727012,On or near REDCLIFFE ROAD,E01021582,Chelmsford 010D,Unable to prosecute suspect
f202826f65f4c8bdf939650f697541e6df39b8a880badf1a792c5770217efca5,2015-08,Essex Police,Essex Police,1.155579,51.802416,On or near WINDMILL PARK,E01022043,Tendring 014B,Offender given a caution
398cb4e0b1e1df6a4b5021f94d7f7ab88abc3b3f92be78b8cab86180a5bb8be1,2015-08,Essex Police,Essex Police,0.462457,51.585127,On or near Nightclub,E01021268,Basildon 015B,Suspect charged
398cb4e0b1e1df6a4b5021f94d7f7ab88abc3b3f92be78b8cab86180a5bb8be1,2015-08,Essex Police,Essex Police,0.462457,51.585127,On or near Nightclub,E01021268,Basildon 015B,Suspect charged
c019a4d1d02a8bc8f000c49c4c6c939661c59aeffeea3c636d6a02563c36e26a,2015-08,Essex Police,Essex Police,0.241602,51.480344,On or near BEACON HILL,E01016013,Thurrock 015D,Formal action is not in the public interest
ef9974dfb977871197dbccc07f078e92d5410f1d97c7bbc8064ba086a61cb5c8,2015-08,Essex Police,Essex Police,1.150694,51.840313,On or near EDWARD CLOSE,E01022017,Tendring 007D,Suspect charged
ba7e45d0feb25c8de385740c72295f351f79432f4f973371af95680be7c6b88e,2015-08,Essex Police,Essex Police,0.442562,51.716294,On or near Park/Open Space,E01021634,Chelmsford 011D,Offender given a caution
c934c72644c90ffe494eca6896c4651032e8cdf3fc9fdcecc178e0cae6232a00,2015-08,Essex Police,Essex Police,0.539193,51.762879,On or near BRICK HOUSE LANE,E01021536,Chelmsford 005A,Suspect charged
5d77d2857bb0825098f28526ca60015b134afb7c2fe915e1de72ff314957b19d,2015-08,Essex Police,Essex Police,0.092766,51.779753,On or near FIFTH AVENUE ALLENDE AVENUE,E01021853,Harlow 003E,Suspect charged
24ce839989e546b9f423ef412b71239f111ca226f7d94031a334a7ce2151efbb,2015-08,Essex Police,Essex Police,0.092766,51.779753,On or near FIFTH AVENUE ALLENDE AVENUE,E01021853,Harlow 003E,Suspect charged
bc2ce29abe50debda4b2ca6c4da5d905d83153adde3c6742ae5a4c0741895c0a,2015-08,Essex Police,Essex Police,0.442562,51.716294,On or near Park/Open Space,E01021634,Chelmsford 011D,Offender given a caution
6eb72583539ec51fb0fbeaf9e89462b154b61fab73fe45a9b4e4cb27a05400b7,2015-08,Essex Police,Essex Police,0.895056,51.877439,On or near LITTLE FOXBURROWS,E01021717,Colchester 013D,Local resolution
92562a0b7b19ce787e75b20fa5e96fc11f288e47e561adfc710dd589ef8833f1,2015-08,Essex Police,Essex Police,0.473830,51.736629,On or near Chelmsford Police Station,E01033141,Chelmsford 010G,Formal action is not in the public interest
7789af79a62197a8fa61c95594905d663d21728db7024fa2103f36c18d80324a,2015-08,Essex Police,Essex Police,0.475214,51.731744,On or near Shopping Area,E01033140,Chelmsford 010F,Formal action is not in the public interest
1feeb86ed641e1a9457e73557a777dab1a29554352591e5d90659f3117ea5822,2015-08,Essex Police,Essex Police,0.442562,51.716294,On or near Park/Open Space,E01021634,Chelmsford 011D,Offender given a caution
0ac1069e827fcb103a1b3a524e0d72afa6becd00866872d614b7c96cf0c19e5f,2015-08,Essex Police,Essex Police,0.600065,51.576825,On or near CLAYDONS LANE,E01021966,Rochford 008F,Unable to prosecute suspect
0ac1069e827fcb103a1b3a524e0d72afa6becd00866872d614b7c96cf0c19e5f,2015-08,Essex Police,Essex Police,0.600065,51.576825,On or near CLAYDONS LANE,E01021966,Rochford 008F,Unable to prosecute suspect
2afa42a3c8edbfeaf8a85641fbbbe37dc2c99fcd9bac7a1aeadf90424b4a843c,2015-08,Essex Police,Essex Police,0.442562,51.716294,On or near Park/Open Space,E01021634,Chelmsford 011D,Offender given a caution
3a20232ea01aa02f227fe1414949f1f183c63ae7666906d504d7ea5ebe0f3406,2015-08,Essex Police,Essex Police,0.442562,51.716294,On or near Park/Open Space,E01021634,Chelmsford 011D,Offender given a caution
0602be6f060339acd4bb59cb4fb8925df242f6b1fdc5ba50fbdb52535eea1f46,2015-08,Essex Police,Essex Police,0.109228,51.781779,On or near Shopping Area,E01021845,Harlow 002B,Suspect charged
8ad216e252d8d18ba782d550ce9bf149e163927f1b92ea8a93d3c58b1b1e18d5,2015-08,Essex Police,Essex Police,0.442562,51.716294,On or near Park/Open Space,E01021634,Chelmsford 011D,Offender given a caution
bfc534928d1a8703f403d4bdb3ac3bf7d525c8a5fa6cbdcd5e9f94a95c0bca9d,2015-08,Essex Police,Essex Police,0.320719,51.617288,On or near Sports/Recreation Area,E01021466,Brentwood 005E,Suspect charged
2682274fc20c9f760c17ce48f357b6558a8b9efb50c841c56fa0d0700e3794fa,2015-08,Essex Police,Essex Police,0.442562,51.716294,On or near Park/Open Space,E01021634,Chelmsford 011D,Suspect charged
4459a99e514ff90c97599e27f35d22d855073afc0a0a02850830df03d90dbe5f,2015-08,Essex Police,Essex Police,0.543334,51.884133,On or near MOTTS CLOSE,E01021358,Braintree 008C,Formal action is not in the public interest
8f76bef67f40112c2185d61451f0ab29388db02bc2512997ef5ebac6fa6d9310,2015-08,Essex Police,Essex Police,0.322308,51.614460,On or near THE LIMES,E01021435,Brentwood 008A,Offender given a caution
3c3cbe3bdb9f1895bcf6a6ff858a4547331a659000d1adbac38452f025c6395e,2015-08,Essex Police,Essex Police,0.442273,51.710130,On or near Parking Area,E01021634,Chelmsford 011D,Offender given a caution
91d7eb1e79774265c362b04d0cd66950de38ef6a701d4aec50db95b46d5ec10d,2015-08,Essex Police,Essex Police,0.442273,51.710130,On or near Parking Area,E01021634,Chelmsford 011D,Offender given a caution
3fc164392e3474efd423a11f52e8ede44018d4085be43409007687ea858bd816,2015-08,Essex Police,Essex Police,0.516402,51.576977,On or near ASHFIELDS,E01021301,Basildon 011A,Suspect charged
3ad661cd54f03963233969edd7a98de7a3b89f99fe71789eecf47ca694195c98,2015-08,Essex Police,Essex Police,0.630686,51.815167,On or near LONGFIELD,E01021418,Braintree 015C,Unable to prosecute suspect
9b5b2e2de71e04f6ffa894c5e1d97b868b4a85f5663fd53e6771d371ead49bc5,2015-08,Essex Police,Essex Police,1.080553,51.773584,On or near CLUB PARADE,E01022045,Tendring 018D,Suspect charged
03f80d0c4a76b49b0f5c37def5c6e098dd43eef22508b9ef1541f248dea7b82f,2015-08,Essex Police,Essex Police,0.218687,51.882431,On or near THIRD AVENUE,E01022086,Uttlesford 006A,Offender given penalty notice
d64515e61a8d83c9ad40fa02a5379db3ee6fc36303261bf13cfa5617e6afcf72,2015-08,Essex Police,Essex Police,0.726082,51.533546,On or near KURSAAL WAY,E01015842,Southend-on-Sea 014D,Suspect charged
a995bb21e3797e6b802b93d7835aabe15c5cd02f1d8157da2c20099ed507cc91,2015-08,Essex Police,Essex Police,0.088203,51.760365,On or near ABERCROMBIE WAY,E01021831,Harlow 007A,Suspect charged
5d04b90530e88cef323eb3254a5edcce0c203d97a9ba42349f03c951ab1623af,2015-08,Essex Police,Essex Police,1.120743,51.779053,On or near GOLF GREEN ROAD,E01021990,Tendring 018C,Formal action is not in the public interest
380104c580287bd9b8176069f66e07344216160a2fa38771286d416f9c6b5738,2015-08,Essex Police,Essex Police,0.904929,51.858390,On or near THAXTED WALK,E01021639,Colchester 018C,Local resolution
0f4b91b197434ad13432f82823b2e66a2efccdcc3466b87b93d6aa5680106614,2015-08,Essex Police,Essex Police,0.124229,51.785708,On or near Petrol Station,E01021848,Harlow 002E,Suspect charged
801c6a9142f2fca5fda2e10129c665c99887be3c254c99008ef09bdec8f69d85,2015-08,Essex Police,Essex Police,1.248772,51.844290,On or near Supermarket,E01021994,Tendring 008B,Suspect charged
754e56eb532b216afdcbd70c410782c29f6abc0e8f32f1eb3a8b44144a41c661,2015-08,Essex Police,Essex Police,0.456169,51.571868,On or near Pedestrian Subway,E01021318,Basildon 015C,Suspect charged
24976aa37855f929c87f67c788205eaae6157a9e2883bf373013d4e4fc49aea7,2015-08,Essex Police,Essex Police,0.482872,51.749127,On or near MEON CLOSE,E01021622,Chelmsford 007C,Unable to prosecute suspect
a96c1d402f3ca3665c65328fe7695514006a3af2ac4a6b6e2067a7f7d9e9a0e1,2015-08,Essex Police,Essex Police,0.646243,51.545574,On or near WESTCLIFF DRIVE,E01015909,Southend-on-Sea 008B,Suspect charged
7ca230a2082d4e3b62ee95257f1f045c190fce9ab7afae20c3a7834e21f06fa9,2015-08,Essex Police,Essex Police,0.735950,51.551879,On or near HAMSTEL ROAD,E01015875,Southend-on-Sea 006G,Suspect charged
fc6913a654a0e124ea47c8a9550cf976049adcee0452e1db98c9c7a5395a84e3,2015-08,Essex Police,Essex Police,0.705487,51.538601,On or near PARK STREET,E01015854,Southend-on-Sea 015D,Unable to prosecute suspect
90542e1f2be5c94e41386cd14ad6474479233d62b19832065ae449000e12f746,2015-08,Essex Police,Essex Police,0.505375,51.578040,On or near MALYONS PLACE,E01021302,Basildon 013B,Unable to prosecute suspect
2ba1d823650a8d660e24b34a3cbf593340ed602f854994122c9925e97b2fe130,2015-08,Essex Police,Essex Police,0.406175,51.900301,On or near BRICK KILN LANE,E01022088,Uttlesford 008E,Formal action is not in the public interest
85462c9abad36bc97e2a161c97944a6875cbc598060e3342f09b1b82be7e327e,2015-08,Essex Police,Essex Police,0.261741,51.889938,On or near Airport/Airfield,E01022090,Uttlesford 006B,Offender given a caution
3d0fb3f1eb14e5bcaba8e8847887a6aabb40e9c7a9c588dc313bb733aeb7d307,2015-08,Essex Police,Essex Police,0.716140,51.539731,On or near WARRIOR SQUARE EAST,E01015852,Southend-on-Sea 015B,Suspect charged
8a0a5e65360228a09cc9e6f9cffe334d7963902e9980b382752e045990ff32cb,2015-08,Essex Police,Essex Police,0.792324,51.621017,On or near Park/Open Space,E01021915,Rochford 004A,Unable to prosecute suspect
f8a1fd66bd2fbfb45a9f99fefef562e70941582286cb0b5fa33690e5dd08a9d0,2015-08,Essex Police,Essex Police,1.064605,51.944886,On or near ST MICHAELS COURT,E01022020,Tendring 003F,Formal action is not in the public interest
0aa9f24a45593c211bc85c86492d8f78645a3db3296b6357e4586c074d50f8bb,2015-08,Essex Police,Essex Police,1.152344,51.787662,On or near AGATE ROAD,E01022025,Tendring 016B,Formal action is not in the public interest
2edd28655ce44dcacafd9c063bd4743a8d6dd79629e99d8aeda37a8c70c2e6b7,2015-08,Essex Police,Essex Police,0.482872,51.749127,On or near MEON CLOSE,E01021622,Chelmsford 007C,Unable to prosecute suspect
41eb8c2b62278f4d56e18518db1b8438448cb8b185c047b8f78db5b264d5c32d,2015-08,Essex Police,Essex Police,1.157035,51.816183,On or near LEYTON COURT,E01022039,Tendring 010B,Formal action is not in the public interest
de03e1a2b9edc3e86af0b5719682f710d7057842598a120449ec7aed92453076,2015-08,Essex Police,Essex Police,1.080553,51.773584,On or near CLUB PARADE,E01022045,Tendring 018D,Formal action is not in the public interest
f62734ae480154e45eb5b1604eb7e55eaba084ab5f5306a191ea3a8472090dab,2015-08,Essex Police,Essex Police,1.244587,51.845863,On or near HONYWOOD WAY,E01021996,Tendring 008D,Formal action is not in the public interest
3712564b030363a2c6d4b16f0968d43f52e135d70a80c47c07fca9697144c008,2015-08,Essex Police,Essex Police,0.713739,51.548825,On or near GLENHURST ROAD,E01015897,Southend-on-Sea 010C,Suspect charged
1ae997882156e0a3f8266fc63a4434886a12eb563e4ac857c53716bb755084d1,2015-08,Essex Police,Essex Police,1.244587,51.845863,On or near HONYWOOD WAY,E01021996,Tendring 008D,Formal action is not in the public interest
128d6c819867e679022c1cbdc6e7ec250f71989037359c8644ecdb96fb83098e,2015-08,Essex Police,Essex Police,1.157068,51.789064,On or near ROSEMARY CRESCENT,E01022027,Tendring 016D,Suspect charged
c2cfd90b4edb32e99e17141cd4b6ccefb38d53269fb6ba034067a2a104543115,2015-08,Essex Police,Essex Police,0.930331,51.911065,On or near WOODVIEW CLOSE,E01021710,Colchester 022C,Formal action is not in the public interest
b95c823971b38f3916aac7d41e404f323ab8f79705a31b51a2c519184f6f2605,2015-08,Essex Police,Essex Police,0.900525,51.860603,On or near WILLIAM HARRIS WAY,E01021639,Colchester 018C,Unable to prosecute suspect
bbd859de2928e2a264a3da956e370863614a7e8c99016d307581dfb70c2205ad,2015-08,Essex Police,Essex Police,0.102925,51.760975,On or near TENDRING MEWS,E01021870,Harlow 006E,Formal action is not in the public interest
bbd859de2928e2a264a3da956e370863614a7e8c99016d307581dfb70c2205ad,2015-08,Essex Police,Essex Police,0.102925,51.760975,On or near TENDRING MEWS,E01021870,Harlow 006E,Offender given a caution
4035f980f072ba656407bad99dfa8992099e4c580fcbb73fb0052e031ee0d880,2015-08,Essex Police,Essex Police,0.428935,51.569953,On or near FOXGLOVE COURT,E01021288,Basildon 016B,Suspect charged
c94e69995e5922c43b16a468a95218748ebd60dcd4292c370a1647b0b1cbfd05,2015-08,Essex Police,Essex Police,0.678404,51.724273,On or near FAMBRIDGE CLOSE,E01021894,Maldon 005B,Suspect charged
9f93e01fdeeea864e4b8b54a1bd4813748954171363a9aa4d7989bda9c15465e,2015-08,Essex Police,Essex Police,0.068517,51.761163,On or near Park/Open Space,E01021832,Harlow 009C,Formal action is not in the public interest
17e0f9eb7f43c38d21ca0c90f84c574afb0b4a190161dab0515128a78019fc15,2015-08,Essex Police,Essex Police,0.416916,51.625455,On or near ROSE LANE,E01021240,Basildon 003B,Suspect charged
f2f8c6ae352e7573551c982ab896ad6e1c76113d3df278678bcd132bd4d8af08,2015-08,Essex Police,Essex Police,0.498190,51.718739,On or near BUCKLEYS,E01021560,Chelmsford 013B,Suspect charged
21a40c08a573a325e8699628b37f442ee697a4df3f89034443b8c2dd5f718fac,2015-08,Essex Police,Essex Police,0.365849,51.510035,On or near Hospital,E01015977,Thurrock 004A,Formal action is not in the public interest
df729d74cf3e34bef3a58533a9dfd4a0e1e35ace2bd17b5a39a9a9d50efd7c25,2015-08,Essex Police,Essex Police,0.347725,51.636734,On or near HAWKSMOOR GREEN,E01021451,Brentwood 003D,Unable to prosecute suspect
e2a50c4cc4b553d906fb90e56ee0533cbaee8298a6c888de56937f7035c7dd4b,2015-08,Essex Police,Essex Police,0.515984,51.578559,On or near HAVENGORE,E01021301,Basildon 011A,Suspect charged
92b0d45645ad42227775a3b0af0d2c91e2df970ffff094568ca2d6c7d6834ac5,2015-08,Essex Police,Essex Police,0.125371,51.650089,On or near NEW FARM DRIVE,E01021770,Epping Forest 010A,Formal action is not in the public interest
133b0c4df9e2b803a7dc33f84d2555db6d2e4eedbd35d471718cad1896ca1c08,2015-08,Essex Police,Essex Police,0.369335,51.459432,On or near THE BEECHES,E01016004,Thurrock 018B,Formal action is not in the public interest
3d376e41f83789d75a34ad7c3d52a4b2991465dfb1dbfc7864ed00b0cab0990c,2015-08,Essex Police,Essex Police,0.442562,51.716294,On or near Park/Open Space,E01021634,Chelmsford 011D,Offender given a caution
93668fefe939c83e501195496938779e3cae1d9972b00972037dedf21632e58f,2015-08,Essex Police,Essex Police,1.089022,51.941667,On or near REMERCIE ROAD,E01022021,Tendring 003G,Suspect charged
5fc2b473a4371612fec55e8dc5044030f430783e64156519a00f8f5d6628601a,2015-08,Essex Police,Essex Police,1.091917,51.941860,On or near STOURVIEW CLOSE,E01022021,Tendring 003G,Suspect charged
3289f41716454cf8e020bcac9121106c5e02b09110dae41bb674a9fc781b6648,2015-08,Essex Police,Essex Police,0.442562,51.716294,On or near Park/Open Space,E01021634,Chelmsford 011D,Offender given a caution
b2101f9db8973321c4ff7a87db3d1cc32c8f6efe173eec3f83d523dfd7f84cff,2015-08,Essex Police,Essex Police,1.115348,51.773791,On or near FIR WAY,E01021988,Tendring 018A,Suspect charged
c036091add1c8b20802dca5a5c53151fd63d89bca30e5ff118c66fa5dcfee950,2015-08,Essex Police,Essex Police,0.442562,51.716294,On or near Park/Open Space,E01021634,Chelmsford 011D,Offender given a caution
dbfcdb1f5e487759defb9dde0676848a4cdcd971b11a4b5bff73e274dd995f6f,2015-08,Essex Police,Essex Police,0.473830,51.736629,On or near Chelmsford Police Station,E01033141,Chelmsford 010G,Offender given a caution
ed14784e2472d2d4a0bc55918d13c237c2d4192dda9dd63149445a8ebc15225a,2015-08,Essex Police,Essex Police,0.261741,51.889938,On or near Airport/Airfield,E01022090,Uttlesford 006B,Local resolution
54ad69cbe9bd532b17151d90d32b44670235b6ce31d6cfb68857fc9a34b0e07c,2015-08,Essex Police,Essex Police,0.113519,51.768429,On or near LONG LEY,E01021852,Harlow 003D,Formal action is not in the public interest
315d89efe8911788f6765b2d6382fefc7eb018aba1a84f67796856ecfbb705e6,2015-08,Essex Police,Essex Police,0.442562,51.716294,On or near Park/Open Space,E01021634,Chelmsford 011D,Offender given a caution
4b163224666c996e3e8bdad1e29bc9057f45c82ee2610ac932a9937632be6840,2015-08,Essex Police,Essex Police,0.442562,51.716294,On or near Park/Open Space,E01021634,Chelmsford 011D,Offender given a caution
79f8b79ec9bb456fa845a454d5a8ad9dbcd959a7987f4443831dd13035805010,2015-08,Essex Police,Essex Police,0.476706,51.589656,On or near Sports/Recreation Area,E01021267,Basildon 012B,Suspect charged
2ce69a5482ead0681ca3b566491c797b76bd57b4f26927677b879da20f5d5ae1,2015-08,Essex Police,Essex Police,0.442562,51.716294,On or near Park/Open Space,E01021634,Chelmsford 011D,Offender given a caution
8dc53b529940bbdbd256df4c5d2d74857dded4c85221d9c9d846d968897e3a6c,2015-08,Essex Police,Essex Police,0.442562,51.716294,On or near Park/Open Space,E01021634,Chelmsford 011D,Offender given a caution
a761dc65687f138eab8088f300438b6433dbbbc5b5593631b62a548120576c0a,2015-08,Essex Police,Essex Police,0.515984,51.578559,On or near HAVENGORE,E01021301,Basildon 011A,Suspect charged
43e1415dbdb0a64e194c75acd1637af990345b5fbf071e8e481b5865ec45e89e,2015-08,Essex Police,Essex Police,0.302207,51.620297,On or near HIGH STREET,E01021433,Brentwood 007A,Offender given a caution
43e1415dbdb0a64e194c75acd1637af990345b5fbf071e8e481b5865ec45e89e,2015-08,Essex Police,Essex Police,0.302207,51.620297,On or near HIGH STREET,E01021433,Brentwood 007A,Offender given a caution
b5e7bb89a7427c050394a6ee54e9b7b5627a1eaa01a8b1af40ed95ab8394ac00,2015-08,Essex Police,Essex Police,0.895004,51.886362,On or near BUTT ROAD,E01021683,Colchester 011A,Suspect charged
6ed236b657ae6074209d26298cc9d32bcb2211a7e183a2e1e5a98faca5e693df,2015-08,Essex Police,Essex Police,1.150947,51.786764,On or near EDITH ROAD,E01022025,Tendring 016B,Formal action is not in the public interest
2c3dc1dc928a98ac700c0beefd86ca64fb0755f586dcdbc3b224fcc604895e20,2015-08,Essex Police,Essex Police,0.359937,51.465350,On or near HOBART ROAD,E01016006,Thurrock 018D,Formal action is not in the public interest
6b5ca00ef2f3200f5389bfca8594fe5eeb2e379e98629f01c6284f1f8a392b25,2015-08,Essex Police,Essex Police,0.502915,51.565583,On or near BURNS AVENUE,E01021316,Basildon 018D,Suspect charged
1c4f37d07d2898940ccb335bf78bdb61195d40366f2aecc3889614fdc943ee3a,2015-08,Essex Police,Essex Police,0.261741,51.889938,On or near Airport/Airfield,E01022090,Uttlesford 006B,Local resolution
f6f56292be56ab08b27b495cda03ee70033322f2968ac047ee85059c1fb63687,2015-08,Essex Police,Essex Police,1.030773,51.816476,On or near SOUTHWAY,E01021979,Tendring 011A,Unable to prosecute suspect
7674a341494133cb8eac220d159157e3e511f20db9b931bf6e816a7d495b38ce,2015-08,Essex Police,Essex Police,0.913524,51.952430,On or near BOXTED STRAIGHT ROAD,E01021659,Colchester 001C,Offender given a caution
9d8503517e7d7052c55edbc5391b9e9cba340179d975a4c670c87c748c9665ab,2015-08,Essex Police,Essex Police,1.154883,51.790382,On or near HIGH STREET,E01022025,Tendring 016B,Suspect charged
e5fd6618772d64399b6b04ebf199d77172fce34d08c22f3fd17699edae9d0d5f,2015-08,Essex Police,Essex Police,0.303360,51.620247,On or near Supermarket,E01021436,Brentwood 007B,Local resolution
721f9e5e45e3999aa5ff9e4c0d5eb2b4660d9736a8880cb5b90c44d924ffdaea,2015-08,Essex Police,Essex Police,0.084336,51.763258,On or near TODDBROOK,E01021872,Harlow 007E,Formal action is not in the public interest
80d5c93d1873df128b70063907ca582c9911c072bcb2a45c09c964d28a5b5544,2015-08,Essex Police,Essex Police,0.103004,51.749886,On or near COPSHALL CLOSE,E01021858,Harlow 010B,Formal action is not in the public interest
5fb3e7a83650422c841e6497ce0c36920ceafe686fa0881040f3276eb972379b,2015-08,Essex Police,Essex Police,0.344899,51.645253,On or near Petrol Station,E01021467,Brentwood 005F,Suspect charged
9833ba347f628725517898cd449de2240c74e42f961234702d21226ef906444d,2015-08,Essex Police,Essex Police,0.714390,51.538674,On or near Parking Area,E01015852,Southend-on-Sea 015B,Formal action is not in the public interest
44dbd1c85e64640e1800428dea61c260ea48248e9bcf63be58ad85783870e4e7,2015-08,Essex Police,Essex Police,0.899415,51.887378,On or near ABBEY GATE STREET,E01021649,Colchester 007D,Unable to prosecute suspect
b0a642ba1788bfc0a357d90941f77e514f2ee11cd14419963b275a51ba24926d,2015-08,Essex Police,Essex Police,0.899415,51.887378,On or near ABBEY GATE STREET,E01021649,Colchester 007D,Unable to prosecute suspect
735ad6dcd382be055ec670a79c6ecd48578b93941d573c2554fd18fead8ec9de,2015-08,Essex Police,Essex Police,0.893409,51.882336,On or near CAVALRY ROAD,E01021651,Colchester 013A,Unable to prosecute suspect
e26105adc6ec8e1aad7af0e16dd6644e0883fc35c9e377ee9db498f261606a91,2015-08,Essex Police,Essex Police,0.076258,51.656282,On or near PYRLES LANE,E01021779,Epping Forest 011F,Formal action is not in the public interest
502202092009ba5727a77768353ca5362ca317b24aa8f68b5f85c35380fce8aa,2015-08,Essex Police,Essex Police,0.516589,51.742915,On or near BRYANT LINK,E01033142,Chelmsford 005E,Formal action is not in the public interest
e9d303e997f2fde3bfcfc686087df458553176812adad985b6c65be62175ddcb,2015-08,Essex Police,Essex Police,0.818580,51.835859,On or near HOLLINGTONS GROVE,E01021644,Colchester 019B,Suspect charged
5ff89e1320e39b0054a3a1717f732052376bc75c6b9634e8a9ab9f9b72118c00,2015-08,Essex Police,Essex Police,1.268786,51.928812,On or near KRESWELL GROVE,E01022005,Tendring 004E,Formal action is not in the public interest
8d8ba56f6ea508151e891361e92e2e004483301aa03c042105cfd76ebd40582a,2015-08,Essex Police,Essex Police,0.682367,51.879057,On or near MELLINGS,E01021379,Braintree 014C,Offender given a caution
2a6b69365ba60a2694695ffe9367e0334f963eaaf23f12b3029f793a8cde001a,2015-08,Essex Police,Essex Police,0.698801,51.540896,On or near LONDON ROAD,E01015855,Southend-on-Sea 015E,Unable to prosecute suspect
77e90ba990d2a5082382453f358ab3813ae18c1a9ce0cfa86fedaca1411aabba,2015-08,Essex Police,Essex Police,0.879465,51.879036,On or near ALPORT AVENUE,E01021713,Colchester 015C,Unable to prosecute suspect
7428c789be0e3a0a550b82527ef2e87ed42e41401d1a1b9f2f975a61bd6ea6ff,2015-08,Essex Police,Essex Police,0.879465,51.879036,On or near ALPORT AVENUE,E01021713,Colchester 015C,Unable to prosecute suspect
c56139082dc5ead69a53b0fcffcb3acc1ed78e5deb635b74d45e340a2e39b2b5,2015-08,Essex Police,Essex Police,0.507362,51.575596,On or near LITTLE SEARLES,E01021303,Basildon 011B,Suspect charged
df56ca169550c78bda37485b5fdc7f4e2be605f4301173678f657af583da010c,2015-08,Essex Police,Essex Police,0.282488,51.487496,On or near Shopping Area,E01016011,Thurrock 015B,Investigation complete; no suspect identified
5cecb91b59414f50ae8e4495b5b5e5e68fa83a231d9d12b388a7d8cfce4138e0,2015-08,Essex Police,Essex Police,0.592539,51.925506,On or near NEW ROAD,E01021381,Braintree 007F,Investigation complete; no suspect identified
16eb8e9996c6bd0d3d406fa9ca260aa2904e5da08572ff0c9b5ce15281d1116d,2015-08,Essex Police,Essex Police,0.324019,51.478460,On or near Theatre/Concert Hall,E01015956,Thurrock 016B,Investigation complete; no suspect identified
dbed63c567d38892e61f142534b723b27df9c2b107b0c940f57276b39a4af7d6,2015-08,Essex Police,Essex Police,0.669731,51.597636,On or near PARK GARDENS,E01021935,Rochford 003C,Investigation complete; no suspect identified
67bf4af8a3393993d03e88a937dce241ffc7e6aa5bc7ffe52b551b4de801b37b,2015-08,Essex Police,Essex Police,0.321919,51.779829,On or near THE GOSSETTS,E01022096,Uttlesford 009D,Investigation complete; no suspect identified
7200ea1278d3d81804f429fa65a06124f297a20a89fedf33b4e7d1a659031e24,2015-08,Essex Police,Essex Police,0.887816,51.888940,On or near OAKS DRIVE,E01021646,Colchester 007A,Investigation complete; no suspect identified
38b92477c9c514f1e141dfb3a51e9e12bf757605e0230180b5bc58110718d068,2015-08,Essex Police,Essex Police,0.516211,51.623143,On or near RICHMOND ROAD,E01021338,Basildon 005C,Investigation complete; no suspect identified
8a02794b5ef575b8fc4a8a403e29dec208bee18c82179b12be895b08bd8e35b8,2015-08,Essex Police,Essex Police,0.054196,51.647669,On or near CLIFTON ROAD,E01021791,Epping Forest 012F,Investigation complete; no suspect identified
73c69c128ed20fbe043d270ebcebd5646138f680bd26fbfd516494daa728e54d,2015-08,Essex Police,Essex Police,0.568393,51.521431,On or near LINK ROAD,E01021485,Castle Point 010A,Investigation complete; no suspect identified
268cbd9b13148ce523349b146b2c536ad8a10603cfd02364de3d700cc4d5bbba,2015-08,Essex Police,Essex Police,0.325241,51.831165,On or near THE STREET,E01022096,Uttlesford 009D,Investigation complete; no suspect identified
b9a9024e381ddfc4fef01815d658a4f9e05c433e4bdd07f7185f4abccf7986dc,2015-08,Essex Police,Essex Police,0.787288,51.706387,On or near Park/Open Space,E01021901,Maldon 006A,Investigation complete; no suspect identified
8ed05a7fd674ed76b20d3639db121a2c8d7e761fe39f2ba190099263bf904282,2015-08,Essex Police,Essex Police,0.724923,51.532971,On or near Supermarket,E01015842,Southend-on-Sea 014D,Investigation complete; no suspect identified
8642b75e41040964ecf9b7b357b6f659b039fd913743a637da9aa55cd5f21c10,2015-08,Essex Police,Essex Police,0.294809,51.614273,On or near ROLLASON WAY,E01021439,Brentwood 007C,Investigation complete; no suspect identified
ffa4b1dc518a276cb586d8020ecceb5f024814876e946ef494a468e4d59f9ed0,2015-08,Essex Police,Essex Police,0.328361,51.474075,On or near EXMOUTH ROAD,E01015954,Thurrock 017D,Investigation complete; no suspect identified
07e4d504b73fb8097f08ca144eacfebb34f964eebbcbd1ac2e6b1f0f4e76c24c,2015-08,Essex Police,Essex Police,0.417129,51.626206,On or near Parking Area,E01021244,Basildon 004A,Investigation complete; no suspect identified
88d200b4babb46cb10fdfe132abd17179620130c6c322583d1549ff2fee71d91,2015-08,Essex Police,Essex Police,0.306907,51.618964,On or near ST HELENS MEWS,E01021436,Brentwood 007B,Investigation complete; no suspect identified
37f00c36ec018f5fb15c59481b0c9c1aeddbf4b25f4782610b5a60e8b0b24ab3,2015-08,Essex Police,Essex Police,0.787288,51.706387,On or near Park/Open Space,E01021901,Maldon 006A,Investigation complete; no suspect identified
2f523aa0f9ec5289a391ee4007c849f9880c3b72992870473c0e945b1ff2ddf5,2015-08,Essex Police,Essex Police,0.113273,51.648886,On or near Petrol Station,E01021770,Epping Forest 010A,Investigation complete; no suspect identified
02e6dae7df90129923862add8edfacdaa30c49e1bae930412e60b2a89dd8c245,2015-08,Essex Police,Essex Police,0.504899,51.577250,On or near MALYONS MEWS,E01021302,Basildon 013B,Investigation complete; no suspect identified
ccc023e1f8fd4a55c96743d93cdb3159de40090026c991497176a66e473985d2,2015-08,Essex Police,Essex Police,0.556767,51.875514,On or near STATION APPROACH,E01033458,Braintree 009E,Investigation complete; no suspect identified
90fcd9d2270af6675154d3f030d4bcd88bba0353f97fd96084d7ce4cd1390e87,2015-08,Essex Police,Essex Police,1.118638,51.801091,On or near FLIXTON CLOSE,E01021977,Tendring 013C,Investigation complete; no suspect identified
fb09ba16665d0866cdfabef8744e7e6872073a56a98742d04a971120a2afdb9e,2015-08,Essex Police,Essex Police,0.494031,51.576744,On or near LINCOLN ROAD,E01021271,Basildon 013A,Investigation complete; no suspect identified
759674e0943f1229918c77ead4cf768c35d4f8e1aeda488f36cd5e3fc517d66c,2015-08,Essex Police,Essex Police,1.278647,51.856529,On or near PERCIVAL ROAD,E01022054,Tendring 006C,Investigation complete; no suspect identified
8e51e9151c6c4e73056704294b8e8f93b9ce3d04c2b2e4fde7b762cbd9fc7a81,2015-08,Essex Police,Essex Police,0.410137,51.573596,On or near TRUMAN CLOSE,E01021276,Basildon 014C,Investigation complete; no suspect identified
9710c9632130eb19b4a8794361bafdf6be05d6f4836c05b2597261a3e54f3944,2015-08,Essex Police,Essex Police,0.272728,51.667544,On or near THE COPPICE,E01021443,Brentwood 001C,Investigation complete; no suspect identified
bc743b5e9e7f5ad38a46e6c5382984c6ee18032227dd3096e324735c393cb96a,2015-08,Essex Police,Essex Police,0.053305,51.643628,On or near OLD STATION ROAD,E01021781,Epping Forest 014B,Investigation complete; no suspect identified
cd636c9d09e002a2c5e76704c6461b58b08b3d137914d02b5b1c4f6d7f9505bc,2015-08,Essex Police,Essex Police,0.690490,51.547427,On or near BEEDELL AVENUE,E01015906,Southend-on-Sea 007F,Investigation complete; no suspect identified
d26471c366290cc4c9d8d109b5ff1f4f461a5bf7a418cd5762e4d5f9dedfb6f1,2015-08,Essex Police,Essex Police,0.890973,51.895563,On or near Sports/Recreation Area,E01021646,Colchester 007A,Investigation complete; no suspect identified
55cf876ec3c7998f400da60e38eec951e06d1cce224e561815469a74337ed2c7,2015-08,Essex Police,Essex Police,1.019304,51.820962,On or near SARRE WAY,E01021983,Tendring 009B,Investigation complete; no suspect identified
2c1c49068767df183a4d9448f3416a51d6ef1726ba913d7614f6398942f73dbf,2015-08,Essex Police,Essex Police,0.423688,51.576024,On or near ST ANDREWS LANE,E01021290,Basildon 016D,Investigation complete; no suspect identified
404b6351e5414a73ed2cd50bf90cb7663c3d9f32557dd70134deb60dba1467f3,2015-08,Essex Police,Essex Police,0.996025,51.944593,On or near THE HEATH,E01021656,Colchester 001B,Investigation complete; no suspect identified
78d316ca8013594f2c957be629c4f88b7d2447ac813bc570c34fc836eda70cb5,2015-08,Essex Police,Essex Police,0.522689,51.613867,On or near Supermarket,E01021336,Basildon 005B,Investigation complete; no suspect identified
d2c6d4d8ff47767977c59b19bfa5b9017fa807df70e1c6d7989d30f33285bcf5,2015-08,Essex Police,Essex Police,0.109490,51.753529,On or near SAKINS CROFT,E01021861,Harlow 010E,Investigation complete; no suspect identified
5afa1a34c5eb9de977de910eeae4190640124703b461c4ae8711561c8cb2fc73,2015-08,Essex Police,Essex Police,0.780740,51.539296,On or near Supermarket,E01015882,Southend-on-Sea 013G,Investigation complete; no suspect identified
7e5a944fcf532171cbd4cb0c06bb232d9d7eb0953c55f4718303784872daa5a7,2015-08,Essex Police,Essex Police,0.717736,51.534325,On or near HERBERT GROVE,E01015852,Southend-on-Sea 015B,Investigation complete; no suspect identified
057f11c9c047553a6cab1dac09794971a2052ff6051be526f49008fb73577132,2015-08,Essex Police,Essex Police,0.685894,51.604552,On or near EDWARD CLOSE,E01021929,Rochford 002D,Investigation complete; no suspect identified
694409858066492e2e8c5f28b2e1493aaed193074853849e8b04263ccc9c8b59,2015-08,Essex Police,Essex Police,0.554522,51.573904,On or near EVERSLEY ROAD,E01021513,Castle Point 001A,Investigation complete; no suspect identified
2d1b1f01d33341d694d8662e088817b0a091a02f38bd0164beb23d88deb4dd1e,2015-08,Essex Police,Essex Police,0.387196,51.627682,On or near LONDON ROAD,E01021449,Brentwood 003B,Investigation complete; no suspect identified
c5f169f414e5412d415d8674704b0411766aa3e19a7a413982539b74cdc87cec,2015-08,Essex Police,Essex Police,0.427241,51.611006,On or near HAMMONDS LANE,E01021259,Basildon 009C,Investigation complete; no suspect identified
9a7a253bfe9c466b0c0609ac840279f867e80c17ac8c5471c9212fb39a478239,2015-08,Essex Police,Essex Police,0.848696,51.675774,On or near SOUTHMINSTER ROAD,E01021907,Maldon 006E,Investigation complete; no suspect identified
9c6fdad8d9bf5f8642f3c007fbed241004d4986b64469e1d7e157915c78b1228,2015-08,Essex Police,Essex Police,0.900116,51.889231,On or near Shopping Area,E01021649,Colchester 007D,Investigation complete; no suspect identified
5ad7129695d493ef04be24c4f626a700324be9b3bd19a1265d907ec66e1f8edb,2015-08,Essex Police,Essex Police,0.627148,51.848359,On or near Parking Area,E01021360,Braintree 012A,Investigation complete; no suspect identified
bcafb7ba7f55b305bf2ade91405be6d719bbee394117edf3958385f8b60701c7,2015-08,Essex Police,Essex Police,0.627148,51.848359,On or near Parking Area,E01021360,Braintree 012A,Investigation complete; no suspect identified
d58c81be9c0051fd96d05a93044932577ffc2532608d3d1f6a94d541408f8f2d,2015-08,Essex Police,Essex Police,0.463270,51.572142,On or near Parking Area,E01021318,Basildon 015C,Investigation complete; no suspect identified
e1eecd07ede2338e3f29a2e2ff6b6992c1608f22bc48d53246b0a83977499fac,2015-08,Essex Police,Essex Police,0.443114,51.583274,On or near Pipps Hill Retail Park,E01021268,Basildon 015B,Investigation complete; no suspect identified
0e0e09b7be71921e2dcec94a6f4e3a59a380d67f9419662b03f6c65e72afba3c,2015-08,Essex Police,Essex Police,0.939672,51.900013,On or near BLACKWATER AVENUE,E01021708,Colchester 022A,Investigation complete; no suspect identified
ee968d8d9921b62361105f21d950f4fcd5a75900114c6ccd134206b4252f164d,2015-08,Essex Police,Essex Police,0.337678,51.487874,On or near OVAL GARDENS,E01015970,Thurrock 014E,Investigation complete; no suspect identified
c4c4709afb7e044b61893d616ac17419df7ecaca77661ea5464f70ce81f182a9,2015-08,Essex Police,Essex Police,0.530074,51.930301,On or near CODHAM LITTLE PARK DRIVE,E01021413,Braintree 005D,Investigation complete; no suspect identified
2436ef05404555f848be33f0f7d8d324be22db8cd5d7f24f90eac55b30b2613e,2015-08,Essex Police,Essex Police,0.416489,51.564940,On or near REED POND WALK,E01021281,Basildon 021B,Investigation complete; no suspect identified
0eccb5e0bd562667bd7c18b517c9c1a0113aca01faf5eba40e50188a4ac48081,2015-08,Essex Police,Essex Police,0.424891,51.511581,On or near RYDE DRIVE,E01015992,Thurrock 005C,Investigation complete; no suspect identified
ae912d11f2b4fb60c7d91154b5d1cce145d99c99f29338d1d33b15c1c37b0e6e,2015-08,Essex Police,Essex Police,0.094835,51.767145,On or near Pedestrian Subway,E01021872,Harlow 007E,Investigation complete; no suspect identified
66bb4a74f1abcbe922a23302a2af7927870c661700acffcb9969d218109b2181,2015-08,Essex Police,Essex Police,0.094835,51.767145,On or near Pedestrian Subway,E01021872,Harlow 007E,Investigation complete; no suspect identified
d0a36d8b811fa8cd545ae35f416d451419e3d0e4e2fa0ec5da3309e49a75ec8d,2015-08,Essex Police,Essex Police,0.936271,51.896473,On or near LINDEN CLOSE,E01021697,Colchester 008B,Investigation complete; no suspect identified
76e86efba40ed51fec5942213ab2da4854fbf8ce57f2de171d71b8f9bb495704,2015-08,Essex Police,Essex Police,0.039332,51.765990,On or near KINGSMEAD CLOSE,E01021801,Epping Forest 002E,Investigation complete; no suspect identified
3ca88c26c35b58f25c4b330d6920a8c69ba3f6368f75c735ed062adc496aee0c,2015-08,Essex Police,Essex Police,0.458601,51.749071,On or near CAMELOT CLOSE,E01021576,Chelmsford 006A,Investigation complete; no suspect identified
a2945d503ff2adacf160bec8e6d4c6320f95ed6895d25301ec65a020b2bb0a10,2015-08,Essex Police,Essex Police,0.414376,51.574624,On or near RAILWAY APPROACH,E01021275,Basildon 014B,Investigation complete; no suspect identified
df660fc70712dce26ce5071c5684f1028771acb6d3f82b9c23d8e81eba355bf4,2015-08,Essex Police,Essex Police,0.277867,51.639108,On or near ONGAR ROAD,E01021463,Brentwood 006C,Investigation complete; no suspect identified
83654e6e0c68e475305eb97e1035032a3f7b7a47a3b4bba45f311666315aa5f0,2015-08,Essex Police,Essex Police,0.024157,51.682676,On or near EAGLE CLOSE,E01021810,Epping Forest 008D,Investigation complete; no suspect identified
af4ccfc0cde29d407a0f504aff96d6a44744e7d20f01a2f9b2a1026f4276b474,2015-08,Essex Police,Essex Police,0.554177,51.568264,On or near KENNINGTON AVENUE,E01021525,Castle Point 001D,Investigation complete; no suspect identified
2e8e1159eeda62c1dec1857eba1382ca06e6168b02b4cbfd697049addd095d35,2015-08,Essex Police,Essex Police,0.063427,51.675222,On or near B172,E01021806,Epping Forest 009A,Investigation complete; no suspect identified
0bc81efdf2c991e8ac2c1c25c65703f7a8fe280d27ac77e0c9e6caca4807fd74,2015-08,Essex Police,Essex Police,0.717113,51.536938,On or near PORTLAND AVENUE,E01015852,Southend-on-Sea 015B,Investigation complete; no suspect identified
e074d5c9e6cd015ab9ac31d3a0fccadc00b23e806b3e090c1add6f11e850da54,2015-08,Essex Police,Essex Police,0.699153,51.546113,On or near WEST ROAD,E01015862,Southend-on-Sea 004F,Investigation complete; no suspect identified
2f123a1d3440110856358c2ee4c26198f39fa6751167f1c47a31b8df207adaed,2015-08,Essex Police,Essex Police,0.377911,51.463791,On or near BYRON GARDENS,E01016008,Thurrock 018F,Investigation complete; no suspect identified
1f22368457b33fed05271c009d6e80509bad152e685753ddd9c15abc6ea84eae,2015-08,Essex Police,Essex Police,0.090968,51.672432,On or near SIDNEY ROAD,E01021804,Epping Forest 010C,Investigation complete; no suspect identified
8f241be8dd1cadeaa181d2621c459330ac188c1c05ca0f10e99d173d6d12cc2c,2015-08,Essex Police,Essex Police,1.157180,51.798550,On or near OXFORD ROAD,E01022043,Tendring 014B,Investigation complete; no suspect identified
26bfb0a4cccc947fc0b31746880df3c7902f57657a5bfe4251280fb2436104a0,2015-08,Essex Police,Essex Police,0.476863,51.553266,On or near A13,E01021300,Basildon 022A,Investigation complete; no suspect identified
bc4fac3aa9a094248b237230226cd4cad6a93a803aaddf0ddcc1b9cc7f553a1b,2015-08,Essex Police,Essex Police,0.456604,51.567614,On or near Pedestrian Subway,E01021296,Basildon 020C,Investigation complete; no suspect identified
5a994e21648007a7d21f8de903c8daddcc4b33273d7101604b73b16e76117e36,2015-08,Essex Police,Essex Police,0.070787,51.654571,On or near RECTORY LANE,E01021786,Epping Forest 012A,Investigation complete; no suspect identified
23bd0077203373f93d391252b6e1676680c8aba630b5bf969d4580dd5a0e86d8,2015-08,Essex Police,Essex Police,0.677757,51.550695,On or near CAVENDISH GARDENS,E01015905,Southend-on-Sea 007E,Investigation complete; no suspect identified
5df80d242ebcdf1327c625069adc8b7431497f1a7aca5801e9832dd468b85684,2015-08,Essex Police,Essex Police,0.240906,51.641627,On or near DYTCHLEYS LANE,E01021468,Brentwood 006D,Investigation complete; no suspect identified
118cc309217b36fe482c85bc409c376c5d1052a7f3951cdaf9c64bb58d2bf447,2015-08,Essex Police,Essex Police,0.501584,51.578651,On or near BOCKINGHAM GREEN,E01021302,Basildon 013B,Investigation complete; no suspect identified
f4178e92d64f836876054fe8c8ff8125304854e6dc355044bb75cca5126d008b,2015-08,Essex Police,Essex Police,0.460066,51.793331,On or near BAKERS MEAD,E01021540,Chelmsford 001C,Investigation complete; no suspect identified
64971904c8132a470966e98346fb02cb210661ccc79cc0b9398e10a19895fdc1,2015-08,Essex Police,Essex Police,0.914527,51.853179,On or near ROMAN HILL,E01021658,Colchester 016B,Investigation complete; no suspect identified
91620df89ea6e3b339fc03aafe5a2e484c7a05e2f63fcb47d3a30f0e6f6488bf,2015-08,Essex Police,Essex Police,0.122490,51.650923,On or near PANCROFT,E01021770,Epping Forest 010A,Investigation complete; no suspect identified
eb7d903fda3c703d59ec441f095c4b9fcea2fe33a6f4887bbd6509bc93393ab5,2015-08,Essex Police,Essex Police,0.654644,51.597439,On or near CLAYBRICK AVENUE,E01021936,Rochford 003D,Investigation complete; no suspect identified
9216d5f9edf1210e854731e3fc65536716672d892b22a1f44c520f2ead429b01,2015-08,Essex Police,Essex Police,0.918776,51.893455,On or near Supermarket,E01021704,Colchester 022F,Investigation complete; no suspect identified
855a796c4306a15a8da36d7eb66b201e0d4ae09d237e5d6ff152b6986ab691a8,2015-08,Essex Police,Essex Police,1.211288,51.842388,On or near TILDESLEY CLOSE,E01022011,Tendring 008G,Investigation complete; no suspect identified
cbd2ac73293eb02dbbcfdd708d88410004cbb7738f88f7ac9cc9420e9092521e,2015-08,Essex Police,Essex Police,1.211288,51.842388,On or near TILDESLEY CLOSE,E01022011,Tendring 008G,Investigation complete; no suspect identified
d156abde28e0652805b8dd3b2265c6211e139c8676dee49a17df1084e7875ae3,2015-08,Essex Police,Essex Police,0.262613,51.888213,On or near Parking Area,E01022090,Uttlesford 006B,Investigation complete; no suspect identified
d23fc2e766139cfa54915e657dedbd4a047fc85bc728536a72c52e2ea41a9a0a,2015-08,Essex Police,Essex Police,1.137888,51.780818,On or near HASTINGS AVENUE,E01022036,Tendring 017C,Investigation complete; no suspect identified
00b55321d0ff07d93b8d907a10f5c63f28654f111d4e54d80084a2ef4f4324f8,2015-08,Essex Police,Essex Police,0.896123,51.898548,On or near ROWAN PLACE,E01021650,Colchester 007E,Investigation complete; no suspect identified
709f29a14ca33b7f753ba6a8f8663ae1a508ca5bd2a5971f42047ed955153aa7,2015-08,Essex Police,Essex Police,0.109666,51.772832,On or near PITTMAN'S FIELD,E01021850,Harlow 003B,Investigation complete; no suspect identified
5846378a48d26d8096ee13d3da909e1769996935e74d3de84f339c58e5a3e2fe,2015-08,Essex Police,Essex Police,0.245838,51.707189,On or near SHAKLETONS,E01021755,Epping Forest 004C,Investigation complete; no suspect identified
f3b2e1461908dd043b0369350e2b1c9420379d87a7e842fd44298118e7c8609f,2015-08,Essex Police,Essex Police,0.065372,51.651222,On or near CHURCH LANE,E01021789,Epping Forest 012D,Investigation complete; no suspect identified
760c8868ab2a65d62d7de77c06c959f3b8b708a1e35720acc0b5514d78b37d6c,2015-08,Essex Police,Essex Police,0.135652,51.704883,On or near COOPERSALE COMMON,E01021756,Epping Forest 006A,Investigation complete; no suspect identified
829c55e20c8a191266d3908de5a96817c1347ebd4bbf5bddb73b8de2988a71c3,2015-08,Essex Police,Essex Police,0.296623,51.669903,On or near THE GARDENS,E01021441,Brentwood 001A,Investigation complete; no suspect identified
0cfd22e1cb000f35d555bedaaf7d703bed43ffb2fb81330d2f084abf8f4f9ae9,2015-08,Essex Police,Essex Police,0.546978,51.886122,On or near ALEXANDER ROAD,E01021359,Braintree 008D,Investigation complete; no suspect identified
b739eaaebac0403eb788732c6e893f5eb9de417d268305252a4a9637c11b31b8,2015-08,Essex Police,Essex Police,0.114475,51.776487,On or near Parking Area,E01021845,Harlow 002B,Investigation complete; no suspect identified
235733dc26457fadb78dd2854c71a3b6cffa86dc8c518b868fe6d61b0d2f78b0,2015-08,Essex Police,Essex Police,0.292649,51.675134,On or near DEALTREE CLOSE,E01021470,Brentwood 001F,Investigation complete; no suspect identified
371b85754f633d0a558f591950f1fd40727205bc0e457a70c555f7be86deb009,2015-08,Essex Police,Essex Police,0.114475,51.776487,On or near Parking Area,E01021845,Harlow 002B,Investigation complete; no suspect identified
991058fcf4204c1d68efceb89b9b56e2618e982bc970b02d41c9165e7d3d4da0,2015-08,Essex Police,Essex Police,0.027158,51.682499,On or near HARRIER WAY,E01021810,Epping Forest 008D,Investigation complete; no suspect identified
89a034402d5a3ff17eea4505a80999e57058b7676f0678f6dd0c2d851584a9a3,2015-08,Essex Police,Essex Police,1.147433,51.789620,On or near Supermarket,E01022038,Tendring 017E,Investigation complete; no suspect identified
bccf78d3dce3f0398906bfc06006b6784cc1c53efde677fb6ea1524592bf8dd3,2015-08,Essex Police,Essex Police,0.720040,51.544677,On or near CENTRAL AVENUE,E01015898,Southend-on-Sea 010D,Investigation complete; no suspect identified
68e7ba15fd64e0b2031f3d930e18fb4b6c7385bd49827b82e923c26c68b43aba,2015-08,Essex Police,Essex Police,0.365288,51.461915,On or near CIVIC SQUARE,E01016004,Thurrock 018B,Investigation complete; no suspect identified
bab9514d81539eeea616ca876c9a11477d1ca2a40b5a102f560d8c71237d4d99,2015-08,Essex Police,Essex Police,0.915602,51.872264,On or near Supermarket,E01021667,Colchester 016F,Investigation complete; no suspect identified
1ba5f8e4a69a5f8a5e74221f2a9f4566f97f58ca2bf3db19b97cbcd1bb272029,2015-08,Essex Police,Essex Police,0.704330,51.536118,On or near CAMBRIDGE ROAD,E01015853,Southend-on-Sea 015C,Investigation complete; no suspect identified
33ac019881950e2886815165ecb2b2067ba5bb4e4191e811cf3bfdac969d1f88,2015-08,Essex Police,Essex Police,0.101185,51.674750,On or near THE WEIND,E01021805,Epping Forest 010D,Investigation complete; no suspect identified
337d8549823e2c685ee8443c8a354b7c067aa1df3acd18edd13a6777044f22c9,2015-08,Essex Police,Essex Police,0.895335,51.889691,On or near BALKERNE GARDENS,E01021646,Colchester 007A,Investigation complete; no suspect identified
7d479fe5a0b18e6d1d32e3bb7cc881ab16211d68ee198420492d14be50ddf1aa,2015-08,Essex Police,Essex Police,0.473482,51.731591,On or near BARRACK SQUARE,E01033140,Chelmsford 010F,Investigation complete; no suspect identified
55759f3b9569a948d40004ead81841579194f94a48be5efdb31340be67ef425e,2015-08,Essex Police,Essex Police,0.917767,51.895153,On or near RATCLIFFE COURT,E01021702,Colchester 022D,Investigation complete; no suspect identified
eedbe247dc43f26959cc5ce609cf8b1f3a78ba99031da9b3da21b3d4daaf0944,2015-08,Essex Police,Essex Police,0.456761,51.565983,On or near TAKELY RIDE,E01021297,Basildon 020D,Investigation complete; no suspect identified
322e761d3dcbdd2283a61cc131201fea31741e6f68d1d65d905ebf18ba3dda02,2015-08,Essex Police,Essex Police,0.492619,51.636894,On or near SCHOOL ROAD,E01033143,Chelmsford 018E,Investigation complete; no suspect identified
b81bef4d92e12635673196ea95ac4f725eb22e8ba0d26eca88af89baa5d64fee,2015-08,Essex Police,Essex Police,1.147170,51.792289,On or near CASTLE ROAD,E01021968,Tendring 017A,Investigation complete; no suspect identified
98cba2772d7023ceea29792d3b8cef3e5a898ee5761db64d87347e6b81ffd739,2015-08,Essex Police,Essex Police,0.377732,51.515991,On or near Conference/Exhibition Centre,E01015980,Thurrock 004D,Investigation complete; no suspect identified
3396cb7592984c727ec529e775b34efe4b89f60bd710d8d817ce96a0115a365e,2015-08,Essex Police,Essex Police,1.151204,51.800222,On or near Petrol Station,E01022043,Tendring 014B,Investigation complete; no suspect identified
54525f7bb5207833d2b1be808b105b45373ad3e54b122cda2eaec9e5424dd0f7,2015-08,Essex Police,Essex Police,0.897778,51.887913,On or near SIR ISAAC'S WALK,E01021649,Colchester 007D,Investigation complete; no suspect identified
3b6db09cf8aad6db51cdd9fbb76971dc972e426cab1fb51153def81811d69ff5,2015-08,Essex Police,Essex Police,0.598558,51.665956,On or near THE STREET,E01021535,Chelmsford 016B,Investigation complete; no suspect identified
f6cd17c8331986520cf2d883b5259152be2ac48db7b6edb2b0ae0f840030db7c,2015-08,Essex Police,Essex Police,0.733725,51.535959,On or near BRUNSWICK ROAD,E01015892,Southend-on-Sea 016D,Investigation complete; no suspect identified
3963c912e304e8ee2eca4ab2eddc2e4c99740a47a5f1898ed391caef3da75be6,2015-08,Essex Police,Essex Police,0.296350,51.523989,On or near PEARTREE CLOSE,E01015971,Thurrock 006B,Investigation complete; no suspect identified
00def77c0b30a0283a501f1d230214b437dc7855d3165f336cd31b9846dd5187,2015-08,Essex Police,Essex Police,0.279140,51.512777,On or near ERRIFF DRIVE,E01015972,Thurrock 006C,Investigation complete; no suspect identified
b913363f73e5361800978db1cb98919b1c4de7b66d89ff3d3747b95cbe09b40c,2015-08,Essex Police,Essex Police,0.355394,51.878289,On or near THE MEAD,E01033055,Uttlesford 007E,Investigation complete; no suspect identified
edd6a5527beb76b5af1bbac8b06d894c7d968b0530a5f83df4ce9be384ae0aa7,2015-08,Essex Police,Essex Police,0.484223,51.560719,On or near SWANSTEAD,E01021325,Basildon 019D,Investigation complete; no suspect identified
c03d4a6fe2a355e0e04e8614b96f726b2f585cebb9a647982b5245fb87995c42,2015-08,Essex Police,Essex Police,1.172795,51.802564,On or near SHRUBLAND COURT,E01022050,Tendring 014E,Investigation complete; no suspect identified
1b6a7c187379659f751d1f2d6dad66f69b48e33a24d62bce6871d595d8f4be09,2015-08,Essex Police,Essex Police,0.656214,51.602071,On or near Supermarket,E01021937,Rochford 003E,Investigation complete; no suspect identified
3d4fae826b67a8bd3c0e04423076c3a4a56ddb664577d72fddf097bcbe38bdf9,2015-08,Essex Police,Essex Police,0.696459,51.596152,On or near Supermarket,E01021932,Rochford 007B,Investigation complete; no suspect identified
45f1cb8fc0f091da95fbdbac30b8016b62c28444fe5dff3dc748e9b9096f043a,2015-08,Essex Police,Essex Police,0.195405,51.903524,On or near GREENFIELDS,E01022084,Uttlesford 005D,Investigation complete; no suspect identified
017a60b225f2eff0b21890929c89b967ed35407885335bd63a9cefabddb3a181,2015-08,Essex Police,Essex Police,0.458378,51.738284,On or near WHEATFIELD WAY,E01021575,Chelmsford 009B,Investigation complete; no suspect identified
72b63d6a5566d074381d68bbda8150b750a87c10dcebda8ef1e6fcee1b67acce,2015-08,Essex Police,Essex Police,0.424130,51.561284,On or near LIPPITS HILL,E01021283,Basildon 021D,Investigation complete; no suspect identified
78b92b1ebdb63da19de2c0b4a3dcf7d9b94611dce77345bd23d613d5864ae73c,2015-08,Essex Police,Essex Police,0.001078,51.692721,On or near VALLEY CLOSE,E01021812,Epping Forest 009B,Investigation complete; no suspect identified
2f1910a9a61cab0bf70b9a127c567586fce1ed4ac201f20bd22aa1d263a3b1a4,2015-08,Essex Police,Essex Police,0.712337,51.537633,On or near STATION APPROACH,E01015852,Southend-on-Sea 015B,Investigation complete; no suspect identified
8b0aa3d28f7a45b3827aa4e1631a9d8996c3a8eb2415b21cc91d65a23f4edaf5,2015-08,Essex Police,Essex Police,0.819345,51.834149,On or near BIRCH STREET,E01021643,Colchester 019A,Investigation complete; no suspect identified
53e37a001231622a400c6097aa8f615377c240efeb7110a528f1fe06cd6e51ce,2015-08,Essex Police,Essex Police,0.915143,51.884704,On or near VICTORIA PLACE,E01021687,Colchester 011E,Investigation complete; no suspect identified
e9fd5bac8908b6eebff25ef1f46d05a850efef9aaafd36c55cefd68b307752e1,2015-08,Essex Police,Essex Police,0.456512,51.570458,On or near Shopping Area,E01021318,Basildon 015C,Investigation complete; no suspect identified
1b9d154b4f84fc0a70a3204745df71c9a685d3631892e6d75132ebed45fca63c,2015-08,Essex Police,Essex Police,0.111264,51.705180,On or near MEADOW ROAD,E01021760,Epping Forest 005A,Investigation complete; no suspect identified
5baf861025cb8d5807c8e7c5f4fca3970d0cd0e6a1d40da22634687661581c5e,2015-08,Essex Police,Essex Police,1.015620,51.869192,On or near FRATING HILL,E01022053,Tendring 009D,Investigation complete; no suspect identified
ea8d427cae423a84a973da6fa17b88b8c24f8eccec25fdaf6874c7098fe600e9,2015-08,Essex Police,Essex Police,0.947014,51.889135,On or near TITANIA CLOSE,E01021698,Colchester 008C,Investigation complete; no suspect identified
d35f1c8d516968b34ec8406a5b167346d05a7ee4f0026e40da0f70a2e762bee4,2015-08,Essex Police,Essex Police,0.730798,51.540290,On or near Petrol Station,E01015844,Southend-on-Sea 014F,Investigation complete; no suspect identified
93c068873d5d6d8c39545944cebe8fc946805b810f6786b6689cb7a5f73bd097,2015-08,Essex Police,Essex Police,0.906062,51.887672,On or near ST JULIAN GROVE,E01021649,Colchester 007D,Investigation complete; no suspect identified
8bbddb1837800117d0e6203c203cd216604cfd354be1b461da37b212a664702b,2015-08,Essex Police,Essex Police,0.280536,51.482444,On or near Parking Area,E01016011,Thurrock 015B,Investigation complete; no suspect identified
f1067077220680efb3328d54c2a7f09e064d6907c1a0bb4691b4d1cd3ca1fd3a,2015-08,Essex Police,Essex Police,0.459784,51.736169,On or near CRAMPHORN WALK,E01021575,Chelmsford 009B,Investigation complete; no suspect identified
cd33ad02bcbd73856c4ddea164a119dd55d13dc985940c2751b08cb0c374748a,2015-08,Essex Police,Essex Police,0.605828,51.585708,On or near Shopping Area,E01021962,Rochford 008C,Investigation complete; no suspect identified
68f559a8aa51e67a56dbd3774cf173d8782bfc441c60888994bafe32073e4070,2015-08,Essex Police,Essex Police,1.211302,51.828105,On or near MANOR ROAD,E01022011,Tendring 008G,Investigation complete; no suspect identified
88a63b09e829627e2e9b8e87fb460cbcdb8c53fd1714e1592790bf20697a7c78,2015-08,Essex Police,Essex Police,0.234545,51.487403,On or near MARLOW AVENUE,E01016013,Thurrock 015D,Investigation complete; no suspect identified
27504f22ab96da52c275917480f56f9b87180d63b6e72104618544986d54b67a,2015-08,Essex Police,Essex Police,0.030938,51.624693,On or near Petrol Station,E01021745,Epping Forest 015D,Investigation complete; no suspect identified
1eecdaafc70401c2834e4259da46fab58a43ecbe639800c9e58cb46b2bc762d5,2015-08,Essex Police,Essex Police,0.494010,51.565539,On or near ALCOTES,E01021328,Basildon 022E,Investigation complete; no suspect identified
ed058c4e40abe9e84159f0ae4e7df30c83b723b6554b9cda5b2e1b1ed9587e7b,2015-08,Essex Police,Essex Police,0.453841,51.570981,On or near WESTGATE,E01021318,Basildon 015C,Investigation complete; no suspect identified
a65f87c17dae2160a07a84d27a65ec7ac5a70ee4ec874e27fb5569a62848e8b2,2015-08,Essex Police,Essex Police,0.424041,51.569380,On or near Pedestrian Subway,E01021286,Basildon 016A,Investigation complete; no suspect identified
9a5286ede57ccb316a97f49b5184636593d31fd2ae66ba6cfb3380b35521d95b,2015-08,Essex Police,Essex Police,0.053376,51.644553,On or near Parking Area,E01021781,Epping Forest 014B,Investigation complete; no suspect identified
87273b79f0be478a66dd5f5847ae0837f04abc3a1588efbe2c69400dbc808dc1,2015-08,Essex Police,Essex Police,0.901325,51.890172,On or near GEORGE STREET,E01021649,Colchester 007D,Investigation complete; no suspect identified
903de0bedd065b8eb0c807b5ae80829a3c9b741211fa2da7cf6686e1cb4ff585,2015-08,Essex Police,Essex Police,0.676269,51.538372,On or near ESPLANADE GARDENS,E01015827,Southend-on-Sea 012A,Investigation complete; no suspect identified
85f0988fe0d4039f53ab5a9efac46d1cfa8a67f8a7e6084c13737a62f9f1c84a,2015-08,Essex Police,Essex Police,0.281531,51.509871,On or near DERRY AVENUE,E01015972,Thurrock 006C,Investigation complete; no suspect identified
82340576159b79398008a6585f1b19361974d74e79044541dba1b287d7622091,2015-08,Essex Police,Essex Police,0.405155,51.523238,On or near CHURCH CLOSE,E01015980,Thurrock 004D,Investigation complete; no suspect identified
6f018ee8ba2f8690b89692ccb68f02b796f83370ccf52bd8611f5df8770932c6,2015-08,Essex Police,Essex Police,0.315166,51.493627,On or near CATALINA AVENUE,E01015939,Thurrock 020A,Investigation complete; no suspect identified
ee0828b0fc566c771f27b7be4f7cddb95dbc224331009dcebf7627a4b8756649,2015-08,Essex Police,Essex Police,0.417986,51.485688,On or near SEVERN,E01015947,Thurrock 013A,Investigation complete; no suspect identified
33c5fb5094c3a0985ae59dc8dafce91da08ec73629a0aac7bbd2368c18c23aca,2015-08,Essex Police,Essex Police,1.153340,51.787393,On or near Nightclub,E01022025,Tendring 016B,Investigation complete; no suspect identified
da5e5f5cee96a6ff3c31867251ad0e9d3d96f22ae7da7e57a271f3704163b9b8,2015-08,Essex Police,Essex Police,0.286343,51.633206,On or near DARLINGTON COURT,E01021464,Brentwood 004E,Investigation complete; no suspect identified
74062ac7baed825952783958d0094f4864c39659d4550e4a1a294a4da8a6a8aa,2015-08,Essex Police,Essex Police,0.466027,51.734320,On or near Pedestrian Subway,E01033141,Chelmsford 010G,Investigation complete; no suspect identified
9bd9c14509e842200f1fc375dd27fd213ef28612e2dc86dcbff6c8c94dfb3138,2015-08,Essex Police,Essex Police,0.285907,51.477510,On or near CHARLOTTE PLACE,E01016011,Thurrock 015B,Investigation complete; no suspect identified
a05b3dc06b0da8d80335559d76dfabaca27d6f1745140d5e46ba6fa23e50081a,2015-08,Essex Police,Essex Police,0.604702,51.515278,On or near MARGRATEN AVENUE,E01021489,Castle Point 012A,Investigation complete; no suspect identified
ebd025a06afcf7c7739cdd9afb8af6e675b346d96326d28ddb522c32027f2512,2015-08,Essex Police,Essex Police,1.197423,51.802067,On or near KINGS PARADE,E01022008,Tendring 012A,Investigation complete; no suspect identified
9391dd0a3fdac49691a5c5fced156fde3a0b37dd81bcf05d3478d469826584a3,2015-08,Essex Police,Essex Police,0.089532,51.645957,On or near LANGSTON ROAD,E01021776,Epping Forest 011C,Investigation complete; no suspect identified
b50d9bab8f2ddfc3cc2266ac873156275dee05a33d3e2251d4af448fdbebf5e8,2015-08,Essex Police,Essex Police,0.442765,51.628958,On or near THE MOUNT,E01021242,Basildon 001C,Investigation complete; no suspect identified
00cf4e226982182736d601e50100fa4f3091c5aebc997ff53c32366d4fa1bbb5,2015-08,Essex Police,Essex Police,0.554177,51.568264,On or near KENNINGTON AVENUE,E01021525,Castle Point 001D,Investigation complete; no suspect identified
0cec9ed47c8a06ac2913c9f2997b92157985261db50199e8883cc3b1e3d85275,2015-08,Essex Police,Essex Police,0.005764,51.735858,On or near NAZEING ROAD,E01021793,Epping Forest 002C,Investigation complete; no suspect identified
e7e0debbae55a9a3c9724068b036f53b9271a7d8ca32b938ab57500dc61e8ebe,2015-08,Essex Police,Essex Police,0.131255,51.676294,On or near HOBBS CROSS ROAD,E01021800,Epping Forest 003C,Investigation complete; no suspect identified
e758754884bf27c9791a55a0d4083e73f91d70bbd3eff2d202613b70d7358efb,2015-08,Essex Police,Essex Police,1.254223,51.836521,On or near WINCHESTER ROAD,E01021985,Tendring 006A,Investigation complete; no suspect identified
1c8ba6064d689aca86b29c05b14bdba258bfbf4a0655cec171dc0e3c77a7595c,2015-08,Essex Police,Essex Police,0.078146,51.652040,On or near HARVEY GARDENS,E01021778,Epping Forest 011E,Investigation complete; no suspect identified
2b599571b1d11a2e305b44c300e272a5810ec74af8ade8e79b33886ead1671d5,2015-08,Essex Police,Essex Police,0.706444,51.540387,On or near LONDON ROAD,E01015895,Southend-on-Sea 010A,Investigation complete; no suspect identified
87244e04777bd35635b78141b8cec49f457951887b92483980f57bb86322236d,2015-08,Essex Police,Essex Police,0.413821,51.581021,On or near BOURNE CLOSE,E01021278,Basildon 014E,Investigation complete; no suspect identified
cd11bbdf37a09ba659010e0296c0c26d890073025690287726a8f80e6bad4b98,2015-08,Essex Police,Essex Police,0.303360,51.620247,On or near Supermarket,E01021436,Brentwood 007B,Investigation complete; no suspect identified
f4fc42cdea69a12e45ada8d887b40510db78a89301108787d67268f50a1329f7,2015-08,Essex Police,Essex Police,1.126707,51.801344,On or near FLATFORD DRIVE,E01022030,Tendring 015C,Investigation complete; no suspect identified
875b490da4685cdde69019541c9166e1b02cdea267b9f82c9670bdca859444e8,2015-08,Essex Police,Essex Police,0.576558,51.868688,On or near THE SPINNEY,E01021368,Braintree 011A,Investigation complete; no suspect identified
ace14a71cc6f2a33565f7ea99b88968844f6a17aae7fc4c13eda6a41bc778fbd,2015-08,Essex Police,Essex Police,0.506959,51.568266,On or near HARLECH ROAD,E01021316,Basildon 018D,Investigation complete; no suspect identified
c0dc1a33c21a01b7f4eacf767aa74f8cb38999820634ce05b000b39d7fb06d96,2015-08,Essex Police,Essex Police,1.153985,51.796630,On or near HARROW ROAD,E01022043,Tendring 014B,Investigation complete; no suspect identified
307cf575bedfd57fed2f888be31455cb49290942acdb2f1c3548a7e450a35cfc,2015-08,Essex Police,Essex Police,0.816635,51.548584,On or near BROOMWAYS,E01021921,Rochford 010B,Investigation complete; no suspect identified
568596164c2d123dce8962c224f799d01744fc4b21cd8ab3ba8030595f5df488,2015-08,Essex Police,Essex Police,0.377662,51.668344,On or near AVENUE ROAD,E01021459,Brentwood 002C,Investigation complete; no suspect identified
7d53e1ea4e801c7bf567026b1c737ce00d8fdd65db913489a94fe5f47b3c8d62,2015-08,Essex Police,Essex Police,0.488620,51.580456,On or near THE FRYTH,E01021267,Basildon 012B,Investigation complete; no suspect identified
9d221056c08df54510873f7b60767ab546eb113baacb83acd33f4dde1d67062c,2015-08,Essex Police,Essex Police,0.511627,51.569174,On or near DELHI ROAD,E01021315,Basildon 018C,Investigation complete; no suspect identified
41da43e468f07805bce2499f3a2a3d0df490a63d2a70709581280a8a54e40b61,2015-08,Essex Police,Essex Police,0.644697,51.800949,On or near HORNER PLACE,E01021416,Braintree 017B,Investigation complete; no suspect identified
9cf2579bd65c7ef924eb9d655daef580c83db9988c41e976fb7beaca97bcc8c5,2015-08,Essex Police,Essex Police,0.062261,51.675665,On or near Nightclub,E01021806,Epping Forest 009A,Investigation complete; no suspect identified
9d444bd7502b9122f8fcdc1e558bf84c4d507318db14cb458d845ea79436e6b6,2015-08,Essex Police,Essex Police,0.833522,51.879118,On or near NIGHTINGALE PLACE,E01021722,Colchester 012E,Investigation complete; no suspect identified
153fc5ffcb5c3325c20c90ad5ef3ded9510c8a6823fee226b1637386e7eaa20d,2015-08,Essex Police,Essex Police,0.782655,51.532388,On or near JENA CLOSE,E01015917,Southend-on-Sea 017D,Investigation complete; no suspect identified
e55c0862c89676645e9e248a562d95daa6494adcd19224b2bdccaddbbcadfc67,2015-08,Essex Police,Essex Police,0.073776,51.648475,On or near THE CAMPUS,E01021790,Epping Forest 012E,Investigation complete; no suspect identified
f45ded1dfb7248a05304f47403272c979985b8580d5b7ed444234a602c9659c3,2015-08,Essex Police,Essex Police,1.244344,51.838251,On or near THE OAKS,E01021994,Tendring 008B,Investigation complete; no suspect identified
159d285698fe464e80f0d2ecbab9bc8b69bebed4bb3454ba9a120b9c7e9ef79c,2015-08,Essex Police,Essex Police,0.109084,51.692531,On or near THE CRESCENT,E01021758,Epping Forest 006C,Investigation complete; no suspect identified
9814ee86847525b390c67685f56d9c7aee5afd8398b54ed26dafb165a4bf7f50,2015-08,Essex Police,Essex Police,0.540487,51.610776,On or near HAWKINS CLOSE,E01021340,Basildon 007C,Investigation complete; no suspect identified
50371521b04bb38a4284808b90fd8966f768ed45a90177c9f1d3e3ae5a613b79,2015-08,Essex Police,Essex Police,0.678389,51.567580,On or near COMET WAY,E01015863,Southend-on-Sea 002A,Investigation complete; no suspect identified
4179d82f375fbfd00c78d2d67223538cab551c6e520529df067b43822630a237,2015-08,Essex Police,Essex Police,0.330926,51.631259,On or near HUTTON ROAD,E01021455,Brentwood 005C,Investigation complete; no suspect identified
7eb9f9b22a2185d23d57768269f65ce2194d95152e44b3924a49030c0a4763ad,2015-08,Essex Police,Essex Police,0.678389,51.567580,On or near COMET WAY,E01015863,Southend-on-Sea 002A,Investigation complete; no suspect identified
f8adb0d199f2d0504962694880965b40f7d63ad809e612cd6c29122a060b1346,2015-08,Essex Police,Essex Police,0.690641,51.566616,On or near AVRO ROAD,E01015865,Southend-on-Sea 002C,Investigation complete; no suspect identified
319142c79af407837de644ad24a81e026684701fa7078227928f72f047b455f3,2015-08,Essex Police,Essex Police,0.735950,51.551879,On or near HAMSTEL ROAD,E01015875,Southend-on-Sea 006G,Investigation complete; no suspect identified
6f2ec79a2cbb014aaf967070a8f070f912f18212e0da4bf167382831023f21a4,2015-08,Essex Police,Essex Police,0.576805,51.519519,On or near MATLOCK ROAD,E01021502,Castle Point 011E,Investigation complete; no suspect identified
479548cb48d96e7227a3560eb1ef3204f0f1010fa71a3481c7b0cc7295175e5f,2015-08,Essex Police,Essex Police,0.479390,51.738715,On or near Shopping Area,E01033141,Chelmsford 010G,Investigation complete; no suspect identified
4ba9a98a5ba98971538381eab5cd946a6f010ee3b9d348c8d7142d485e3bca1f,2015-08,Essex Police,Essex Police,0.475214,51.731744,On or near Shopping Area,E01033140,Chelmsford 010F,Investigation complete; no suspect identified
2af1d50f0acdb9d120c15cb09cec21702db588e415e0f803546d30cd12f8e9ac,2015-08,Essex Police,Essex Police,0.785829,51.534768,On or near Parking Area,E01015882,Southend-on-Sea 013G,Investigation complete; no suspect identified
acaa969453266f1f3009898c5c6d7a68017315364e519ccd8b7569eb853c2b04,2015-08,Essex Police,Essex Police,0.429540,51.634026,On or near NORSEY ROAD,E01021239,Basildon 003A,Investigation complete; no suspect identified
beacf8549f65a1a7a457c738e24df79fc96452156168479f0babdb7f45919153,2015-08,Essex Police,Essex Police,0.499503,51.580459,On or near LITTLEBURY GREEN,E01021307,Basildon 011C,Investigation complete; no suspect identified
38e94895edc25d1aea0e6f980dd1a86e13cd83f9c5f3b56081b5486f2c99e3ea,2015-08,Essex Police,Essex Police,0.324019,51.478460,On or near Theatre/Concert Hall,E01015956,Thurrock 016B,Investigation complete; no suspect identified
35fd15f785f165d85c5d7393983f31078cd6027d4d32e68e960f208617dd5b03,2015-08,Essex Police,Essex Police,0.295027,51.633747,On or near HIGHGROVE,E01021461,Brentwood 004D,Investigation complete; no suspect identified
b5cee4017a13033e85c6fb6d68e939896b1e664df821b4c0df75ac38908aee8c,2015-08,Essex Police,Essex Police,0.714146,51.537250,On or near PITMANS CLOSE,E01015852,Southend-on-Sea 015B,Investigation complete; no suspect identified
555fa6edc7872c0d0468df35d686b723270757d70aab9b97d358f5aa064de022,2015-08,Essex Police,Essex Police,0.769024,51.533269,On or near BLYTH AVENUE,E01015916,Southend-on-Sea 017C,Unable to prosecute suspect
0c5ae0df173fd58a2a5503156b400821f2f208a3702f730c3efaea4654cc449c,2015-08,Essex Police,Essex Police,0.475075,51.787225,On or near WINCKFORD CLOSE,E01021540,Chelmsford 001C,Formal action is not in the public interest
4f10bf3f41b31c17b5eb2968df830c068f86bde3de9d3684671391fce29de413,2015-08,Essex Police,Essex Police,0.636935,51.813597,On or near CROSS ROAD,E01021419,Braintree 015D,Unable to prosecute suspect
666b891b746ce9495c9548b2d1e447ebc034bdc1114ce982367c371a2eca6c65,2015-08,Essex Police,Essex Police,0.676354,51.565864,On or near Sports/Recreation Area,E01015865,Southend-on-Sea 002C,Suspect charged
3c83a8a1de224093356771531bc7af9ae924796ccc30a2103d8f20304cfd039b,2015-08,Essex Police,Essex Police,0.897808,51.901249,On or near Supermarket,E01021679,Colchester 004A,Suspect charged
1337ff974085885abc7173b591b42b910fb1882ab77b4edb9c2f9de1801a067d,2015-08,Essex Police,Essex Police,0.636935,51.813597,On or near CROSS ROAD,E01021419,Braintree 015D,Unable to prosecute suspect
0584d19c967be0575836be5830df8ced9f733311e11e23476e5030426cb4812f,2015-08,Essex Police,Essex Police,0.928443,51.881388,On or near CAELUM DRIVE,E01033719,Colchester 008G,Local resolution
d150631a352e70e3c3e08f98ebdfd224c82c454c799c6a50a86ff478a52df7ac,2015-08,Essex Police,Essex Police,0.603035,51.554284,On or near FLORENCE CLOSE,E01021518,Castle Point 006B,Unable to prosecute suspect
5d02a71786ef281c6ba051d9db76a4e12c511a23550c9af5b72b6a766ce8ac16,2015-08,Essex Police,Essex Police,0.724776,51.550296,On or near SELBOURNE ROAD,E01015871,Southend-on-Sea 006C,Unable to prosecute suspect
10b39750efb336ce8de0c9bce45ceee507771403eb14628d06eb9f4051e9d01a,2015-08,Essex Police,Essex Police,0.346980,51.494811,On or near SPRINGFIELD ROAD,E01015963,Thurrock 010A,Unable to prosecute suspect
d139e61d0ea70a9534314abe82f42e45bf602749cdbb43e21f67326979c3727a,2015-08,Essex Police,Essex Police,0.502267,51.562719,On or near Supermarket,E01021310,Basildon 022B,Formal action is not in the public interest
7fae11d7bd649cd254339390757f5e183c4cfe81cc85affdc7be2792800c48b8,2015-08,Essex Police,Essex Police,0.377253,51.490999,On or near SEMPER ROAD,E01015938,Thurrock 012F,Unable to prosecute suspect
e405fec9d0cc997d3cab20937fe15c9eb5fd5eaa7960b6ab694ceccada3443fb,2015-08,Essex Police,Essex Police,0.336646,51.492481,On or near HEATH VIEW ROAD,E01015964,Thurrock 010B,Suspect charged
b118e6138fac477590689c9a020688bbf67c50a3d4a2e1ef94c39b0081f70fb6,2015-08,Essex Police,Essex Police,1.146196,51.789968,On or near Supermarket,E01022038,Tendring 017E,Suspect charged
9293576ef7fad4b6d3054d7c27d9bb574de9527a2632ec2e6e5ff9af2ef72195,2015-08,Essex Police,Essex Police,0.538606,51.608649,On or near Bus/Coach Station,E01021340,Basildon 007C,Offender given a drugs possession warning
ffa0fcc64efd7be95f5d7174eef8180b30263882cdfd1b7ddf1da528922fde2d,2015-08,Essex Police,Essex Police,0.080201,51.750211,On or near MILWARDS,E01021864,Harlow 011C,Offender given a caution
69362707b3572a5ec7c87d464ff76edfcd36224aaf11cdf65ac9a64e83367261,2015-08,Essex Police,Essex Police,1.256868,51.946448,On or near EAST DOCK ROAD,E01033051,Tendring 002F,Local resolution
71c8a6ed94240cc6cda2ba13a2b518d17f18615f3d210286f7b95c2fc6fbd7b9,2015-08,Essex Police,Essex Police,0.256976,52.022695,On or near HORN BOOK,E01022081,Uttlesford 002F,Suspect charged
8dc9f5da5d00f893f94a191070fadd8d6211bb496baa695a58f615a4002035ca,2015-08,Essex Police,Essex Police,0.943458,51.891221,On or near PROSPERO CLOSE,E01021696,Colchester 008A,Suspect charged
dac48ed2136d657b387884e679ab8311f9c879480666ebcb9585b2689860f9c4,2015-08,Essex Police,Essex Police,0.001105,51.693314,On or near MARLE GARDENS,E01021812,Epping Forest 009B,Formal action is not in the public interest
14046b40a388ae6bc2299031fba3ecb5dcb0887d4a6d9e698bbf367a5ab89aee,2015-08,Essex Police,Essex Police,0.908761,51.885357,On or near Supermarket,E01021686,Colchester 011D,Suspect charged
257f62cc252223c75ea9b7c7572a0eab83f5801e96bc0f52e00db5046f53db77,2015-08,Essex Police,Essex Police,1.087300,51.775566,On or near Seawick Holiday Park,E01022045,Tendring 018D,Unable to prosecute suspect
78cf7c7c96cf62fb201e23b29db2eaf797d2431a115d453240a4370a1f59a2a7,2015-08,Essex Police,Essex Police,0.676173,51.719836,On or near COURTLAND PLACE,E01021897,Maldon 005E,Suspect charged
24aad707e2946ea971cea462081f5b4c11343e9c28563c88f044f5b543a8b3d7,2015-08,Essex Police,Essex Police,0.434819,51.576900,On or near WEYMARKS,E01021289,Basildon 016C,Unable to prosecute suspect
9b179fe4da749baf36948c28edc73c32abb15e0c30971d41f332e271d4a27bce,2015-08,Essex Police,Essex Police,0.156495,51.711597,On or near PIKE WAY,E01021799,Epping Forest 001E,Suspect charged
77f02fa7d1bd8459bb68b4d9735f1fc02a9481963ab7a2ed1151a8e20dd16099,2015-08,Essex Police,Essex Police,0.086144,51.607394,On or near Supermarket,E01021764,Epping Forest 017A,Suspect charged
87adc653a9ea74c8135232b8115eb121a9b415e20f8e85c9c25a12ba4541ca09,2015-08,Essex Police,Essex Police,0.787192,51.527100,On or near Sports/Recreation Area,E01015876,Southend-on-Sea 013A,Offender given a caution
edce355ade3b0279ba541ac8abd54d5798492d8c80be5da0572fee16b9adec1c,2015-08,Essex Police,Essex Police,1.150947,51.786764,On or near EDITH ROAD,E01022025,Tendring 016B,Suspect charged
208fe890c9478ed207d3cc2acd65036527a3c0d287a5f157588ea2878211684d,2015-08,Essex Police,Essex Police,0.917767,51.895153,On or near RATCLIFFE COURT,E01021702,Colchester 022D,Formal action is not in the public interest
4c21f359629310fbe07397a2cdd094e1ba3ec051644c8a88ff2a736f69c87ce5,2015-08,Essex Police,Essex Police,0.554220,51.550240,On or near CURLEW DRIVE,E01021522,Castle Point 007C,Suspect charged
756e94ccf31edc676230160eb7e6bbb5a28de0502eb83e692d75c320dc4a169a,2015-08,Essex Police,Essex Police,0.920374,51.916286,On or near HANNINGFIELD WAY,E01033720,Colchester 002F,Unable to prosecute suspect
9adb38777e49d9aa7c2629dba256ad0c4c212f75c4d53f56b5a4bb42d3503696,2015-08,Essex Police,Essex Police,1.267943,51.935231,On or near Petrol Station,E01022000,Tendring 002A,Formal action is not in the public interest
9adb38777e49d9aa7c2629dba256ad0c4c212f75c4d53f56b5a4bb42d3503696,2015-08,Essex Police,Essex Police,1.267943,51.935231,On or near Petrol Station,E01022000,Tendring 002A,Formal action is not in the public interest
72e5914d96d67212a3647bf8611cf9814efef1fdb3cbd2ead6c4af8e1c6b1a5d,2015-08,Essex Police,Essex Police,0.899875,51.890226,On or near Nightclub,E01021649,Colchester 007D,Formal action is not in the public interest
da7cebd1760278778f9aff1d5d93bb34abfd81e2c6068ae474a67f65679838ce,2015-08,Essex Police,Essex Police,0.899875,51.890226,On or near Nightclub,E01021649,Colchester 007D,Formal action is not in the public interest
91efe5cccb84d179fe0a56b9480f9acecebf43a42cffc7a0283ec98fc80d2c24,2015-08,Essex Police,Essex Police,0.001105,51.693314,On or near MARLE GARDENS,E01021812,Epping Forest 009B,Offender given a caution
1c53cf827b7aca0256a76ea75b671d11a0cf8ad8bb5acd5accc0498701228a54,2015-08,Essex Police,Essex Police,0.328361,51.474075,On or near EXMOUTH ROAD,E01015954,Thurrock 017D,Suspect charged
d146276b729c9bf0df2d68599fef99fdbae18a1c76c51d95db7a70d80d0305d0,2015-08,Essex Police,Essex Police,0.627081,51.809816,On or near BRAMBLE ROAD,E01021426,Braintree 015E,Offender given a drugs possession warning
8252c4a4b21a01d4ecde64dcaba2024ddbc3f77779bb53caeb9235ff33a04567,2015-08,Essex Police,Essex Police,0.557561,51.883366,On or near HOLLYBROOK,E01021350,Braintree 009A,Unable to prosecute suspect
1ef33ba18bbf4ed60bc7c3d6a793e1ef2d8cb8cdf6f983c8018a855c90cad2be,2015-08,Essex Police,Essex Police,0.099011,51.752817,On or near SOUTHERN WAY,E01021858,Harlow 010B,Suspect charged
906835137ebb419bd319114b881e3248aac38f17a379d6ca40e40948d1a05232,2015-08,Essex Police,Essex Police,0.592568,51.518623,On or near WINDSOR CLOSE,E01021498,Castle Point 011B,Suspect charged
f315579ddedd23f16846da482bda2dc16be8bb63cdbc8c2435ced8cae79e2e9b,2015-08,Essex Police,Essex Police,1.151440,51.787381,On or near PENFOLD ROAD,E01022025,Tendring 016B,Offender given a caution
866e8a03b66709b4845e18f5b44b51180963ab33e1d3c5ddc48d91be04f5711f,2015-08,Essex Police,Essex Police,0.495868,51.735713,On or near CHELMER ROAD,E01021628,Chelmsford 008E,Formal action is not in the public interest
f3e75ae54772e89d09aba768fb3326f6c0786df28a510d3fab60a0eacadbdd82,2015-08,Essex Police,Essex Police,0.441060,51.574045,On or near THORNBUSH,E01021292,Basildon 017B,Formal action is not in the public interest
ce0e31be07d8f14757fc8f4b7cb5214df8b75334b2f57f1dfa74dc1685c330a5,2015-08,Essex Police,Essex Police,1.153340,51.787393,On or near Nightclub,E01022025,Tendring 016B,Formal action is not in the public interest
a0704a103e249a3480e2d3b06e020f4f12db83fc7df9e2ff20307bb305829b8b,2015-08,Essex Police,Essex Police,1.151440,51.787381,On or near PENFOLD ROAD,E01022025,Tendring 016B,Suspect charged
dfe67e8c455c27558169acef20113c765ea27c16be87f9c21d52f42221df8268,2015-08,Essex Police,Essex Police,0.491490,51.560628,On or near RIVERTONS,E01021311,Basildon 022C,Formal action is not in the public interest
aa0d9ce14420c2fa4551812d408cc40f23be4a23a9690fbfdbb266a6ac8ca95a,2015-08,Essex Police,Essex Police,1.158350,51.809465,On or near SWAN DALE,E01022041,Tendring 010D,Suspect charged
aa0d9ce14420c2fa4551812d408cc40f23be4a23a9690fbfdbb266a6ac8ca95a,2015-08,Essex Police,Essex Police,1.158350,51.809465,On or near SWAN DALE,E01022041,Tendring 010D,Suspect charged
001ee34c35c92f5c62fd2cecedb03e044e47430ce74ce972b8696c7efcb5bf9b,2015-08,Essex Police,Essex Police,0.448784,51.525473,On or near SPRINGHOUSE ROAD,E01015987,Thurrock 002C,Local resolution
cc67c87708b64e580da81c98a99996a8127f35dfe46625c97da2c71d58f89ea6,2015-08,Essex Police,Essex Police,0.909466,51.780797,On or near CYPRESS MEWS,E01021734,Colchester 021D,Formal action is not in the public interest
56b82b6bc9a9d20bac39510efdc0fa4517c207b21b4a62faf99d0318fef0cea0,2015-08,Essex Police,Essex Police,0.828111,51.662089,On or near Parking Area,E01021906,Maldon 006D,Suspect charged
8b83aa5f7e9cb5dca2921a0041a020c9e5a1c37c39c42192ddf255f8d2240a10,2015-08,Essex Police,Essex Police,0.094846,51.771452,On or near ADAMS HOUSE,E01021872,Harlow 007E,Unable to prosecute suspect
38b515b9b38e6cb436f7a790c7ec59adb5556a3bb59272e0bc3d10cb0114e0b6,2015-08,Essex Police,Essex Police,0.458240,51.569324,On or near Supermarket,E01021318,Basildon 015C,Offender given penalty notice
19dbafda5a0fa10d802a665d99bbee467e634009edb9bf608722b4e9cbcb949e,2015-08,Essex Police,Essex Police,0.516032,51.579431,On or near GREAT RANTON,E01021301,Basildon 011A,Offender given a drugs possession warning
432dd37228bde87f912a1d992528c6e61b8f3414c353afa50c97566f41595c2a,2015-08,Essex Police,Essex Police,0.919727,51.910133,On or near Supermarket,E01021671,Colchester 002D,Formal action is not in the public interest
432dd37228bde87f912a1d992528c6e61b8f3414c353afa50c97566f41595c2a,2015-08,Essex Police,Essex Police,0.919727,51.910133,On or near Supermarket,E01021671,Colchester 002D,Suspect charged
486d82c7aa512cb21f9794e0ef0ee729d03c81be6ef517fc224ed485682e85af,2015-08,Essex Police,Essex Police,0.250591,52.021801,On or near HARRIS YARD,E01022081,Uttlesford 002F,Suspect charged
441bbd4061d0c03f2ee70b1046bfb9d8b46d9d36a3e2fb819ee82c19b438af7f,2015-08,Essex Police,Essex Police,0.909635,51.861763,On or near PERTH CLOSE,E01021640,Colchester 018D,Suspect charged
ab4814a05fcdafdc3368a5fa792a70b5e9bb3e30cd854b783ebb78e05e965ec7,2015-08,Essex Police,Essex Police,0.484670,51.724071,On or near BADDOW ROAD,E01021563,Chelmsford 014B,Offender given a caution
614e7982ae096750110cb49770ec80550a3c4a13699770395baa26b3687f0cd5,2015-08,Essex Police,Essex Police,0.299201,51.625707,On or near WINGWAY,E01021431,Brentwood 004A,Suspect charged
f4f204d006cbbc459aafc63ec87819a638b523470ef3e354193c0362e4df4f2b,2015-08,Essex Police,Essex Police,0.628769,51.630218,On or near KINGSMANS FARM ROAD,E01021942,Rochford 001A,Suspect charged
f4f204d006cbbc459aafc63ec87819a638b523470ef3e354193c0362e4df4f2b,2015-08,Essex Police,Essex Police,0.628769,51.630218,On or near KINGSMANS FARM ROAD,E01021942,Rochford 001A,Suspect charged
227c32b80d5d0f8810bdd921edfbee8edb54bc2953b25ea9a9194054be777e00,2015-08,Essex Police,Essex Police,0.628298,51.788592,On or near SNEEZUM WALK,E01033460,Braintree 017F,Formal action is not in the public interest
4dc855a3fd5c79ae7cccbaad57921fbfee892e93bea53c520276c5a232b1a7bc,2015-08,Essex Police,Essex Police,0.777091,51.530047,On or near THORPEDENE GARDENS,E01015918,Southend-on-Sea 017E,Unable to prosecute suspect
3a7d00474e0d72d720b3b256ada4ac0191d590fde3acc7e771ce1d639b6495a2,2015-08,Essex Police,Essex Police,1.093192,51.896326,On or near B1035,E01022019,Tendring 003E,Unable to prosecute suspect
aa25a8860de7bfce7f9c1fa406b940c88fad4fb0341d04a72b326d11f3a75b44,2015-08,Essex Police,Essex Police,0.605627,51.556466,On or near WILLOW WALK,E01021530,Castle Point 005C,Unable to prosecute suspect
d0e584f02d4b76c3f2532d32d79e912fbf2f4cd8f0c1b7e482ff5c039d86cb41,2015-08,Essex Police,Essex Police,0.261741,51.889938,On or near Airport/Airfield,E01022090,Uttlesford 006B,Local resolution
857f3f19229d4bf7b36e40feae0c8396ed24c3c8c5c1166d4906ef46442baa7a,2015-08,Essex Police,Essex Police,0.412754,51.578327,On or near MERRYLANDS,E01021278,Basildon 014E,Unable to prosecute suspect
50d0e285ae24c9579a91d030ab16b37783523a72d7698938684c06ae864bf671,2015-08,Essex Police,Essex Police,0.720074,51.535817,On or near ST LEONARD'S ROAD,E01015841,Southend-on-Sea 014C,Suspect charged
89a75e277248c55915c3d0191d097c2244017473045ef18fabaf14cf36f192ff,2015-08,Essex Police,Essex Police,0.708546,51.573102,On or near LEICESTER AVENUE,E01021956,Rochford 007E,Unable to prosecute suspect
d8efb9be955b49d8a4b0d0d484fb11d61259514b2817ed13a2cd2f2d0903577b,2015-08,Essex Police,Essex Police,0.490430,51.723742,On or near Parking Area,E01021563,Chelmsford 014B,Formal action is not in the public interest
118c81c849de4e6b05b1b98ca6fbd244ebe76c2a403000cbc35ee1e640c00fd5,2015-08,Essex Police,Essex Police,0.791046,51.536371,On or near ASHANTI CLOSE,E01015877,Southend-on-Sea 013B,Unable to prosecute suspect
fc1e7f442a542597b09ecde33fc7b8f661f8805ecbae37e94a974fd3ce817917,2015-08,Essex Police,Essex Police,0.446663,51.574630,On or near UPPER MAYNE,E01021319,Basildon 017E,Unable to prosecute suspect
a94b2fcc8b57e90591d864c230eb5eff8c285c590a5f18fdae2436724e5c5b46,2015-08,Essex Police,Essex Police,0.586503,51.866321,On or near LONG GREEN,E01021380,Braintree 012E,Unable to prosecute suspect
14a52245ada17c70fdbc2cd840614855df5d7bed4a2dab679315b256e5ca76e2,2015-08,Essex Police,Essex Police,0.486453,51.720930,On or near HARBERD TYE,E01033137,Chelmsford 014F,Formal action is not in the public interest
db1920e1140e496df7573fc7b2632f20613dfa66e9b09d2fd9b70bb33942b721,2015-08,Essex Police,Essex Police,0.408994,51.866862,On or near MOORS LANE,E01033052,Uttlesford 008F,Suspect charged
0a09b488bf81884cec19e87f924f9211b1230881f962bed407ac9027a4c4e492,2015-08,Essex Police,Essex Police,1.234705,51.850830,On or near CHARTFIELD DRIVE,E01022009,Tendring 008E,Suspect charged
be1828425794630e16dc9c27820ac8622a15734d78909d840538a433ca233f79,2015-08,Essex Police,Essex Police,0.479367,51.732735,On or near PROVIDENT SQUARE,E01033141,Chelmsford 010G,Offender given a drugs possession warning
f68ff4d590e29c91ae16c78c09279916b4750ebc9dfe4ed7e328255a3c760e6f,2015-08,Essex Police,Essex Police,0.486221,51.575120,On or near CHURCHILL AVENUE,E01021270,Basildon 012D,Formal action is not in the public interest
dc61a1a4b826528d6ec9ffac227257af279369905cfd20c68ea7f2e94584a8a6,2015-08,Essex Police,Essex Police,1.261822,51.848246,On or near GROVE AVENUE,E01022055,Tendring 006D,Suspect charged
92195f18fdd69a0c571a0ea09c22b92c2ddbc8d12139b073fc5ac778b3daa747,2015-08,Essex Police,Essex Police,0.556159,51.877353,On or near VICTORIA STREET,E01033459,Braintree 009F,Formal action is not in the public interest
32e94682e24d7714807b20e080a0d60c680cdf8533785f4ca4a859cb7d3834c5,2015-08,Essex Police,Essex Police,0.834301,51.660941,On or near TATTERSALLS CHASE,E01021906,Maldon 006D,Suspect charged
1281108ce6391a9d08cc9d72bf7938dc54f4aa9dae0487e31cb6753c715749fd,2015-08,Essex Police,Essex Police,0.058523,51.609473,On or near THE CHILDERS,E01021752,Epping Forest 016D,Offender given a drugs possession warning
9a34ae87c5721870d3e155894b2d2047c23d9c6b2bbe7b1abac9bbab4aae9465,2015-08,Essex Police,Essex Police,0.499001,51.582088,On or near BRACKLEY CRESCENT,E01021307,Basildon 011C,Suspect charged
14bcee216f486614f9230811cb97b7a81bf36eeeafb8ffc7b8c99fddf3eb5822,2015-08,Essex Police,Essex Police,0.309065,51.707222,On or near Park/Open Space,E01021769,Epping Forest 003A,Formal action is not in the public interest
48f0d069ab1cf522b6da7bb02f110640ac90a0fccd0acaf815ece5f8cff804ff,2015-08,Essex Police,Essex Police,0.691224,51.540566,On or near VALKYRIE ROAD,E01015831,Southend-on-Sea 012E,Formal action is not in the public interest
6bbfa70a3fffb690f7654aa5a02eb0bb82a6f11499d744f288a9fd2ad62d1fde,2015-08,Essex Police,Essex Police,0.440307,51.520911,On or near PRIORY ROAD,E01015985,Thurrock 003B,Suspect charged
0f417f21089e7b76f2920f308e7c986127cbd0669371a9dc6b098f240aa9359e,2015-08,Essex Police,Essex Police,0.440307,51.520911,On or near PRIORY ROAD,E01015985,Thurrock 003B,Suspect charged
12abef20c66315ac569d77748157e03e581699c76f1cdd2d98dfcd4395b631f3,2015-08,Essex Police,Essex Police,0.727306,51.549904,On or near NORWICH AVENUE,E01015875,Southend-on-Sea 006G,Unable to prosecute suspect
98bac1c0a5134018f696295e59390f2d2aba8e67671964319adf8cb7ac854e5c,2015-08,Essex Police,Essex Police,0.702850,51.547152,On or near HOWARDS CHASE,E01015899,Southend-on-Sea 010E,Offender given a caution
105209356a0994b8209abffa79e47ff0543d35c4f8aa27d61083824502e576ed,2015-08,Essex Police,Essex Police,0.635692,51.799506,On or near HOLLYBANK,E01021415,Braintree 017A,Unable to prosecute suspect
63b63759583f9e2c2146ea86135e2188ebc24185a80da5468990f5d096316624,2015-08,Essex Police,Essex Police,0.309065,51.707222,On or near Park/Open Space,E01021769,Epping Forest 003A,Formal action is not in the public interest
cd1211fa71420d3ab2571e6807690d87b2b351331b84d11486d08cb967d538ea,2015-08,Essex Police,Essex Police,0.922474,51.890620,On or near WHALEY ROAD,E01021706,Colchester 022H,Suspect charged
e57eda9b3c112cdfae50f8ed555e4d1e7188b9de290c6b1395b2f3c93590ce1b,2015-08,Essex Police,Essex Police,0.085287,51.759041,On or near LINFORD CLOSE,E01021833,Harlow 009D,Offender given a caution
474402792054fa20e7f617d15fa364b7d9ee79bd54e69af60f50dac8e3e30466,2015-08,Essex Police,Essex Police,0.724493,51.540490,On or near FERNDOWN CLOSE,E01015844,Southend-on-Sea 014F,Unable to prosecute suspect
30811c70625dd7dee219b58d8ccac694048c8c709c842478c337534c28219a91,2015-08,Essex Police,Essex Police,0.746226,51.544291,On or near WICK CHASE,E01015888,Southend-on-Sea 009F,Unable to prosecute suspect
45a4d608edff1d286a358946e44577eb6079d940190ec6fe527d523b900dcc0a,2015-08,Essex Police,Essex Police,0.697881,51.536078,On or near WINTON AVENUE,E01015853,Southend-on-Sea 015C,Unable to prosecute suspect
45a4d608edff1d286a358946e44577eb6079d940190ec6fe527d523b900dcc0a,2015-08,Essex Police,Essex Police,0.697881,51.536078,On or near WINTON AVENUE,E01015853,Southend-on-Sea 015C,Unable to prosecute suspect
45a4d608edff1d286a358946e44577eb6079d940190ec6fe527d523b900dcc0a,2015-08,Essex Police,Essex Police,0.697881,51.536078,On or near WINTON AVENUE,E01015853,Southend-on-Sea 015C,Unable to prosecute suspect
8b3031057ff6f0cd7179aabff5e8748d1cce061c0c4abbe938673dcd423ee163,2015-08,Essex Police,Essex Police,-0.003372,51.686286,On or near SILVER STREET,E01021818,Epping Forest 009C,Unable to prosecute suspect
7c763b3a1a597b45494d3787e0e9d795ada297c02c5408c6d28ad96ed19ef686,2015-08,Essex Police,Essex Police,-0.002432,51.685290,On or near SEWARDSTONE STREET,E01021817,Epping Forest 008E,Unable to prosecute suspect
7181ea3fcf8452a3667ff0ef4dbd71bc43ac75443ebe0f5b7cd37e92049b58ea,2015-08,Essex Police,Essex Police,0.660062,51.569319,On or near FAIRFIELD ROAD,E01015833,Southend-on-Sea 001A,Suspect charged
334e6968cb00fbf8371f1fbfc3b52ef6f25174195981c7c5be0a4fa43e39ad1e,2015-08,Essex Police,Essex Police,0.094895,51.770021,On or near Nightclub,E01021872,Harlow 007E,Suspect charged
4d46a1b55cc897fd8a16941f35ab796e8d224b37fed25805272804ce062e38a4,2015-08,Essex Police,Essex Police,0.121382,51.760859,On or near Supermarket,E01021821,Harlow 008A,Suspect charged
4d46a1b55cc897fd8a16941f35ab796e8d224b37fed25805272804ce062e38a4,2015-08,Essex Police,Essex Police,0.121382,51.760859,On or near Supermarket,E01021821,Harlow 008A,Suspect charged
da9ffbe03429618ea6d4b2f6fac8935d4b901f1d21488889efb9f5fe8e106c31,2015-08,Essex Police,Essex Police,0.757686,51.878439,On or near MOTT'S LANE,E01021677,Colchester 010D,Suspect charged
20c373a295f0325d19b7130375123ce1a98b4d810c5cc29c66c7f3221dac1265,2015-08,Essex Police,Essex Police,0.914823,51.918375,On or near GAVIN WAY,E01033720,Colchester 002F,Unable to prosecute suspect
c090fc1aa57e65e739d7e9c750d94a3b6a9749ab29d32f518ae2b3c8941ea0e0,2015-08,Essex Police,Essex Police,0.900116,51.889231,On or near Shopping Area,E01021649,Colchester 007D,Suspect charged
d7cce412ab700bcf4a8852474e9612b2c9e92578f13a6d439289f2339d5f89ba,2015-08,Essex Police,Essex Police,0.900413,51.887074,On or near WHITEWELL ROAD,E01021649,Colchester 007D,Unable to prosecute suspect
74bff8380a0f7039387fa7951bff2c75f8ae123eefb60c1017a18600ce8edc90,2015-08,Essex Police,Essex Police,0.925409,51.883226,On or near PERTWEES COURT,E01021685,Colchester 011C,Local resolution
3f2796c31de9a40525dd7b33120f61b238f22c541d2f8fd668b9dca19954e221,2015-08,Essex Police,Essex Police,0.714345,51.540114,On or near SOUTHCHURCH ROAD,E01015895,Southend-on-Sea 010A,Suspect charged
2b222112aca9f4e31c9d8affa112b55bf3cdc12a0a0b1306df8a328ea646baef,2015-08,Essex Police,Essex Police,-0.002165,51.686760,On or near Supermarket,E01021818,Epping Forest 009C,Formal action is not in the public interest
0e4d2c8c9fa8d92dd7db65571139fb1d0b87052f19ef90be334aca0a748c137f,2015-08,Essex Police,Essex Police,0.477608,51.733690,On or near Supermarket,E01033141,Chelmsford 010G,Suspect charged
ea288bd69545ab8c75b97f92c2354fdeafd973717d36b81a29f7b039f7af00d7,2015-08,Essex Police,Essex Police,1.000381,51.853510,On or near POPLARS CLOSE,E01021967,Tendring 009A,Unable to prosecute suspect
e6e3082b5b7f6b5a37dd271388544dded9a15d6d316a654e8e85b6ed2b7cd6d1,2015-08,Essex Police,Essex Police,0.599685,51.587356,On or near CROWN GARDENS,E01021964,Rochford 008E,Suspect charged
34c5d80e8b7a4cb5f709ece26a849eda98a31b7ec7eb1af2cd102969f8eb570d,2015-08,Essex Police,Essex Police,0.765352,51.552620,On or near SOUTHEND ROAD,E01015888,Southend-on-Sea 009F,Offender given penalty notice
f4f6658cad4ee155df7dd3f6a975d5dcc86019d19961b8e09735963da5ced439,2015-08,Essex Police,Essex Police,0.503664,51.572905,On or near WIMBISH END,E01021306,Basildon 013E,Local resolution
91a02a1e6da1928edf7dfab0970a4126e66ac3e677d2d6be56cc0ddff943c5ec,2015-08,Essex Police,Essex Police,1.148025,51.787913,On or near Police Station,E01022037,Tendring 017D,Offender given a drugs possession warning
ba6cd25a49f1d644eb854567fddfe46faf8748acd774f0cd191afadc9c7815f6,2015-08,Essex Police,Essex Police,0.676214,51.537186,On or near CHALKWELL ESPLANADE,E01015827,Southend-on-Sea 012A,Unable to prosecute suspect
c5de04d314df8d4e773ef1e70fe402713eb95756b8cfda56e725f5bbdbbb87b2,2015-08,Essex Police,Essex Police,0.737940,51.541301,On or near Parking Area,E01015884,Southend-on-Sea 009B,Unable to prosecute suspect
b86f3ad120a7e3fad5eba1149647be09c7e2d021f3170086767ebed10f4a07db,2015-08,Essex Police,Essex Police,0.576824,51.881470,On or near COGGESHALL ROAD,E01021352,Braintree 007C,Local resolution
878f012f0dec3033535ff4d0afad009f07fc421f2588628e65785228165c714e,2015-08,Essex Police,Essex Police,1.080553,51.773584,On or near CLUB PARADE,E01022045,Tendring 018D,Suspect charged
5e5a8ef47ee1e4522c30f50fc97a030d8f993bc135ce2671fc6df96b224abbb9,2015-08,Essex Police,Essex Police,1.080553,51.773584,On or near CLUB PARADE,E01022045,Tendring 018D,Suspect charged
9c5af14b4e036e49ddce139d3ae1a5db551f179b9076b3d45e90ebd026f442fe,2015-08,Essex Police,Essex Police,0.707609,51.549075,On or near EAST STREET,E01015861,Southend-on-Sea 004E,Formal action is not in the public interest
c3f7d330e0a6f637ff5d54eb17cd51f815325e6eca782925841e26185e04a559,2015-08,Essex Police,Essex Police,0.534084,51.615123,On or near ST CATHERINES CLOSE,E01021339,Basildon 005D,Formal action is not in the public interest
7fe5a1fa10b50509314a64a72e55f414389798ab8e30331493102aa2dcad746c,2015-08,Essex Police,Essex Police,1.115348,51.773791,On or near FIR WAY,E01021988,Tendring 018A,Suspect charged
5ff07603bb6941c4110e30e93da47a8ed47a92a1cd3787818a5a571100a16130,2015-08,Essex Police,Essex Police,0.724916,51.543475,On or near BRANKSOME ROAD,E01015843,Southend-on-Sea 014E,Unable to prosecute suspect
deae1f729a8a4a1ddd6b81f96ffa76a50af810f82f8c842c50cbfcf90bddef00,2015-08,Essex Police,Essex Police,0.906722,51.884841,On or near Sports/Recreation Area,E01021686,Colchester 011D,Formal action is not in the public interest
137c96430634762e8cf604cfa20928ef9f242405748fd4d254edbee221fc7584,2015-08,Essex Police,Essex Police,0.405479,51.623388,On or near WESTERN VIEW,E01021253,Basildon 004B,Formal action is not in the public interest
b5d5d2a59bd25e4ff037fb74a8a44de5ebc13459cf8e59635493fec025c4a3b5,2015-08,Essex Police,Essex Police,0.472270,51.734594,On or near TINDAL STREET,E01033141,Chelmsford 010G,Suspect charged
879c4b40aa7fe6878a48089890d20a8fe2fdfb2cc521272e64a0e6a7dc578668,2015-08,Essex Police,Essex Police,0.724916,51.543475,On or near BRANKSOME ROAD,E01015843,Southend-on-Sea 014E,Unable to prosecute suspect
05cc12c1e76610a10c6cb3640464d799df86f91885ab17522237760ebac4dc64,2015-08,Essex Police,Essex Police,0.651056,51.569802,On or near RAYLEIGH ROAD,E01015834,Southend-on-Sea 001B,Offender given a drugs possession warning
03a1f50225458713b436e455fc51a922546caa1103bb3a97df48b5cabdb9094e,2015-08,Essex Police,Essex Police,0.658607,51.564424,On or near PRIORY WOOD CRESCENT,E01015835,Southend-on-Sea 001C,Offender given a caution
057215e123927607dc57c5b7fcd4103c14c7751f74da8a3a52b370a9a6e56021,2015-08,Essex Police,Essex Police,0.730460,51.533202,On or near NORTHUMBERLAND AVENUE,E01015841,Southend-on-Sea 014C,Suspect charged
42df74126aebb31a6f746364088b48d45b4911941b4a0bdc04365ab28cf0b044,2015-08,Essex Police,Essex Police,0.416702,51.580098,On or near HOME MEAD,E01021278,Basildon 014E,Local resolution
d6778eb65fdb86010fd09fbc0af582b9c76f63bc878a34d4cc45eb26796ce0a6,2015-08,Essex Police,Essex Police,1.170618,51.812264,On or near GREENWAY CLOSE,E01021984,Tendring 010A,Formal action is not in the public interest
bcceb0cf82cff9ab03a0bc4994617c184302e0aff050490b345dc8c71dc71aeb,2015-08,Essex Police,Essex Police,0.158574,51.809614,On or near LAWRENCE MOORINGS,E01021795,Epping Forest 001B,Formal action is not in the public interest
adfe5276c874a140de94bbc9b22c1e4a2502ecde4a7b29188eac380d39c65f9f,2015-08,Essex Police,Essex Police,0.655381,51.566268,On or near MANSEL CLOSE,E01015835,Southend-on-Sea 001C,Suspect charged
4df08e17227d25e2d915b5e63506fdc140abe279dbe6d2c166271a54cb28a757,2015-08,Essex Police,Essex Police,0.437870,51.622818,On or near MORRIS AVENUE,E01021241,Basildon 003C,Suspect charged
6922a037daeb5db1a864c2a75e4c2d4795f1c804d792417d4883c51df3e4c95f,2015-08,Essex Police,Essex Police,0.437870,51.622818,On or near MORRIS AVENUE,E01021241,Basildon 003C,Suspect charged
49c793b70495e896316e72653f019d415b57b574b06c20d6bb25474d97e642d4,2015-08,Essex Police,Essex Police,0.437870,51.622818,On or near MORRIS AVENUE,E01021241,Basildon 003C,Suspect charged
c5c1e7dcb2f5402833bceadb2e4e0fc24f771785cfe03ea32e79d936d12c6d84,2015-08,Essex Police,Essex Police,1.249570,51.846291,On or near GATEFIELD CLOSE,E01022012,Tendring 008H,Suspect charged
b5011104134a83610fd04daf5d5233235b39a20ae242396ffcb512395e2bcac0,2015-08,Essex Police,Essex Police,0.834301,51.660941,On or near TATTERSALLS CHASE,E01021906,Maldon 006D,Suspect charged
8cc85cf2085478239378097454591abebcafac1c4b22db3dd70b415eafd11d56,2015-08,Essex Police,Essex Police,1.136831,51.793789,On or near MARLBOROUGH CLOSE,E01021969,Tendring 017B,Suspect charged
372f1d0fe9b2c42506485786e32e5a10a9702efaf3aedcf4a4cd86b85f3a9a2a,2015-08,Essex Police,Essex Police,1.182329,51.806506,On or near SLADE ROAD,E01022033,Tendring 012B,Unable to prosecute suspect
356d5ae065723714f25d9170ba76aa4fd4de893a032bd1d42906350b5df92700,2015-08,Essex Police,Essex Police,0.088736,51.605046,On or near AMANDA CLOSE,E01021764,Epping Forest 017A,Offender given a drugs possession warning
81fdfc3c3c1cd566ef2b58535a594084d204784c2b06402d3bd328d198f8f27d,2015-08,Essex Police,Essex Police,0.088736,51.605046,On or near AMANDA CLOSE,E01021764,Epping Forest 017A,Offender given a caution
84663f5b41a842b8dc4d533817705389ce8dc623101f04cc2218227a093fab99,2015-08,Essex Police,Essex Police,0.448866,51.966218,On or near STEPHEN MARSHALL AVENUE,E01021412,Braintree 005C,Suspect charged
1b2b0d23d4a3f8279c694c83240d92f8d3623cbffae0f92a2eec0d06b3bed222,2015-08,Essex Police,Essex Police,1.232172,51.840214,On or near POPLAR WAY,E01021995,Tendring 008C,Suspect charged
5c4042f0a05098009c3b912b2f5e2e17183e537ef898b6a0d275859460c00e78,2015-08,Essex Police,Essex Police,0.937856,51.886226,On or near LUGAR CLOSE,E01033722,Colchester 008H,Offender given a caution
cc99fa31fea33eb195ea6fc77f5ea3da2985e0d827d2dbe0698cf74d98e7283b,2015-08,Essex Police,Essex Police,0.893600,51.887800,On or near Pedestrian Subway,E01021649,Colchester 007D,Offender given a caution
fe3a98f07ac653fa8d5b131eee896f7a9912e91453fae7d0be266e418a4cf17f,2015-08,Essex Police,Essex Police,0.478516,51.565615,On or near CLAY HILL ROAD,E01021324,Basildon 019C,Suspect charged
dc0afeaa7757752d9ad12f6333730c8ea4ca773ee52b1bc3646e768ec9c96985,2015-08,Essex Police,Essex Police,0.806526,51.943034,On or near FORDHAM ROAD,E01021660,Colchester 003A,Unable to prosecute suspect
f315dc9e195e5e6b3089e9ccb92ebd02eb7629ef3f1a50752dc701c9a1b24150,2015-08,Essex Police,Essex Police,0.465864,51.736383,On or near Theatre/Concert Hall,E01021574,Chelmsford 010A,Suspect charged
f315dc9e195e5e6b3089e9ccb92ebd02eb7629ef3f1a50752dc701c9a1b24150,2015-08,Essex Police,Essex Police,0.465864,51.736383,On or near Theatre/Concert Hall,E01021574,Chelmsford 010A,Suspect charged
33e672b269c246f11318a3068e60a8edf288ca2c88c19918f65fe219429e525d,2015-08,Essex Police,Essex Police,0.478516,51.565615,On or near CLAY HILL ROAD,E01021324,Basildon 019C,Suspect charged
ece4d857262e0050ed499f02630997b21527f78f31cf8e17069e271b28a1690c,2015-08,Essex Police,Essex Police,1.151428,51.819229,On or near Supermarket,E01022039,Tendring 010B,Suspect charged
9edfff35b6fbfbdde5cc0722ea2f48482cd1c6efc6069a1633b864083e690786,2015-08,Essex Police,Essex Police,0.769946,51.566254,On or near BARLING ROAD,E01021917,Rochford 010A,Suspect charged
140b71348362f328b1d70e90957d81a8d1791e6b301e8f54cd953e5993ed8b1b,2015-08,Essex Police,Essex Police,0.290659,51.627375,On or near UPPER RYLE,E01021432,Brentwood 004B,Formal action is not in the public interest
be88e56e5399fb5559de7f9447a8b1dd3aecf3f5928dc12c0e74e4be621219d6,2015-08,Essex Police,Essex Police,0.929648,51.885162,On or near Supermarket,E01033722,Colchester 008H,Local resolution
bb4395fa113dda79bcf224af712e5c7250cca88ad4a5dc096a4d9eb582918e26,2015-08,Essex Police,Essex Police,0.616344,51.891641,On or near SARCEL,E01021380,Braintree 012E,Unable to prosecute suspect
f1c4bb7d1b6d252ab44e28aad4836f60cf36acf64bc09a7c31e8cd9b1af07026,2015-08,Essex Police,Essex Police,0.460282,51.718145,On or near WOOD STREET,E01021556,Chelmsford 012A,Formal action is not in the public interest
ff9c8b8f8f08a9dac8c002b5b6f88a7a6bb15c1ef8aae8107c2203a9eb320f3a,2015-08,Essex Police,Essex Police,0.562614,51.545596,On or near HIGH STREET,E01021522,Castle Point 007C,Suspect charged
2a501cc8e1f22a695f605d6583c5e38f615e91d2549a5e9662784be6e9add8a4,2015-08,Essex Police,Essex Police,0.430299,51.580914,On or near KATHLEEN FERRIER CRESCENT,E01021274,Basildon 010D,Local resolution
60bc24228e11ad1df291f359684914edc8beae7e3331331c1335fc8cfef9cf10,2015-08,Essex Police,Essex Police,0.521172,51.864115,On or near FELBRIGG CLOSE,E01021383,Braintree 010C,Local resolution
a35ade57d505b38610198ac8e9643a28cd2552944d0a325cc90128e44a13e822,2015-08,Essex Police,Essex Police,0.569542,51.527242,On or near ST GUIBERTS ROAD,E01021507,Castle Point 010E,Local resolution
29875261835f0b20181cd9c2c319024002081f251ec746aa38cc6f1edcbc949a,2015-08,Essex Police,Essex Police,0.615502,51.552055,On or near MEADOW ROAD,E01021519,Castle Point 005B,Suspect charged
aab69b6dc673d350b594ee1781c7b1246311378d6858f8ff3b074426bb01ddfb,2015-08,Essex Police,Essex Police,0.896616,51.895829,On or near ALBERT STREET,E01021650,Colchester 007E,Local resolution
028612e248361aaafb508ddb5a47c0cd63d0f7836c36c097ab578a252898ee1d,2015-08,Essex Police,Essex Police,0.660062,51.569319,On or near FAIRFIELD ROAD,E01015833,Southend-on-Sea 001A,Suspect charged
f7912a3d1610c7c0e43f9755f9048678ebd40579030841fe70444e212f76ee23,2015-08,Essex Police,Essex Police,0.199450,51.901803,On or near STATION ROAD,E01022086,Uttlesford 006A,Local resolution
bb61e65c741c60599fa1648c3289569f1772c92be3f32108a1359c4647155aad,2015-08,Essex Police,Essex Police,0.520836,51.602584,On or near KINGSLEY MEADOWS,E01021342,Basildon 008B,Unable to prosecute suspect
0817bca9db0122cf5bd30f6632adc9a5d8de08ccc32eccb136c6361e3d59d856,2015-08,Essex Police,Essex Police,0.198963,51.894807,On or near WALSON WAY,E01022087,Uttlesford 005F,Local resolution
8cd512eec5b529903f2ac17bccbf56647c72c38874af703f238febf07605cb09,2015-08,Essex Police,Essex Police,0.113373,51.747938,On or near HAWTHORNS,E01021838,Harlow 010A,Suspect charged
4c14179842318acb2c3553dcfec48db1179b822b062ae10ba6579cfea3dc4a54,2015-08,Essex Police,Essex Police,0.550382,51.879259,On or near Supermarket,E01021365,Braintree 009D,Local resolution
8b6e3a0d0bc49c0f304f96572514436d9ba734a98d9a17381ff96a83a7264507,2015-08,Essex Police,Essex Police,0.640820,51.808078,On or near Petrol Station,E01021416,Braintree 017B,Local resolution
4ba4036eb0762513e3667adaeb638d0ba95f93997e235c3a6e01b0cc3ec58c56,2015-08,Essex Police,Essex Police,0.467171,51.736967,On or near WELL'S STREET,E01021574,Chelmsford 010A,Suspect charged
75f85b45a54be297370d65978e1d21f54d3bec716d5e0eca2f3005d72beb2d5b,2015-08,Essex Police,Essex Police,0.467171,51.736967,On or near WELL'S STREET,E01021574,Chelmsford 010A,Suspect charged
d9b1efa7e52c0a0a598d9d101c086a7821e6137423c66f02af7cb9a869d529f0,2015-08,Essex Police,Essex Police,0.467171,51.736967,On or near WELL'S STREET,E01021574,Chelmsford 010A,Suspect charged
5098cf38b2e3557b63381110926c7f74824a6dcd9c437a3f8bfea38ede833d51,2015-08,Essex Police,Essex Police,0.265388,51.869707,On or near CHESTNUT WAY,E01022091,Uttlesford 006C,Offender given a caution
5bb00361b649e0bb9e39dfd231db66e6f0ab9bf17e5283d03f39fcc3d9d88175,2015-08,Essex Police,Essex Police,0.467171,51.736967,On or near WELL'S STREET,E01021574,Chelmsford 010A,Suspect charged
3e590969cba0d9d86a4b8388b21f4c7d47c23e06a9bb14ad8291dbdb992b7b2e,2015-08,Essex Police,Essex Police,0.896616,51.895829,On or near ALBERT STREET,E01021650,Colchester 007E,Offender given a caution
8a9789059685a1ecd4bbc0552115a441426e9c87a1f352a00ebff2404c9111c8,2015-08,Essex Police,Essex Police,1.172232,51.815611,On or near BRUNEL ROAD,E01021984,Tendring 010A,Unable to prosecute suspect
36f20a85324c4aa744e4d64e6ff554f4065b577f5fae5034ef137888926b4980,2015-08,Essex Police,Essex Police,0.645834,51.803019,On or near BEVINGTON MEWS,E01021416,Braintree 017B,Local resolution
0da0fff968f081dc5157b094cdcde929614d04287a9c3cb781a1d76a4b87d70c,2015-08,Essex Police,Essex Police,0.498815,51.561866,On or near WATERVILLE DRIVE,E01021310,Basildon 022B,Unable to prosecute suspect
01deae5059beeea37fda86a919d0eb3a4d77bc2edb3806d7b65c560148125a56,2015-08,Essex Police,Essex Police,0.503664,51.572905,On or near WIMBISH END,E01021306,Basildon 013E,Suspect charged
343b7a2a97f852d6fcd84885b8623beed8f235df187760d12fabf0188e867cc8,2015-08,Essex Police,Essex Police,0.460282,51.718145,On or near WOOD STREET,E01021556,Chelmsford 012A,Unable to prosecute suspect
cdbd42ff48f30056ac7613fbb5e1403411b5a2a6219e42562b10331caaba90de,2015-08,Essex Police,Essex Police,0.706444,51.540387,On or near LONDON ROAD,E01015895,Southend-on-Sea 010A,Offender given a caution
1c43b82e14d18f51ca40c10e3a8f9101f52a20d6e7ddc9a380f4a241020ea406,2015-08,Essex Police,Essex Police,0.605351,51.641694,On or near RIVENDELL VALE,E01021607,Chelmsford 020C,Unable to prosecute suspect
589c12e6f7be405664ca3ebf57a86198021e2b10cfb9a8e418146a16e9b9f8dc,2015-08,Essex Police,Essex Police,0.427331,51.571533,On or near MELLOW PURGESS CLOSE,E01021286,Basildon 016A,Formal action is not in the public interest
1895b655fc9ebc1ea2d4a40b642aaa138e253c4559eb98c7417649ff484f1978,2015-08,Essex Police,Essex Police,0.552537,51.878313,On or near MARKET PLACE,E01033459,Braintree 009F,Suspect charged
1fe51b3c3ed85bb0cfb3b32266d49fc4d2540be3013e40bc9b7fbb90f9223a41,2015-08,Essex Police,Essex Police,0.552537,51.878313,On or near MARKET PLACE,E01033459,Braintree 009F,Suspect charged
e8f4bb9c9d9d2790e6a85a2241f58af5d1f8d1bc321d69e66ebb3b8953286cb6,2015-08,Essex Police,Essex Police,0.472270,51.734594,On or near TINDAL STREET,E01033141,Chelmsford 010G,Unable to prosecute suspect
e40aafff22bd5201a32e14689a3c618fd0c9d55935ca8a8f02f4418d01313c1d,2015-08,Essex Police,Essex Police,0.705899,51.543115,On or near BOSTON AVENUE,E01015896,Southend-on-Sea 010B,Suspect charged
80ef5835650dc3d3d020fed9b560cb28d3a0699e227938d1ab10c558effb331a,2015-08,Essex Police,Essex Police,0.566320,51.537385,On or near Parking Area,E01021503,Castle Point 010D,Offender given a drugs possession warning
86c05477f5ee30ab37e5cce84817a77ba4d4fb80e65dfee42ec91b558d30cbe0,2015-08,Essex Police,Essex Police,1.152215,51.788718,On or near Shopping Area,E01022025,Tendring 016B,Suspect charged
39cbb0080b72837e065d13684a54ceb4d4dcd4a7e8efda3aaf2a23727abdfd8a,2015-08,Essex Police,Essex Police,1.166372,51.803861,On or near KENNEDY WAY,E01022050,Tendring 014E,Suspect charged
3438aa7d3dffa0e0a2eb4b0fde4d17e0132bd4eaaacc899014e424ffc396c13f,2015-08,Essex Police,Essex Police,0.477646,51.571371,On or near BROWNLOW CROSS,E01021320,Basildon 015D,Formal action is not in the public interest
ef05d1678d7b948ecc98a907e0be8d1755548c0559034d83885d994098a9273f,2015-08,Essex Police,Essex Police,1.082635,51.774555,On or near LINKS ROAD,E01022045,Tendring 018D,Formal action is not in the public interest
37ba633e24a674104e18f81aaf074dd89fef03b37c6d4c4043b719f6c77345e0,2015-08,Essex Police,Essex Police,0.484223,51.560719,On or near SWANSTEAD,E01021325,Basildon 019D,Offender given a caution
88f7e617db4ac2f9cb97498d39b8db67f2396d0a1b5bbb19ee639de62f0a2098,2015-08,Essex Police,Essex Police,1.082635,51.774555,On or near LINKS ROAD,E01022045,Tendring 018D,Formal action is not in the public interest
4f91a650aede50a72ccc0f2b8703da924db2475616c08865f99158b428aab36c,2015-08,Essex Police,Essex Police,0.822312,51.867417,On or near Park/Open Space,E01021721,Colchester 012D,Offender given a caution
202d7a532239099e864dec7ed02dc55ab68c373465cfddb5a528769fb8fd9955,2015-08,Essex Police,Essex Police,1.060285,51.945575,On or near STATION ROAD,E01022020,Tendring 003F,Suspect charged
50dc99667bb0f2e411ea26b51dd66e254dd1f2fcab2de0f2c2c656b0f5b1f677,2015-08,Essex Police,Essex Police,0.327755,51.610809,On or near RUNNING WATERS,E01021445,Brentwood 009A,Unable to prosecute suspect
491f571fc2ca0f7b19bb0325f06081dd984e5cf692ed9fac43ff1d8226842f92,2015-08,Essex Police,Essex Police,0.459410,51.568814,On or near SOUTHERNHAY,E01021318,Basildon 015C,Local resolution
db19eb988addd7450a1f1b2cf94c70e5124963974951e5123029e8cf7b4584f2,2015-08,Essex Police,Essex Police,0.324019,51.478460,On or near Theatre/Concert Hall,E01015956,Thurrock 016B,Suspect charged
4c12273fe3066a4995d11b4f1953558f751673588598d2828753dc433947812b,2015-08,Essex Police,Essex Police,0.475214,51.731744,On or near Shopping Area,E01033140,Chelmsford 010F,Local resolution
06734e664e81905c0ec589326361a19ef60d7feb54974f684b40d3f6d71ec0f3,2015-08,Essex Police,Essex Police,0.375056,51.492519,On or near RAVENCROFT,E01015938,Thurrock 012F,Formal action is not in the public interest
65f24ac56c9d4e659b06b95e45a155a6086452382c23e17d6901240effbbeb69,2015-08,Essex Police,Essex Police,0.639759,51.570614,On or near RINGWOOD DRIVE,E01015837,Southend-on-Sea 001E,Formal action is not in the public interest
f74466775a8d9e771b3eef4748dee1d472e107853c0fd60e7f75a0b04a32883a,2015-08,Essex Police,Essex Police,0.481232,51.562752,On or near VANGE HILL DRIVE,E01021323,Basildon 019B,Unable to prosecute suspect
f74466775a8d9e771b3eef4748dee1d472e107853c0fd60e7f75a0b04a32883a,2015-08,Essex Police,Essex Police,0.481232,51.562752,On or near VANGE HILL DRIVE,E01021323,Basildon 019B,Unable to prosecute suspect
bf21a1bccf6c6ea3566329d6cfbda72cdb0b430db69da611c2e17b81cf8623ed,2015-08,Essex Police,Essex Police,0.432116,51.581695,On or near ELVERSTON CLOSE,E01021279,Basildon 010E,Formal action is not in the public interest
7fff1a2ee55c48e9b42c11438e23eb97627014dc3133d5e9c703a485c3dcd9a9,2015-08,Essex Police,Essex Police,0.641352,51.800800,On or near NEWLAND STREET,E01021416,Braintree 017B,Unable to prosecute suspect
a9e44989e721554364752bb4ebf4308eaa0ed381adfc231d923adcef98eacf15,2015-08,Essex Police,Essex Police,0.093027,51.753436,On or near Supermarket,E01021859,Harlow 010C,Local resolution
bf89b778653936febe854f07aa1fa7e63eadaa9e79b0058c5740ae9734b79fff,2015-08,Essex Police,Essex Police,0.472257,51.733569,On or near Shopping Area,E01033141,Chelmsford 010G,Offender given a caution
8ef42c419a2526f40fe4c7c873abcc52df8c8b0f261bf968a626574d1ba5ab1a,2015-08,Essex Police,Essex Police,0.285907,51.477510,On or near CHARLOTTE PLACE,E01016011,Thurrock 015B,Investigation complete; no suspect identified
328e85753da4f9207f31ac51d200526bc0692164816690a9687825f815ad2301,2015-08,Essex Police,Essex Police,0.113040,51.700130,On or near Police Station,E01021757,Epping Forest 006B,Investigation complete; no suspect identified
5f05988365d3b28b8b4315c5ac4f66a28eac93556dc8ad8e4fb7eaad1eb3d3f6,2015-08,Essex Police,Essex Police,0.932254,51.879431,On or near LIGHTSHIP WAY,E01033719,Colchester 008G,Investigation complete; no suspect identified
d1a941f167ecaed207813ccf8b87bf900ea6faa35a881a756b372fad138df32c,2015-08,Essex Police,Essex Police,0.621527,51.650984,On or near REDHILLS ROAD,E01021613,Chelmsford 019C,Investigation complete; no suspect identified
e9564593b5e7c535b8c8c957c48711f5c867e8e44fc238c932e324d22a62d382,2015-08,Essex Police,Essex Police,0.414335,51.571666,On or near CUMBERLAND DRIVE,E01021275,Basildon 014B,Investigation complete; no suspect identified
7752ba37d2dc05f5a8844041e54b0398d69e9609e874e31b75032d47660dfa09,2015-08,Essex Police,Essex Police,0.918776,51.893455,On or near Supermarket,E01021704,Colchester 022F,Investigation complete; no suspect identified
bae466856b380a7b73368e7d55d4d6e9417b4eb31de0cf481121525061833da8,2015-08,Essex Police,Essex Police,0.439730,51.629479,On or near BRACKENDALE,E01021242,Basildon 001C,Investigation complete; no suspect identified
8cf17120352c37c1d882a935f2caccb8c63e1890b5fca1cf05892316d12eceda,2015-08,Essex Police,Essex Police,0.918776,51.893455,On or near Supermarket,E01021704,Colchester 022F,Investigation complete; no suspect identified
91ff324158a1aa8dd20f13ce5511bfceae5b199ef5e3020d469d0eda67548e04,2015-08,Essex Police,Essex Police,0.566666,51.878914,On or near TROTTERS FIELD,E01021370,Braintree 011B,Investigation complete; no suspect identified
534f4bb51a92fcf9f116c01423d907dab76fcaaae05c383f095d8269ecc8a361,2015-08,Essex Police,Essex Police,0.845734,51.878068,On or near Petrol Station,E01021721,Colchester 012D,Investigation complete; no suspect identified
927fd27184f199004907ef1a4857b3f82128836b19b98fded57bd5d665da227d,2015-08,Essex Police,Essex Police,0.055149,51.639343,On or near LUKINSTONE CLOSE,E01021785,Epping Forest 014D,Investigation complete; no suspect identified
4752f99950223f8a9d8da7ff79499b1cb787f841eb67551559b8e1a1fffe0f85,2015-08,Essex Police,Essex Police,0.056248,51.647021,On or near PRIORY ROAD,E01021791,Epping Forest 012F,Investigation complete; no suspect identified
bf7999bfac6877064da43605fbc4d986ecd1f223a9627db5607d13de18086a43,2015-08,Essex Police,Essex Police,0.921243,51.911759,On or near GAZELLE COURT,E01021669,Colchester 002B,Investigation complete; no suspect identified
eed5cf0cda7d531fbcd5396b7171f599ae8e100ea4b992877d5cfd68b8dd4bc6,2015-08,Essex Police,Essex Police,0.450444,51.728999,On or near EPPING CLOSE,E01021631,Chelmsford 009E,Investigation complete; no suspect identified
51e1cc7bff0253a760ab1810265f650d1007276be2bf28352e4d6f61965418fd,2015-08,Essex Police,Essex Police,0.562278,51.554246,On or near THUNDERSLEY PARK ROAD,E01021524,Castle Point 007E,Investigation complete; no suspect identified
b6fb74a0df625e58ded83be3d91f7351276a51a6515735861a0872bc7167e053,2015-08,Essex Police,Essex Police,0.124229,51.785708,On or near Petrol Station,E01021848,Harlow 002E,Investigation complete; no suspect identified
43f0d1515675c8cec081ff50db87addb19cec086888851141caeb8b42159a1a7,2015-08,Essex Police,Essex Police,0.092956,51.676345,On or near PIERCING HILL,E01021804,Epping Forest 010C,Investigation complete; no suspect identified
cb2bfe09b446278d3edbbb6daf6b7ae587f1bb1481dad7488f4a28c0d7a2e178,2015-08,Essex Police,Essex Police,0.782388,51.541487,On or near WEAVERDALE,E01015878,Southend-on-Sea 013C,Investigation complete; no suspect identified
7364fa7461f700bd1323d39c9a0f9f9168d50eceddd186abdb6d2e906b2fed21,2015-08,Essex Police,Essex Police,0.284107,51.614005,On or near WEST PARK HILL,E01021438,Brentwood 006A,Investigation complete; no suspect identified
c5e36414637bcce68661e6fd69d00650b1183f52690dc2284d752fdd5df5adc2,2015-08,Essex Police,Essex Police,0.498427,51.856300,On or near MILCH LANE,E01022064,Uttlesford 008B,Investigation complete; no suspect identified
7ed46d7b8baec128717cb1e0e85749b99e781a2714e5c5bad4c8fe23e6d1458e,2015-08,Essex Police,Essex Police,1.153340,51.787393,On or near Nightclub,E01022025,Tendring 016B,Investigation complete; no suspect identified
253c68b52036efdb96a0c2527e9ea3ddd637e3621bd2023b0d6574936cf209fc,2015-08,Essex Police,Essex Police,0.085393,51.621274,On or near DALESIDE GARDENS,E01021750,Epping Forest 016B,Investigation complete; no suspect identified
0286f71c850e7e0da702d4f831ec2cd2cf8d9c1859c5453edaae82b898771278,2015-08,Essex Police,Essex Police,0.439811,51.524302,On or near ST JAMES AVENUE EAST,E01015984,Thurrock 003A,Investigation complete; no suspect identified
c8cd85be13b1caf49c34cf0e34795c9a0e146484cb3c5cf04478023c3bb682eb,2015-08,Essex Police,Essex Police,0.183699,51.723999,On or near HIGH ROAD,E01021797,Epping Forest 001C,Investigation complete; no suspect identified
71ea923c388033a1d8ba6de34f1c307afba9d218a25b1d0cd8ee71e381ce85c3,2015-08,Essex Police,Essex Police,0.957327,51.862929,On or near BRITANNIA CRESCENT,E01021740,Colchester 017E,Investigation complete; no suspect identified
a159aa4b6188f29e79cc1b0d92c5ef21f8d96c12dbf131e9ce9fe0677cdf3976,2015-08,Essex Police,Essex Police,0.084421,51.614250,On or near DACRE GARDENS,E01021767,Epping Forest 017D,Investigation complete; no suspect identified
34b829a03314865c63c83de7c249e03cc917f7096a5b5d54dbba9597b582b250,2015-08,Essex Police,Essex Police,0.474190,51.732359,On or near Shopping Area,E01033140,Chelmsford 010F,Investigation complete; no suspect identified
2d132be43fc768853f157f11c75327bfabe919fac33caa5e41542b041c2055c3,2015-08,Essex Police,Essex Police,0.056248,51.647021,On or near PRIORY ROAD,E01021791,Epping Forest 012F,Investigation complete; no suspect identified
27c8838312ac3df7afb6e6626ede1ea42a7836eb97b4cbb756acdf14f7736887,2015-08,Essex Police,Essex Police,0.712497,51.540310,On or near Bus/Coach Station,E01015895,Southend-on-Sea 010A,Investigation complete; no suspect identified
0aa4122fa48aab7d8d1e455ee551292d0b79fc2f78b8201849ba29b9166fb38f,2015-08,Essex Police,Essex Police,1.257808,51.933119,On or near Supermarket,E01022006,Tendring 002C,Investigation complete; no suspect identified
bb0f3067277d2525e5c541ba26a0519325e7cb617e83104e49e2928a8fee9edd,2015-08,Essex Police,Essex Police,0.082190,51.621681,On or near PARKLANDS,E01021750,Epping Forest 016B,Investigation complete; no suspect identified
c467eeac3e03f820722c9659b440a58aab3bc7311b4e47df8d55f231cf326603,2015-08,Essex Police,Essex Police,0.410502,51.570963,On or near MARDEN ASH,E01021276,Basildon 014C,Investigation complete; no suspect identified
f9324922639be0b7ff4bcff75848be1f93475f305ce25c91d1294b09ee9a2dd8,2015-08,Essex Police,Essex Police,0.696993,51.544706,On or near WEST ROAD,E01015900,Southend-on-Sea 010F,Investigation complete; no suspect identified
dc6c7c8c20322733a02b2cd85fa228a2dc6ee7b8d701469ae708f6ba651307af,2015-08,Essex Police,Essex Police,0.592524,51.514055,On or near SYLVAN CLOSE,E01021499,Castle Point 011C,Investigation complete; no suspect identified
71ce9bc60cd0760a9683d607823c3c18051097ff2960d36812305b9822e98036,2015-08,Essex Police,Essex Police,0.347470,51.469027,On or near Petrol Station,E01016003,Thurrock 018A,Investigation complete; no suspect identified
110d42affc6b6020c1b4a2fab6ad4c1180d753ffba75432afa00e1d1bc88b709,2015-08,Essex Police,Essex Police,0.715773,51.533579,On or near PIER HILL,E01015852,Southend-on-Sea 015B,Investigation complete; no suspect identified
a591e987a08754f9de1324d13b61afcd74766293113a9f85af01bca54955cf20,2015-08,Essex Police,Essex Police,0.898885,51.779269,On or near Parking Area,E01021733,Colchester 021C,Investigation complete; no suspect identified
1fbff6343486194e3f270612617e79ddc98bf69b9aa8e8aec1cd23da99fd3c5e,2015-08,Essex Police,Essex Police,0.498815,51.561866,On or near WATERVILLE DRIVE,E01021310,Basildon 022B,Suspect charged
82d1e563cf92031474f39e25da4259a0d6767e2544b696f449a03f0c867d4f6b,2015-08,Essex Police,Essex Police,0.498815,51.561866,On or near WATERVILLE DRIVE,E01021310,Basildon 022B,Suspect charged
76e6ca13497e25d9a07df3fc772bc8b391437a8e8979e17dfbe9288b649c6409,2015-08,Essex Police,Essex Police,0.497450,51.731579,On or near BARNES MILL ROAD,E01021547,Chelmsford 008D,Offender given a caution
8431205683b4dea39b9784bebf2421e519c86a20400ecca213f42671c774d68f,2015-08,Essex Police,Essex Police,0.498815,51.561866,On or near WATERVILLE DRIVE,E01021310,Basildon 022B,Formal action is not in the public interest
caf4cb47b06b4c4c534a45b2addba8cc6b045906ebe7a7f98185cb0b8cf811cb,2015-08,Essex Police,Essex Police,0.640330,51.810616,On or near HOMEFIELD ROAD,E01021420,Braintree 017C,Unable to prosecute suspect
1926efee7d570012fa88791f1acda39efc70187618167cfb1b86322f8a91a814,2015-08,Essex Police,Essex Police,0.075640,51.774598,On or near CANONS GATE,E01021840,Harlow 004B,Offender given a caution
0385526e44a1c7c8435f6de0c9e99c4a48a4ca439d48c17bcc5c74e3cb550765,2015-08,Essex Police,Essex Police,0.429073,51.511071,On or near CABBORNS CRESCENT,E01015992,Thurrock 005C,Suspect charged
18ce89c14c321638c9313905c72f9c593db8bc1c7d246d3e77ebfa9fd10e439c,2015-08,Essex Police,Essex Police,0.900116,51.889231,On or near Shopping Area,E01021649,Colchester 007D,Suspect charged
f1efabea0fe7f591c302be0771c00c98281b6cea94b9e7b9bed6e388eaba4d26,2015-08,Essex Police,Essex Police,0.635211,51.539887,On or near Sports/Recreation Area,E01015910,Southend-on-Sea 008C,Local resolution
f7f262ef8c37b283b8ce38c812a2681063d308957fa566c80e054c62c2897851,2015-08,Essex Police,Essex Police,0.452418,51.748859,On or near Supermarket,E01021596,Chelmsford 006E,Formal action is not in the public interest
a2d588e58288a7ee7373c262b456134a3e60aedbc0d83a5a5aaa7c9e2b814b0b,2015-08,Essex Police,Essex Police,0.648801,51.541199,On or near LAUREL CLOSE,E01015848,Southend-on-Sea 011D,Local resolution
a2d588e58288a7ee7373c262b456134a3e60aedbc0d83a5a5aaa7c9e2b814b0b,2015-08,Essex Police,Essex Police,0.648801,51.541199,On or near LAUREL CLOSE,E01015848,Southend-on-Sea 011D,Local resolution
ea6c3cf98f4165d974b4bacedb255e593cf74fc93bf317139a38781484e6cc82,2015-08,Essex Police,Essex Police,0.456512,51.570458,On or near Shopping Area,E01021318,Basildon 015C,Suspect charged
8cab0a31a8a2e84dd35b0a8fa21d105e2834565daf5ef63e639bc1bf2f03ec79,2015-08,Essex Police,Essex Police,0.456512,51.570458,On or near Shopping Area,E01021318,Basildon 015C,Suspect charged
3ac954e47603c0411796529be18a1f282f41a0a5fba735dfb5c2420913c3e128,2015-08,Essex Police,Essex Police,0.456959,51.570727,On or near Shopping Area,E01021318,Basildon 015C,Suspect charged
2029eadc54f9087997f6504c41e1b46bcb010e774c436b779b592f80fbc5cac0,2015-08,Essex Police,Essex Police,0.623530,51.811128,On or near HONEYSUCKLE WAY,E01021425,Braintree 016B,Unable to prosecute suspect
ee23e7c7d3cdf37cd1d87a91c554436e7ccb868b837d232e14dad102c50ffa8f,2015-08,Essex Police,Essex Police,0.896245,51.888706,On or near HEAD STREET,E01021649,Colchester 007D,Suspect charged
9e915799e4ad2152d6a4cd655214458159be7fa4e3c7c563510151baf29cf956,2015-08,Essex Police,Essex Police,0.107407,51.757945,On or near HOOK FIELD,E01021822,Harlow 006C,Suspect charged
4ad6eafa82f16e8f3861af0462de16add37b9b86a95d8badd964bc56372420be,2015-08,Essex Police,Essex Police,0.461228,51.569334,On or near Pedestrian Subway,E01021318,Basildon 015C,Local resolution
95e6780ccf99451016466b5eaefe02f338b09d7cd9ffef04702e2b0b24cf70e2,2015-08,Essex Police,Essex Police,0.902192,51.889423,On or near ST NICHOLAS STREET,E01021649,Colchester 007D,Local resolution
7426ad8e620e4b3d3699004b5a908683e1fa411500a6d82f5fe842d49a8c6fcf,2015-08,Essex Police,Essex Police,0.913179,51.885796,On or near SIMONS LANE MAGDALEN GREEN,E01021686,Colchester 011D,Suspect charged
b31fde5d2e366f6919f165be62e92815e08c70a7f775ee641de6611ae89d4230,2015-08,Essex Police,Essex Police,0.913179,51.885796,On or near SIMONS LANE MAGDALEN GREEN,E01021686,Colchester 011D,Suspect charged
d2fc5586a29d91dfcdc0a22888de0954f3af2ca21f63fb92de83fd65d4be94c0,2015-08,Essex Police,Essex Police,0.903419,51.887036,On or near ST BOTOLPH'S STREET,E01021649,Colchester 007D,Offender given a caution
43f9124413a526db35f87cb7624b4365100ae7a51cdf090e745f70ac32655c16,2015-08,Essex Police,Essex Police,0.094133,51.767643,On or near Shopping Area,E01021872,Harlow 007E,Local resolution
32907599a8e5b1b5c56c76e6e02c0701ec1d3c4ad4fb4fd97a5feef1e0de2a88,2015-08,Essex Police,Essex Police,0.718808,51.537070,On or near TOLEDO ROAD,E01015841,Southend-on-Sea 014C,Suspect charged
6a306ebfc6597e2138dc78e0073123095569a84de7f5f19a5d475a774b8bcde2,2015-08,Essex Police,Essex Police,0.900116,51.889231,On or near Shopping Area,E01021649,Colchester 007D,Offender given a caution
6a306ebfc6597e2138dc78e0073123095569a84de7f5f19a5d475a774b8bcde2,2015-08,Essex Police,Essex Police,0.900116,51.889231,On or near Shopping Area,E01021649,Colchester 007D,Offender given a caution
f7987ad630bede122102ea6c02286ea87cdabe7f84a3fad2c7ca82684a389e3c,2015-08,Essex Police,Essex Police,0.504052,51.566305,On or near Supermarket,E01021316,Basildon 018D,Formal action is not in the public interest
a1c62f622e51d7cd43f8fdded2bc1fa72e336f485da4231abd1106ee0b43dbfb,2015-08,Essex Police,Essex Police,0.474085,51.733089,On or near High Street Chelmsford,E01033140,Chelmsford 010F,Suspect charged
4f0e2a1e5273110134268fff3963bad01ce870c41d85c3ab9c018e05348af47e,2015-08,Essex Police,Essex Police,1.144155,51.788781,On or near PARK ROAD,E01022038,Tendring 017E,Suspect charged
2ce698dc9a20ea927a3f2e673cb29c5ea5037533be52dc3d46894bea12a7301c,2015-08,Essex Police,Essex Police,0.275564,51.489033,On or near Supermarket,E01016012,Thurrock 015C,Unable to prosecute suspect
1112103855ecfa690f9428acc5d31ac3453fc6b066b6bbd3ab3eff6f64df206e,2015-08,Essex Police,Essex Police,0.548428,51.565583,On or near HOMEFIELDS AVENUE,E01021476,Castle Point 003A,Formal action is not in the public interest
4e59372571f7567981ebf552e8661e910db2d3987b3f1e4364adb8bfa9dea58e,2015-08,Essex Police,Essex Police,0.852675,51.886479,On or near THE CHASE,E01021674,Colchester 009B,Unable to prosecute suspect
a532dcd82c4cc58af1bf666b51955661a5452a368b7d5d9cd2e7d8a17c450d8b,2015-08,Essex Police,Essex Police,0.532754,51.606285,On or near PLESHEY CLOSE,E01021346,Basildon 008E,Suspect charged
248d651d10764197d0caeaba8ed049a2c3eb20057fb400d39a3c331d795b4fca,2015-08,Essex Police,Essex Police,1.129371,51.796650,On or near LANGHAM DRIVE,E01022031,Tendring 015D,Unable to prosecute suspect
2101fc0b294e877eeecff10a74bcd495206b6c5d3898a794467b75de4bbd45e7,2015-08,Essex Police,Essex Police,0.913179,51.885796,On or near SIMONS LANE MAGDALEN GREEN,E01021686,Colchester 011D,Suspect charged
7a40f502a07ab9d525f4c2adc805b29e0937a02a4e453f4229916b95ad0fca92,2015-08,Essex Police,Essex Police,0.913179,51.885796,On or near SIMONS LANE MAGDALEN GREEN,E01021686,Colchester 011D,Suspect charged
88f38610304b1a1fbccf26c87e758a708cbe6bae4559b797269e9fe1538d0ba5,2015-08,Essex Police,Essex Police,0.913179,51.885796,On or near SIMONS LANE MAGDALEN GREEN,E01021686,Colchester 011D,Suspect charged
3bb29a3254187b2d1239ab3a994288e0eb6a783176623f9304d9c63939731e88,2015-08,Essex Police,Essex Police,0.443287,51.560671,On or near FLETCHERS,E01021294,Basildon 020A,Formal action is not in the public interest
3bb29a3254187b2d1239ab3a994288e0eb6a783176623f9304d9c63939731e88,2015-08,Essex Police,Essex Police,0.443287,51.560671,On or near FLETCHERS,E01021294,Basildon 020A,Formal action is not in the public interest
3bb29a3254187b2d1239ab3a994288e0eb6a783176623f9304d9c63939731e88,2015-08,Essex Police,Essex Police,0.443287,51.560671,On or near FLETCHERS,E01021294,Basildon 020A,Formal action is not in the public interest
3bb29a3254187b2d1239ab3a994288e0eb6a783176623f9304d9c63939731e88,2015-08,Essex Police,Essex Police,0.443287,51.560671,On or near FLETCHERS,E01021294,Basildon 020A,Formal action is not in the public interest
3bb29a3254187b2d1239ab3a994288e0eb6a783176623f9304d9c63939731e88,2015-08,Essex Police,Essex Police,0.443287,51.560671,On or near FLETCHERS,E01021294,Basildon 020A,Formal action is not in the public interest
3bb29a3254187b2d1239ab3a994288e0eb6a783176623f9304d9c63939731e88,2015-08,Essex Police,Essex Police,0.443287,51.560671,On or near FLETCHERS,E01021294,Basildon 020A,Formal action is not in the public interest
a529b10f9254db3833c23f0b58130ad04d146b2c0e2a409c9e5d327df08f94e2,2015-08,Essex Police,Essex Police,0.435633,51.518957,On or near ARMSTRONG CLOSE,E01015985,Thurrock 003B,Unable to prosecute suspect
6b905993ef7db0fe571cf519ecf8884c3acfd97f1f22d2aa4d249f028e015ad4,2015-08,Essex Police,Essex Police,0.913179,51.885796,On or near SIMONS LANE MAGDALEN GREEN,E01021686,Colchester 011D,Suspect charged
76094d8ded866ebb3d70e5c1ea091e4204e31de3c72e64d8ef2d92dbe4cb2b02,2015-08,Essex Police,Essex Police,0.913179,51.885796,On or near SIMONS LANE MAGDALEN GREEN,E01021686,Colchester 011D,Suspect charged
91e8c8804f30ae72d0ba394667e297891f661eb76beff312370f9ff5e3d43071,2015-08,Essex Police,Essex Police,0.247780,51.867914,On or near WESTWOOD MEWS,E01022090,Uttlesford 006B,Unable to prosecute suspect
59dda7055e22eb80b2d2ef9cc276996b5ae150a22c4940425cbfe5b0f261565f,2015-08,Essex Police,Essex Police,0.432116,51.581695,On or near ELVERSTON CLOSE,E01021279,Basildon 010E,Suspect charged
cce92ee8b291233606cb690ba07ec9162c46ace5d64429c71cbe9460c9f20b11,2015-08,Essex Police,Essex Police,0.600065,51.576825,On or near CLAYDONS LANE,E01021966,Rochford 008F,Suspect charged
f823f114f9dd6ab72a372697bf72958b1c77010c991afa2e8cb8913b29f04427,2015-08,Essex Police,Essex Police,1.149490,51.790419,On or near ROSEMARY ROAD WEST,E01022026,Tendring 016C,Formal action is not in the public interest
b8a4ee41bddbb488e103bff74f09ecd921555dcc2163180c402e05f7e96fbfd3,2015-08,Essex Police,Essex Police,0.470773,51.734229,On or near MARKET ROAD,E01033141,Chelmsford 010G,Unable to prosecute suspect
fe1b248936e190fd24793940c8fc80c02247bd2834935c03521106d29b4b48cf,2015-08,Essex Police,Essex Police,0.470773,51.734229,On or near MARKET ROAD,E01033141,Chelmsford 010G,Offender given a caution
b691961009ffc5a2baa569add7b12a163fc9dd84b33faa5324b796923b98eb28,2015-08,Essex Police,Essex Police,0.687432,51.546940,On or near WESTBOROUGH ROAD,E01015902,Southend-on-Sea 007B,Suspect charged
38c8133e63bf55118a1fd272dabaaf224e81a33f7297399da1d411d67d964587,2015-08,Essex Police,Essex Police,0.741996,51.549265,On or near SHERWOOD WAY,E01015886,Southend-on-Sea 009D,Local resolution
f95dd8d47461d6f4a03bb1f545202e794d2d1335cd0e13568ad9cfc98d2ff23f,2015-08,Essex Police,Essex Police,0.687432,51.546940,On or near WESTBOROUGH ROAD,E01015902,Southend-on-Sea 007B,Suspect charged
c5b0919c508215c88ecc27af43d4a9b5f5f2a07bed072a3d603d797924529f5c,2015-08,Essex Police,Essex Police,0.741996,51.549265,On or near SHERWOOD WAY,E01015886,Southend-on-Sea 009D,Local resolution
44ea91ee62d9bd2b444d958a2ca1c06922efca446b76447235ee58a2b5740051,2015-08,Essex Police,Essex Police,0.326420,51.482909,On or near DELL ROAD,E01015959,Thurrock 016C,Suspect charged
24ef251e703a1d861f430e2c84f7422123c7fa3ad379c4c6f80a4913d606882f,2015-08,Essex Police,Essex Police,0.739857,51.550403,On or near LINCOLN CHASE,E01015886,Southend-on-Sea 009D,Suspect charged
278f378a3aad3de282fcc5d005897aa69d3da610091694db692a595b521ab125,2015-08,Essex Police,Essex Police,0.712013,51.538486,On or near Nightclub,E01015852,Southend-on-Sea 015B,Offender given a caution
81f2dc7f1682b293005847f1093389edd1c9b32946aa4fd06660c2d6de5374c5,2015-08,Essex Police,Essex Police,0.672276,51.726922,On or near ORCHARD ROAD,E01021898,Maldon 005F,Suspect charged
4349dcc439183ebc1b59e237523c78a1693b1d0b37d124cb7f555b6d0fd421ce,2015-08,Essex Police,Essex Police,0.460549,51.921694,On or near PLUMS LANE,E01021404,Braintree 005A,Formal action is not in the public interest
b8a9e95057b145715ac6f6d96b0667adc072029d36c3ecd414e9f70c2177200a,2015-08,Essex Police,Essex Police,0.460775,51.569775,On or near Parking Area,E01021318,Basildon 015C,Suspect charged
11c7ee98a83d8da6bad40469665b40651ffc872810f52948ee272928e74b8700,2015-08,Essex Police,Essex Police,0.633911,51.811993,On or near SOUTHCOTE ROAD,E01021417,Braintree 015B,Formal action is not in the public interest
fb19d12ae0072ff5fcf80399c07d0587e7cd693427c1dfd97071e7238ee77084,2015-08,Essex Police,Essex Police,0.693247,51.544045,On or near WEST ROAD,E01015900,Southend-on-Sea 010F,Offender given a caution
0f01bea12b5b5475279849268670d5e1580759cc49b8052b6bebd272004ac949,2015-08,Essex Police,Essex Police,0.683614,51.548250,On or near FLEETWOOD AVENUE,E01015901,Southend-on-Sea 007A,Suspect charged
690ae86af9c6dd42337acdb2ffcb4c124fe7249fb1e0da44509c751dedd0992c,2015-08,Essex Police,Essex Police,0.565368,51.854076,On or near BEDELLS AVENUE,E01021347,Braintree 013A,Suspect charged
3e99dde5731c0e782e710e622de3224cec60e9b4d6708642f75c45584802bd9f,2015-08,Essex Police,Essex Police,0.126116,51.776493,On or near FELMONGERS,E01021848,Harlow 002E,Formal action is not in the public interest
e84a291bf6f8706cff21f94047fea6c53ddd735b45e3461b09f30780debb8d9d,2015-08,Essex Police,Essex Police,1.154883,51.790382,On or near HIGH STREET,E01022025,Tendring 016B,Suspect charged
454cf53fd68d45eec8a30b9fb2131f4e009a13dd15916ff741a446e4e94b9042,2015-08,Essex Police,Essex Police,1.154883,51.790382,On or near HIGH STREET,E01022025,Tendring 016B,Suspect charged
9fed4a2bbb77803738005e13f3a8227eb0bec5989d884b71849c6f1b625d11b1,2015-08,Essex Police,Essex Police,0.126116,51.776493,On or near FELMONGERS,E01021848,Harlow 002E,Suspect charged
133c5478ec45535584b3d3a65436a458e52803a3197ee2f1a80ab252f697a92d,2015-08,Essex Police,Essex Police,0.319731,51.477969,On or near Parking Area,E01015953,Thurrock 017C,Local resolution
1e83500deec84ccdee3ab83a9b2723ca61fbc07251fe63d2421692add6838413,2015-08,Essex Police,Essex Police,0.718992,51.549099,On or near WORDSWORTH CLOSE,E01015897,Southend-on-Sea 010C,Suspect charged
aac419e3423d5aa4c5beee456fcec8a770b3e21763cdd4b838f594687ca6575b,2015-08,Essex Police,Essex Police,0.898597,51.892722,On or near ST PETER'S STREET,E01021650,Colchester 007E,Suspect charged
6b920979d6c179a582bfa00ff477ef0a4f1094d70e4ec776849d4b11c052d460,2015-08,Essex Police,Essex Police,1.152344,51.787662,On or near AGATE ROAD,E01022025,Tendring 016B,Unable to prosecute suspect
8f7b5e3a2e6639259212cf7c89ff01f7be6995899ca1c13c8c6833053fb2a77d,2015-08,Essex Police,Essex Police,1.248772,51.844290,On or near Supermarket,E01021994,Tendring 008B,Suspect charged
46024fe4cfbe3be4a6d4cc0aac7770854a5d21bdb8c94dcc61a01e569bede9bd,2015-08,Essex Police,Essex Police,0.502267,51.562719,On or near Supermarket,E01021310,Basildon 022B,Local resolution
4dc2a041b9fdbb8300fa539756d617cc6f740a931eeb8b23f74cd5aefa9216fa,2015-08,Essex Police,Essex Police,0.724204,51.539283,On or near FAIRBURN CLOSE,E01015844,Southend-on-Sea 014F,Offender given a caution
de65de803db945333e6ffc6adddf2097d6d263f7a29a7755c5ac538c628f9f19,2015-08,Essex Police,Essex Police,0.621747,51.518919,On or near POINT ROAD,E01021491,Castle Point 012C,Suspect charged
de65de803db945333e6ffc6adddf2097d6d263f7a29a7755c5ac538c628f9f19,2015-08,Essex Police,Essex Police,0.621747,51.518919,On or near POINT ROAD,E01021491,Castle Point 012C,Suspect charged
de65de803db945333e6ffc6adddf2097d6d263f7a29a7755c5ac538c628f9f19,2015-08,Essex Police,Essex Police,0.621747,51.518919,On or near POINT ROAD,E01021491,Castle Point 012C,Suspect charged
51fcb8370d761dc96b63ad73ca2cb0837cdb6b9ea5e7bb5143b6f141c2de61df,2015-08,Essex Police,Essex Police,0.194740,51.897628,On or near BROOK COTTAGES,E01022087,Uttlesford 005F,Local resolution
880db629ff2e51b34e94ec07631fb67aed7d17333cceadb640b7652851570ff9,2015-08,Essex Police,Essex Police,0.853277,51.889100,On or near BACK LANE,E01021675,Colchester 009C,Unable to prosecute suspect
63dc360c47b64ead4598fe37ea1f3323368d821b0d278142ee9e0de6263d71ea,2015-08,Essex Police,Essex Police,0.485939,51.567041,On or near LINDSELL GREEN,E01021327,Basildon 019E,Unable to prosecute suspect
18e3e7691d8b23b6eec1d9198176de132751b3c63578b597f3a353298ac2d373,2015-08,Essex Police,Essex Police,0.694218,51.536567,On or near STATION ROAD,E01015851,Southend-on-Sea 015A,Suspect charged
d609117fcc14228b746b965266c4dd463ab76950580e1804a29ffc014b23e2db,2015-08,Essex Police,Essex Police,0.897808,51.901249,On or near Supermarket,E01021679,Colchester 004A,Suspect charged
b6517766d574065ab4cda0e2e80eedaca596ecaec34e85aeb01cef0d744bb68c,2015-08,Essex Police,Essex Police,0.261741,51.889938,On or near Airport/Airfield,E01022090,Uttlesford 006B,Local resolution
2588a0a05c0a936dd13b59993b8f3df4341658ce5241f27c247e8bec57e8799e,2015-08,Essex Police,Essex Police,1.278647,51.856529,On or near PERCIVAL ROAD,E01022054,Tendring 006C,Suspect charged
1cab78d7433238850a62e296dd442de1409482da45af4cfd26d1ab231bf9dc44,2015-08,Essex Police,Essex Police,1.278647,51.856529,On or near PERCIVAL ROAD,E01022054,Tendring 006C,Suspect charged
151f33f0e4dbde20e17ddfd47c68ae63eaa970ecd2f148725d88fdd46cea820a,2015-08,Essex Police,Essex Police,0.898501,51.890107,On or near ST RUNWALD STREET,E01021649,Colchester 007D,Offender given a caution
99dbd375628c88ebcca9b451a074f55ae75bbb27b7f732e47674d08c9c0b026a,2015-08,Essex Police,Essex Police,0.126648,51.755126,On or near PRIORY COURT,E01021835,Harlow 008C,Formal action is not in the public interest
f052ce37fcf93cbd4976e789a646bc1533cc30bdc38c6bde452d0d47ecb173f0,2015-08,Essex Police,Essex Police,0.132995,51.791727,On or near CAMBRIDGE ROAD,E01021854,Harlow 001A,Suspect charged
a072061a86cde54980fca09b48df29c630de8d271e160a2d3c93af6db2e5c234,2015-08,Essex Police,Essex Police,0.442562,51.716294,On or near Park/Open Space,E01021634,Chelmsford 011D,Offender given a drugs possession warning
caf795d7bbcb456ddf02247360ed83babac7d6a8ee4f0d07621443d272c69013,2015-08,Essex Police,Essex Police,0.330502,51.474554,On or near BRIDGE ROAD,E01015952,Thurrock 017B,Formal action is not in the public interest
fbc20fa2fe904816e14dad6f271e835d61265126d8afa0fc3d20ffa12003074d,2015-08,Essex Police,Essex Police,0.619663,51.810252,On or near CORNEL CLOSE,E01021425,Braintree 016B,Formal action is not in the public interest
04ffcce219355d59790c529632d75a336992ae551ffcd45c0c56dd59f00824de,2015-08,Essex Police,Essex Police,0.926788,51.867543,On or near CHEVELING ROAD,E01021667,Colchester 016F,Local resolution
04ffcce219355d59790c529632d75a336992ae551ffcd45c0c56dd59f00824de,2015-08,Essex Police,Essex Police,0.926788,51.867543,On or near CHEVELING ROAD,E01021667,Colchester 016F,Local resolution
bff310aabef4c1d1d9e2009353bfefdc6fb6895bfa75e6b37b91b4efb10fa3ef,2015-08,Essex Police,Essex Police,0.472270,51.734594,On or near TINDAL STREET,E01033141,Chelmsford 010G,Suspect charged
bff310aabef4c1d1d9e2009353bfefdc6fb6895bfa75e6b37b91b4efb10fa3ef,2015-08,Essex Police,Essex Police,0.472270,51.734594,On or near TINDAL STREET,E01033141,Chelmsford 010G,Suspect charged
b168f19621b1d4c16228351b94821dc040671a9c2d638120387be4790cca25c9,2015-08,Essex Police,Essex Police,0.727306,51.549904,On or near NORWICH AVENUE,E01015875,Southend-on-Sea 006G,Suspect charged
abd610c2f180f208b6b81f037bb43fb9657e157f8e7d0c5ad6f3af868744678d,2015-08,Essex Police,Essex Police,0.579261,51.882172,On or near ROCHESTER CLOSE,E01021351,Braintree 007B,Suspect charged
1f032c4ae5472210748e8a5d531b8757beb18ba2d70f0f9b0d2d84f4defdbf75,2015-08,Essex Police,Essex Police,0.895335,51.889691,On or near BALKERNE GARDENS,E01021646,Colchester 007A,Suspect charged
050eca9306c4d5175362a6793d5ce7d4ae9a4d72254cfeed5f0134db96ea017a,2015-08,Essex Police,Essex Police,0.456690,51.561722,On or near FURROWFELDE,E01021299,Basildon 020E,Formal action is not in the public interest
bf52fe663ccdc1f9510c3e3e8cbb3a398e9f5f4b8c1d523ffc02214893190c75,2015-08,Essex Police,Essex Police,0.642498,51.945231,On or near SAXON CLOSE,E01021388,Braintree 004B,Suspect charged
15c7c491fc37aa4e6a9543ce02a25fe57155968a7ce98e59febb3eb4626980eb,2015-08,Essex Police,Essex Police,0.673670,52.071113,On or near THE STREET,E01021406,Braintree 002B,Unable to prosecute suspect
55ca05acd9d6d407a0856f4beaf27c6d1c258d0eece200f8a9116ea103315e55,2015-08,Essex Police,Essex Police,0.895335,51.889691,On or near BALKERNE GARDENS,E01021646,Colchester 007A,Formal action is not in the public interest
55ca05acd9d6d407a0856f4beaf27c6d1c258d0eece200f8a9116ea103315e55,2015-08,Essex Police,Essex Police,0.895335,51.889691,On or near BALKERNE GARDENS,E01021646,Colchester 007A,Suspect charged
40aa4a99fe2fadd75cf28ede829546f1591891da1eed290e42459c26a0e06676,2015-08,Essex Police,Essex Police,0.313493,51.475665,On or near GOLDSMITH,E01015951,Thurrock 017A,Unable to prosecute suspect
370b6b307a9541765a2ec50c792e98889a0586841d6c233fb65dea2380cc723e,2015-08,Essex Police,Essex Police,0.506467,51.564041,On or near Shopping Area,E01021310,Basildon 022B,Suspect charged
de99b641973cbb810e4fa426c4c7f0756440a9f441dbdb1fa4634cdbfcec321c,2015-08,Essex Police,Essex Police,0.897877,51.888090,On or near Shopping Area,E01021649,Colchester 007D,Formal action is not in the public interest
de99b641973cbb810e4fa426c4c7f0756440a9f441dbdb1fa4634cdbfcec321c,2015-08,Essex Police,Essex Police,0.897877,51.888090,On or near Shopping Area,E01021649,Colchester 007D,Suspect charged
aead8309dcc243f9bea390897872eb5194998f8457f4abbeab0638c7beb51315,2015-08,Essex Police,Essex Police,0.900116,51.889231,On or near Shopping Area,E01021649,Colchester 007D,Formal action is not in the public interest
aead8309dcc243f9bea390897872eb5194998f8457f4abbeab0638c7beb51315,2015-08,Essex Police,Essex Police,0.900116,51.889231,On or near Shopping Area,E01021649,Colchester 007D,Suspect charged
6c56c21c2a29115134d85692be89a6487134c5c535e88661c0cf74208a3abea6,2015-08,Essex Police,Essex Police,0.303257,51.621059,On or near Shopping Area,E01021433,Brentwood 007A,Local resolution
f29d07727552431f1bf7a34f9659ca651bdf184a7c793e452069a4a9bf6271f6,2015-08,Essex Police,Essex Police,0.359937,51.465350,On or near HOBART ROAD,E01016006,Thurrock 018D,Suspect charged
9573613a763d760ba1cea30e883f422a819ad68c544c429c072e10c54ed20169,2015-08,Essex Police,Essex Police,0.896245,51.888706,On or near HEAD STREET,E01021649,Colchester 007D,Suspect charged
58934f9e9ddcfdefe4b85033cd8f5650f5bdec84de9ae4c4f4576328fb273a95,2015-08,Essex Police,Essex Police,1.146196,51.789968,On or near Supermarket,E01022038,Tendring 017E,Local resolution
0a670a3359119c027d6f02a3411a1d3572479787b3f755bc7aecd3d3d58fcc8f,2015-08,Essex Police,Essex Police,0.094133,51.767643,On or near Shopping Area,E01021872,Harlow 007E,Local resolution
4ff85aa4320d7490a405a1b6c9131eee7cec2c79f02d9c49cee4b988a7f428ee,2015-08,Essex Police,Essex Police,0.474190,51.732359,On or near Shopping Area,E01033140,Chelmsford 010F,Formal action is not in the public interest
4ff85aa4320d7490a405a1b6c9131eee7cec2c79f02d9c49cee4b988a7f428ee,2015-08,Essex Police,Essex Police,0.474190,51.732359,On or near Shopping Area,E01033140,Chelmsford 010F,Suspect charged
11660964097cf3a19759e38bcda74bf83d62fc8c0d7e4eed6253d0188e673250,2015-08,Essex Police,Essex Police,1.146196,51.789968,On or near Supermarket,E01022038,Tendring 017E,Local resolution
52190abf442c5ed711dd3749da769598263a641dae92d0e249995c55bf50d3bd,2015-08,Essex Police,Essex Police,0.475214,51.731744,On or near Shopping Area,E01033140,Chelmsford 010F,Formal action is not in the public interest
52190abf442c5ed711dd3749da769598263a641dae92d0e249995c55bf50d3bd,2015-08,Essex Police,Essex Police,0.475214,51.731744,On or near Shopping Area,E01033140,Chelmsford 010F,Suspect charged
d037fd1e96fa8061377f5914902cee09e327bc78de4f86873e20dd22c94c545f,2015-08,Essex Police,Essex Police,0.474190,51.732359,On or near Shopping Area,E01033140,Chelmsford 010F,Formal action is not in the public interest
d037fd1e96fa8061377f5914902cee09e327bc78de4f86873e20dd22c94c545f,2015-08,Essex Police,Essex Police,0.474190,51.732359,On or near Shopping Area,E01033140,Chelmsford 010F,Suspect charged
a48b1eb50461a3a01c89e6328b0461d6e1277a3e9f193e04b3d897feba81cbd8,2015-08,Essex Police,Essex Police,0.018179,51.687150,On or near BRICKENDEN COURT,E01021807,Epping Forest 008A,Unable to prosecute suspect
a3fdd975639e80143adc4dbc9808ea0ff9cff57aeb13725f3254be379ce91627,2015-08,Essex Police,Essex Police,1.154883,51.790382,On or near HIGH STREET,E01022025,Tendring 016B,Suspect charged
c6ddc3e8c155cde967fb690d5efafbe4e58cc28a829e426ae8efb35ff55f1119,2015-08,Essex Police,Essex Police,0.138018,51.757797,On or near POTTERS FIELD,E01021834,Harlow 008B,Offender given a drugs possession warning
79a141bea65c514f6411b2b27ec7d65a33a2978687bd01db927723a7d6d4073f,2015-08,Essex Police,Essex Police,0.934660,51.884246,On or near TIPPETT CLOSE,E01033722,Colchester 008H,Suspect charged
2769413e2a38d6da12112551b83df0678dc78ae5564a5c84f04668125d78220a,2015-08,Essex Police,Essex Police,0.498036,51.560803,On or near THE GLEN,E01021310,Basildon 022B,Suspect charged
6b97a7073234b6c29ab30b30066376d2614ea5007ce2b6eb06ac2771383f15d5,2015-08,Essex Police,Essex Police,0.664324,51.720250,On or near Supermarket,E01021896,Maldon 005D,Suspect charged
6b97a7073234b6c29ab30b30066376d2614ea5007ce2b6eb06ac2771383f15d5,2015-08,Essex Police,Essex Police,0.664324,51.720250,On or near Supermarket,E01021896,Maldon 005D,Suspect charged
65b0645f3a37d497575d6990ebbe7d59b990b71c0c2a967f4c0126d335ccf51c,2015-08,Essex Police,Essex Police,0.490430,51.723742,On or near Parking Area,E01021563,Chelmsford 014B,Suspect charged
fc448e03d68392ab71081d16d6944c0362acb8b50f0119c4b72abfeebf08dd34,2015-08,Essex Police,Essex Police,0.579366,51.515353,On or near AZALEA MEWS,E01021502,Castle Point 011E,Unable to prosecute suspect
331b8b5a2d02c22894d7f3075b3f33d9a0ffd4b632ebbe84ae74b54fbacfc0c7,2015-08,Essex Police,Essex Police,0.088416,51.764363,On or near APPLETON CLOSE,E01021872,Harlow 007E,Unable to prosecute suspect
9dcd66322d90f802fdbddb77769ceaadc6d8eeaafe62a23774af7fc3f957d119,2015-08,Essex Police,Essex Police,0.700224,51.567844,On or near Airport/Airfield,E01021956,Rochford 007E,Unable to prosecute suspect
86d0bbebfdc2b31dcd6f5d38158d7e8288e41bdd4a8669a371d240ba1c2783be,2015-08,Essex Police,Essex Police,0.926788,51.867543,On or near CHEVELING ROAD,E01021667,Colchester 016F,Local resolution
80f874de80e1375d6cd307c99d8a4277f4bfd71f9a323319228bbbde1ff34945,2015-08,Essex Police,Essex Police,0.096056,51.768166,On or near SOUTH GATE,E01021868,Harlow 007B,Suspect charged
97eda4dfb64b7c420120c083bc91ea31d1af02136d93f319030363a0f573b98b,2015-08,Essex Police,Essex Police,0.776275,51.799480,On or near STOCKHOUSE CLOSE,E01021911,Maldon 001D,Local resolution
a33822156b6eb9cbbb0bb6e8dd0ca376fec140a7c49c0551c6fce3aa129140f1,2015-08,Essex Police,Essex Police,0.604450,51.584849,On or near Police Station,E01021966,Rochford 008F,Suspect charged
d47bec3133397a284dbbdf57146832e2dae4187da777d1c15a75d07f0332b3ea,2015-08,Essex Police,Essex Police,0.780348,51.530968,On or near AVON WAY,E01015917,Southend-on-Sea 017D,Suspect charged
c35ae7a4f8c81f413d90b271c514cc3ce5d45eb6db4f6d0eb86a564a334adc7c,2015-08,Essex Police,Essex Police,0.132995,51.791727,On or near CAMBRIDGE ROAD,E01021854,Harlow 001A,Suspect charged
0e7a94e2bffeddfc79de1a13d741ad79d535000e1481eccce6f6e49b0cf98149,2015-08,Essex Police,Essex Police,0.714345,51.540114,On or near SOUTHCHURCH ROAD,E01015895,Southend-on-Sea 010A,Offender given a caution
441d58bf122777a8aa22bc1a20dc8bb945829858eb94007397828c824fec904d,2015-08,Essex Police,Essex Police,0.672449,51.564235,On or near BIDEFORD CLOSE,E01015864,Southend-on-Sea 002B,Offender given a drugs possession warning
db6c674ca75a18bed8a0631b2f3ce1bd559ac3349478b841c80dd74e5a468298,2015-08,Essex Police,Essex Police,0.726847,51.533789,On or near HAWTREE CLOSE,E01015842,Southend-on-Sea 014D,Formal action is not in the public interest
72c7380cbac904f5abd652f8da4b7344ff09ab16575665d23a4975464f20e6c5,2015-08,Essex Police,Essex Police,0.466128,51.736431,On or near FAIRFIELD ROAD,E01021574,Chelmsford 010A,Suspect charged
0a5c4d01cdff8c9e4b3417da615c598a30c854edd3e1c9f1fddb453af3725aad,2015-08,Essex Police,Essex Police,0.900116,51.889231,On or near Shopping Area,E01021649,Colchester 007D,Offender given a caution
83c3a26e72da4d4389959f9536ddfca2f863d8ee9250db32262d1d54354afc4e,2015-08,Essex Police,Essex Police,0.900116,51.889231,On or near Shopping Area,E01021649,Colchester 007D,Offender given a caution
f8054d62634eb3e36f28f81632e3580d18479e50395cef8a72659e9cd9fdc274,2015-08,Essex Police,Essex Police,0.898501,51.890107,On or near ST RUNWALD STREET,E01021649,Colchester 007D,Suspect charged
9d01c4ef305f46e867a580172a2ef5798dcc42d44b245ddb6147e52e77f35083,2015-08,Essex Police,Essex Police,0.898501,51.890107,On or near ST RUNWALD STREET,E01021649,Colchester 007D,Offender given a caution
f4743900ac5a4441773b2c086fd7d25a8fe280168e97fa7115a3d790a2804abf,2015-08,Essex Police,Essex Police,0.463490,51.569268,On or near Supermarket,E01021318,Basildon 015C,Local resolution
f4743900ac5a4441773b2c086fd7d25a8fe280168e97fa7115a3d790a2804abf,2015-08,Essex Police,Essex Police,0.463490,51.569268,On or near Supermarket,E01021318,Basildon 015C,Local resolution
9624f766dcca97c421b2ad31d8a43e9da0574268fe18c079a83ba00e4ee2c364,2015-08,Essex Police,Essex Police,0.475214,51.731744,On or near Shopping Area,E01033140,Chelmsford 010F,Offender given a caution
937d0ba210eefda464786a605a7dd14c4587cc465a3ebca3838983233339b19d,2015-08,Essex Police,Essex Police,0.481140,51.570614,On or near BEATTY LANE,E01021322,Basildon 019A,Suspect charged
937d0ba210eefda464786a605a7dd14c4587cc465a3ebca3838983233339b19d,2015-08,Essex Police,Essex Police,0.481140,51.570614,On or near BEATTY LANE,E01021322,Basildon 019A,Suspect charged
41e756c489b48ddcb2653c76a02ed0ab0b3a35e4dcc9b26520b4d5f27f191785,2015-08,Essex Police,Essex Police,0.713962,51.534151,On or near Nightclub,E01015852,Southend-on-Sea 015B,Suspect charged
fdfc608f42d7e2f33fffc90ea37836a9bb7f14b9e2eae706b695e9792202e327,2015-08,Essex Police,Essex Police,0.475214,51.731744,On or near Shopping Area,E01033140,Chelmsford 010F,Unable to prosecute suspect
fdfc608f42d7e2f33fffc90ea37836a9bb7f14b9e2eae706b695e9792202e327,2015-08,Essex Police,Essex Police,0.475214,51.731744,On or near Shopping Area,E01033140,Chelmsford 010F,Unable to prosecute suspect
7b6abf308234eab65e05bb0bf6806156b0d26a00d1cb29a9539e085b61f77e9b,2015-08,Essex Police,Essex Police,0.106487,51.771190,On or near ST MICHAEL'S CLOSE,E01021849,Harlow 003A,Unable to prosecute suspect
84e733017e2a7f6c344d124b4486177e6629f348ab0b788991d9cd2f363b7174,2015-08,Essex Police,Essex Police,1.182383,51.803357,On or near Supermarket,E01022034,Tendring 012C,Suspect charged
fb1ab52c9f6dd183101ee7759cd246fe4e5aca91c60f1253eb42f66ef269cff6,2015-08,Essex Police,Essex Police,0.415477,51.480182,On or near BATA AVENUE,E01015948,Thurrock 013B,Unable to prosecute suspect
0ec9c9fdd35b61d36730c9d878c21f596a52be93a5523d8943e0e5078c297f49,2015-08,Essex Police,Essex Police,0.458240,51.569324,On or near Supermarket,E01021318,Basildon 015C,Offender given a caution
0ec9c9fdd35b61d36730c9d878c21f596a52be93a5523d8943e0e5078c297f49,2015-08,Essex Police,Essex Police,0.458240,51.569324,On or near Supermarket,E01021318,Basildon 015C,Formal action is not in the public interest
4ec8bebe783c733e92bb42fb521c8ed2d82cc7d2d0f652fae545fc5cbb753241,2015-08,Essex Police,Essex Police,1.152226,51.789923,On or near ROSEMARY ROAD,E01022025,Tendring 016B,Suspect charged
92d253592717d69407ce3f3ec61593099a029c15a73b7734588bf8cd6e3d5d60,2015-08,Essex Police,Essex Police,0.461228,51.569334,On or near Pedestrian Subway,E01021318,Basildon 015C,Offender given a caution
92d253592717d69407ce3f3ec61593099a029c15a73b7734588bf8cd6e3d5d60,2015-08,Essex Police,Essex Police,0.461228,51.569334,On or near Pedestrian Subway,E01021318,Basildon 015C,Offender given a caution
3144f95a215db8b57832b2d44e4c3b7181e417e0a715b357b71d8d7c5007d791,2015-08,Essex Police,Essex Police,0.458240,51.569324,On or near Supermarket,E01021318,Basildon 015C,Offender given a caution
3144f95a215db8b57832b2d44e4c3b7181e417e0a715b357b71d8d7c5007d791,2015-08,Essex Police,Essex Police,0.458240,51.569324,On or near Supermarket,E01021318,Basildon 015C,Offender given a caution
2ea99ec3d2d9859c0e86df5db0515a1359b7b9e0abcaf6c39aeb545494166151,2015-08,Essex Police,Essex Police,0.461228,51.569334,On or near Pedestrian Subway,E01021318,Basildon 015C,Offender given a caution
2ea99ec3d2d9859c0e86df5db0515a1359b7b9e0abcaf6c39aeb545494166151,2015-08,Essex Police,Essex Police,0.461228,51.569334,On or near Pedestrian Subway,E01021318,Basildon 015C,Offender given a caution
9a0275ff64d7a2ee577528ea3ca0e8bac3f77c49288c06e9c7489fa96e70d939,2015-08,Essex Police,Essex Police,0.501331,51.709274,On or near THE WESTERINGS,E01021562,Chelmsford 014A,Unable to prosecute suspect
7527a43a3b76a6e2e2437360434026798ead3ce8d71a15a3594c54a8d4eca47a,2015-08,Essex Police,Essex Police,0.092373,51.766253,On or near LUTHER KING ROAD,E01021868,Harlow 007B,Formal action is not in the public interest
7527a43a3b76a6e2e2437360434026798ead3ce8d71a15a3594c54a8d4eca47a,2015-08,Essex Police,Essex Police,0.092373,51.766253,On or near LUTHER KING ROAD,E01021868,Harlow 007B,Offender given a caution
dc6b24c6977f9f7645dba1fdbec4e7432e4da0e386a5d24ca889179bd035393e,2015-08,Essex Police,Essex Police,0.516589,51.742915,On or near BRYANT LINK,E01033142,Chelmsford 005E,Formal action is not in the public interest
a6982011f338348517758e40eb0a88938da607527315ba7b185c94a108a43f7f,2015-08,Essex Police,Essex Police,0.505268,51.732303,On or near HOWARD DRIVE,E01021547,Chelmsford 008D,Offender given a caution
dd4dd692a6a23745919d6062d367149f35ff63dda2116e44a4770a86177d7c75,2015-08,Essex Police,Essex Police,0.366115,51.458408,On or near HUME CLOSE,E01016004,Thurrock 018B,Formal action is not in the public interest
27f0d31574a19f50987ba7ef634bbb600cd33c054b12c90a552a894361f8ef65,2015-08,Essex Police,Essex Police,0.224980,51.919217,On or near ALSA GARDENS,E01022063,Uttlesford 005B,Formal action is not in the public interest
d473983228f293946c8cdafc9111643f2d98aae94ba6ee7bc5d037a65194b249,2015-08,Essex Police,Essex Police,0.743673,51.819887,On or near ELM CLOSE,E01021726,Colchester 020D,Unable to prosecute suspect
57391c94e2f179aeac6a171c6725e71ed428758cb461a6f6229968b20b1e7655,2015-08,Essex Police,Essex Police,0.636952,51.815863,On or near SHAW ROAD,E01021418,Braintree 015C,Local resolution
c7428378305856a08eb179d25617953dfb0d29a158c71b1fdf2d3f1115b307f0,2015-08,Essex Police,Essex Police,0.605828,51.585708,On or near Shopping Area,E01021962,Rochford 008C,Formal action is not in the public interest
c7428378305856a08eb179d25617953dfb0d29a158c71b1fdf2d3f1115b307f0,2015-08,Essex Police,Essex Police,0.605828,51.585708,On or near Shopping Area,E01021962,Rochford 008C,Suspect charged
d6fb8e7fed7ed41a4cb77f1d02b41428f022ab1b7aac2e89a8629aa91b83fb5b,2015-08,Essex Police,Essex Police,0.116916,51.618488,On or near GLEBELANDS,E01021749,Epping Forest 016A,Formal action is not in the public interest
9019d36f07df56a82722dc2e3ac646b4c44206aa025e2c85a0fd2d0314f6a12d,2015-08,Essex Police,Essex Police,0.476706,51.589656,On or near Sports/Recreation Area,E01021267,Basildon 012B,Offender given a caution
2610826ba479d58d27e75304dbab93b516365560312ee72d1f2b15c4563e84fb,2015-08,Essex Police,Essex Police,0.597748,51.553898,On or near FAIRLIGHT ROAD,E01021520,Castle Point 006C,Formal action is not in the public interest
dc3ba204afc6291ec86063ee064795a04987e6430d3d92d2cf9fac9a1d921edd,2015-08,Essex Police,Essex Police,0.908437,51.885959,On or near CHILDWELL ALLEY,E01021686,Colchester 011D,Offender given a caution
b80fe24f9aafc61d078768965894000abdf76b480fb84a08e735f359c7430f2f,2015-08,Essex Police,Essex Police,0.896245,51.888706,On or near HEAD STREET,E01021649,Colchester 007D,Suspect charged
ba2a057f847da90ff1d65e60edaaeefda690068ac615b5efe6c93f03054444b8,2015-08,Essex Police,Essex Police,0.902192,51.889423,On or near ST NICHOLAS STREET,E01021649,Colchester 007D,Suspect charged
4aadad1b3b08bc4a9900762e5acf7602b41c5878e5e51781e79222b9142e7ed7,2015-08,Essex Police,Essex Police,0.471763,51.729820,On or near Supermarket,E01033140,Chelmsford 010F,Suspect charged
5c2493721e0d60281d21a68983d47ad7b44e194e6c0a3499709822179602fae1,2015-08,Essex Police,Essex Police,0.907072,51.891380,On or near ROMAN ROAD,E01021647,Colchester 007B,Suspect charged
6a59e94dfc1ddb555483f38489c403770a55f3fa54211b3db45ee70b1808f93e,2015-08,Essex Police,Essex Police,0.322861,51.490264,On or near LISLE PLACE,E01015957,Thurrock 009A,Local resolution
822309fc02376a0a623dace69dd7b081fc5e7640464b8b12822709dce3752e88,2015-08,Essex Police,Essex Police,0.446514,51.523740,On or near GORDON ROAD,E01015983,Thurrock 002B,Suspect charged
5e793813edf723f336bdd41cadc3fcd7c6d5dd7da896119cd4141296a5d80205,2015-08,Essex Police,Essex Police,0.117502,51.768690,On or near QUARRY SPRING,E01021846,Harlow 002C,Suspect charged
b025fd0f496859ea583030ac071b8792c777fa6879673c60ec0ed3ce0fd3990d,2015-08,Essex Police,Essex Police,0.714345,51.540114,On or near SOUTHCHURCH ROAD,E01015895,Southend-on-Sea 010A,Suspect charged
29be70f512bab55ccd923b3bc6b4514d312f68032566925e8e6c82bc96591f0d,2015-08,Essex Police,Essex Police,0.096056,51.768166,On or near SOUTH GATE,E01021868,Harlow 007B,Suspect charged
15c3acbb941b7ef60e5a6136ab545cef041da5967e8df318bd11382c14eebcf2,2015-08,Essex Police,Essex Police,0.606697,51.587524,On or near BELLINGHAM LANE,E01021964,Rochford 008E,Unable to prosecute suspect
15c3acbb941b7ef60e5a6136ab545cef041da5967e8df318bd11382c14eebcf2,2015-08,Essex Police,Essex Police,0.606697,51.587524,On or near BELLINGHAM LANE,E01021964,Rochford 008E,Unable to prosecute suspect
4fba9f7ae923ddd094574e2b3521df3fde1180f8e3c125f2115d35b555aef0d2,2015-08,Essex Police,Essex Police,0.098220,51.773883,On or near AMBERRY COURT,E01021851,Harlow 003C,Offender given a caution
36ffb061c1f1837914fb8d64ebc2e766d4f9c843198c79ebe36eb1787bbd6673,2015-08,Essex Police,Essex Police,0.714345,51.540114,On or near SOUTHCHURCH ROAD,E01015895,Southend-on-Sea 010A,Suspect charged
a261d9220584bc62277a2441d320eb57e46c4406fc36cd8c6166f184ccbefa2d,2015-08,Essex Police,Essex Police,0.472536,51.736818,On or near COTTAGE PLACE,E01033141,Chelmsford 010G,Unable to prosecute suspect
ba145fc9b33d44f3bf041788552171abc25db1e654150645e16ec74711c947c0,2015-08,Essex Police,Essex Police,1.167106,51.797357,On or near SOUTHCLIFF PARK,E01022048,Tendring 014C,Unable to prosecute suspect
65ddca542539d4367f758bb02053ce2a021a80c2d8147c810afc51a1c700c1d2,2015-08,Essex Police,Essex Police,1.279473,51.937104,On or near Supermarket,E01022001,Tendring 001D,Suspect charged
de36d2eff24b91808af893610f81154232764e1145645bd3b4ff6102ad7bc2af,2015-08,Essex Police,Essex Police,0.080201,51.750211,On or near MILWARDS,E01021864,Harlow 011C,Unable to prosecute suspect
c0625c29b410c72389ae1369ca94027fc372e276aae02ff636c88ed8e4484fc5,2015-08,Essex Police,Essex Police,0.288935,51.481336,On or near RAWLYN CLOSE,E01033611,Thurrock 019C,Suspect charged
9508bd29e2b9ea484da859efd1b185a01dbe162eec02e2b95b5d20ffc3aca02d,2015-08,Essex Police,Essex Police,0.502267,51.562719,On or near Supermarket,E01021310,Basildon 022B,Local resolution
e8e4fb41e87d2502cb10e33d9076f8dad55c12eb783eddf6e6bb7706371396ce,2015-08,Essex Police,Essex Police,0.429842,51.586949,On or near OSIER DRIVE,E01021263,Basildon 010C,Suspect charged
fd40408bf61823d5e62eaab715554d8aeae90e4af25d96322d13fe8508c2e82d,2015-08,Essex Police,Essex Police,0.900995,51.892951,On or near MIDDLE MILL,E01021647,Colchester 007B,Suspect charged
0d41b963874431d433955f8b0f744ff0c8d300b54122c9c9d58336531debcf24,2015-08,Essex Police,Essex Police,0.630094,51.801007,On or near Supermarket,E01021428,Braintree 015F,Offender given penalty notice
0a58e4665a2bea3a3a7aae1adeae660e1f776976c762f1d6cf6281804b021c46,2015-08,Essex Police,Essex Police,0.146573,51.762200,On or near DAVENPORT,E01021828,Harlow 005E,Formal action is not in the public interest
1d572f37e711ec16077f1e3ba2ba9dc9b7b8b3e135da18e757647c53f88b1604,2015-08,Essex Police,Essex Police,0.394092,51.992327,On or near WILLETTS FIELD,E01022097,Uttlesford 004C,Formal action is not in the public interest
f0b5227f2c2b35ae5fdde9001f989295ee42d8f4b76b05da829ba77a575e2004,2015-08,Essex Police,Essex Police,0.759417,51.538945,On or near BARNSTAPLE CLOSE,E01015883,Southend-on-Sea 009A,Suspect charged
fb5b8e53a61cc5f72d663d811e2d1858f24a6148ffd2e205e58ffa41ea448e8f,2015-08,Essex Police,Essex Police,0.095357,51.767783,On or near Shopping Area,E01021872,Harlow 007E,Suspect charged
ca59b9ca24df68996fe1c4c291bc1066465b6b90a31223e41e205c8901c1e5d1,2015-08,Essex Police,Essex Police,0.692778,51.741716,On or near ELM AVENUE,E01021886,Maldon 003C,Formal action is not in the public interest
72660c5f593d3b7619380b300b75279edadc5314d4c29628a986acf08d90f340,2015-08,Essex Police,Essex Police,0.477127,51.723034,On or near Supermarket,E01021583,Chelmsford 015C,Suspect charged
523e875f952d3bb4dff27004deac963ed0f29a376bf32431e6e439dbbd7d6989,2015-08,Essex Police,Essex Police,0.494312,51.718776,On or near Sports/Recreation Area,E01021565,Chelmsford 014C,Offender given a drugs possession warning
11e382488d48383ba77df9e46260403f9ab583c42fd337990a11c53b2d38d617,2015-08,Essex Police,Essex Police,0.039012,51.765015,On or near WOODREDON CLOSE,E01021801,Epping Forest 002E,Suspect charged
11e382488d48383ba77df9e46260403f9ab583c42fd337990a11c53b2d38d617,2015-08,Essex Police,Essex Police,0.039012,51.765015,On or near WOODREDON CLOSE,E01021801,Epping Forest 002E,Suspect charged
df41e3af662f96f9e0ea84904d49a64b05d794e181e4b098be355b1850b95423,2015-08,Essex Police,Essex Police,0.378398,51.463178,On or near SANDHURST ROAD,E01016005,Thurrock 018C,Offender given a drugs possession warning
fc8f3fd122dc748fcc6bfe186931caa0c9513922e942418373012f51b7903716,2015-08,Essex Police,Essex Police,0.336646,51.492481,On or near HEATH VIEW ROAD,E01015964,Thurrock 010B,Suspect charged
520951b62fb2eef86fd23a896a455a0b5c8cdc217ad08f82be0f7ee5c41a2d9e,2015-08,Essex Police,Essex Police,0.220129,51.749683,On or near MILL LANE,E01021796,Epping Forest 003B,Suspect charged
520951b62fb2eef86fd23a896a455a0b5c8cdc217ad08f82be0f7ee5c41a2d9e,2015-08,Essex Police,Essex Police,0.220129,51.749683,On or near MILL LANE,E01021796,Epping Forest 003B,Suspect charged
6bfaa63992e2fe2a8b45e62ea824c89ce7fe6794e4791426952f55e28acea9ed,2015-08,Essex Police,Essex Police,0.743673,51.819887,On or near ELM CLOSE,E01021726,Colchester 020D,Unable to prosecute suspect
33d8228aa5cab1e89beb110e7c7742e0aae51a6d6a8ed5bee1d282f56152e718,2015-08,Essex Police,Essex Police,1.152295,51.790083,On or near Shopping Area,E01022025,Tendring 016B,Unable to prosecute suspect
34ad9cb7da363c03e9e36da1dc5a34e3bd92510b1327c52737b39dac367777fb,2015-08,Essex Police,Essex Police,0.262613,51.888213,On or near Parking Area,E01022090,Uttlesford 006B,Local resolution
6e04fe4969baba1b3bc64dd5d29059859ed555c235caae197c98e1d4a459936d,2015-08,Essex Police,Essex Police,0.366623,51.872974,On or near CRAYFIELDS,E01022069,Uttlesford 008D,Suspect charged
68bb2c67c95a8a2d222b207ca02de0e47109a822fa37eb66c129219ca6cc4bbc,2015-08,Essex Police,Essex Police,0.092811,51.774150,On or near Supermarket,E01021843,Harlow 004E,Offender given a caution
bc4d4f4daf6e477a3f1af41fccec7f8220a2220d30eb51e7b4690c010ca61ac7,2015-08,Essex Police,Essex Police,0.367603,51.471302,On or near LAWRENCE GARDENS,E01016007,Thurrock 018E,Unable to prosecute suspect
694394c7076366ca91fe9012bff4fdca1bb11c4782ca2aab42c14fe022e80227,2015-08,Essex Police,Essex Police,0.477608,51.733690,On or near Supermarket,E01033141,Chelmsford 010G,Offender given penalty notice
8da781124d0edcc824bf9dc0160b6c9228440e2239ed558b789304d7929ec3b3,2015-08,Essex Police,Essex Police,0.472257,51.733569,On or near Shopping Area,E01033141,Chelmsford 010G,Offender given penalty notice
f3442b0b0cfcf36feb01e521ab77701443b0de43d3537a5b91ceccf559974e3c,2015-08,Essex Police,Essex Police,0.324584,51.479375,On or near Theatre/Concert Hall,E01015959,Thurrock 016C,Formal action is not in the public interest
5ef7784e794165fcd7ae374ee9bb35b9a912fe8ccf306cca1933176e2a9a8046,2015-08,Essex Police,Essex Police,0.405073,51.571182,On or near ROWENHALL,E01021277,Basildon 014D,Formal action is not in the public interest
6a21accedc5a90da1540456234776363f2dd6bd4ff17d0d5160b381d0a0cb3ed,2015-08,Essex Police,Essex Police,0.090347,51.753772,On or near Pedestrian Subway,E01021859,Harlow 010C,Unable to prosecute suspect
df688f0a92c522633d87fa9da96e33ce4539f3a9acf5890e63db8faec1d5b922,2015-08,Essex Police,Essex Police,0.096056,51.768166,On or near SOUTH GATE,E01021868,Harlow 007B,Suspect charged
6b82bbedb27375cdeae6bbe1aa5786de8ba34956eb2167e404ffbf2f99c76370,2015-08,Essex Police,Essex Police,0.455025,51.557871,On or near FOBBING FARM CLOSE,E01021297,Basildon 020D,Suspect charged
cb030935683534085882ce31eea62b1227eab7a84ba7fda1007c61d3c3c73fd1,2015-08,Essex Police,Essex Police,0.411580,51.574151,On or near ROOSEVELT ROAD,E01021275,Basildon 014B,Suspect charged
b08ad3cea48defe87d5d8508fe9b51207cf1aa657ca5668aac6ae7ceb1dd7937,2015-08,Essex Police,Essex Police,0.411580,51.574151,On or near ROOSEVELT ROAD,E01021275,Basildon 014B,Suspect charged
7d877b9e1dc6a08412b5d6cadae2fd6827e7b7f03972c43a52978474ef9c3e8c,2015-08,Essex Police,Essex Police,0.831247,51.883849,On or near Supermarket,E01021718,Colchester 012A,Local resolution
d3ffcaa991e2ce124e4b5a83b38f1865c5d6496f4ad7f3d9f44b05f2c41344f5,2015-08,Essex Police,Essex Police,0.896655,51.882427,On or near Sports/Recreation Area,E01021651,Colchester 013A,Local resolution
d2f535c2649c853c1de58f58eb3cdbf0bb8f32d1f3979da20c2ae533a8040979,2015-08,Essex Police,Essex Police,0.092373,51.766253,On or near LUTHER KING ROAD,E01021868,Harlow 007B,Local resolution
7f3cdfef85ed893a95b375e9fa9599a697c0d675745cb1e84deeeb4276bedd0c,2015-08,Essex Police,Essex Police,0.063427,51.675222,On or near B172,E01021806,Epping Forest 009A,Formal action is not in the public interest
de8626bf0af33857a9a593841abd53daf4bdb7820754d0c026f0706a9d11824a,2015-08,Essex Police,Essex Police,1.093192,51.896326,On or near B1035,E01022019,Tendring 003E,Formal action is not in the public interest
99c04d7f46412d5189e824fff8b01a4686d9488ae19593432482066afc8b72af,2015-08,Essex Police,Essex Police,1.055449,51.903555,On or near PAYNE'S LANE,E01021972,Tendring 005B,Formal action is not in the public interest
335ccc0c71c7b2555a5a56bdbac7cd3e88ca63c3d6e83050c09a7eea1db64a13,2015-08,Essex Police,Essex Police,0.472257,51.733569,On or near Shopping Area,E01033141,Chelmsford 010G,Local resolution
a3ace6e96fadbfa19c235253c3d19f1776c9af528f899ae31e2f14a70eb4c459,2015-08,Essex Police,Essex Police,0.320719,51.617288,On or near Sports/Recreation Area,E01021466,Brentwood 005E,Formal action is not in the public interest
e5b61e14b74f152a5adc9e4764b0f77e1c2956276cfc7f68ba9764087e083f25,2015-08,Essex Police,Essex Police,0.422007,51.572650,On or near HIGH ROAD,E01021290,Basildon 016D,Offender given a caution
4e554839631fe4199656ee8b6717c42f99410c873699509cfc36ed9b683a8ac3,2015-08,Essex Police,Essex Police,0.604450,51.584849,On or near Police Station,E01021966,Rochford 008F,Suspect charged
1493b582706088f4e8a34eb4d73ac4376d8fc7fac52ae634ebf2453493e12753,2015-08,Essex Police,Essex Police,0.604450,51.584849,On or near Police Station,E01021966,Rochford 008F,Suspect charged
4b6f9564b5b0e2ec810ce083c2945d235efb7e709b3ef34819e225a7533a75c5,2015-08,Essex Police,Essex Police,0.714605,51.541817,On or near PRITTLEWELL STREET,E01015895,Southend-on-Sea 010A,Suspect charged
c6eec37ddfd9e58167475c0839f3017da1bf6247ffb95ee5dd740452e1a70b5e,2015-08,Essex Police,Essex Police,0.667134,51.567360,On or near ORCHARD SIDE,E01015864,Southend-on-Sea 002B,Local resolution
0e19cfae2b10ab407d7cf1a6a9554f0de3444cf1b63047b9523ebbb54a38edef,2015-08,Essex Police,Essex Police,0.693247,51.544045,On or near WEST ROAD,E01015900,Southend-on-Sea 010F,Unable to prosecute suspect
aa3d19adb69334575d276e71911986a9b7c75f32c0dc3041188ce9f63af78949,2015-08,Essex Police,Essex Police,0.169626,52.024292,On or near THOMAS WALK,E01022071,Uttlesford 003B,Unable to prosecute suspect
212c8a077ead13cb4dbf40d54cde22bcb9577e13783a8fb14d4ce133c2f7b8ad,2015-08,Essex Police,Essex Police,0.086303,51.771334,On or near Hospital,E01021843,Harlow 004E,Suspect charged
73f5093c30a7aeadf6cd7809d6e92534f125ac1bf899295655e644d38c820894,2015-08,Essex Police,Essex Police,0.086303,51.771334,On or near Hospital,E01021843,Harlow 004E,Suspect charged
7d378c6e0139dac790112c02a3d54d0fbe36bb98093eca410d7e4985dd581fe5,2015-08,Essex Police,Essex Police,0.118482,51.650240,On or near THE POPLARS,E01021770,Epping Forest 010A,Offender given a caution
f8a3b8446d9ddfd9938a1f3756f69e51bc5db6b70aa45a45baeb4d5abdead73d,2015-08,Essex Police,Essex Police,0.086303,51.771334,On or near Hospital,E01021843,Harlow 004E,Suspect charged
aad74d51cde0fe6b2515333f9986c8f8f19cdb4aaea2f400f576e93efda4cd81,2015-08,Essex Police,Essex Police,0.470236,51.684536,On or near BAKERS LANE,E01033143,Chelmsford 018E,Suspect charged
e5ead868d798199fd94dc95e970942a4851b3c1dbbd760abc8095ca869de1007,2015-08,Essex Police,Essex Police,0.344932,51.872959,On or near Petrol Station,E01033055,Uttlesford 007E,Formal action is not in the public interest
f57ebefd4b7e27cbef39eae2a243646b284169de3da54ad413f97c397e234f2d,2015-08,Essex Police,Essex Police,0.074639,51.618928,On or near Shopping Area,E01021750,Epping Forest 016B,Suspect charged
70573b64e6a13f18e73dafd2dcdc19f7269d75f61601cd16e4086f1bdca956b6,2015-08,Essex Police,Essex Police,0.638158,51.814649,On or near RICKSTONES ROAD,E01021419,Braintree 015D,Suspect charged
7815ed3b6b3eb2a6424644b603937db94d25dfe7176ddf08883ad8cc6ebd8191,2015-08,Essex Police,Essex Police,0.344932,51.872959,On or near Petrol Station,E01033055,Uttlesford 007E,Suspect charged
90a3bc5ed1c06601e331f0ac9b5d1a4ef599274495248ca33a290b39c5940736,2015-08,Essex Police,Essex Police,0.617106,51.641504,On or near NELSON PLACE,E01021608,Chelmsford 020D,Unable to prosecute suspect
9834962de65d256694f27fabe5310b5c5e77870f6140104fbbd50958fda5429b,2015-08,Essex Police,Essex Police,0.344932,51.872959,On or near Petrol Station,E01033055,Uttlesford 007E,Suspect charged
831f621a0bbb16a10a198917f1edcaf250db31e6156d7520090a822b834fd7f1,2015-08,Essex Police,Essex Police,0.317489,51.474668,On or near LEWES CLOSE,E01015953,Thurrock 017C,Offender given a caution
917e2fc23ad5d7b8f0783d53f30f90ee3c0398afd6db093f6dcdf69cd3e67151,2015-08,Essex Police,Essex Police,0.549797,51.575878,On or near HAZELWOOD,E01021514,Castle Point 001B,Offender given a caution
e7d760ae8bb01605106a79a262eff50a507a2b9c6d268d04a6a2905ae537e3f5,2015-08,Essex Police,Essex Police,0.531234,51.859645,On or near WINDERMERE DRIVE,E01021386,Braintree 013E,Unable to prosecute suspect
1b304d408928cf18822ba1a0084f4e1cd6c7123afd1dea36f815936d8b64434a,2015-08,Essex Police,Essex Police,0.625595,51.584260,On or near ASHCOMBE WAY,E01021948,Rochford 009C,Formal action is not in the public interest
65b1fa5d9ce9e09440ea81acff0d15b3cd77eba3e6a7a046703cedf8536e7b1f,2015-08,Essex Police,Essex Police,1.152101,51.791878,On or near HAYES ROAD,E01022026,Tendring 016C,Suspect charged
f6ce156ab135db0f763f387165efedfa3bfb0d885e0de05be06c342acc14ae29,2015-08,Essex Police,Essex Police,0.897778,51.887913,On or near SIR ISAAC'S WALK,E01021649,Colchester 007D,Unable to prosecute suspect
79d7b830e5746facfb0a4693b7c5576df9fb9c032bab78b31700fa142919d25c,2015-08,Essex Police,Essex Police,0.377010,51.465554,On or near GALSWORTHY ROAD,E01016008,Thurrock 018F,Formal action is not in the public interest
10ae1160e4dd1bc4db0f7692fa6d657e7bcef9ca1465498fd017a7790e316e60,2015-08,Essex Police,Essex Police,1.152101,51.791878,On or near HAYES ROAD,E01022026,Tendring 016C,Suspect charged
2f9e3bfd78be8f6825eb80fb9d8cc5063a2a0f483e2876cc30c8867573af4ec2,2015-08,Essex Police,Essex Police,0.472257,51.733569,On or near Shopping Area,E01033141,Chelmsford 010G,Suspect charged
47bb32434e4710f8cf4087b2855c5e4dfc00c353b9893caa9fcbf3643a237a7c,2015-08,Essex Police,Essex Police,0.734848,51.547462,On or near DURHAM ROAD,E01015872,Southend-on-Sea 006D,Suspect charged
1af84120db70bc10a8825d305e5eca9967ccc989cd50c66ed4b716e1ec5a69a8,2015-08,Essex Police,Essex Police,0.426049,51.568331,On or near CROSSE COURT,E01021286,Basildon 016A,Unable to prosecute suspect
f155030883ad368dae5c320e40feed0775a204017c0ad5fb65d3df8261d5ba08,2015-08,Essex Police,Essex Police,0.084237,51.749465,On or near WISSANTS,E01021863,Harlow 011B,Formal action is not in the public interest
194ce4bb0681af29b4b05304d1808b4961d0dac20eaa127d8c223928585c131b,2015-08,Essex Police,Essex Police,1.153778,51.789099,On or near Supermarket,E01022025,Tendring 016B,Suspect charged
21a83aca67330c6676570e510068d2e2cb00034c9dd98140cda25b285c05386b,2015-08,Essex Police,Essex Police,0.477608,51.733690,On or near Supermarket,E01033141,Chelmsford 010G,Local resolution
c4b55b0b486345a9b8153dec1e1aa82b6eea03d209946500e8a0a12b8a1b99fe,2015-08,Essex Police,Essex Police,0.152202,51.712638,On or near ROUGHTALLYS,E01021799,Epping Forest 001E,Formal action is not in the public interest
f65938d2125d645e26e0d5d15266839be91fb85a4a234829adeb357c3b39ec02,2015-08,Essex Police,Essex Police,0.456959,51.570727,On or near Shopping Area,E01021318,Basildon 015C,Suspect charged
037cbe507b75c6ce3f95830a8b5bfd93f4d1d89bc311ca3ea35ddece52e2cf78,2015-08,Essex Police,Essex Police,0.112415,51.704107,On or near BEACONFIELD ROAD,E01021762,Epping Forest 005C,Unable to prosecute suspect
dc2d2ded8172959b8694e50b690ae0892e859661094d26b138dc77a57db84894,2015-08,Essex Police,Essex Police,1.149490,51.790419,On or near ROSEMARY ROAD WEST,E01022026,Tendring 016C,Suspect charged
6d3c889c8668598d0c9510a3fafe2cdf803df5e2f1f4a39f3522c3f410859a2d,2015-08,Essex Police,Essex Police,0.470193,51.576052,On or near COPDOEK,E01021265,Basildon 012A,Suspect charged
d048724ffce8314aa0b63a35fd7585b2039504c7119b852800b764a9d8b7e228,2015-08,Essex Police,Essex Police,0.584543,51.857460,On or near CLAUD INCE AVENUE,E01021380,Braintree 012E,Suspect charged
b334759f2f7bfbadf6a55d1474a155a7ae083a7d4e35d1dee2e4c6468375229a,2015-08,Essex Police,Essex Police,0.482392,51.717122,On or near SAWKINS AVENUE,E01033145,Chelmsford 014G,Suspect charged
504899c600d3e450e039ab0a0eb1c5c9aa9ca85317c079f4d49d6b42eb73bdbc,2015-08,Essex Police,Essex Police,0.899327,51.860714,On or near THOMAS BENOLD WALK,E01021639,Colchester 018C,Suspect charged
32ad8352b1c5630bb5b56741817ec5d185095c67ba9bbafafb45549e759165c8,2015-08,Essex Police,Essex Police,1.148149,51.793234,On or near OLD ROAD,E01022026,Tendring 016C,Suspect charged
212a1c209de7813b1198a3ef0cbb45880893dcca4e9ae0206c60d9c5cb208b84,2015-08,Essex Police,Essex Police,0.899327,51.860714,On or near THOMAS BENOLD WALK,E01021639,Colchester 018C,Suspect charged
6c9c51aae261639d08308e1ee9631cb6e6a912faa02a0734b009faddc5364662,2015-08,Essex Police,Essex Police,0.456959,51.570727,On or near Shopping Area,E01021318,Basildon 015C,Suspect charged
e4f461225466798134e39ba2ebf0d89ee869a1f4cfc608212af9a547f3d6c9e8,2015-08,Essex Police,Essex Police,0.637559,51.813341,On or near CHASEWAY,E01021419,Braintree 015D,Local resolution
749907f0d777fcc0263bb8a7d2385cf751257b354c58fa12f5e9803dd130ed60,2015-08,Essex Police,Essex Police,0.285272,51.488728,On or near Parking Area,E01016011,Thurrock 015B,Suspect charged
22999a8f53a89f4bc394c40f5ede88a77c663cf13ffbb1c844690cd7e43ab4de,2015-08,Essex Police,Essex Police,0.709094,51.540820,On or near Supermarket,E01015895,Southend-on-Sea 010A,Suspect charged
3f3ceef983b28e2cb3b383ee360068886d1e6cf465356044d38e8814842af288,2015-08,Essex Police,Essex Police,0.247450,52.026016,On or near HIGHFIELDS,E01022079,Uttlesford 002D,Unable to prosecute suspect
3f3ceef983b28e2cb3b383ee360068886d1e6cf465356044d38e8814842af288,2015-08,Essex Police,Essex Police,0.247450,52.026016,On or near HIGHFIELDS,E01022079,Uttlesford 002D,Formal action is not in the public interest
7bdf63bd1f661360e4c01c95f542dd0ea76e3e8e860b2c714aba7ea2cf3295d1,2015-08,Essex Police,Essex Police,0.261741,51.889938,On or near Airport/Airfield,E01022090,Uttlesford 006B,Local resolution
6a5b3bcc02976bf8ee224fe7f010e6d312c447f897c06ec0b4912a59ae7909ae,2015-08,Essex Police,Essex Police,0.724204,51.539283,On or near FAIRBURN CLOSE,E01015844,Southend-on-Sea 014F,Offender given a caution
f47aff5e54343c2de8e591ac1e94b6f53ea03c70dca48165c804e5d8ece594da,2015-08,Essex Police,Essex Police,0.104052,51.762781,On or near WESTFIELD,E01021870,Harlow 006E,Formal action is not in the public interest
219d588587132b4bfb8771a809f16e10d9ec17df28a0dfe4878dbfd4b19a66d4,2015-08,Essex Police,Essex Police,0.422875,51.515408,On or near Parking Area,E01015989,Thurrock 005A,Offender given a caution
1a1ee1075753e401e08759f9a1cf435502aaa36ac9e71317ed806c48c774e8e3,2015-08,Essex Police,Essex Police,0.422875,51.515408,On or near Parking Area,E01015989,Thurrock 005A,Offender given a caution
9feda0dae97d5c73effc8a4789db784f9a3d00c5fea78408d56625eef78054d1,2015-08,Essex Police,Essex Police,0.714394,51.550618,On or near SUTTON ROAD,E01015897,Southend-on-Sea 010C,Suspect charged
9218a5d94c1d994fcc3bbd1779456cd55399306d4582866e4581795160c9cb1a,2015-08,Essex Police,Essex Police,0.707609,51.549075,On or near EAST STREET,E01015861,Southend-on-Sea 004E,Suspect charged
6d10066911867b91938dee71a0929c144cbd11ac1f47cfad6211c8762666a799,2015-08,Essex Police,Essex Police,1.151023,51.790144,On or near PIER AVENUE,E01022026,Tendring 016C,Formal action is not in the public interest
1713f71ec02cda1612d7b45e3c94be9f483006a2b3b5ed8c55c7866530de02a2,2015-08,Essex Police,Essex Police,0.261741,51.889938,On or near Airport/Airfield,E01022090,Uttlesford 006B,Local resolution
742554f4c4b08318526a725eae28afcfb1b5d1db57e901c77172508c2f525813,2015-08,Essex Police,Essex Police,0.899288,51.889233,On or near Shopping Area,E01021649,Colchester 007D,Formal action is not in the public interest
72a39400a9df0128e47c6331fd7cb2a4b435ca3e5912577bce8546b255673651,2015-08,Essex Police,Essex Police,0.297875,51.619779,On or near WESTERN GARDENS,E01021434,Brentwood 004C,Suspect charged
f54d6cfda681bf5cf62c3b8ec8354173b19c95ab10e1a5e38ca3f48dc41ef315,2015-08,Essex Police,Essex Police,0.271332,51.491121,On or near Petrol Station,E01016012,Thurrock 015C,Suspect charged
8e8bfa50452168aae7b55068e7dde660b781732de1432d77b89578af1c7a7586,2015-08,Essex Police,Essex Police,0.583582,51.856906,On or near EVELYN WOOD ROAD,E01021380,Braintree 012E,Formal action is not in the public interest
e258d50ff2e2fd0a067d276d48866aad1d2562e08b004cf2a4f694c085e747e1,2015-08,Essex Police,Essex Police,0.271332,51.491121,On or near Petrol Station,E01016012,Thurrock 015C,Suspect charged
df479cd107177aca9a8aa7d8442af70123e27a47adc9652f0175c4efe2b6821f,2015-08,Essex Police,Essex Police,0.714394,51.550618,On or near SUTTON ROAD,E01015897,Southend-on-Sea 010C,Offender given a drugs possession warning
dff206d6a357236fea5d9f04abe8fdada1cd4fab31b1ce5a8bc6ae316272aeb3,2015-08,Essex Police,Essex Police,0.271332,51.491121,On or near Petrol Station,E01016012,Thurrock 015C,Suspect charged
908afb86f3d639e70d9411593eaa9ae1dc46319e27c506fe6b6fd5e1b26203b9,2015-08,Essex Police,Essex Police,1.152681,51.792492,On or near ALEXANDRA ROAD,E01022026,Tendring 016C,Suspect charged
093ab901c13a0b2e838ddfdaa2dc4d8213332bb8eefd55cc7e8ab4bb256ea5c2,2015-08,Essex Police,Essex Police,0.092811,51.774150,On or near Supermarket,E01021843,Harlow 004E,Offender given a caution
4b018f3935582e7dc4cdff45ae6f4098df3c6bd9d736a9b9a4e9435ab8fa9077,2015-08,Essex Police,Essex Police,0.083469,51.751349,On or near WATERSMEET,E01021863,Harlow 011B,Formal action is not in the public interest
ee4d591c17f89d01bc40627b0a4dfac47b1f3862f4cebcd0513c68cfee9d5ac3,2015-08,Essex Police,Essex Police,0.713316,51.537359,On or near High Street Southend,E01015852,Southend-on-Sea 015B,Offender given a caution
89ef4addf56654b0093f6da64b79edc6cf0aca91d7abe26f0ff14d0f8a1ec703,2015-08,Essex Police,Essex Police,0.237734,51.714556,On or near KIMPTON'S CLOSE,E01021802,Epping Forest 004D,Formal action is not in the public interest
7d08420207a5b49f00015d237ce9d3486fccf4c38577d923db0df63a4503bbfc,2015-08,Essex Police,Essex Police,0.091838,51.768151,On or near PLAYHOUSE SQUARE,E01021872,Harlow 007E,Offender given a caution
9d6e37e7db712246fba61daf482637e0d28a5836e8528831c736128e16231b20,2015-08,Essex Police,Essex Police,1.147433,51.789620,On or near Supermarket,E01022038,Tendring 017E,Suspect charged
2672cd00824a696e0de6bedee6b085cdc101120b4493613e6569ff73c39e7d05,2015-08,Essex Police,Essex Police,1.146196,51.789968,On or near Supermarket,E01022038,Tendring 017E,Suspect charged
87fc2ea9eec291ba62cf5790d03329fc9672a73d2fc0b6b00c7988b948705603,2015-08,Essex Police,Essex Police,1.261822,51.848246,On or near GROVE AVENUE,E01022055,Tendring 006D,Unable to prosecute suspect
096fde8b7b9111dc4e28b8ba3f1927a935477659c1b02e70459970d60e016db5,2015-08,Essex Police,Essex Police,0.285272,51.488728,On or near Parking Area,E01016011,Thurrock 015B,Suspect charged
1dd21b6dcaeb092eb943e62a2bd3ed19ff9d74da2060ba88500020c105c63b1b,2015-08,Essex Police,Essex Police,0.331656,51.474585,On or near DOUG SIDDONS COURT,E01015962,Thurrock 016E,Suspect charged
5df30d498e726bc14ad83f777e34ff7cc276797d80daf9441b4cd5fa65f82250,2015-08,Essex Police,Essex Police,0.301804,51.622040,On or near William Hunter Way,E01021433,Brentwood 007A,Offender given penalty notice
c84565232c910c1f98562a5c1947ec17553ec06b2fe6a1c45a23ab5653908530,2015-08,Essex Police,Essex Police,0.133398,51.782431,On or near WALFORDS CLOSE,E01021855,Harlow 001B,Formal action is not in the public interest
8d0823d287ad885f29de032bcbe3613d2574b98e06024b8d3cfb9207e218085c,2015-08,Essex Police,Essex Police,0.675458,51.548643,On or near EASTWOOD LANE SOUTH,E01015823,Southend-on-Sea 005D,Unable to prosecute suspect
af01b4c611539173658fa0324e1c4f474aef95ebdb603c89c7e818474340a8cd,2015-08,Essex Police,Essex Police,0.092811,51.774150,On or near Supermarket,E01021843,Harlow 004E,Offender given a caution
b8729d20b1be288b402961eb26395f19c398e2714c2e6c999cf4e63f758441c2,2015-08,Essex Police,Essex Police,0.297974,51.524452,On or near Supermarket,E01015971,Thurrock 006B,Local resolution
17b7692712a0dd8507eb990df7b5229ef83385323877f06b895ff882e58e9cfd,2015-08,Essex Police,Essex Police,0.737940,51.541301,On or near Parking Area,E01015884,Southend-on-Sea 009B,Formal action is not in the public interest
d7f25ad9099bd87c758ff6743df8125124f31c50abd36d8f74ec12772778d8b9,2015-08,Essex Police,Essex Police,0.502267,51.562719,On or near Supermarket,E01021310,Basildon 022B,Formal action is not in the public interest
d7f25ad9099bd87c758ff6743df8125124f31c50abd36d8f74ec12772778d8b9,2015-08,Essex Police,Essex Police,0.502267,51.562719,On or near Supermarket,E01021310,Basildon 022B,Suspect charged
41dd35c310a2a57b77a7d855062e1b68aca837fd78c8a57d4166a0ba0c4f9c3e,2015-08,Essex Police,Essex Police,0.080201,51.750211,On or near MILWARDS,E01021864,Harlow 011C,Suspect charged
1435f06520c41c5f73f5b05bc05b73aa839307e87fb793465d933a88e3d0ab2f,2015-08,Essex Police,Essex Police,0.423906,51.575516,On or near VESTRY CLOSE,E01021290,Basildon 016D,Unable to prosecute suspect
2a14a3acd677b94fc12f2265505443d6722be6d1e7e0c4b21aa4563594c18bff,2015-08,Essex Police,Essex Police,0.259980,51.503355,On or near Sports/Recreation Area,E01015926,Thurrock 008E,Suspect charged
dd7a364b7fcb307cc0c5bae1d5bf6c193e68b6445dd649d4dab203ffbafe0146,2015-08,Essex Police,Essex Police,0.456169,51.571868,On or near Pedestrian Subway,E01021318,Basildon 015C,Formal action is not in the public interest
7b7641217594128c2beb8e0704386106a551b87f0fa8d9e347c539ff502bda2e,2015-08,Essex Police,Essex Police,1.146196,51.789968,On or near Supermarket,E01022038,Tendring 017E,Suspect charged
2e2cebf46cee4ecd31695fa5f26d062d52ad704a2656ba10c2a61f0b6a38b5ae,2015-08,Essex Police,Essex Police,1.032853,51.886278,On or near BACK LANE WEST,E01022051,Tendring 005C,Local resolution
0e26aec7465e0961de96506ed4a5674b6ecf12ef6afdb0f03788657dce6751ac,2015-08,Essex Police,Essex Police,1.032853,51.886278,On or near BACK LANE WEST,E01022051,Tendring 005C,Local resolution
03f5a36ad78d72897585fce15e269ebbbd79e037e9d180ae0cea2d128e76f219,2015-08,Essex Police,Essex Police,0.324934,51.477776,On or near CLARENCE ROAD,E01015956,Thurrock 016B,Local resolution
368ae6866395d72287120f6f80c6417755d3505f32ad061106daed4aae4eef03,2015-08,Essex Police,Essex Police,0.713520,51.542966,On or near MILTON STREET,E01015898,Southend-on-Sea 010D,Suspect charged
87b5757212c6d3a043dbed657a540b58602121e6bbcf688dfc90b9288427c2ac,2015-08,Essex Police,Essex Police,0.349645,51.952450,On or near WAINSFIELD VILLAS,E01022093,Uttlesford 004B,Unable to prosecute suspect
aa783ab6c7d7f1217040c07d8afa2210ceea755efebd8cbeab449f1d442b7ad2,2015-08,Essex Police,Essex Police,1.148025,51.787913,On or near Police Station,E01022037,Tendring 017D,Suspect charged
c48b12f2d7c687777eabaef55407ca282d62e1ee9e18be5690ec16eb22310105,2015-08,Essex Police,Essex Police,0.447860,51.731822,On or near ST CATHERINE'S ROAD,E01021632,Chelmsford 011B,Formal action is not in the public interest
35384e18d7fb9b263d9405eb84312f972a35696385967bee6a91d485bde9e31c,2015-08,Essex Police,Essex Police,0.286371,51.614797,On or near THE TERLINGS,E01021438,Brentwood 006A,Unable to prosecute suspect
7cab9b53cfc6038ee6aab11ca8c2a75a77def7b4afac724a2455ccff7e948f01,2015-08,Essex Police,Essex Police,0.049293,51.621955,On or near HORNBEAM CLOSE,E01021744,Epping Forest 015C,Formal action is not in the public interest
f28373bc741825a7f4351b4625c1faa6d120f76040bdab4d7e83ce80af572196,2015-08,Essex Police,Essex Police,0.334553,51.475481,On or near ALFRED STREET,E01015962,Thurrock 016E,Suspect charged
e10c744ae7e61ade5a31d15aa75463cf0f455f4267405aa867625464c731d8c5,2015-08,Essex Police,Essex Police,0.565974,51.523282,On or near SECOND AVENUE,E01021486,Castle Point 010B,Unable to prosecute suspect
f6086f3765209af8924d12ef772bbeb670e20ddf600f536611785242767f4d6b,2015-08,Essex Police,Essex Police,0.675970,51.549495,On or near HOLYROOD DRIVE,E01015822,Southend-on-Sea 005C,Formal action is not in the public interest
a5cf7ee13b70cac2b713f2faf32d64746eacbc39b31a3e2e5cd6e8870ee3d2c6,2015-08,Essex Police,Essex Police,0.421799,51.561395,On or near Pedestrian Subway,E01021283,Basildon 021D,Local resolution
feb234313cc24b5a302fd2afa348805437f49504e8b9bc11075bea22e1127aa7,2015-08,Essex Police,Essex Police,0.462833,51.553373,On or near LEONARD ROAD,E01021299,Basildon 020E,Suspect charged
ed60af13b8b1e8f34663346c769b127998683fb877f472e47b62ca3dabd2e2a3,2015-08,Essex Police,Essex Police,0.096056,51.768166,On or near SOUTH GATE,E01021868,Harlow 007B,Local resolution
d19939115d109d083ee042742b5c47b67cc618611d48edbeb00c094efd004a38,2015-08,Essex Police,Essex Police,0.476706,51.589656,On or near Sports/Recreation Area,E01021267,Basildon 012B,Suspect charged
e676ad422e12b5cb162057c8da8451bb83c8d15106e9ce8cd5028224d72708d7,2015-08,Essex Police,Essex Police,0.261741,51.889938,On or near Airport/Airfield,E01022090,Uttlesford 006B,Offender given a caution
f1b67933f674bf80aae3ee42f02ed251991bad00d33cb1b2dd4c87ed0fe25596,2015-08,Essex Police,Essex Police,1.153869,51.789780,On or near Nightclub,E01022025,Tendring 016B,Suspect charged
5e6e5cb974a604fb236c7627951eb77afade5c9f1724d6683d90431e410de221,2015-08,Essex Police,Essex Police,1.146196,51.789968,On or near Supermarket,E01022038,Tendring 017E,Unable to prosecute suspect
2bfe41fb56c49f87f6fc482c703a50f12a5aac2e776e56742c891b007de3d13d,2015-08,Essex Police,Essex Police,1.117306,51.775268,On or near WILLOW WAY,E01021988,Tendring 018A,Formal action is not in the public interest
4a573bcdd721c2c3f331b9bdeaa82b628c3194dfc1d1784d90fdc074f506679d,2015-08,Essex Police,Essex Police,0.290168,51.633968,On or near KING GEORGE'S ROAD,E01021464,Brentwood 004E,Unable to prosecute suspect
f060d4c32b2edfc44099182a901b2e553578e4f6de412a07ba6dc68c996d75ab,2015-08,Essex Police,Essex Police,0.402837,51.542189,On or near MALVINA CLOSE,E01015978,Thurrock 004B,Formal action is not in the public interest
f060d4c32b2edfc44099182a901b2e553578e4f6de412a07ba6dc68c996d75ab,2015-08,Essex Police,Essex Police,0.402837,51.542189,On or near MALVINA CLOSE,E01015978,Thurrock 004B,Formal action is not in the public interest
7ce224916ec0c157df3fa878fee4f109fe7f5f17afd80259b7fd7137f5cda731,2015-08,Essex Police,Essex Police,0.288664,51.514741,On or near ARCANY ROAD,E01015973,Thurrock 006D,Formal action is not in the public interest
5b4eeb0a6f847e2314e74c2ad3532d40c97bbd5fa9c155c11cc242f987e4e5b0,2015-08,Essex Police,Essex Police,0.707609,51.549075,On or near EAST STREET,E01015861,Southend-on-Sea 004E,Suspect charged
962931718602c76a5d482bb1f2b0f877d7ebbde18b57aa88a21f19258a536013,2015-08,Essex Police,Essex Police,0.571478,51.519906,On or near LONG ROAD,E01021485,Castle Point 010A,Formal action is not in the public interest
52c8a959547bf7b6620b35d75c3e024306a4d22bbf355540f4699a3ea0a5d2e0,2015-08,Essex Police,Essex Police,0.895335,51.889691,On or near BALKERNE GARDENS,E01021646,Colchester 007A,Suspect charged
6eb9810e1dd80ffe909b56ab6cbd623e4c78760df0bb1bae2efed29b1b75750d,2015-08,Essex Police,Essex Police,0.292499,51.475142,On or near PORTER CLOSE,E01016011,Thurrock 015B,Unable to prosecute suspect
7ca2d80f178f8fda5bbf658f56c47625e97bcd2499824207993d4415ea00504f,2015-08,Essex Police,Essex Police,1.228773,51.842017,On or near ELM GROVE,E01022010,Tendring 008F,Suspect charged
d255ffc898c65c7666f5f6356933c76aef0b3bed81c57d0a53a864a240b8e0e1,2015-08,Essex Police,Essex Police,0.697031,51.547304,On or near WENHAM DRIVE,E01015907,Southend-on-Sea 007G,Suspect charged
c7b4102f12974d07529026de6be0783f10377af62abdbeb2d8d3b4277240f4a7,2015-08,Essex Police,Essex Police,0.701088,51.585820,On or near REGENCY CLOSE,E01021954,Rochford 007D,Unable to prosecute suspect
774f0c613b9fd9ac9ebec49818d22a1c8560fe9117a698d78781dd490df611fd,2015-08,Essex Police,Essex Police,0.436259,51.567661,On or near CLIFFORD CLOSE,E01021288,Basildon 016B,Suspect charged
774f0c613b9fd9ac9ebec49818d22a1c8560fe9117a698d78781dd490df611fd,2015-08,Essex Police,Essex Police,0.436259,51.567661,On or near CLIFFORD CLOSE,E01021288,Basildon 016B,Suspect charged
777088ac99409daa212b11457b1faf4d92599ea080ecc88f852963095ca0891e,2015-08,Essex Police,Essex Police,0.591620,52.025860,On or near CHURCH GREEN,E01021430,Braintree 001D,Local resolution
9b457be407aebb4e8c41405bd5a14aab72297e08a294fbd43c48984340ec6c16,2015-08,Essex Police,Essex Police,1.120816,51.794818,On or near HARPERS WAY,E01021977,Tendring 013C,Offender given a caution
afd3fd7ac2b06585e49bbe8da2680efb751658edf083962bd095bdc555d2ddd4,2015-08,Essex Police,Essex Police,1.152226,51.789923,On or near ROSEMARY ROAD,E01022025,Tendring 016B,Suspect charged
afd3fd7ac2b06585e49bbe8da2680efb751658edf083962bd095bdc555d2ddd4,2015-08,Essex Police,Essex Police,1.152226,51.789923,On or near ROSEMARY ROAD,E01022025,Tendring 016B,Suspect charged
67d1b97fb9cf71d08bbca98027389e6b4e99da1db4a100c06b429955e8b0603c,2015-08,Essex Police,Essex Police,0.336105,51.893251,On or near BUTCHERS PASTURE,E01022095,Uttlesford 006D,Formal action is not in the public interest
6db8df738ef4c66e27c09745ca448aab9e984e7cd71dd1450c3fd18b369d4d1b,2015-08,Essex Police,Essex Police,0.295196,51.517941,On or near GARTH ROAD,E01015975,Thurrock 006F,Formal action is not in the public interest
f8553948a595889093e9fcbd7aee12b3b80a13eea003e96f68f49f44bdb42df2,2015-08,Essex Police,Essex Police,0.094133,51.767643,On or near Shopping Area,E01021872,Harlow 007E,Local resolution
0b528b83dab0608d140a794f1378eafe4f6f18a26e0174ee31f5e0b735030bb2,2015-08,Essex Police,Essex Police,0.369344,51.866984,On or near FLITCH LANE,E01022067,Uttlesford 007B,Offender given a drugs possession warning
0c93f75e157e7867718de3dc527c667f2ceb8d79c758c611a084b19306cab069,2015-08,Essex Police,Essex Police,1.155659,51.804392,On or near OLD ROAD,E01022042,Tendring 014A,Unable to prosecute suspect
0c93f75e157e7867718de3dc527c667f2ceb8d79c758c611a084b19306cab069,2015-08,Essex Police,Essex Police,1.155659,51.804392,On or near OLD ROAD,E01022042,Tendring 014A,Unable to prosecute suspect
8022192b41b3df5f48e5c1f69ee28a9bca02cbfcc7fb8c6acf85a09ad5607bff,2015-08,Essex Police,Essex Police,0.122226,51.757535,On or near TRACYES ROAD,E01021821,Harlow 008A,Formal action is not in the public interest
24006a8518d910b3fd574e6c410e00e77e9d69372c88861dc7bc4bf52200def8,2015-08,Essex Police,Essex Police,0.243209,51.877938,On or near TAYLORS END ROAD,E01022090,Uttlesford 006B,Local resolution
7b1cb46ef3d1513bcb32963e60f2eb06b40fe3089fee8bb0743a20694874bee5,2015-08,Essex Police,Essex Police,0.360627,51.466163,On or near Parking Area,E01016006,Thurrock 018D,Suspect charged
f88ce78cf7318c9daeb6855437d5d47f6c97dc5109813cd55453ea48eb5c0c66,2015-08,Essex Police,Essex Police,0.697031,51.547304,On or near WENHAM DRIVE,E01015907,Southend-on-Sea 007G,Suspect charged
20154c8b4e6358f6c30933fd929deeec45dd6edd5db933e0be737a4f330f8ef6,2015-08,Essex Police,Essex Police,0.579366,51.515353,On or near AZALEA MEWS,E01021502,Castle Point 011E,Offender given a caution
e39231967e6319278358ddfd38c36a426131b68397f8a2f6afbe7a72500efc05,2015-08,Essex Police,Essex Police,0.105268,51.768352,On or near THE DOWNS,E01021849,Harlow 003A,Formal action is not in the public interest
6dbcd285225998dee39f4d1b44c702cf620505662be2a0f897449b6dfa723a8a,2015-08,Essex Police,Essex Police,0.360627,51.466163,On or near Parking Area,E01016006,Thurrock 018D,Suspect charged
d17bbf06acccd0ece103ef99a657e4d1795658edf12f84046dc3839b4bc74634,2015-08,Essex Police,Essex Police,1.153551,51.802047,On or near OLD ROAD,E01022042,Tendring 014A,Formal action is not in the public interest
68a14b52c1ae803ce60086346792ce9d5ad3d9e04e235cf4395acd0306d24adc,2015-08,Essex Police,Essex Police,0.960008,51.859732,On or near Supermarket,E01021739,Colchester 017D,Local resolution
4d8cf9ae15d489decc354aa173fd05307a91d0058c7ad9411e29b8b744a98e85,2015-08,Essex Police,Essex Police,0.638082,51.573044,On or near LANGLEY CLOSE,E01015837,Southend-on-Sea 001E,Unable to prosecute suspect
c0ab791e7e53ff1d99854f98f99bc7b223d232b857bed7c14c7b6d78a02b0deb,2015-08,Essex Police,Essex Police,0.694245,51.547017,On or near GLENWOOD AVENUE,E01015906,Southend-on-Sea 007F,Suspect charged
6af6f849398d32096ff06ea54bb1674ed6ba1a6ac3c59ddef126947bc3f8aec5,2015-08,Essex Police,Essex Police,0.822149,51.624566,On or near OYSTER CLOSE,E01021880,Maldon 008E,Suspect charged
6af6f849398d32096ff06ea54bb1674ed6ba1a6ac3c59ddef126947bc3f8aec5,2015-08,Essex Police,Essex Police,0.822149,51.624566,On or near OYSTER CLOSE,E01021880,Maldon 008E,Suspect charged
d8bab76db20eeacde91693e6f1ae318d4eb094924f93b30d8546bb91bf19d568,2015-08,Essex Police,Essex Police,0.284143,51.486609,On or near Shopping Area,E01016011,Thurrock 015B,Suspect charged
b9b20dba869c02b033b1f3da00251cde1b3920beda71eff01235d164a496ef3d,2015-08,Essex Police,Essex Police,0.889354,51.879612,On or near GOOJERAT ROAD,E01021717,Colchester 013D,Suspect charged
0663a7749e72e7dce29467159767cb4d74e269e37edff1ae6d1f86ec591b5491,2015-08,Essex Police,Essex Police,0.900116,51.889231,On or near Shopping Area,E01021649,Colchester 007D,Suspect charged
03d9d651897a151933290ce0d47199a817f2219c6032d16be9a88880028c0e94,2015-08,Essex Police,Essex Police,1.152103,51.794810,On or near WELLESLEY ROAD,E01022043,Tendring 014B,Unable to prosecute suspect
ae26c7eb90f1bce13aa864db2c3aa9707736a3fc2d16944fe82dc1c2379ade77,2015-08,Essex Police,Essex Police,0.711264,51.538980,On or near Parking Area,E01015854,Southend-on-Sea 015D,Offender given a caution
68233cab678db45c12f4c52c48c89ef5cb4a895cc2994bbf61e93b59c220dbff,2015-08,Essex Police,Essex Police,0.797168,51.533185,On or near SOUTHCHURCH AVENUE,E01015877,Southend-on-Sea 013B,Suspect charged
7e48949c3cf91ee5b73b8d22ab40321e1dd08a6732943638a4d2c090e443eeb6,2015-08,Essex Police,Essex Police,0.907072,51.891380,On or near ROMAN ROAD,E01021647,Colchester 007B,Suspect charged
8e84f90c78bc66cc13e258574dc09340ab5a904902e7878bb7f9abf9f1df4d9a,2015-08,Essex Police,Essex Police,0.474190,51.732359,On or near Shopping Area,E01033140,Chelmsford 010F,Suspect charged
891161a04b23530f3ad6356289de0183f70d50135340e1ccd2414928df3a347c,2015-08,Essex Police,Essex Police,0.502267,51.562719,On or near Supermarket,E01021310,Basildon 022B,Local resolution
083ff89e76ee882ce89cf156023b697221770e448840832b53ceb4d576b99c27,2015-08,Essex Police,Essex Police,0.924681,51.894621,On or near CROWN BAYS ROAD,E01021704,Colchester 022F,Unable to prosecute suspect
b0dcf4a021b1d717666049ff5a610fc201b71f72120a3d65f428686aaca1035d,2015-08,Essex Police,Essex Police,0.709094,51.540820,On or near Supermarket,E01015895,Southend-on-Sea 010A,Suspect charged
407874fd0521a9d5f5e34661ac645ef8a60caabe3bede005a29e7c2c8c04c3db,2015-08,Essex Police,Essex Police,0.490801,51.578647,On or near CANTERBURY CLOSE,E01021271,Basildon 013A,Unable to prosecute suspect
a870e09d0009733b305118f1a4443c11faa888b99082ffd56b93cc79f4206e7d,2015-08,Essex Police,Essex Police,0.552410,51.879134,On or near Tofts Walk,E01021365,Braintree 009D,Local resolution
a96370a21d5f9e1f3c016f61fc14a39b4355f8b14db0bf292991617ea624cae7,2015-08,Essex Police,Essex Police,1.148149,51.793234,On or near OLD ROAD,E01022026,Tendring 016C,Local resolution
dc579eed8a5eafb2e5831ab3f701a1520a71ed3a76912337d42a5e7d91eaad14,2015-08,Essex Police,Essex Police,0.108431,51.784581,On or near Shopping Area,E01021845,Harlow 002B,Unable to prosecute suspect
875a77ba26d36ae5cfb8cdeaf2253dacfd9fcc7856d5aa3321346e063d46b2d9,2015-08,Essex Police,Essex Police,0.261741,51.889938,On or near Airport/Airfield,E01022090,Uttlesford 006B,Local resolution
862f4590ad788c8aa484dcc710b0d90b73865afa22b4c920c63c37e8bd729cf4,2015-08,Essex Police,Essex Police,0.031078,51.630436,On or near EPPING NEW ROAD,E01021746,Epping Forest 015E,Formal action is not in the public interest
54dd550520be5d32d180d2d19a387365f1e49141fa5546240c6e799bbca8b674,2015-08,Essex Police,Essex Police,0.702103,51.547700,On or near Petrol Station,E01015861,Southend-on-Sea 004E,Investigation complete; no suspect identified
ce5ddb354db7a214142f772a65fe719b6e7de414f773f5f28b002a232338a05d,2015-08,Essex Police,Essex Police,0.643144,51.799195,On or near Shopping Area,E01021416,Braintree 017B,Investigation complete; no suspect identified
e735339fe837eb4374977712b59653a5469664d411ea5695ecc5afe0c0156167,2015-08,Essex Police,Essex Police,0.621427,51.793647,On or near SIWARD ROAD,E01021423,Braintree 016A,Investigation complete; no suspect identified
e9c2a169fac0f97325b5113fa80397d0c1a5cc16d414fa67dc0e70c7ac551174,2015-08,Essex Police,Essex Police,1.158318,51.802162,On or near BULL HILL ROAD,E01022043,Tendring 014B,Investigation complete; no suspect identified
8f0fea3cfeefe4d92b5c0ac4f976ca5d9019ef5b93b5f943eeb23749e3dd0311,2015-08,Essex Police,Essex Police,0.709743,51.544690,On or near Police Station,E01015895,Southend-on-Sea 010A,Investigation complete; no suspect identified
db40283c5d4a27978b13458cc974f1561e3a093bdbd906982407881cc5f045fc,2015-08,Essex Police,Essex Police,0.782388,51.541487,On or near WEAVERDALE,E01015878,Southend-on-Sea 013C,Investigation complete; no suspect identified
e72531a43755d81aada32073a74cc8d043ada1abf72d305da5ba7d4b5ea70916,2015-08,Essex Police,Essex Police,0.697921,51.928631,On or near SIMS CLOSE,E01021410,Braintree 006E,Investigation complete; no suspect identified
1bf950471c23b53960ac3f7345f64b7b528949106591f5c69594ac39f2d61a02,2015-08,Essex Police,Essex Police,0.663250,51.560415,On or near TIPTREE CLOSE,E01015825,Southend-on-Sea 005F,Investigation complete; no suspect identified
04fed60c2b8a1361d15779cfd599b16846af7b1ef4c1c1a096d24a32ea7ae21c,2015-08,Essex Police,Essex Police,0.475214,51.731744,On or near Shopping Area,E01033140,Chelmsford 010F,Investigation complete; no suspect identified
bb2d7bb00056653af6a889764769d8ed4ee216e9faca33342dceebec3472252e,2015-08,Essex Police,Essex Police,0.503091,51.579815,On or near WINSTREE,E01021302,Basildon 013B,Investigation complete; no suspect identified
ad5f499017ebfb5cec88f7b974f58265b010e3ed6e566c09f9f59b243f94ffcf,2015-08,Essex Police,Essex Police,-0.003419,51.684237,On or near ORCHARD GARDENS,E01021817,Epping Forest 008E,Investigation complete; no suspect identified
cefbd0e3654fed2124189222d3fb8a5a5dde03a733e076f6bad3bb791eb0be12,2015-08,Essex Police,Essex Police,0.720578,51.533386,On or near LUCY ROAD,E01015841,Southend-on-Sea 014C,Investigation complete; no suspect identified
9c8120b53c0f36851f516c1c6ac8ee088188fc6eed186ee9ea9afb9cc8f4c7bb,2015-08,Essex Police,Essex Police,0.902706,51.887692,On or near VINEYARD STREET,E01021649,Colchester 007D,Investigation complete; no suspect identified
cf2b83aa35ce00ad900bca7d5be6cb67c1b2fdebab96641c8bffeb4d626f809a,2015-08,Essex Police,Essex Police,1.116654,51.855773,On or near FIRST AVENUE,E01022018,Tendring 007E,Investigation complete; no suspect identified
726183b3b96b068d2ec37cf86a05e52272e64103783db6e206a2b30b75c53c47,2015-08,Essex Police,Essex Police,0.472966,51.903637,On or near Sports/Recreation Area,E01021404,Braintree 005A,Investigation complete; no suspect identified
522ec6bf9dbf11ce583881fe6d3f881891a5904d0c5d4c82960063a6b01fcfb9,2015-08,Essex Police,Essex Police,0.717736,51.534325,On or near HERBERT GROVE,E01015852,Southend-on-Sea 015B,Investigation complete; no suspect identified
201738ce97b0d658d09f5697bf7ea839bdb93292f12326153d42bbde9919a3cf,2015-08,Essex Police,Essex Police,0.016499,51.736907,On or near WESTERN ROAD,E01021793,Epping Forest 002C,Investigation complete; no suspect identified
5cec86bf1c4e6b5d4f876f81e9c95b5f7cb0f841bc51c47f9515806c9368a88c,2015-08,Essex Police,Essex Police,1.158170,51.789268,On or near ANGLEFIELD,E01022027,Tendring 016D,Investigation complete; no suspect identified
562bef0f416f626015e47b7a923cde72ec10cdc2eb8ea2e3aeaa234b6eaef2dc,2015-08,Essex Police,Essex Police,0.609077,51.596554,On or near PRESTON GARDENS,E01021925,Rochford 005C,Investigation complete; no suspect identified
34dfc2410c2914d31ce7a8aa2aef01dfb7d5a8428f1b478e49cd7d8a371c2978,2015-08,Essex Police,Essex Police,0.018503,51.683376,On or near HONEY LANE,E01021809,Epping Forest 008C,Investigation complete; no suspect identified
bf98e797568ce3d72c8d91902f7beb6c979b330e4af5887c480419b202e07d62,2015-08,Essex Police,Essex Police,0.053404,51.634931,On or near FELSTEAD ROAD,E01021785,Epping Forest 014D,Investigation complete; no suspect identified
ef283a8d0a61c6fc8b8e47fb797d202c1dbaf37d472586c392c23ef14a442844,2015-08,Essex Police,Essex Police,1.128869,51.803859,On or near ST JOHN'S ROAD,E01021977,Tendring 013C,Investigation complete; no suspect identified
4c5568f2626145b2f2f8bdf98d400e05fb13c74121faa5334b197b6bdb643691,2015-08,Essex Police,Essex Police,0.433287,51.520634,On or near MARJORAM CLOSE,E01015986,Thurrock 003C,Investigation complete; no suspect identified
71a1d7d66b48a9459de22a862b91aa41a8b2b0d3d75ebf44c56989c1b39b99ff,2015-08,Essex Police,Essex Police,0.283023,51.504248,On or near CAMPLE LANE,E01015927,Thurrock 007A,Investigation complete; no suspect identified
28c09fefe74ee88640d51f5b771dd68c17df04c278926964f0d00037ba23df7b,2015-08,Essex Police,Essex Police,0.761816,51.536874,On or near Parking Area,E01015890,Southend-on-Sea 016B,Investigation complete; no suspect identified
0f9060914e01885f8e980edfb906e365dd58ad3782b6c89560ae65a21cf698f7,2015-08,Essex Police,Essex Police,0.284490,51.487772,On or near Shopping Area,E01016011,Thurrock 015B,Local resolution
5ef86a14c923e1d2a0459e02dc7e72499f041a3695f48e7430ada0b0e1fc5b34,2015-08,Essex Police,Essex Police,0.295211,51.488434,On or near HAYLEY CLOSE,E01015982,Thurrock 019A,Offender given a caution
b44635e1a6af779db1596795e75260efce48cdcdfdcada8698a4d0f039be4701,2015-08,Essex Police,Essex Police,0.284490,51.487772,On or near Shopping Area,E01016011,Thurrock 015B,Suspect charged
8fdbac1c6c055b0dc9dac3ff65924eed92863c774800b30834f81333139aa54a,2015-08,Essex Police,Essex Police,0.319731,51.477969,On or near Parking Area,E01015953,Thurrock 017C,Suspect charged
76df480328eb26387fc67583c1eca05cbb32982cdb60ea00b6701a22d18dd01f,2015-08,Essex Police,Essex Police,0.135055,51.766259,On or near AYNSLEY GARDENS,E01021827,Harlow 005D,Suspect charged
de26ebbfaad572be349d28c2d8cf6ec715537a66addcee1b5679cb8dce278958,2015-08,Essex Police,Essex Police,0.682681,51.730948,On or near QUEST PLACE,E01021890,Maldon 004B,Unable to prosecute suspect
2418460469ad0bfe3603b1e004d1bae7bf9cb5eb1ff04166cbc6d8dee8f25461,2015-08,Essex Police,Essex Police,0.717736,51.534325,On or near HERBERT GROVE,E01015852,Southend-on-Sea 015B,Offender given a caution
5037ce6721bcd75a8c2cb177a8c92b71a854d01d386e4ca3719547bf88339f49,2015-08,Essex Police,Essex Police,0.552537,51.878313,On or near MARKET PLACE,E01033459,Braintree 009F,Local resolution
12b0e48a333b993bf74b34d0b04883eb4707451f601d72eeed2a165840641ebe,2015-08,Essex Police,Essex Police,0.595820,51.528921,On or near KELLINGTON ROAD,E01021493,Castle Point 009B,Suspect charged
99e91521e621210936d5020bcfb8696c5735d91ab4b78d0d75ca92c72353a8bf,2015-08,Essex Police,Essex Police,0.472257,51.733569,On or near Shopping Area,E01033141,Chelmsford 010G,Suspect charged
89effbce536034cbc48a504eef7ba066898764d06100de6eaf8ec355e3ffd0b1,2015-08,Essex Police,Essex Police,1.195534,51.803261,On or near THE CHASE,E01022008,Tendring 012A,Suspect charged
17403f8b4cda1205693b1dbcc7112a9da2db615fa451de9f8e3a06006159d299,2015-08,Essex Police,Essex Police,0.905213,51.877890,On or near SANDRINGHAM DRIVE,E01021642,Colchester 018F,Formal action is not in the public interest
8811eef259309250d60a50a4f41d1037d1cd43222616ce78de1e7434740eb11d,2015-08,Essex Police,Essex Police,0.238109,52.023739,On or near RAYNHAMS,E01022076,Uttlesford 002B,Suspect charged
475d32c584f01c1f28e408e4fd4759aac841da2c9aa39182116f43aea2055db6,2015-08,Essex Police,Essex Police,0.238109,52.023739,On or near RAYNHAMS,E01022076,Uttlesford 002B,Suspect charged
46bd979537bbaebf98031ebf4309a4264d74268098ad77e727512ebfc2de4156,2015-08,Essex Police,Essex Police,1.283486,51.940644,On or near INGESTRE STREET,E01021998,Tendring 001B,Offender given a caution
6959a298561ed17ee30ade8e76cbcb610f0040e63f05da37dc32a8c37d43460c,2015-08,Essex Police,Essex Police,0.239041,52.022570,On or near HIGH STREET,E01022076,Uttlesford 002B,Suspect charged
bc06cdf70c429ca0bb0f169906e8567840a2e382dad00824fe1e9d538fd68afd,2015-08,Essex Police,Essex Police,0.239041,52.022570,On or near HIGH STREET,E01022076,Uttlesford 002B,Suspect charged
1c64c3c3b1057e32e6a27cfcb44f5a28195950e2400c0df2288da1a38b575148,2015-08,Essex Police,Essex Police,0.239041,52.022570,On or near HIGH STREET,E01022076,Uttlesford 002B,Suspect charged
f81f5295a1c06e156a800a954830582e1a635558b11806219fac19b31dc1763f,2015-08,Essex Police,Essex Police,0.239041,52.022570,On or near HIGH STREET,E01022076,Uttlesford 002B,Suspect charged
65d0c8e565b39f050ef9994c65a067a266a7013e5100b77bd23cb9f8c081f778,2015-08,Essex Police,Essex Police,0.283023,51.504248,On or near CAMPLE LANE,E01015927,Thurrock 007A,Suspect charged
6497154256b2e76016a11940a47bcd9940aa75e0ad3d29a4f5f6f12a4043da69,2015-08,Essex Police,Essex Police,1.195534,51.803261,On or near THE CHASE,E01022008,Tendring 012A,Formal action is not in the public interest
ef6a2434393400122a055f4570d71f7e6e542534dfca4825af69eab919c62dec,2015-08,Essex Police,Essex Police,0.261741,51.889938,On or near Airport/Airfield,E01022090,Uttlesford 006B,Local resolution
2e111c3075305805f8d7553fa89d1fa988523719c8d3ab082a6d57c0fb607ee5,2015-08,Essex Police,Essex Police,0.330502,51.474554,On or near BRIDGE ROAD,E01015952,Thurrock 017B,Formal action is not in the public interest
26648888a26e2165483385a999aa264461cdd086f6d1573f770f49686ce9fd65,2015-08,Essex Police,Essex Police,1.029426,51.797264,On or near CRUCE WAY,E01022046,Tendring 011E,Formal action is not in the public interest
694cbff0b6fade9274a50c01d96ae3dcbccc06f3576ce6c1a8f8df9fe8302202,2015-08,Essex Police,Essex Police,0.475387,51.732801,On or near Shopping Area,E01033140,Chelmsford 010F,Offender given a caution
4245a14c3ba026d0237921602736939f5532926e4cffcd19b404c6d720f42445,2015-08,Essex Police,Essex Police,0.475387,51.732801,On or near Shopping Area,E01033140,Chelmsford 010F,Formal action is not in the public interest
63d050b0d097e06ea2cbf43e35b748b63582864e235adc1b276c372ba72d4e2e,2015-08,Essex Police,Essex Police,0.475387,51.732801,On or near Shopping Area,E01033140,Chelmsford 010F,Unable to prosecute suspect
c598974500fdda298d1f8ef77fcede14a0661c6df23413a5e9485e4eb136f9ac,2015-08,Essex Police,Essex Police,0.642036,51.816460,On or near SYCAMORE CLOSE,E01021419,Braintree 015D,Suspect charged
37323effcc7e3389fc6fd52f970907a88d2609188453a15489d9158f0e44b64a,2015-08,Essex Police,Essex Police,1.283486,51.940644,On or near INGESTRE STREET,E01021998,Tendring 001B,Offender given a caution
015e9a5d7910e28dca42f6df08153857fc7e1bd9f554e3cc59bccfa2621e45fa,2015-08,Essex Police,Essex Police,0.895335,51.889691,On or near BALKERNE GARDENS,E01021646,Colchester 007A,Offender given penalty notice
b2601c43babade82313904b5f118a832f880160b7614f5880a11249f4efebc62,2015-08,Essex Police,Essex Police,0.895335,51.889691,On or near BALKERNE GARDENS,E01021646,Colchester 007A,Offender given a caution
2b86e2c37bb02504b5f1546f5659e614b844534c787cd4b659eeb7e56c6cd840,2015-08,Essex Police,Essex Police,0.642036,51.816460,On or near SYCAMORE CLOSE,E01021419,Braintree 015D,Suspect charged
ef1973573a7c28a12c7fcaf9d4e4b8546e12956c517477d10f1396feba928a85,2015-08,Essex Police,Essex Police,0.482872,51.749127,On or near MEON CLOSE,E01021622,Chelmsford 007C,Formal action is not in the public interest
5de267d4685c60080a07adce9ca5b81b008f28d1556c5d6fa105f7ab469f15d9,2015-08,Essex Police,Essex Police,0.443287,51.560671,On or near FLETCHERS,E01021294,Basildon 020A,Formal action is not in the public interest
1518a666ebcaf37ca589596d40588c3aead4996dad68d5b1382b71a3b4962f53,2015-08,Essex Police,Essex Police,0.910654,51.889915,On or near EAST HILL,E01021648,Colchester 007C,Suspect charged
99c5c6944ced4b50bc7aca561901ada801d2cfb232d27475393b77a38880bf67,2015-08,Essex Police,Essex Police,0.929615,51.902971,On or near Supermarket,E01021709,Colchester 022B,Offender given a caution
c7ffa932b61be7bfea6621720ed8e3a0355cf8349659b65b0bb1175f64d140c8,2015-08,Essex Police,Essex Police,0.611501,51.568594,On or near MARLIN CLOSE,E01021532,Castle Point 005D,Unable to prosecute suspect
f4aa4d3ed74e547cf101605bf6655c2465e84ab6a83a08b45ba5666512825302,2015-08,Essex Police,Essex Police,0.893012,51.922080,On or near BOXTED ROAD,E01021680,Colchester 004B,Unable to prosecute suspect
b7a3549d2a7c444aa5e88ba8948d7a91683ec64da658be4b4010fe2f30b6b0ea,2015-08,Essex Police,Essex Police,0.897877,51.888090,On or near Shopping Area,E01021649,Colchester 007D,Suspect charged
46ac4d917ecf1cff8e5a16f53e16b56690b4077245251b041b587f437cb7c1dc,2015-08,Essex Police,Essex Police,0.898356,51.887395,On or near Parking Area,E01021649,Colchester 007D,Suspect charged
c69c77fba9f2cf055d032577b6d70956f143fc70abc8f1b72bc62cea22289da5,2015-08,Essex Police,Essex Police,0.502267,51.562719,On or near Supermarket,E01021310,Basildon 022B,Local resolution
0a840f11228f969b54d5dce886967d659db73bdf208335aaa80d231c2aa9a1f0,2015-08,Essex Police,Essex Police,1.145048,51.808265,On or near WOOLNER ROAD,E01021975,Tendring 013A,Suspect charged
e92d36ae040af1171747e2edcaf33dbe3988faa79115ce65f11ca52362415f79,2015-08,Essex Police,Essex Police,0.607532,51.587235,On or near Nightclub,E01021962,Rochford 008C,Local resolution
4828b7d4b411c3ae0f6382f1f39b35cbc3d99e9b37d2ea1f067d26429a775fda,2015-08,Essex Police,Essex Police,1.213660,51.842053,On or near OXBORROW CLOSE,E01022010,Tendring 008F,Suspect charged
df8403ae31d45385b5be27de813d7f8cf50fec54420e993be051d6b02fe8b6fb,2015-08,Essex Police,Essex Police,0.901742,51.896638,On or near JARMIN ROAD,E01021647,Colchester 007B,Offender given a caution
101e951ab4e5aabeffdbc87cb36fb243d0f5a4cbc4a60e92c8bafb207bd4ec8c,2015-08,Essex Police,Essex Police,0.894589,51.886462,On or near Police Station,E01021651,Colchester 013A,Offender given a drugs possession warning
beb8a0bf0387700fc4a04bc94c7d2be3d12fab9f267e8fd3454dccbe027c3115,2015-08,Essex Police,Essex Police,0.430631,51.588201,On or near WASH ROAD,E01021261,Basildon 010A,Formal action is not in the public interest
68e00eeae118ed147f9701ca77f29fb62e3dc265cd5537a37cfd44521c32fad7,2015-08,Essex Police,Essex Police,0.830150,51.888121,On or near ESSEX YEOMANRY WAY,E01021718,Colchester 012A,Offender given penalty notice
2da12c668158e3f1ee4bf52285e61589f59d01f18ea04b3cfb22da3cd574cf64,2015-08,Essex Police,Essex Police,0.474190,51.732359,On or near Shopping Area,E01033140,Chelmsford 010F,Suspect charged
bbff7579bc33ac3bcfcfcb40dd03563b27fd1912baa80320fc94f5f155f89635,2015-08,Essex Police,Essex Police,0.261741,51.889938,On or near Airport/Airfield,E01022090,Uttlesford 006B,Offender given a caution
faec0d54e5ee30fb48f6d5ad0ce78238bd872ae79cee5079bd01dfbdf796233f,2015-08,Essex Police,Essex Police,0.294127,51.491792,On or near Supermarket,E01015982,Thurrock 019A,Offender given a caution
bffdcc5c74c6684436b934e556dbd43266b9b90dc2078dfef12c41c7cc2478eb,2015-08,Essex Police,Essex Police,1.164415,51.804094,On or near VALLEYBRIDGE ROAD,E01022050,Tendring 014E,Local resolution
79ac029b8e21c84cbf55304658b5f6e4d8e86cdefe6ad1dceef5d2d80a21fca0,2015-08,Essex Police,Essex Police,0.730787,51.547575,On or near SEAFORTH AVENUE,E01015870,Southend-on-Sea 006B,Suspect charged
6aa08b99de45cfbbd5742f88364f08800660956c6a3a4d187bcd5d435e537794,2015-08,Essex Police,Essex Police,0.423449,51.563672,On or near Pedestrian Subway,E01021283,Basildon 021D,Suspect charged
4dc846afb5d41cc7bbc648a7686a8f850ec9247c431a88741f2f7eefeb092824,2015-08,Essex Police,Essex Police,0.289279,51.506591,On or near BROXBURN DRIVE,E01015931,Thurrock 007E,Local resolution
18138f28bf4fc6494a41ccf23a8ac398ce7389c06c15d77d3761a7aa0a431931,2015-08,Essex Police,Essex Police,0.697031,51.547304,On or near WENHAM DRIVE,E01015907,Southend-on-Sea 007G,Unable to prosecute suspect
2990a55c7dd8141b25911a9230f7388bfe43fc63a342c2730dd1abab94e56e47,2015-08,Essex Police,Essex Police,0.094133,51.767643,On or near Shopping Area,E01021872,Harlow 007E,Unable to prosecute suspect
d09f7d3a918943134c9760ac15d95aae860c8cd54e666a4c38d4838b6d82c69e,2015-08,Essex Police,Essex Police,0.285222,51.484852,On or near Parking Area,E01016011,Thurrock 015B,Suspect charged
131563ff1c25d3b2d66ceb5d76a368fa01bd7dad85d12ed11ac55d1354dfa5da,2015-08,Essex Police,Essex Police,0.443114,51.583274,On or near Pipps Hill Retail Park,E01021268,Basildon 015B,Offender given a caution
8e15c51bb710342fe3b852bec4a7e96830c024b6214f99b935b3897af1beeefb,2015-08,Essex Police,Essex Police,0.632825,51.940322,On or near MOUNT PLEASANT,E01021393,Braintree 004E,Unable to prosecute suspect
f49b9217863d066d4b5b9c211a031405686a3b0fefad894291338a2f6d0c60c4,2015-08,Essex Police,Essex Police,0.284490,51.487772,On or near Shopping Area,E01016011,Thurrock 015B,Local resolution
f49b9217863d066d4b5b9c211a031405686a3b0fefad894291338a2f6d0c60c4,2015-08,Essex Police,Essex Police,0.284490,51.487772,On or near Shopping Area,E01016011,Thurrock 015B,Local resolution
a53cadbbba93780d64f1a863ea517bd3414d1afb017ccbeb46ea4886d8beeb88,2015-08,Essex Police,Essex Police,1.151360,51.814311,On or near Highfield Holiday Park,E01022039,Tendring 010B,Suspect charged
4cfd145959618f950b57fcce1a5382d0e465aaa1960f3e210aa350a5b4cdebae,2015-08,Essex Police,Essex Police,0.902217,51.858682,On or near LETHE GROVE,E01021639,Colchester 018C,Offender given a caution
bfc3bdc6bacb57be3382d08da51e6959a4bdcc18b1cba4346fb7a90021f0df3a,2015-08,Essex Police,Essex Police,0.434705,51.521009,On or near WILLS HILL,E01015986,Thurrock 003C,Formal action is not in the public interest
bfc3bdc6bacb57be3382d08da51e6959a4bdcc18b1cba4346fb7a90021f0df3a,2015-08,Essex Police,Essex Police,0.434705,51.521009,On or near WILLS HILL,E01015986,Thurrock 003C,Formal action is not in the public interest
2b8dfaf2e7bc618f78c1030bbbf6850833684710b4f2df4165eb50de221a6390,2015-08,Essex Police,Essex Police,0.830150,51.888121,On or near ESSEX YEOMANRY WAY,E01021718,Colchester 012A,Suspect charged
fd1848188517eea869e24b8344ed27f219754df824cee9431deee47ba4f1338b,2015-08,Essex Police,Essex Police,0.435277,51.521995,On or near NURSERY ROAD,E01015986,Thurrock 003C,Suspect charged
3694d7c4e405f744aa6f695feb091f893a753c9707efa7afbb2d5d2112987cfb,2015-08,Essex Police,Essex Police,0.814427,51.785325,On or near WHITEHOUSE HILL,E01021911,Maldon 001D,Formal action is not in the public interest
0c9a3b26393a01e84434392ac16ab78963d7218c9313b0ae644aa9186a4b6f79,2015-08,Essex Police,Essex Police,0.919727,51.910133,On or near Supermarket,E01021671,Colchester 002D,Suspect charged
461056198a9d0b7f9c12e0e644a5d71ffb9a0212da29d9d01f4632f5e1a63298,2015-08,Essex Police,Essex Police,0.497450,51.731579,On or near BARNES MILL ROAD,E01021547,Chelmsford 008D,Offender given a caution
05e8c06900bac4f3299d0f274410da268ee6c460efd0b407c0b48cf736b5cf74,2015-08,Essex Police,Essex Police,0.493824,51.568744,On or near ST TERESA'S CLOSE,E01021326,Basildon 022D,Suspect charged
1c35da76e98b32870d5fbba3bf085e77c253efaccac6033a6a2c75f7a5090e82,2015-08,Essex Police,Essex Police,0.463834,51.577499,On or near WALDRINGFIELD,E01021266,Basildon 015A,Suspect charged
87eb4e31a2c704b4298ad28b6da47a1c20cb00297c95ecf21eba8e5be2a211ff,2015-08,Essex Police,Essex Police,1.146196,51.789968,On or near Supermarket,E01022038,Tendring 017E,Suspect charged
71122c0426b5cb74a942c302a990fdb64a783d8141d90f16f8c1dd973bf23eb8,2015-08,Essex Police,Essex Police,0.929648,51.885162,On or near Supermarket,E01033722,Colchester 008H,Suspect charged
75a7fd1ac18206251a02f9192fecf355a2e421cd1ca348abb9954ff185323bb2,2015-08,Essex Police,Essex Police,0.472257,51.733569,On or near Shopping Area,E01033141,Chelmsford 010G,Suspect charged
45b182d7b36bf2135d448e94c03e5a071b8869478d9471119992f0db93fb536f,2015-08,Essex Police,Essex Police,0.706150,51.578922,On or near THE RIDINGS,E01021952,Rochford 007C,Suspect charged
15a5cb818cdd32b6a4f874f77395fb24d3154b66446329be6b441886da71343e,2015-08,Essex Police,Essex Police,0.083956,51.774181,On or near PARK MEAD,E01021839,Harlow 004A,Unable to prosecute suspect
7a5762aafd7b78fe8235c879b8ceec77aef26d1192e354c4355545c57ad9498a,2015-08,Essex Police,Essex Police,0.789486,51.537496,On or near EAGLE WAY,E01015882,Southend-on-Sea 013G,Suspect charged
eba2d4d156d2aede8bef31e07d10bddbf6c74a3a2c47303fd19ebe3f86396bb8,2015-08,Essex Police,Essex Police,0.442562,51.716294,On or near Park/Open Space,E01021634,Chelmsford 011D,Offender given a drugs possession warning
f24c1ccaabf9840c3265a78eeb1ad2843faa5211c1af5d85af34257a6aa3d4c4,2015-08,Essex Police,Essex Police,1.029426,51.797264,On or near CRUCE WAY,E01022046,Tendring 011E,Suspect charged
63a989a3d9ea95093a4403ef9f51fd6b0458c1c041006d1519b77295d9159aba,2015-08,Essex Police,Essex Police,0.550680,51.898111,On or near DEAN ROGERS PLACE,E01021356,Braintree 007E,Suspect charged
ab9f0015e431ce323b81f7620cf2c74247789a624bddd81e7cd722572f0f2314,2015-08,Essex Police,Essex Police,0.504768,51.564104,On or near BROADWAY LINK,E01021316,Basildon 018D,Offender given a caution
8ccc708d5d21e639a1e626dbf7095df0936e1400b42aa845988254f51a58de2b,2015-08,Essex Police,Essex Police,0.472257,51.733569,On or near Shopping Area,E01033141,Chelmsford 010G,Local resolution
f04fec7be132708e7ba8c9b14836560cd9ecd0d75095b6ad4206dd0b0f311de3,2015-08,Essex Police,Essex Police,0.928585,51.895190,On or near HARWICH ROAD,E01021704,Colchester 022F,Suspect charged
7f0765209dc9cc6cd71259d64f170cf28519187fd54e61a58ce21cfd394aa183,2015-08,Essex Police,Essex Police,0.713520,51.542966,On or near MILTON STREET,E01015898,Southend-on-Sea 010D,Suspect charged
6c557540dac59615ce5fdbfde2f82a916024ad3f36b13f60a85975216db7de26,2015-08,Essex Police,Essex Police,0.713520,51.542966,On or near MILTON STREET,E01015898,Southend-on-Sea 010D,Suspect charged
b44065240f7231b13886cb0d6c61705d0f2b3f5081935135bb62c6d16b39fa69,2015-08,Essex Police,Essex Police,0.713520,51.542966,On or near MILTON STREET,E01015898,Southend-on-Sea 010D,Suspect charged
08069a251e7d7e15c4bc4af5d5dda8fc94734c6f2990a9d18d98e823787f54a9,2015-08,Essex Police,Essex Police,0.809270,51.553842,On or near RODING CLOSE,E01021923,Rochford 010D,Suspect charged
753fd2ecc8694baf71db8303de5f0998f18334ddae0bb6b59faa23db2ff5e8b5,2015-08,Essex Police,Essex Police,0.049293,51.621955,On or near HORNBEAM CLOSE,E01021744,Epping Forest 015C,Offender given a caution
05b7767812b40c1418ddb9e79481e9c75f8201ea01f643b008bad3f5760ce217,2015-08,Essex Police,Essex Police,0.434705,51.521009,On or near WILLS HILL,E01015986,Thurrock 003C,Suspect charged
f640d54bee231d098fb1d69ef2d899cbb9d236b37ef8b634b4a26d5093f367cf,2015-08,Essex Police,Essex Police,0.610933,51.641228,On or near PINTOLLS,E01021607,Chelmsford 020C,Unable to prosecute suspect
7050ebe01e2f9d92417705107d63cf5a80586c03c4b15d008dab2a1253595de7,2015-08,Essex Police,Essex Police,0.881982,51.692625,On or near ENGLEFIELDS,E01021907,Maldon 006E,Formal action is not in the public interest
2ae67cfceb7dcbfb02a891d0c103cd73a85b10b92ecd541930becc2c662bc524,2015-08,Essex Police,Essex Police,0.457893,51.569044,On or near MARKET SQUARE,E01021318,Basildon 015C,Suspect charged
7596faaee2a7f1a19fc5d65977123e27f820e3a5de6a7b3c33915b7b04b26025,2015-08,Essex Police,Essex Police,0.778362,51.528200,On or near CHURCH CLOSE,E01015920,Southend-on-Sea 017G,Suspect charged
896658cce8e5e6bf7ce08b212fe264e42075bc724aaf95ac203495e122a1568e,2015-08,Essex Police,Essex Police,1.148025,51.787913,On or near Police Station,E01022037,Tendring 017D,Offender given a caution
0de720687bff9606b77ce776c7e82f61f5157de7b97cc860bd462beef558aa42,2015-08,Essex Police,Essex Police,0.138018,51.757797,On or near POTTERS FIELD,E01021834,Harlow 008B,Unable to prosecute suspect
366c3d7ec79d25e946e74599758de50376eda8a5d82097dc9c95ce7f4058fff8,2015-08,Essex Police,Essex Police,0.092373,51.766253,On or near LUTHER KING ROAD,E01021868,Harlow 007B,Formal action is not in the public interest
366c3d7ec79d25e946e74599758de50376eda8a5d82097dc9c95ce7f4058fff8,2015-08,Essex Police,Essex Police,0.092373,51.766253,On or near LUTHER KING ROAD,E01021868,Harlow 007B,Suspect charged
366c3d7ec79d25e946e74599758de50376eda8a5d82097dc9c95ce7f4058fff8,2015-08,Essex Police,Essex Police,0.092373,51.766253,On or near LUTHER KING ROAD,E01021868,Harlow 007B,Suspect charged
efd6b6a509c3804dfe2dfffe48c7bf5ffa28687f1d3dda1dce2a2d89a5cd9a3f,2015-08,Essex Police,Essex Police,0.250049,51.478734,On or near KESWICK GARDENS,E01016012,Thurrock 015C,Offender given a caution
6f414cb2fd0a54e3828e155a70fbc3fbd461d7730a7ba685f5b197dfcc32a8e9,2015-08,Essex Police,Essex Police,0.051540,51.648380,On or near SMART'S LANE,E01021781,Epping Forest 014B,Offender given a caution
97d4b6c767e2b19e7215b9870557e9e78ac9fad589eacc6ff229620d44159497,2015-08,Essex Police,Essex Police,1.150049,51.812161,On or near Supermarket,E01022039,Tendring 010B,Suspect charged
66fa87628ffe511fd8da4769cd39e32f022602497479f58408ade2a5c6370c29,2015-08,Essex Police,Essex Police,1.144810,51.795275,On or near DUDLEY ROAD,E01021968,Tendring 017A,Formal action is not in the public interest
c03c22b6e5256c9f134a8ecd76831194b188ac8f55b7941ca2b3e34be449ede9,2015-08,Essex Police,Essex Police,0.256400,51.500897,On or near DACRE CRESCENT,E01015923,Thurrock 008B,Suspect charged
c905e38ebf56026b95eefcbdf9b0740e454fb3fd1d0adbd002fdf4d468a4d786,2015-08,Essex Police,Essex Police,0.054540,51.636413,On or near DANBURY ROAD,E01021785,Epping Forest 014D,Unable to prosecute suspect
5e03b3b3f83243e4288237abf0c3e34dab757f77da2d8d26f0b95339408eab54,2015-08,Essex Police,Essex Police,0.054540,51.636413,On or near DANBURY ROAD,E01021785,Epping Forest 014D,Local resolution
16855aa0fbe2844c21269f44b00ccc305a357d71fd92fd860ebb8825449f84a0,2015-08,Essex Police,Essex Police,0.123598,51.788004,On or near NORTH PLACE,E01021848,Harlow 002E,Suspect charged
7bf69c3fdafebe1b40560ab638eaad18fa3d45b0ae61a5c82d59f20c340e33b1,2015-08,Essex Police,Essex Police,1.151023,51.790144,On or near PIER AVENUE,E01022026,Tendring 016C,Suspect charged
0efd26f56802b330275bad022de271a76cacc750b2251382371ce987d3b9ff29,2015-08,Essex Police,Essex Police,0.473830,51.736629,On or near Chelmsford Police Station,E01033141,Chelmsford 010G,Suspect charged
f891e074abd1cec2df5e40259b952cd68f7a52f306019de00dbdfe3448ae9184,2015-08,Essex Police,Essex Police,0.632825,51.940322,On or near MOUNT PLEASANT,E01021393,Braintree 004E,Offender given a caution
a9606c27675c2b483e31c429c1b11cf7921845cfbc639469a68612f1164996e0,2015-08,Essex Police,Essex Police,0.459178,51.744491,On or near KINGS ROAD,E01021573,Chelmsford 009A,Unable to prosecute suspect
a9606c27675c2b483e31c429c1b11cf7921845cfbc639469a68612f1164996e0,2015-08,Essex Police,Essex Police,0.459178,51.744491,On or near KINGS ROAD,E01021573,Chelmsford 009A,Unable to prosecute suspect
da98070e6a3d683b9d7be8c0062a19d6dc48a21834b8737b4e322a798002f35c,2015-08,Essex Police,Essex Police,0.548082,51.878913,On or near Supermarket,E01021365,Braintree 009D,Suspect charged
97aa9f222fb767b8c25aad1419e97e5eb8ad6fa86a900c01c253b160d877b8eb,2015-08,Essex Police,Essex Police,0.170665,51.717002,On or near EMBERSON WAY,E01021798,Epping Forest 001D,Unable to prosecute suspect
8ea163962f1930d922a3c7e2e1611ae97c6e75aad11cd11cd1ccd38a3cf0bc2d,2015-08,Essex Police,Essex Police,0.337763,51.489257,On or near LODGE LANE,E01015964,Thurrock 010B,Suspect charged
889d5bbca6ca90293ff9ea3ecd5a284e079515001bf0693e01a1977116de438c,2015-08,Essex Police,Essex Police,0.769024,51.533269,On or near BLYTH AVENUE,E01015916,Southend-on-Sea 017C,Formal action is not in the public interest
a09b8b99285863e9228927f5d7d8f59fb914e9cf21e1882f293b70930f0a282e,2015-08,Essex Police,Essex Police,1.155426,51.805424,On or near Supermarket,E01022044,Tendring 013E,Suspect charged
d1356bcbf83e53aae30d55b640d16a689f8ed34e5b15785bf44aedfc71b7acd1,2015-08,Essex Police,Essex Police,0.337763,51.489257,On or near LODGE LANE,E01015964,Thurrock 010B,Suspect charged
48e836435401fb4972d5d8f6f7ecd6cf24a1e24732f9af02b9030cea4c68a13c,2015-08,Essex Police,Essex Police,0.474190,51.732359,On or near Shopping Area,E01033140,Chelmsford 010F,Suspect charged
25e79bb2bf425fd4725db1231d48379b628f9725e034716647f2ca7809bb5b10,2015-08,Essex Police,Essex Police,0.849654,51.890636,On or near HALSTEAD ROAD,E01021674,Colchester 009B,Suspect charged
fde257b21efd77d3c6daf06213c410a7355ae7ba4f25ee5482743bd8059f6e51,2015-08,Essex Police,Essex Police,0.483387,51.702775,On or near RUSSETS,E01021555,Chelmsford 017D,Formal action is not in the public interest
6d8ba8d6f8b18140ed9ebcf18e93dfdaf889e3fcef1ca06b8773bdc1f1d2a62d,2015-08,Essex Police,Essex Police,0.629203,51.810137,On or near BENTLEY ROAD,E01021426,Braintree 015E,Unable to prosecute suspect
321e3a5169838a9c9ffbdb370209f2158758b4143f471514a4eee5c6cdf8f489,2015-08,Essex Police,Essex Police,0.281974,51.505753,On or near DAIGLEN DRIVE,E01015929,Thurrock 007C,Local resolution
1e0291ee64d4bf0778b6e2d949c27ff4e2a70e7539b21b8937bb3b2ed52faf08,2015-08,Essex Police,Essex Police,0.208438,51.632000,On or near Park/Open Space,E01021443,Brentwood 001C,Formal action is not in the public interest
db2f2de42be231439f7fe22c5ae2ab46bb0e92941ef6423cd68ebcc7ed9d07ca,2015-08,Essex Police,Essex Police,0.543600,51.881897,On or near TABOR AVENUE,E01021358,Braintree 008C,Unable to prosecute suspect
b55ed4f2b34b5f3302dd0aff61777ad085437c72d28e96f2733f3c530e2444f4,2015-08,Essex Police,Essex Police,1.278647,51.856529,On or near PERCIVAL ROAD,E01022054,Tendring 006C,Offender given a caution
fd090f817830b32e004377a424b3edcf4a33986003e8ac7a92ba990c00d817c9,2015-08,Essex Police,Essex Police,0.301804,51.622040,On or near William Hunter Way,E01021433,Brentwood 007A,Local resolution
56c93ad9d7368b4eb1f63bcb6b76066b67a9604d65ddf12ec45d922aba2ed36e,2015-08,Essex Police,Essex Police,0.475214,51.731744,On or near Shopping Area,E01033140,Chelmsford 010F,Offender given a caution
19749055871f1f344380438aec724f8b943faf297bba947b8957e97790da6bd5,2015-08,Essex Police,Essex Police,0.114475,51.776487,On or near Parking Area,E01021845,Harlow 002B,Formal action is not in the public interest
c92006a1a703f48243188fe43c13c3addeebc967b799fa0d4f8c852722dfd57a,2015-08,Essex Police,Essex Police,0.475214,51.731744,On or near Shopping Area,E01033140,Chelmsford 010F,Offender given a caution
9600b47c2a2eb3ac4f001f49ad7c94ac18898043e10b7d012129f07846025a6e,2015-08,Essex Police,Essex Police,0.712855,51.537855,On or near Nightclub,E01015852,Southend-on-Sea 015B,Offender given a caution
a3c8ebc74c97716786a6651e47b4246ecaadf0ab0b622d0e2fa921ecff2a9028,2015-08,Essex Police,Essex Police,0.474190,51.732359,On or near Shopping Area,E01033140,Chelmsford 010F,Offender given a caution
629021f402b198b158e433dcadc6e633c21bca5849c7f388206d312fec72d964,2015-08,Essex Police,Essex Police,0.679909,51.545583,On or near LONDON ROAD,E01015832,Southend-on-Sea 012F,Formal action is not in the public interest
d99a57d65077826bf4f1cc9f4523784912ff7b822d3e40f9e1a5ef89df182950,2015-08,Essex Police,Essex Police,0.911037,51.854228,On or near GARROD COURT,E01021658,Colchester 016B,Unable to prosecute suspect
e07b89ca25b59b2aab0ebe2213c9a6a42d912b87074b4da68b39d03fc2c12dd7,2015-08,Essex Police,Essex Police,0.250591,52.021801,On or near HARRIS YARD,E01022081,Uttlesford 002F,Suspect charged
83fc7a59efc7445fe15a0cb60d5c41b82d1de15b00589d5fc794c26fa3c222ae,2015-08,Essex Police,Essex Police,1.154883,51.790382,On or near HIGH STREET,E01022025,Tendring 016B,Suspect charged
f63f4b9b0ddd3b09f2c2aca830abd614a378a1126cd1e733d47a629e03b09bd4,2015-08,Essex Police,Essex Police,1.148025,51.787913,On or near Police Station,E01022037,Tendring 017D,Suspect charged
ab97dd3798a5dcc7bcf2675914ac6e6beb24ea5b702e451096fa9b1d29fe28c2,2015-08,Essex Police,Essex Police,0.261741,51.889938,On or near Airport/Airfield,E01022090,Uttlesford 006B,Local resolution
1783d6759d7e950fe714206f75ecd9db3725d2de025a198f1cd5ede9fdb416fc,2015-08,Essex Police,Essex Police,0.286052,51.506051,On or near DANBURY CRESCENT,E01015931,Thurrock 007E,Unable to prosecute suspect
6f845f071e04d20379497c5cf477a7d6a79930270cc8e50dec5452e150578b10,2015-08,Essex Police,Essex Police,0.516640,51.629600,On or near BROCK HILL,E01021595,Chelmsford 021C,Formal action is not in the public interest
09fbcd113c1c3ea7f4d9f76d3d35e805c9c3c3608988166c4911370b28776886,2015-08,Essex Police,Essex Police,0.403387,51.636300,On or near THE WARREN,E01021249,Basildon 002D,Unable to prosecute suspect
43638dcef91acee6d09923756b70733f2e310c9cef572508e09a81ffcf85c264,2015-08,Essex Police,Essex Police,0.261741,51.889938,On or near Airport/Airfield,E01022090,Uttlesford 006B,Suspect charged
e617a5f66fbac60558e831e1601f9b131ec46cf7b5cfe63deeb554bfc4f9b8f6,2015-08,Essex Police,Essex Police,0.552762,51.863811,On or near NOTLEY ROAD,E01021374,Braintree 011E,Offender given a drugs possession warning
8d7e92ca4b62aa47155223dd5786c2cc7b4e833c70a77a8c790b5fd627370f1b,2015-08,Essex Police,Essex Police,0.101619,51.749380,On or near LOWER MEADOW,E01021858,Harlow 010B,Suspect charged
be7d4751ccc22f4188c8bf25fe36690a3003af8d741fad4e9f019abda0bb97e9,2015-08,Essex Police,Essex Police,0.539042,51.758386,On or near LEWIN PLACE,E01021536,Chelmsford 005A,Formal action is not in the public interest
c11ffdf37869c4a31e29604a1d2819b27be9cddf2655a083a4db4bfcf7fcc038,2015-08,Essex Police,Essex Police,0.313189,51.479897,On or near HELLEBORINE,E01015955,Thurrock 016A,Offender given a drugs possession warning
74b9debbc81de716de241fd0e7ad84332182ce3937076b60ec58432d5640c99f,2015-08,Essex Police,Essex Police,0.082760,51.757665,On or near JEROUNDS,E01021833,Harlow 009D,Suspect charged
67626673d7bb692e8f758c939c90de15dd06694515724dd87d5a760dc38c6354,2015-08,Essex Police,Essex Police,0.724204,51.539283,On or near FAIRBURN CLOSE,E01015844,Southend-on-Sea 014F,Offender given a caution
38d4380e1289445787c66cbc70a4f8b4421161dd3d117847b5cf0add414e56ba,2015-08,Essex Police,Essex Police,0.724204,51.539283,On or near FAIRBURN CLOSE,E01015844,Southend-on-Sea 014F,Offender given a caution
95f366f3de7841c206e5b827c4575b3eb31e158e916a166098f38bb880096a6f,2015-08,Essex Police,Essex Police,0.724204,51.539283,On or near FAIRBURN CLOSE,E01015844,Southend-on-Sea 014F,Offender given a caution
866e953ebad00cbf2a69e60874dee7286d2a36276e5d6cb908816cf7c69e78e2,2015-08,Essex Police,Essex Police,0.724204,51.539283,On or near FAIRBURN CLOSE,E01015844,Southend-on-Sea 014F,Offender given a caution
5f0a2b8e876df7f26e909369af172b761d1a3e26b53453b539c9da65ef103bef,2015-08,Essex Police,Essex Police,0.724204,51.539283,On or near FAIRBURN CLOSE,E01015844,Southend-on-Sea 014F,Offender given a caution
0a1e559bb11e3ab034a9beb8eae7ee17b0f80965c0a776a379e32055c723a329,2015-08,Essex Police,Essex Police,0.724204,51.539283,On or near FAIRBURN CLOSE,E01015844,Southend-on-Sea 014F,Offender given a caution
a34ed8d71992f7ba04f012d4ae917c6720faca92cb8458844a7d08861242b40f,2015-08,Essex Police,Essex Police,0.611330,51.554532,On or near RECTORY CLOSE,E01021519,Castle Point 005B,Unable to prosecute suspect
c4e5ce8230289cc3c73cf494af4527520134a94ff4a703e176be5b860c01092f,2015-08,Essex Police,Essex Police,0.506111,51.736026,On or near Village Square,E01021548,Chelmsford 013A,Local resolution
4dd1ac3ca1ef5c8bb55d3588eebbbe965041a444341762feaceb8ea99d762f59,2015-08,Essex Police,Essex Police,0.218806,51.742208,On or near THE HOPPITT,E01021796,Epping Forest 003B,Suspect charged
786bca4c25e52105ba17a5e2462dcd5ba014c80baa876fadace03cd53dd13e69,2015-08,Essex Police,Essex Police,0.876095,51.845599,On or near ABBERTON ROAD,E01021644,Colchester 019B,Local resolution
374a79b031393f67d0b348edaf4ba4e76cb4ad6fe78d1ada41710187895cab93,2015-08,Essex Police,Essex Police,0.610376,51.618191,On or near MONKSFORD DRIVE,E01021945,Rochford 001D,Suspect charged
ae036c4f05d74d7cd23eda102a1294d8bce4f42cceed9132b7d77e03ef1b6089,2015-08,Essex Police,Essex Police,0.524301,51.602834,On or near DOUGLAS DRIVE,E01021344,Basildon 008D,Unable to prosecute suspect
575984ffc0c2f6a503e9decfadbcf3dc797856c948354bb487cb72ebfe4f0309,2015-08,Essex Police,Essex Police,0.709632,51.549622,On or near EAST STREET,E01015899,Southend-on-Sea 010E,Suspect charged
fdab8837f5e8550e6781381cea9a3997f760672d8dbc2e460c44fc1cc8006c23,2015-08,Essex Police,Essex Police,0.709632,51.549622,On or near EAST STREET,E01015899,Southend-on-Sea 010E,Suspect charged
673b0880625417ef02d36cd8cac4cbc7958203b1c89f435c97cbae4f936f9325,2015-08,Essex Police,Essex Police,0.485379,51.709010,On or near GALLEYWOOD ROAD,E01021555,Chelmsford 017D,Offender given a caution
356ef5289ff2f4ed315623cc150e01266842de34ec94a9b574649cd788150b20,2015-08,Essex Police,Essex Police,0.409500,51.571649,On or near COOPERSALES,E01021276,Basildon 014C,Formal action is not in the public interest
19d68a8c7f775425c1f458f4d12a0508cc9556f7d567ea28f2b35cee0e43e163,2015-08,Essex Police,Essex Police,1.170212,51.808345,On or near PAULINE CLOSE,E01021984,Tendring 010A,Suspect charged
88407ff32dd4e75526b3e1d0c7f72a1f410575f2f5349b0a2658afa9a43b92c1,2015-08,Essex Police,Essex Police,0.409500,51.571649,On or near COOPERSALES,E01021276,Basildon 014C,Unable to prosecute suspect
88407ff32dd4e75526b3e1d0c7f72a1f410575f2f5349b0a2658afa9a43b92c1,2015-08,Essex Police,Essex Police,0.409500,51.571649,On or near COOPERSALES,E01021276,Basildon 014C,Unable to prosecute suspect
56d4655413a359d4ae591eacf52cf692813da246124668418c7c788610929a24,2015-08,Essex Police,Essex Police,0.231185,51.486442,On or near RAPIER CLOSE,E01016014,Thurrock 015E,Formal action is not in the public interest
10363627620461c95f85288f11e3df12eb29ee06b018e484795059065bedb92f,2015-08,Essex Police,Essex Police,0.101619,51.749380,On or near LOWER MEADOW,E01021858,Harlow 010B,Formal action is not in the public interest
eda9636500ef08fe205b99cc86733505f081c2fbdb4964e102ab2b8c8fe6a38f,2015-08,Essex Police,Essex Police,0.931071,51.888940,On or near ASHDOWN WAY,E01021699,Colchester 008D,Suspect charged
2142bacb2bedaf52497394619a6b62e29194be7b406227265ce041980307fc4e,2015-08,Essex Police,Essex Police,0.919727,51.910133,On or near Supermarket,E01021671,Colchester 002D,Offender given a caution
2142bacb2bedaf52497394619a6b62e29194be7b406227265ce041980307fc4e,2015-08,Essex Police,Essex Police,0.919727,51.910133,On or near Supermarket,E01021671,Colchester 002D,Offender given a caution
8e0a1facb56ce9035fbc2809731c86b295b8489dda7598e4f76b15b09fe82a32,2015-08,Essex Police,Essex Police,0.576791,51.530770,On or near STELI AVENUE,E01021505,Castle Point 008D,Suspect charged
9cd3737e0f0397bf724a96185275992e28bc23d79afe7952d7dfb749818cb190,2015-08,Essex Police,Essex Police,0.101619,51.749380,On or near LOWER MEADOW,E01021858,Harlow 010B,Suspect charged
f7cb9ebacf9f509e127a9e223565d5a2b6fe23f764760a9fb9fe3abf38ab78cd,2015-08,Essex Police,Essex Police,0.112289,51.756671,On or near Parking Area,E01021823,Harlow 006D,Offender given a caution
0f6230c3b831815af21b4392e26edbfc3e865970a5ea76252d3ba6fad8dae948,2015-08,Essex Police,Essex Police,0.579207,51.880708,On or near FORE FIELD,E01021369,Braintree 012D,Formal action is not in the public interest
111f1aead07fe6678e0afcae31af3d5ba3cc73b90299f6f75fd2623553495567,2015-08,Essex Police,Essex Police,1.085171,51.776242,On or near SEAVIEW ROAD,E01022045,Tendring 018D,Suspect charged
28eec4416e869df88e3c9c8528a07c5733e5c8ac6cd9d1b78b3b8438e69e79e4,2015-08,Essex Police,Essex Police,0.343044,51.494764,On or near LAIRD AVENUE,E01015966,Thurrock 010D,Local resolution
e5db7a5bef5ea35cf82b42afa92ebe2dbc0d8fd89e2586a090f0fcad3bb08cf2,2015-08,Essex Police,Essex Police,0.424041,51.569380,On or near Pedestrian Subway,E01021286,Basildon 016A,Formal action is not in the public interest
361a1dc616e37aa05fbfe9711dd818165d7332ad2b010d64d8fca8ee5850664f,2015-08,Essex Police,Essex Police,0.477127,51.723034,On or near Supermarket,E01021583,Chelmsford 015C,Offender given a drugs possession warning
85fb98e004bcb6f6a624f7f29514ba8500f595f41aa042ba8bbe0aadcd82bb54,2015-08,Essex Police,Essex Police,0.339879,51.636477,On or near LONG RIDINGS AVENUE,E01021453,Brentwood 005B,Offender given a drugs possession warning
77fa8df9341051883e567d7aebcbd9fe7637d0122ba35ee4c132747828d9bac3,2015-08,Essex Police,Essex Police,0.429448,51.615277,On or near BEAMS CLOSE,E01021258,Basildon 004E,Formal action is not in the public interest
5b94173c84b38cfa23c1c443714a6bb38c886263a53002536b8ca57b4c15f5ff,2015-08,Essex Police,Essex Police,0.696993,51.544706,On or near WEST ROAD,E01015900,Southend-on-Sea 010F,Suspect charged
7bf4090314a628908a0268a340733cc22c30edb5fe2117b24357afed884ace4e,2015-08,Essex Police,Essex Police,0.242871,51.479789,On or near LINNET WAY,E01016013,Thurrock 015D,Local resolution
71fa43d9f8fd252de3b0a14104e80b49bb0f154c6823a83a0d3ad8b7e34de876,2015-08,Essex Police,Essex Police,0.101619,51.749380,On or near LOWER MEADOW,E01021858,Harlow 010B,Suspect charged
51e868417de700c8782274b811494d178702d29c6a21f3afa6dc51f69a141915,2015-08,Essex Police,Essex Police,0.212833,51.985936,On or near GACES ACRE,E01022073,Uttlesford 003D,Unable to prosecute suspect
4a816094d6ee889b581a2f8302f884baa8d46c08ed0963a988464790ba6c5cec,2015-08,Essex Police,Essex Police,0.440115,51.582257,On or near SANDRINGHAM ROAD,E01021279,Basildon 010E,Unable to prosecute suspect
04c8953355b327d6bdd2bd4e39e866dc10824ab208d0176e0501ad16d37991db,2015-08,Essex Police,Essex Police,1.132745,51.798665,On or near ASTER CLOSE,E01022023,Tendring 015A,Local resolution
eb252a85b7aa0ff3e091d034b13e2ee32a9353a2b8ed18232856b719a8d8d946,2015-08,Essex Police,Essex Police,0.092636,51.771302,On or near Nightclub,E01021872,Harlow 007E,Suspect charged
deae1ab10d8c02de15d28699b20ddc11faaa219ffd76c746a4afaff6db1a1f6d,2015-08,Essex Police,Essex Police,0.724916,51.543475,On or near BRANKSOME ROAD,E01015843,Southend-on-Sea 014E,Unable to prosecute suspect
ab4f0d78c7b7bc6587a305a7b53571824f8d7208062e47f8a0b1458c86ad6ec0,2015-08,Essex Police,Essex Police,0.769024,51.533269,On or near BLYTH AVENUE,E01015916,Southend-on-Sea 017C,Offender given a caution
c528573798c32d3de8ee995ce05c7d0d0172d6b3b1d7f6662aa1828a9d232fcb,2015-08,Essex Police,Essex Police,0.692923,51.536120,On or near HOLLAND ROAD,E01015851,Southend-on-Sea 015A,Formal action is not in the public interest
8bf80657b5ca5ade66c92659bdd87aa40f49fc93f7ebd9a57d47b6189537b1c5,2015-08,Essex Police,Essex Police,0.427931,51.581161,On or near ARNE COURT,E01021274,Basildon 010D,Suspect charged
4918806b1a93de923924b97a1912358a4f16f34efb627779e39cba2e89efe97b,2015-08,Essex Police,Essex Police,0.483408,51.588112,On or near GARDINERS LANE SOUTH,E01021267,Basildon 012B,Suspect charged
5d4bd3881beeef9ec8a4c23b50bb9d79549cbb749326f704cdfbdd4e1ab5acd7,2015-08,Essex Police,Essex Police,0.074942,51.764440,On or near Parking Area,E01021841,Harlow 004C,Formal action is not in the public interest
295b7cd97111530006854d4e364215194e662ca1926a3de7ede9b9b330cb7385,2015-08,Essex Police,Essex Police,0.370547,51.662804,On or near ROMAN ROAD,E01021459,Brentwood 002C,Formal action is not in the public interest
793f0668f5565f6906b819af6c7c217c97b1b84ac101f41994941a969f046c8f,2015-08,Essex Police,Essex Police,0.432912,51.570113,On or near TURNER CLOSE,E01021292,Basildon 017B,Suspect charged
d99505996720c240ad78ed966ffb8fbfb20164d20477b101b168edd1e161f56f,2015-08,Essex Police,Essex Police,0.490801,51.578647,On or near CANTERBURY CLOSE,E01021271,Basildon 013A,Formal action is not in the public interest
947319cc35b5a826c45a3d638b53dd9433e3a1d7ce9491fb70dde0c4d5593013,2015-08,Essex Police,Essex Police,0.112455,51.757441,On or near Supermarket,E01021823,Harlow 006D,Formal action is not in the public interest
b3d726198b9b6fb7321090ebc356e418a7d87a9104ee20c8ccb1346c80167059,2015-08,Essex Police,Essex Police,0.261741,51.889938,On or near Airport/Airfield,E01022090,Uttlesford 006B,Offender given penalty notice
f23c3f3226074d74433397b9dd808e6fb9d50105189c59bb82c1a777bf1b52e2,2015-08,Essex Police,Essex Police,1.154883,51.790382,On or near HIGH STREET,E01022025,Tendring 016B,Suspect charged
ae6e4913b4ef9ed8a87b1c17e6ab67d08a3d94355171ec8ec844884005c8e947,2015-08,Essex Police,Essex Police,0.261741,51.889938,On or near Airport/Airfield,E01022090,Uttlesford 006B,Offender given a drugs possession warning
44530fc9a69d41e1605507531b4dad5b5e0d79cc732e7b595bda6bf5c403417b,2015-08,Essex Police,Essex Police,0.895335,51.889691,On or near BALKERNE GARDENS,E01021646,Colchester 007A,Offender given a caution
1b3a66845aabb6304e0678dabc4c8bd1fc0cadedeebbd6fceb7221bc92e62acc,2015-08,Essex Police,Essex Police,0.927131,51.877302,On or near WATERSIDE LANE,E01021664,Colchester 016C,Suspect charged
9dcfda673869d45e637bf45f0a0a7f74449f49c6ec3ec87fe658e86e2087bb16,2015-08,Essex Police,Essex Police,0.475589,51.734101,On or near BOND STREET,E01033141,Chelmsford 010G,Offender given a caution
65e25e10323206e83e8e8a73f2937cdc95fb959f1c285aa057f7080d9374fd3e,2015-08,Essex Police,Essex Police,0.679549,51.731622,On or near OLD MILL CLOSE,E01021890,Maldon 004B,Suspect charged
3565759cd055f33e8ebf9862bf16b2b0b2f0a3205c8ca9c6fa6247a35d5ac0ab,2015-08,Essex Police,Essex Police,0.473830,51.736629,On or near Chelmsford Police Station,E01033141,Chelmsford 010G,Offender given a caution
1f6769d6ecd349978342896edff463466eb16dbb51988b73c927043679001562,2015-08,Essex Police,Essex Police,0.261741,51.889938,On or near Airport/Airfield,E01022090,Uttlesford 006B,Local resolution
ab2cb13af8f7ef639fe04c7fb113ca89df15b15280806151eaef7a3fa9e9b9b1,2015-08,Essex Police,Essex Police,0.455569,51.568490,On or near Further/Higher Educational Building,E01021318,Basildon 015C,Formal action is not in the public interest
26179c2bb5d5c9bff6062723f40c8ab20024a2656818a5ddca123dff0aaab4c8,2015-08,Essex Police,Essex Police,0.325332,51.474261,On or near SHERFIELD ROAD,E01015954,Thurrock 017D,Suspect charged
dfbc036763927f3ab8138f263416bbbd58ff59e0708f31132ff025f606071aa8,2015-08,Essex Police,Essex Police,0.457893,51.569044,On or near MARKET SQUARE,E01021318,Basildon 015C,Formal action is not in the public interest
fb3a029d6f391fcbfd9bd8ffb43d7c5fb484b4f797b7b931c3431de2676ed768,2015-08,Essex Police,Essex Police,0.491735,51.582530,On or near DENYS DRIVE,E01021269,Basildon 012C,Formal action is not in the public interest
fb3a029d6f391fcbfd9bd8ffb43d7c5fb484b4f797b7b931c3431de2676ed768,2015-08,Essex Police,Essex Police,0.491735,51.582530,On or near DENYS DRIVE,E01021269,Basildon 012C,Formal action is not in the public interest
4cbb922b29020c10c40be63838c8197541c166f66d875c2af99bc3ba1b9835a9,2015-08,Essex Police,Essex Police,1.280609,51.936911,On or near KINGSWAY,E01022001,Tendring 001D,Suspect charged
547cee7cea65073edde98480c26d62745894c331c86c9d319687e3bc55c3d822,2015-08,Essex Police,Essex Police,1.280609,51.936911,On or near KINGSWAY,E01022001,Tendring 001D,Suspect charged
054372948fbeacc08c0daaec9d794f184bea1f4cbc976fe4aad0d3ca64891644,2015-08,Essex Police,Essex Police,0.453697,51.751881,On or near OLIVER WAY,E01021596,Chelmsford 006E,Suspect charged
5d42ec0dd5d2816b0fee9f1771c3cf7bf299a86954b17ff904ebd58116916f46,2015-08,Essex Police,Essex Police,0.242000,52.023440,On or near Shopping Area,E01022076,Uttlesford 002B,Local resolution
4d51c316eed1dd69c4add8ab23c68ad4d0c649fd166ab01b05d180a2582efe36,2015-08,Essex Police,Essex Police,0.473830,51.736629,On or near Chelmsford Police Station,E01033141,Chelmsford 010G,Suspect charged
7daa98cd4b9a7470c6a22d6f19753bf5920d6bfbd9850fa6304d0e065fe903f1,2015-08,Essex Police,Essex Police,0.095357,51.767783,On or near Shopping Area,E01021872,Harlow 007E,Formal action is not in the public interest
8d004b73236b7c4085cfe89c60d0dad5ccc798a0b0356c158db1d63ed32a4294,2015-08,Essex Police,Essex Police,0.473830,51.736629,On or near Chelmsford Police Station,E01033141,Chelmsford 010G,Suspect charged
4f604b1688093471569f44b889815c49cde329994588c560b4bf4db6a330d86e,2015-08,Essex Police,Essex Police,0.281698,51.489840,On or near Parking Area,E01016011,Thurrock 015B,Local resolution
ef3f537f952715de39623ca52dc5f0a4cb378003f5ab7c8b101ce8dc3435c0f5,2015-08,Essex Police,Essex Police,0.324930,51.614894,On or near BOLEYN GARDENS,E01021435,Brentwood 008A,Unable to prosecute suspect
97647c62c07e5b7a5ac0483607119309bfa18bf8fbedc2e47cd8ef109896cd65,2015-08,Essex Police,Essex Police,0.301232,51.477830,On or near LONDON ROAD,E01016015,Thurrock 015F,Suspect charged
e6399ab8e1145753c87c843c2a8a9c12d61afc583656fea90b971952a5ee6d5a,2015-08,Essex Police,Essex Police,0.915893,51.887537,On or near Pedestrian Subway,E01021648,Colchester 007C,Suspect charged
ad0b42fbc5eb5f3c899835152e1ee4134d3288ce5d8e2f5d2b61b44d6f9b7831,2015-08,Essex Police,Essex Police,0.095357,51.767783,On or near Shopping Area,E01021872,Harlow 007E,Formal action is not in the public interest
254394d59e3023da2d1fb9c1f29dd5add518377b201fc359b546ad516e9f2f18,2015-08,Essex Police,Essex Police,0.434043,51.567500,On or near BOSTOCHE CLOSE,E01021288,Basildon 016B,Local resolution
fa8675f3225fd1b46824a6e764bcd92dfaafe9e6b678f36e888fa96fd024cf6c,2015-08,Essex Police,Essex Police,0.281531,51.509871,On or near DERRY AVENUE,E01015972,Thurrock 006C,Suspect charged
3a79764475e2db5b1e6330834639320c7e119c1495819804c809745bebe1f8f8,2015-08,Essex Police,Essex Police,0.095357,51.767783,On or near Shopping Area,E01021872,Harlow 007E,Suspect charged
d885d26108607251cedfb3f6b78e0691e5314181cb9b58d4a8e49dcf3a844006,2015-08,Essex Police,Essex Police,0.502108,51.573739,On or near MILL GREEN,E01021306,Basildon 013E,Local resolution
9d2a808a80bffec95cbf3a80ec784edda756134271a1cd158e4ea3afed0aa479,2015-08,Essex Police,Essex Police,0.281531,51.509871,On or near DERRY AVENUE,E01015972,Thurrock 006C,Suspect charged
66333a8d9f3b72966a6f424494bd35675562085658232afaea5889aa9731c351,2015-08,Essex Police,Essex Police,0.471939,51.696677,On or near MORETONS,E01021554,Chelmsford 017C,Suspect charged
f8e68210c04405f84af716fff792328e29d16aa68f3c26c5b9ddbf403ee02f84,2015-08,Essex Police,Essex Police,0.357737,51.464000,On or near ADELAIDE ROAD,E01016006,Thurrock 018D,Suspect charged
07d65b79549a417fe3811933ee974712a93365ec9619c58962637a9fae1a3c7b,2015-08,Essex Police,Essex Police,0.424112,51.566635,On or near MILTON GREEN,E01021282,Basildon 021C,Suspect charged
b6088186630e786638c9b68aec3081512bcf1bdc6f15900d4dcf10e986aa9d47,2015-08,Essex Police,Essex Police,0.272254,51.492281,On or near Motorway Service Area,E01016012,Thurrock 015C,Local resolution
5fb473ad7cd07ce7d1e2e5291d43e612f66f8c16ac11ebb162c7addbcfd62ea2,2015-08,Essex Police,Essex Police,0.114569,51.700948,On or near GROVE LANE,E01021757,Epping Forest 006B,Suspect charged
33f9ec604bdbfbca9cc31823381898ab56e39809afa88e948990cdc3aa38494c,2015-08,Essex Police,Essex Police,0.114569,51.700948,On or near GROVE LANE,E01021757,Epping Forest 006B,Formal action is not in the public interest
bb2ecc5f3428e2af4a269ea8469c998f62af7aa48084d3a8e4cc8edea74f8738,2015-08,Essex Police,Essex Police,0.703897,51.582554,On or near UNION LANE,E01021954,Rochford 007D,Suspect charged
d8842e3873ef1f73411b88872bef1af65d86863150046ba12b8c67785a0690b6,2015-08,Essex Police,Essex Police,-0.102721,51.515404,On or near ST GEORGES'S COURT,E01032740,City of London 001G,Unable to prosecute suspect
ef217f3c873220a0b306740ab8c3ecbb2938a5bb0332030c979b334aca9b6899,2015-08,Essex Police,Essex Police,0.107466,51.702865,On or near CORONATION HILL,E01021762,Epping Forest 005C,Formal action is not in the public interest
29b5d0826059a02d0b5dc98ac6b370dff896116f2b30c3c188832ee6e1980157,2015-08,Essex Police,Essex Police,0.558840,51.877744,On or near RAILWAY STREET,E01033458,Braintree 009E,Suspect charged
47b28ee701b8d55cf4843421ab7edfee470a0d3f553a619a747155e7d1774b8b,2015-08,Essex Police,Essex Police,0.688503,51.557276,On or near THEAR CLOSE,E01015859,Southend-on-Sea 004C,Unable to prosecute suspect
1c3d61b2a961efd491f4ec4a258eb841ee2b8cae287659d24b8129b7baaa20c5,2015-08,Essex Police,Essex Police,0.720258,51.543970,On or near SOUTH AVENUE,E01015898,Southend-on-Sea 010D,Suspect charged
20665f2dae58b72b11cf8929f8b0fb9da65210efc540c0a32ff6043bd762203d,2015-08,Essex Police,Essex Police,0.286835,51.504120,On or near BROXBURN COURT,E01015927,Thurrock 007A,Offender given a caution
32dfa651f4e969db4363ac0d8d24275f1ca26bf97327cfd1b3b64c88d42d4b38,2015-08,Essex Police,Essex Police,0.472536,51.736818,On or near COTTAGE PLACE,E01033141,Chelmsford 010G,Suspect charged
a3f5f14eaef73a82a8c15250d23d533aac7084858672ea6284e2a0436055dcc7,2015-08,Essex Police,Essex Police,0.714390,51.538674,On or near Parking Area,E01015852,Southend-on-Sea 015B,Suspect charged
d84f63189fbffcf29524468e8801fc7bb0268a60f0f48be8cb7dd2c32ec89ebe,2015-08,Essex Police,Essex Police,0.607532,51.587235,On or near Nightclub,E01021962,Rochford 008C,Suspect charged
9c7e98e1fc2ee092c13d1e161fb00ac18258a65dbc9aba8f3bdea5443b27ef38,2015-08,Essex Police,Essex Police,0.899209,51.924796,On or near Parking Area,E01021682,Colchester 004D,Local resolution
164832b65a9bc550b20ea2ca73d7afee870d0035e17f1202b1e0df57bb45cdb7,2015-08,Essex Police,Essex Police,0.322355,51.479168,On or near Grays Police Station,E01015956,Thurrock 016B,Offender given a drugs possession warning
6fea32d000eb2a505cdb2ff13d80b83c068ed69b4b5ca361d014f9eed1902477,2015-08,Essex Police,Essex Police,0.708147,51.546967,On or near TUNBRIDGE ROAD,E01015899,Southend-on-Sea 010E,Suspect charged
0db0cb992e517fe4fc8ba1f4a8c49961b20c760227a564b6e97bb5341f76e5a4,2015-08,Essex Police,Essex Police,0.012868,51.689399,On or near BROOMSTICK HALL ROAD,E01021811,Epping Forest 007A,Formal action is not in the public interest
dc582b2fb0c1b718a9bc867a4819210991b09b398d2aaea6f29e43a1b3a57f3b,2015-08,Essex Police,Essex Police,1.246006,51.831882,On or near HAROLD WAY,E01021986,Tendring 006B,Suspect charged
19ce70bb97bcc8d4f70cf2297ab2f3738ef47cca1b6249146afe092fae707b5e,2015-08,Essex Police,Essex Police,0.595788,51.518975,On or near ASH ROAD,E01021498,Castle Point 011B,Unable to prosecute suspect
c715f6f825e7530e62a29fcd06770362f48bcc3f42d2f9523856c82a0dab5160,2015-08,Essex Police,Essex Police,0.595788,51.518975,On or near ASH ROAD,E01021498,Castle Point 011B,Unable to prosecute suspect
a0ab935b520ddac1af2b858f0ff151432cd5814dd08188520df2015e29867bbe,2015-08,Essex Police,Essex Police,0.301232,51.477830,On or near LONDON ROAD,E01016015,Thurrock 015F,Suspect charged
5b6ca4e1bcf27cb13a967a852afc4076c0fc317a07c9f2d3bf4bb3a0d80f3737,2015-08,Essex Police,Essex Police,1.153985,51.796630,On or near HARROW ROAD,E01022043,Tendring 014B,Local resolution
9ee1cb7cd9b6d58f3b3473c3c4e084ff04ac69c5c1e9be792bcbb45ea73245fa,2015-08,Essex Police,Essex Police,0.443735,51.752007,On or near GRAMPIAN GROVE,E01021601,Chelmsford 003E,Formal action is not in the public interest
d4c0374e87ca060a3fc087ee7d9eccab6b4e78d0aec63670dd4e811283146a85,2015-08,Essex Police,Essex Police,0.735133,51.530574,On or near CHESTER AVENUE,E01015891,Southend-on-Sea 016C,Suspect charged
37c9cb3ea3583a7e0289cf0b07f3721a753a9595fb7ff86557c957081a88d091,2015-08,Essex Police,Essex Police,0.542062,51.712294,On or near GARRETTLANDS,E01021571,Chelmsford 013E,Offender given a caution
2d34112a1f2580cbc20444e1d2a45c4278fb60efb56b3f687a44974f1846b08d,2015-08,Essex Police,Essex Police,0.321089,51.476360,On or near Pedestrian Subway,E01015954,Thurrock 017D,Local resolution
4205571860cd5efbbff34d6700f8b31b51681181132612d7a5386ef074ca417a,2015-08,Essex Police,Essex Police,1.134153,51.792196,On or near CHESTNUT AVENUE,E01022032,Tendring 015E,Suspect charged
2ba376c752da8305aa8f60b529a3dc9d67a3818cb27106aa25e32a5b725ba2f3,2015-08,Essex Police,Essex Police,1.134153,51.792196,On or near CHESTNUT AVENUE,E01022032,Tendring 015E,Suspect charged
761b3c67bd3ae2cbdf0986ec6a06bddc39660f250380d735be82954e7353f141,2015-08,Essex Police,Essex Police,1.134153,51.792196,On or near CHESTNUT AVENUE,E01022032,Tendring 015E,Suspect charged
65ef3a67e068502501fd5e5ee4bc016dbf6611dd71964a6cebda030b3263645d,2015-08,Essex Police,Essex Police,0.423310,51.583298,On or near VICTORIA CRESCENT,E01021274,Basildon 010D,Suspect charged
1ca3857c81c86577bb7f9d416e3c522aa2641fab360c07f95476889110db96ad,2015-08,Essex Police,Essex Police,0.056727,51.644504,On or near BROOK ROAD,E01021791,Epping Forest 012F,Suspect charged
652ddb0485f21abb253e70bd0c60eb59ea83afc32a366a083694c9516833a9f1,2015-08,Essex Police,Essex Police,0.434043,51.567500,On or near BOSTOCHE CLOSE,E01021288,Basildon 016B,Local resolution
b458cd479f2c5d708cf7653566ee0e49fc2c147d7e125a4e409b239271dac521,2015-08,Essex Police,Essex Police,0.432912,51.570113,On or near TURNER CLOSE,E01021292,Basildon 017B,Local resolution
d1b84e96ffb2b10abe2fe1db7e38f5ef2fe3f7f58e9e2cc85f8e32153048e81c,2015-08,Essex Police,Essex Police,0.923295,51.885581,On or near GEOFF SEADEN CLOSE,E01021685,Colchester 011C,Suspect charged
65d9f9fc2d5740b0c5b236110e83878a6671c99cc6a59d49b5eb4f751dcd6e83,2015-08,Essex Police,Essex Police,0.279722,51.508845,On or near DAWLEY GREEN,E01015972,Thurrock 006C,Local resolution
1a2bb882972665a580f222207d87ad58397bcace3fa688c7075872799e691691,2015-08,Essex Police,Essex Police,0.297816,51.602586,On or near GIBRALTAR CLOSE,E01021472,Brentwood 008C,Unable to prosecute suspect
f8360e9e758fb6bdc526e0d4a5f66d0774929c771c7891a1244e2b78c1dc9433,2015-08,Essex Police,Essex Police,0.128599,51.784901,On or near MARIGOLD PLACE,E01021856,Harlow 001C,Local resolution
41c8d67d3b53a7891dcc05af1ec10924a3f60feb6765e94d93d3407b8453dabb,2015-08,Essex Police,Essex Police,0.477127,51.723034,On or near Supermarket,E01021583,Chelmsford 015C,Local resolution
424376bce6fecbb987bbebe1b7119989635220e61ea3b563dcd54a711d2fd55d,2015-08,Essex Police,Essex Police,0.592084,51.520253,On or near Parking Area,E01021498,Castle Point 011B,Unable to prosecute suspect
f8c9c8ae2e4334a5289bf0a853748cd36db5d0f634f7080be611c628b8899eae,2015-08,Essex Police,Essex Police,0.558566,51.864207,On or near MARLOWE CLOSE,E01021374,Braintree 011E,Local resolution
0d0e649757377102f93e171d275e050da23a80e5442271cda33ea969f211acd3,2015-08,Essex Police,Essex Police,0.700224,51.567844,On or near Airport/Airfield,E01021956,Rochford 007E,Local resolution
96e392e98518c591c4338fd752318c213bde96fac0e7640d2b5399e9d4b02d96,2015-08,Essex Police,Essex Police,0.088736,51.605046,On or near AMANDA CLOSE,E01021764,Epping Forest 017A,Offender given a caution
6ecc6f4888ed821ec439655bbfcce11c9cee8960e83c0450bf257e5a11e94f75,2015-08,Essex Police,Essex Police,0.707820,51.536605,On or near SCRATTON ROAD,E01015854,Southend-on-Sea 015D,Suspect charged
5e53e05b71ab34928be0bb1be1ca64040d84ea9fa49bec8d02eb93af2855e5f2,2015-08,Essex Police,Essex Police,0.494031,51.576744,On or near LINCOLN ROAD,E01021271,Basildon 013A,Offender given a drugs possession warning
346387d9bd099176183b69e97198ba09457812aeb7eefd2f51e2d4af5573169a,2015-08,Essex Police,Essex Police,0.474190,51.732359,On or near Shopping Area,E01033140,Chelmsford 010F,Offender given a caution
346387d9bd099176183b69e97198ba09457812aeb7eefd2f51e2d4af5573169a,2015-08,Essex Police,Essex Police,0.474190,51.732359,On or near Shopping Area,E01033140,Chelmsford 010F,Offender given a caution
ea84a55b1f80741f44f7659987db561b0f369e6dcc5567122d8265ef4a3f958f,2015-08,Essex Police,Essex Police,0.683758,51.729574,On or near TAIT MEWS,E01021890,Maldon 004B,Unable to prosecute suspect
adfaee4eaedbbd574939702c10ba57ce1e0cba20946f28646c40fd4ba231e3b8,2015-08,Essex Police,Essex Police,0.472270,51.734594,On or near TINDAL STREET,E01033141,Chelmsford 010G,Local resolution
4c79427ca705d96f1ce28cb43cc9d62e7299ebe850d1d24b0a37bd89686974d5,2015-08,Essex Police,Essex Police,1.133145,51.799823,On or near CAMELLIA AVENUE,E01022023,Tendring 015A,Formal action is not in the public interest
8d2591794c5c93dcb212ccebbaba3c1e770239a755b4dd90dcf687eb74ff8a3f,2015-08,Essex Police,Essex Police,0.514624,51.579290,On or near MONTSALE,E01021301,Basildon 011A,Suspect charged
a5747547dad162962c4bf2ddc255d00414b58d0c6c929012c9e609b5c9f011b3,2015-08,Essex Police,Essex Police,0.456169,51.571868,On or near Pedestrian Subway,E01021318,Basildon 015C,Offender given penalty notice
14ef92e23cd6eb584e6b864132d5c77410a2a50a4ed2e5df596916386aae9675,2015-08,Essex Police,Essex Police,1.241022,51.837488,On or near WITTON WOOD ROAD,E01021987,Tendring 008A,Formal action is not in the public interest
d9c88dfaff98c5deb47b37a77421976fa9f56236ce29bbf1bfe5f70df5b13f67,2015-08,Essex Police,Essex Police,0.477749,51.712157,On or near FIRECREST ROAD,E01033145,Chelmsford 014G,Suspect charged
9a7bba367e2d9963c1e4018110480794bf7f2db7c47e418ac62ca2e6920c65d2,2015-08,Essex Police,Essex Police,0.574992,51.977232,On or near Bus/Coach Station,E01021400,Braintree 003D,Unable to prosecute suspect
993dafba8290c5a1984ea33f45900cb96ec1bda6e0dfd03b20dab61b05b964e3,2015-08,Essex Police,Essex Police,0.467078,51.570236,On or near NETHER PRIORS,E01021318,Basildon 015C,Offender given a caution
6fbadd5f477a984946c40c200e4582795ac5d60a7e94e638aeaac72dd0c5ab94,2015-08,Essex Police,Essex Police,0.304821,51.493885,On or near ARTERIAL ROAD NORTH STIFFORD,E01015942,Thurrock 020C,Suspect charged
507368d2af2b82852e482bf36b16d6f2c3b9e304c3da62f954a5762227cd366f,2015-08,Essex Police,Essex Police,0.549591,51.876821,On or near RUE DE JEUNES,E01021365,Braintree 009D,Suspect charged
632f0b18a6ac1659268c2645c293bebd591d929042e5000a1d40ffa88945107b,2015-08,Essex Police,Essex Police,0.720578,51.533386,On or near LUCY ROAD,E01015841,Southend-on-Sea 014C,Suspect charged
aa67ff552e366b50f2c29185a93c0478136e9dcbffb030c5e23d8a4ae1b96015,2015-08,Essex Police,Essex Police,-0.005607,51.688096,On or near PLANTAGANET PLACE,E01021818,Epping Forest 009C,Formal action is not in the public interest
4aba160fc679300cb6778be367022943c3db2ea42b958528f5d9f4d200b0696e,2015-08,Essex Police,Essex Police,-0.005607,51.688096,On or near PLANTAGANET PLACE,E01021818,Epping Forest 009C,Suspect charged
9f25a7790daa51ee116ef6749737219964bd710e1faf9b1d3711ebda048072f3,2015-08,Essex Police,Essex Police,0.712369,51.536949,On or near CLIFFTOWN ROAD,E01015852,Southend-on-Sea 015B,Unable to prosecute suspect
8af29a94f31e03dab1e300700c5cc52a5522b0fa0ff614e619567fd8cf65cbd7,2015-08,Essex Police,Essex Police,0.208980,51.812751,On or near B183,E01022070,Uttlesford 009C,Formal action is not in the public interest
bf41485a479dbc16158dde6f28b26b5af3cf26ddf9821e98c57759bbc3d68abc,2015-08,Essex Police,Essex Police,1.151360,51.814311,On or near Highfield Holiday Park,E01022039,Tendring 010B,Unable to prosecute suspect
1b9576245ba614098f7e1f7f2f447fa1a92099ed60a563a824d152699eb22d77,2015-08,Essex Police,Essex Police,0.574313,51.529521,On or near BURWELL AVENUE,E01021505,Castle Point 008D,Unable to prosecute suspect
ccc3b769805bd851c3473d9c3d8f374e22bf7809233e03403b6b368f06e81a96,2015-08,Essex Police,Essex Police,1.152956,51.787493,On or near Parking Area,E01022025,Tendring 016B,Local resolution
c04392d8cce1f5c9aefa0e058e7c78870cb5601fbd219eacaca8a48f14603f29,2015-08,Essex Police,Essex Police,0.462186,51.721478,On or near Petrol Station,E01021556,Chelmsford 012A,Formal action is not in the public interest
c04392d8cce1f5c9aefa0e058e7c78870cb5601fbd219eacaca8a48f14603f29,2015-08,Essex Police,Essex Police,0.462186,51.721478,On or near Petrol Station,E01021556,Chelmsford 012A,Suspect charged
3e6786e6c4aac5ea9e02387732941e50e37250f92bbb948a9deab55dfb5f0bbd,2015-08,Essex Police,Essex Police,0.095357,51.767783,On or near Shopping Area,E01021872,Harlow 007E,Suspect charged
51f7aa0f398c01f072f6a3ce78405df91a5f0cb246e2feea538df8dadcc8ddba,2015-08,Essex Police,Essex Police,0.561165,51.559343,On or near EARLSWOOD,E01021479,Castle Point 004A,Suspect charged
52d9715e686a86fc240c078dd8d166be6f0436282747e14228f4d8083c2a86d2,2015-08,Essex Police,Essex Police,0.095357,51.767783,On or near Shopping Area,E01021872,Harlow 007E,Suspect charged
3e589b6f0d4a83246739c4b3583da46a4459a8e58226b710a31ce719cd8c7c16,2015-08,Essex Police,Essex Police,0.574992,51.977232,On or near Bus/Coach Station,E01021400,Braintree 003D,Offender given a caution
ddfc6cb99861fe59c30c8d973c8a5723e776608df444205f26d47da5e4e41174,2015-08,Essex Police,Essex Police,0.474085,51.733089,On or near High Street Chelmsford,E01033140,Chelmsford 010F,Offender given a caution
6072d1d734bfc84ed0e9ff41b8b00288f335397969c2b0659a21ab85eb2ed41f,2015-08,Essex Police,Essex Police,0.476668,51.731317,On or near Shopping Area,E01033140,Chelmsford 010F,Offender given a caution
1dab0d43a0713baac8e305123ce3cc17cbc5ea79319a4081b3f69d6acd367f97,2015-08,Essex Police,Essex Police,0.477311,51.732761,On or near HIGH BRIDGE ROAD,E01033140,Chelmsford 010F,Offender given a caution
206a5dc6b0c480471cd63da77e2256af8b5a93206de5a9ce28e3ecf5ca4eef23,2015-08,Essex Police,Essex Police,1.258434,51.936934,On or near PARKESTON ROAD,E01022007,Tendring 002D,Suspect charged
542e2f758dc9bba252efd2d94bc186fa02d33c4b7dae33f84f90962afbd6b724,2015-08,Essex Police,Essex Police,0.670862,51.538882,On or near THE RIDGEWAY,E01015830,Southend-on-Sea 012D,Suspect charged
542e2f758dc9bba252efd2d94bc186fa02d33c4b7dae33f84f90962afbd6b724,2015-08,Essex Police,Essex Police,0.670862,51.538882,On or near THE RIDGEWAY,E01015830,Southend-on-Sea 012D,Suspect charged
542e2f758dc9bba252efd2d94bc186fa02d33c4b7dae33f84f90962afbd6b724,2015-08,Essex Police,Essex Police,0.670862,51.538882,On or near THE RIDGEWAY,E01015830,Southend-on-Sea 012D,Suspect charged
10d4a4477ee99a192b95e857108a10b3381365129840ca6e194921346443c4a9,2015-08,Essex Police,Essex Police,0.497196,51.734579,On or near HURST WAY,E01021547,Chelmsford 008D,Offender given a caution
3b36eec2e8c15c60f4850e8b2d47edf4cf2f8cae2fbdcb4b14dc1e5407ee1848,2015-08,Essex Police,Essex Police,0.117097,51.756629,On or near SOUTHERN WAY,E01021823,Harlow 006D,Offender given a drugs possession warning
e12074f89cfbb2cf5b22c1fdf7174f7db0807390bf1f97c9dc1ad425cadfc51f,2015-08,Essex Police,Essex Police,1.154305,51.793321,On or near STATION ROAD,E01022027,Tendring 016D,Unable to prosecute suspect
a0ef8c19d8946abd04f8ccc5ced37e25f4b83a89ee0e1a7c795cb117531ce88c,2015-08,Essex Police,Essex Police,1.155659,51.804392,On or near OLD ROAD,E01022042,Tendring 014A,Suspect charged
c67437ad59adf9e446615a68d095e6158510cea2892171eb680b4c42ed5d933a,2015-08,Essex Police,Essex Police,1.155659,51.804392,On or near OLD ROAD,E01022042,Tendring 014A,Suspect charged
9de1d055091a5bd03430a894d22976a2baf3c36d380dfa7f3b0b3666302883ed,2015-08,Essex Police,Essex Police,1.273035,51.936411,On or near Supermarket,E01022000,Tendring 002A,Local resolution
0621451b0815cfe1cdfd66d366ec9cdc2e8f83bd3d54234645a0ee23b5216133,2015-08,Essex Police,Essex Police,0.280536,51.482444,On or near Parking Area,E01016011,Thurrock 015B,Suspect charged
0621451b0815cfe1cdfd66d366ec9cdc2e8f83bd3d54234645a0ee23b5216133,2015-08,Essex Police,Essex Police,0.280536,51.482444,On or near Parking Area,E01016011,Thurrock 015B,Suspect charged
283cfdcd047daa8b279a725e866a400686477ec93a1dc5614284f4ae8a7c7750,2015-08,Essex Police,Essex Police,0.498377,51.572299,On or near BEAMBRIDGE,E01021306,Basildon 013E,Suspect charged
f2fbb8e90ce9c09fb062a686a01196d8ecb43de136ad38ff77dd0f7ab8b0a1af,2015-08,Essex Police,Essex Police,0.474190,51.732359,On or near Shopping Area,E01033140,Chelmsford 010F,Offender given a caution
8db2b42da06ab341de57b8b0f17fc9162b5d3e0be8f94de23944d3cfe365ead8,2015-08,Essex Police,Essex Police,0.474085,51.733089,On or near High Street Chelmsford,E01033140,Chelmsford 010F,Offender given a caution
4f332ae492c137412aed9f5759d0018df4f858a498e58125beb6e1e7c9d8acaa,2015-08,Essex Police,Essex Police,0.498377,51.572299,On or near BEAMBRIDGE,E01021306,Basildon 013E,Formal action is not in the public interest
8bd0a65fa0d58f7ef2ca3b5a762af87e7df5e715e495f475b9611e8f7156ed8a,2015-08,Essex Police,Essex Police,0.472257,51.733569,On or near Shopping Area,E01033141,Chelmsford 010G,Offender given a caution
9c41f4ae9756865a1930bfc69013ac6df4cee2ef15c90d01eade8cda5a929a6d,2015-08,Essex Police,Essex Police,0.474190,51.732359,On or near Shopping Area,E01033140,Chelmsford 010F,Offender given a caution
12f3b98628e65300fac381d8f08a0ce12a03dad35eb353c7ac23a92de5114b4f,2015-08,Essex Police,Essex Police,0.703897,51.582554,On or near UNION LANE,E01021954,Rochford 007D,Formal action is not in the public interest
de09674665cdc8f12ac38d1d4664e36a310976f7b6b3f7b203f5b4c2c648ec5e,2015-08,Essex Police,Essex Police,1.123858,51.800844,On or near CAVENDISH DRIVE,E01021977,Tendring 013C,Suspect charged
1d93e85a4b3d864578a1fd603ab07393d286b5a1627ee7c8098687bb851c9d95,2015-08,Essex Police,Essex Police,1.128813,51.801369,On or near KERSEY DRIVE,E01022030,Tendring 015C,Suspect charged
f8a4f854bf4a54f8bff120aeef4c7b9bd499bf4f5405d773db55e88d8fc1bf1b,2015-08,Essex Police,Essex Police,0.085955,51.751206,On or near BROCKLES MEAD,E01021863,Harlow 011B,Offender given penalty notice
fa12497f6d8af9cdf7da5518e0cc7d5bf9cc07c8924f6095e9f1235260b7aa30,2015-08,Essex Police,Essex Police,0.888902,51.871889,On or near Sports/Recreation Area,E01033723,Colchester 015G,Unable to prosecute suspect
1c0ee702ef0c256eaaa990829b991ccc9dd5e7d88a8591316589c3da36d7cffe,2015-08,Essex Police,Essex Police,0.686449,51.725142,On or near FITCHES CRESCENT,E01021889,Maldon 004A,Formal action is not in the public interest
aec9305cc4a9702093a400f2a727d952744b9e66cea638ea11bd49c6c9ca91d5,2015-08,Essex Police,Essex Police,1.151440,51.787381,On or near PENFOLD ROAD,E01022025,Tendring 016B,Local resolution
d35ab406657ee353e00ad95d4a158a0efe50e9eea9fd3f69651f4530959172a4,2015-08,Essex Police,Essex Police,0.285222,51.484852,On or near Parking Area,E01016011,Thurrock 015B,Suspect charged
1366fb9923c6e828b23a49a32824882e1c26c5ee7c117caa7b634b0ba7c27639,2015-08,Essex Police,Essex Police,0.545215,51.877563,On or near COLLEGE ROAD,E01021365,Braintree 009D,Formal action is not in the public interest
00ca014ed5763100e8a4bfa213900b2a4fc8cb393031e6e50167322d38055441,2015-08,Essex Police,Essex Police,0.308372,51.490325,On or near DOVE CLOSE,E01033614,Thurrock 020E,Unable to prosecute suspect
4549fcaafa319179633d3f847a9e92cc86487b1c48151715c42aea9b3462bfd2,2015-08,Essex Police,Essex Police,0.261741,51.889938,On or near Airport/Airfield,E01022090,Uttlesford 006B,Local resolution
32e7f01fa91ca979df12f32939aa3f73245004bc5fc419d0c1ac42c7f16f7902,2015-08,Essex Police,Essex Police,0.498523,51.565218,On or near ELM GREEN,E01021317,Basildon 018E,Suspect charged
39439a4f99fdcd42ed76e0f190846901d95af39e403fd8f29d64b78e0f96f1a7,2015-08,Essex Police,Essex Police,0.498523,51.565218,On or near ELM GREEN,E01021317,Basildon 018E,Suspect charged
b0b9982878ef8d7f0f9eab777809feda7d95efdb5c11ace7305185f129d77082,2015-08,Essex Police,Essex Police,0.261741,51.889938,On or near Airport/Airfield,E01022090,Uttlesford 006B,Local resolution
2c193cad0848a236e5ed73fe55955a70e569033e9816c7b168fa8d3a4164cafa,2015-08,Essex Police,Essex Police,0.701088,51.585820,On or near REGENCY CLOSE,E01021954,Rochford 007D,Unable to prosecute suspect
fcdfdbd285ccd1fd1e5c7126176c95e3ed28feaf0625d11b4cd888a8fa4ca2b1,2015-08,Essex Police,Essex Police,0.387333,51.672374,On or near WOODLAND CLOSE,E01021458,Brentwood 002B,Local resolution
c1629b0b4adc50886a80d600c840cbc9a87eb63184649552679cd65fff32c9c8,2015-08,Essex Police,Essex Police,0.243639,51.486627,On or near A1306,E01015921,Thurrock 015A,Local resolution
ea30b2a48b791bd22b5188a4936b7c7f1960262faccf5414ea10e3abe8d824db,2015-08,Essex Police,Essex Police,0.472257,51.733569,On or near Shopping Area,E01033141,Chelmsford 010G,Offender given a caution
ea30b2a48b791bd22b5188a4936b7c7f1960262faccf5414ea10e3abe8d824db,2015-08,Essex Police,Essex Police,0.472257,51.733569,On or near Shopping Area,E01033141,Chelmsford 010G,Offender given a caution
a1646ed5b7367e1280f85681110db7105a2bb5a4d8c28a34362e392570e0c582,2015-08,Essex Police,Essex Police,1.152215,51.788718,On or near Shopping Area,E01022025,Tendring 016B,Suspect charged
4cc878f7f1daba746aaed7dc6fa96d2e2ef0417179bfe0e15b688bdc10da67cb,2015-08,Essex Police,Essex Police,0.094133,51.767643,On or near Shopping Area,E01021872,Harlow 007E,Local resolution
df40c5e6f6f3b4be55d3844e547ef7f7031b358507a729f27efe9c50dbfb69cf,2015-08,Essex Police,Essex Police,0.645331,51.545523,On or near SALISBURY ROAD,E01015909,Southend-on-Sea 008B,Formal action is not in the public interest
89dde797b9cc979aeeb47d755f9bf507f66065073fecae7c734446789057c96c,2015-08,Essex Police,Essex Police,0.541117,51.880638,On or near MALYON CLOSE,E01021365,Braintree 009D,Suspect charged
ada87e9a2481409d035d1479cd46e3029c31f2a043b83d559232f3861c364830,2015-08,Essex Police,Essex Police,0.078735,51.725553,On or near CHESTNUT WALK,E01021741,Epping Forest 002A,Suspect charged
b87fe69d45a1355e94823dd709953f52067ee194c57e989b6dda6fc09c420a78,2015-08,Essex Police,Essex Police,0.371713,51.464752,On or near COWPER AVENUE,E01016009,Thurrock 018G,Suspect charged
015cafbd83645c2af12cdfe25691f2d8517abc4ea7d4ec66a10a02d97e33e8de,2015-08,Essex Police,Essex Police,0.499167,51.749825,On or near SUNFLOWER CLOSE,E01021621,Chelmsford 007B,Formal action is not in the public interest
332e5217143da3ad794bc1b5c91c732b7bab2650a833daeef5eda9e197daa414,2015-08,Essex Police,Essex Police,0.026034,51.688426,On or near BROMEFIELD COURT,E01021816,Epping Forest 007E,Suspect charged
60b454d7eb75221c3c4f79ba0ef1fa10298ce4fc59de19a1100c2e68ba2f2c03,2015-08,Essex Police,Essex Police,0.097001,51.781044,On or near Parking Area,E01021853,Harlow 003E,Unable to prosecute suspect
437cdbd1d06948e2033fbc6ea234055cdf0c75c5800f7245d08e4649033b232d,2015-08,Essex Police,Essex Police,0.730138,51.535062,On or near Supermarket,E01015841,Southend-on-Sea 014C,Suspect charged
5614a1ed3668e291764ca42dadcc219041cdf7a1cf61b3471e12d105c67ad634,2015-08,Essex Police,Essex Police,0.704419,51.560723,On or near THORNFORD GARDENS,E01015866,Southend-on-Sea 002D,Suspect charged
8a2c6a8adaae06b09809e9aeac96774f93c2346c2ba8e916f91da575e507d88a,2015-08,Essex Police,Essex Police,0.084680,51.767568,On or near HARE STREET,E01021842,Harlow 004D,Suspect charged
6affd666798a14df55ce02815399dd9c06b80293735819dd27ffcbb25cfea7ad,2015-08,Essex Police,Essex Police,1.062805,51.945815,On or near NORTH STREET,E01022020,Tendring 003F,Local resolution
1fa5793d360599d5b1e2c50e7889cb584bee2d834c8897fcd8924abf0c56db88,2015-08,Essex Police,Essex Police,1.075399,51.813734,On or near Oaklands Holiday Park,E01022047,Tendring 018E,Suspect charged
c8eeaa0b501554a5b7e2c137b4c9190ba341d2c2ac07aa082f9bcafc4fec5f37,2015-08,Essex Police,Essex Police,0.466439,51.574162,On or near LONGACRE,E01021266,Basildon 015A,Suspect charged
65bdb9efd67823514299d9ea3c55a8c9e7d851c30f1f362ab4aaceb1f33361eb,2015-08,Essex Police,Essex Police,0.309168,51.487549,On or near SACHFIELD DRIVE,E01033612,Thurrock 020D,Unable to prosecute suspect
c4cf82acfa6c72c7e850b89a95ada0888e31fc0d0aa4c68254528a377a1f2353,2015-08,Essex Police,Essex Police,0.893012,51.922080,On or near BOXTED ROAD,E01021680,Colchester 004B,Unable to prosecute suspect
504b9072a6bdb6c6f654c4ae111fa5d4a1287ddfd33fc6068a0c14e6008489d7,2015-08,Essex Police,Essex Police,0.696993,51.544706,On or near WEST ROAD,E01015900,Southend-on-Sea 010F,Suspect charged
87d6234c79a7dfbd26be1732352579365d71a9933f39b227395c8a21a3e23b54,2015-08,Essex Police,Essex Police,0.579366,51.515353,On or near AZALEA MEWS,E01021502,Castle Point 011E,Formal action is not in the public interest
535caf218886b2a6f4787e5da1f3bc1911b79615c2ba9751baae814aadbb8f41,2015-08,Essex Police,Essex Police,0.852329,51.880561,On or near OAKLANDS AVENUE,E01021691,Colchester 014C,Formal action is not in the public interest
9ab306e499dc27f3a2c06f02943b8e69c9056c4236372f239bb88115d9f17b94,2015-08,Essex Police,Essex Police,0.470773,51.734229,On or near MARKET ROAD,E01033141,Chelmsford 010G,Formal action is not in the public interest
6532fa5defd9c0f5ead6c133dfad4a4a636b3883c22e7c74d01f2af7ad8d6b27,2015-08,Essex Police,Essex Police,0.466356,51.744889,On or near COOPER'S ROW,E01021591,Chelmsford 002E,Suspect charged
376f9c50f92c6858ef4d16e95112f8c52a941cf726c33795160bee33c4cd5840,2015-08,Essex Police,Essex Police,0.466356,51.744889,On or near COOPER'S ROW,E01021591,Chelmsford 002E,Formal action is not in the public interest
9cd81c4cc930959b95803586f846c68abc7f901854b06e576ef84a8e6baa9989,2015-08,Essex Police,Essex Police,0.362233,51.460456,On or near SYDNEY ROAD,E01016004,Thurrock 018B,Formal action is not in the public interest
f1e7aacfaf9b53b5119627e512a67341231921d6a24c2df23e751a8c973aa912,2015-08,Essex Police,Essex Police,0.073263,51.753103,On or near A1169,E01021864,Harlow 011C,Formal action is not in the public interest
511d26751fcec389c53287a3d33e00b0d9bc8700e77de267c0e35b57b5c93edc,2015-08,Essex Police,Essex Police,0.726847,51.533789,On or near HAWTREE CLOSE,E01015842,Southend-on-Sea 014D,Formal action is not in the public interest
93ee5030500426958855b4d3dae03f63deddf98032972d0ae8f336f4530bc488,2015-08,Essex Police,Essex Police,0.471939,51.696677,On or near MORETONS,E01021554,Chelmsford 017C,Formal action is not in the public interest
8a38c19c6010ca0de01de77059b984f74c98ad763236fce32f03a2950b7fa560,2015-08,Essex Police,Essex Police,0.262086,51.499906,On or near STANFORD GARDENS,E01015926,Thurrock 008E,Unable to prosecute suspect
7332e41caa809cbd460fb4721c408ab4245463abdd90a548cc7007725635a2d7,2015-08,Essex Police,Essex Police,0.360158,51.463772,On or near ALBANY ROAD,E01016010,Thurrock 018H,Suspect charged
9f39110e9e12faa4f07430e6861705354a8011805db89232496fbe9362181d1a,2015-08,Essex Police,Essex Police,0.924708,51.892795,On or near LONGCROFT ROAD,E01021704,Colchester 022F,Suspect charged
9252b941afb33884f9f37f062dd5a4e0a0b3f39e7c8f57f0c2b4890a98305a0a,2015-08,Essex Police,Essex Police,0.422007,51.572650,On or near HIGH ROAD,E01021290,Basildon 016D,Unable to prosecute suspect
d9596dcb07163dcc9e3a5aef588a8a63a946fca19ba43e4da2ff64bbf1eee029,2015-08,Essex Police,Essex Police,1.154354,51.788616,On or near COLNE ROAD,E01022025,Tendring 016B,Unable to prosecute suspect
cbb438af9dfd6c7c9672c097a1b842d885d88e59759f8806e4f16020ebece535,2015-08,Essex Police,Essex Police,0.581549,51.565650,On or near BOYTON CLOSE,E01021512,Castle Point 004D,Formal action is not in the public interest
e651f9b8ed749f8de35136d101096477cbbd7c70387a6905720ebd50f47ecffe,2015-08,Essex Police,Essex Police,0.538347,51.583051,On or near NORTH BENFLEET HALL ROAD,E01021312,Basildon 011F,Formal action is not in the public interest
d646f267f01d4a75b3ccf25a18f3004b093dcd50f1d31f8ec7599282647b4e06,2015-08,Essex Police,Essex Police,0.428935,51.569953,On or near FOXGLOVE COURT,E01021288,Basildon 016B,Unable to prosecute suspect
0771fc744beab1de58c95b98b562209d96eb1f2a55923d3f6a5f5055b321ad1d,2015-08,Essex Police,Essex Police,0.568327,51.525380,On or near SEVENTH AVENUE,E01021507,Castle Point 010E,Local resolution
b53bfe0501b602c4262f46b7e5b0654713582438d6dbbd988ebde589e4a598bb,2015-08,Essex Police,Essex Police,0.285272,51.488728,On or near Parking Area,E01016011,Thurrock 015B,Suspect charged
699fea4e64d66c0fe71595cec49711e9f963a56e97c596728a14e68754f19521,2015-08,Essex Police,Essex Police,0.132995,51.791727,On or near CAMBRIDGE ROAD,E01021854,Harlow 001A,Suspect charged
a8cf6a075dc389c06a6c42e52665887f6c57ddc1c8804f588d567caebf37f51b,2015-08,Essex Police,Essex Police,0.261741,51.889938,On or near Airport/Airfield,E01022090,Uttlesford 006B,Offender given a drugs possession warning
64f54a929f78e16e51313835a25ba4a8d6d0ef8194c174be2fa18dca4a3bc6b9,2015-08,Essex Police,Essex Police,0.547957,51.891614,On or near KINGS ROAD,E01021359,Braintree 008D,Formal action is not in the public interest
1f94453fc17048608e39b60e7f43a3f652bae2f696c9ca082c5c316c6b13b8fc,2015-08,Essex Police,Essex Police,0.070487,51.649568,On or near DURNELL WAY,E01021790,Epping Forest 012E,Formal action is not in the public interest
506371ce70a4ed2e9f541aa86df741b8b10b51540ba47343aabe3002dec3a973,2015-08,Essex Police,Essex Police,0.462235,51.775920,On or near PUDDINGS WOOD LANE,E01021542,Chelmsford 002A,Formal action is not in the public interest
dfd9a7326faca4d8a0612f8bdc8dd21c3238bf63830bb8b94f47f1cbdabbbc26,2015-08,Essex Police,Essex Police,0.462235,51.775920,On or near PUDDINGS WOOD LANE,E01021542,Chelmsford 002A,Formal action is not in the public interest
468bdfd56c84cb8bab50e1b154e66ed77440a10bc391e211ef180014c5b392b0,2015-08,Essex Police,Essex Police,0.635700,51.934016,On or near TIDINGS HILL,E01021382,Braintree 003A,Suspect charged
60bdcd052065707cabc63ec338beaea218749de68ca3f4fa8029eda4c19f9fcc,2015-08,Essex Police,Essex Police,0.480675,51.564454,On or near PITSEAVILLE GROVE,E01021324,Basildon 019C,Local resolution
ba36da95f71f6eb3cab99d1cf89065694d791289b59e2bf1636fb1eb3ecd39e0,2015-08,Essex Police,Essex Police,0.442568,51.569859,On or near RAPHAELS,E01021287,Basildon 017A,Formal action is not in the public interest
57ea6ebb3d68079bedb122fa719e36001f3f19eb99b09396ae0147f8aab17e34,2015-08,Essex Police,Essex Police,0.470773,51.734229,On or near MARKET ROAD,E01033141,Chelmsford 010G,Offender given a drugs possession warning
3e844a617b04ad95f3919bf7aabc47d8317bd872d7b3e2f91b8b78b2cf481977,2015-08,Essex Police,Essex Police,0.055328,51.648719,On or near Parking Area,E01021791,Epping Forest 012F,Suspect charged
c126720425937d638442d840cc59b9cd6c66ff722a91534644a7d99fb87fb6c1,2015-08,Essex Police,Essex Police,0.683429,51.648452,On or near Parking Area,E01021902,Maldon 007F,Formal action is not in the public interest
c8889ad646f31876a2df4f45c0418cbb3b9f6e142aa1b995259651598b0b2855,2015-08,Essex Police,Essex Police,0.055328,51.648719,On or near Parking Area,E01021791,Epping Forest 012F,Suspect charged
b555b9cfe0e7fde383964776af5363bbe9f3d911e333027bd5d11ae9acea91ba,2015-08,Essex Police,Essex Police,0.284490,51.487772,On or near Shopping Area,E01016011,Thurrock 015B,Local resolution
b555b9cfe0e7fde383964776af5363bbe9f3d911e333027bd5d11ae9acea91ba,2015-08,Essex Police,Essex Police,0.284490,51.487772,On or near Shopping Area,E01016011,Thurrock 015B,Local resolution
b555b9cfe0e7fde383964776af5363bbe9f3d911e333027bd5d11ae9acea91ba,2015-08,Essex Police,Essex Police,0.284490,51.487772,On or near Shopping Area,E01016011,Thurrock 015B,Local resolution
55857bdce407623529c2c926060bec956c900c530750bf6ff21bd488e98c74a7,2015-08,Essex Police,Essex Police,0.057293,51.651265,On or near YORK CRESCENT,E01021791,Epping Forest 012F,Formal action is not in the public interest
8dc3c727d3dc9d35d89a8998d662023476bcfef98d32ce4c0b69710f70333441,2015-08,Essex Police,Essex Police,1.143313,51.787310,On or near WASHFORD GARDENS,E01022037,Tendring 017D,Local resolution
9c4853151553f975075fc1d8dff95e674699bd44f4dadecf3b14ad4d33d310d8,2015-08,Essex Police,Essex Police,1.131383,51.799519,On or near GARDENIA PLACE,E01022023,Tendring 015A,Formal action is not in the public interest
219acd9abc95a472fa06a8f3fab6f9e30d9615c95a29d4143779276d651c2cac,2015-08,Essex Police,Essex Police,0.598298,51.522040,On or near HERBERT ROAD,E01021497,Castle Point 012D,Unable to prosecute suspect
c093670b33bc4a2f3c48c016257c242455af9426891080ba2d6b31f2ac721038,2015-08,Essex Police,Essex Police,0.893012,51.922080,On or near BOXTED ROAD,E01021680,Colchester 004B,Unable to prosecute suspect
578928266d04a3ca6512d13b064f2132aa749bfea0e062f788502113fc4cd2e4,2015-08,Essex Police,Essex Police,0.261741,51.889938,On or near Airport/Airfield,E01022090,Uttlesford 006B,Offender given penalty notice
4e73512683b6d4db93f7e82b198af4edeeafdf93838f4bd04eea788ba8505675,2015-08,Essex Police,Essex Police,0.716192,51.535521,On or near HEYGATE AVENUE,E01015852,Southend-on-Sea 015B,Suspect charged
92c127003b7766df399f62de5e507d767e851f5ca8cafc27ceca7ff651383abb,2015-08,Essex Police,Essex Police,0.731073,51.540319,On or near Parking Area,E01015839,Southend-on-Sea 014A,Local resolution
ef1dd499749f83a5dd48c5fb73ff9cd829c593578e095ebea36aba3480884069,2015-08,Essex Police,Essex Police,0.601472,51.586039,On or near ROOKERY CLOSE,E01021963,Rochford 008D,Local resolution
2991d7eaf744e26e027ae513c3d12c94e3f26cc2a4bc5eb6d932187314b71527,2015-08,Essex Police,Essex Police,0.369344,51.866984,On or near FLITCH LANE,E01022067,Uttlesford 007B,Unable to prosecute suspect
751870c9843344350c675065287c1d3e52c0cdb950459abbd7661dbc6477d326,2015-08,Essex Police,Essex Police,0.462235,51.775920,On or near PUDDINGS WOOD LANE,E01021542,Chelmsford 002A,Unable to prosecute suspect
e638ac86ded3620152dd5e7cff49f93fe5d78799aa72f1d22c571f5ad6a49bfb,2015-08,Essex Police,Essex Police,0.795233,51.692025,On or near BLACKWATER MEWS,E01021901,Maldon 006A,Formal action is not in the public interest
d18976d3897486ea777e2e67a09255751c6282d3c537f4f2d7408769efa06c93,2015-08,Essex Police,Essex Police,0.904233,51.885226,On or near PORTLAND ROAD,E01021683,Colchester 011A,Formal action is not in the public interest
66975b3160b23f0aca02d73348c50560d6e90178b4e55d82010cd9eabd15392d,2015-08,Essex Police,Essex Police,0.691952,51.550451,On or near SPRINGFIELD DRIVE,E01015904,Southend-on-Sea 007D,Suspect charged
c692aae4e7cb0f423455fe18f4383a94bb828858df5b11d57f8cd360f11ddfbe,2015-08,Essex Police,Essex Police,0.442273,51.710130,On or near Parking Area,E01021634,Chelmsford 011D,Suspect charged
43c443a133dbfdee73359f62a8209676a9ed71e6faa02e0d5e9cfa25677fd1e1,2015-08,Essex Police,Essex Police,0.938659,51.886961,On or near HUNWICKE ROAD,E01021700,Colchester 008E,Formal action is not in the public interest
0858e2abe697fe10b9c2136307753e68bd1272058ddac0322d58baea885235a1,2015-08,Essex Police,Essex Police,0.508821,51.568281,On or near CORFE CLOSE,E01021316,Basildon 018D,Unable to prosecute suspect
0858e2abe697fe10b9c2136307753e68bd1272058ddac0322d58baea885235a1,2015-08,Essex Police,Essex Police,0.508821,51.568281,On or near CORFE CLOSE,E01021316,Basildon 018D,Unable to prosecute suspect
e05976f97c452552e2070a6ab0dfc92b1bab30a13eade1a791d7a19af1f0cfe5,2015-08,Essex Police,Essex Police,0.115890,51.760868,On or near LITTLE BRAYS,E01021820,Harlow 006B,Unable to prosecute suspect
28633f72512b8603b232b50204de751b47c52c51945e276c419a26450ff57923,2015-08,Essex Police,Essex Police,0.092612,51.768596,On or near Theatre/Concert Hall,E01021872,Harlow 007E,Offender given a caution
6fa0de0dbd55a062936b8ab2c4d30346b3db088c3305058a152c9edd7002934a,2015-08,Essex Police,Essex Police,0.472257,51.733569,On or near Shopping Area,E01033141,Chelmsford 010G,Offender given a caution
376210ae7990dfa607d385bf1990f6d19d7195c73c5b6d592bea19be693bf16e,2015-08,Essex Police,Essex Police,0.199619,51.902582,On or near LOWER STREET,E01022083,Uttlesford 005C,Unable to prosecute suspect
2044f425c3d12a4710eb969431d6e0bf364cd30d3be78ba14888954c551faafc,2015-08,Essex Police,Essex Police,0.903660,51.909028,On or near HOLLYMEAD CLOSE,E01021682,Colchester 004D,Unable to prosecute suspect
8811395c7875388fc51161202ce1c28f179117aa359bd2b662c2761544fa4d56,2015-08,Essex Police,Essex Police,0.327866,51.496874,On or near HARTY CLOSE,E01015994,Thurrock 009D,Formal action is not in the public interest
a4db9618f9e300c5de3dda5cfd92cbee15bb3c175b68c2a2d74a7e2e174b507d,2015-08,Essex Police,Essex Police,0.416916,51.625455,On or near ROSE LANE,E01021240,Basildon 003B,Suspect charged
b7f9df7c3224c31a1bd9daffd78f2300982f900f12ee1433b8fbd0861f41db53,2015-08,Essex Police,Essex Police,0.708846,51.542220,On or near Parking Area,E01015895,Southend-on-Sea 010A,Formal action is not in the public interest
427f2b799f6351b0061af34b593a0db7b6780aafa3ab1932598a42db4d3dd935,2015-08,Essex Police,Essex Police,0.819138,51.634730,On or near D'ARCY CLOSE,E01033057,Maldon 008G,Formal action is not in the public interest
4cb40c38c1c8a8e7648dedbe37be463ebc7e953ae2aaa7509af7a39f0984db3a,2015-08,Essex Police,Essex Police,1.148149,51.793234,On or near OLD ROAD,E01022026,Tendring 016C,Local resolution
e17e2935d723dc1b44c548becadf8ba82de537e8800a129c9559e12ac322617f,2015-08,Essex Police,Essex Police,1.150195,51.799691,On or near Park/Open Space,E01021970,Tendring 016A,Unable to prosecute suspect
0d1c1cdff597729cc8b798a9bd0aad7acd74261aa8755d42e224248fae3203fc,2015-08,Essex Police,Essex Police,0.284143,51.486609,On or near Shopping Area,E01016011,Thurrock 015B,Unable to prosecute suspect
0d77741f18aecad68a12e2b7a507f0caf5e56abaa20dd6f372f8d769e6180184,2015-08,Essex Police,Essex Police,0.631990,51.945458,On or near BUTLER ROAD,E01021387,Braintree 004A,Suspect charged
a5dbacbcbc1f6e699f1ec3e5e7afdb29d7adb31116b08c0ed39ff9f0729868cb,2015-08,Essex Police,Essex Police,0.607016,51.585538,On or near Parking Area,E01021962,Rochford 008C,Unable to prosecute suspect
6871338294b93285f455d525083bf2ef1e06ca482fe2c5cb158689318d840d30,2015-08,Essex Police,Essex Police,0.458530,51.741887,On or near RIDGEWELL AVENUE,E01021575,Chelmsford 009B,Formal action is not in the public interest
d2828b0a985815865346a503bd158d45e3d769424af8c74c65200e0073a198c8,2015-08,Essex Police,Essex Police,0.918776,51.893455,On or near Supermarket,E01021704,Colchester 022F,Unable to prosecute suspect
680cb1fe8507cddaebdb2617a2ca715de482147075f7b71cbc8b3f0c0b742271,2015-08,Essex Police,Essex Police,0.261741,51.889938,On or near Airport/Airfield,E01022090,Uttlesford 006B,Local resolution
ce0fedd1c052571d07f585313142259a0ab63a19d39e55ee50abf89c67ed9d81,2015-08,Essex Police,Essex Police,0.092373,51.766253,On or near LUTHER KING ROAD,E01021868,Harlow 007B,Suspect charged
385fccc06c1762a5a844ca3c5df4aa86cac7bb25998372c07a3f27c0808107b6,2015-08,Essex Police,Essex Police,0.591332,51.560578,On or near Petrol Station,E01021511,Castle Point 002C,Local resolution
1f9503a0b3d2bd948a4e4b3cdafeeea7882f1be5cd5f9cb41f9b6ae158575e86,2015-08,Essex Police,Essex Police,0.607016,51.585538,On or near Parking Area,E01021962,Rochford 008C,Unable to prosecute suspect
7d736c5f85783e61256b7ecda42b75bb21e3fff85b69896a2b83776295081ce5,2015-08,Essex Police,Essex Police,0.516858,51.617616,On or near SILVER WAY,E01021338,Basildon 005C,Local resolution
d0152ee86fc9787b64a917f1721c14384d40170fd5cc062fa70032565f487116,2015-08,Essex Police,Essex Police,0.645642,51.564060,On or near GREAT HAYS,E01015817,Southend-on-Sea 003D,Unable to prosecute suspect
701b0e0f9d1284f103ff0d18a2e7e8c48ddb96430f2b79c3d7ff8ddcf18c83d0,2015-08,Essex Police,Essex Police,0.534031,51.572937,On or near PAGE ROAD,E01021312,Basildon 011F,Unable to prosecute suspect
53e1cc1fa7ae2414c154e4e67fe8a98d5ab662256c22f05a395e4a43775e455b,2015-08,Essex Police,Essex Police,0.072078,51.647687,On or near COLSON PATH,E01021772,Epping Forest 013B,Suspect charged
fef91f68691a6f3eb08951f36e9f3d1d1cfa06bab663f6e79987b05e7ac7d1bb,2015-08,Essex Police,Essex Police,0.082836,51.647128,On or near Supermarket,E01021776,Epping Forest 011C,Suspect charged
9275c912386ef4314e59324e038c5c3f2c522b64047e47d6278154300ce20e1c,2015-08,Essex Police,Essex Police,0.974544,51.938420,On or near MALTING FARM LANE,E01021971,Tendring 005A,Suspect charged
2a287e5c8b6dcb68ac7db3a3547f205d3c410d090d58928f2f4c11fcb37da225,2015-08,Essex Police,Essex Police,0.450803,51.522535,On or near THAMES CLOSE,E01015983,Thurrock 002B,Suspect charged
321152a19be93d4363e0be0b3d60817daf494b3b2c8f0b3757c65573bfa5eb19,2015-08,Essex Police,Essex Police,0.641646,51.945835,On or near MANFIELD,E01021388,Braintree 004B,Unable to prosecute suspect
2829de9533f4b3bfba8181d735edd71e1f8c295fe05d9b2698eb007b18db2a5b,2015-08,Essex Police,Essex Police,0.450803,51.522535,On or near THAMES CLOSE,E01015983,Thurrock 002B,Suspect charged
9eb3cc43a935d8579a5f6918d2e0115fecaba1f5a68e056f977e53e263d2bd79,2015-08,Essex Police,Essex Police,0.714148,51.540424,On or near Parking Area,E01015895,Southend-on-Sea 010A,Suspect charged
3c0c0aeb504b01bc97a980d4120eccd5157ac5ab47a07d0bd7c3e8c829ab20a0,2015-08,Essex Police,Essex Police,0.397253,51.509757,On or near Petrol Station,E01015979,Thurrock 004C,Unable to prosecute suspect
3c0c0aeb504b01bc97a980d4120eccd5157ac5ab47a07d0bd7c3e8c829ab20a0,2015-08,Essex Police,Essex Police,0.397253,51.509757,On or near Petrol Station,E01015979,Thurrock 004C,Unable to prosecute suspect
b47a349cc3980e3155b9027cd15fb7f4e7a26ca1e88854f96ffcd85b344c18d0,2015-08,Essex Police,Essex Police,1.142837,51.821114,On or near STONEHALL DRIVE,E01022016,Tendring 007C,Formal action is not in the public interest
5eaf9be4b245d9019c197db97f898432d3d12e6ec1bc5ff362ab44f4658bf33a,2015-08,Essex Police,Essex Police,0.397253,51.509757,On or near Petrol Station,E01015979,Thurrock 004C,Offender given a caution
0c4e9ce6919e0cd097a1e523940969d6301d983df971d60bbefd06d6a269f8cd,2015-08,Essex Police,Essex Police,0.830150,51.888121,On or near ESSEX YEOMANRY WAY,E01021718,Colchester 012A,Offender given penalty notice
aa2fcd35eb8819b306858b9aba79ed688d389d4c30ab94cf1fc7f52d7caaed69,2015-08,Essex Police,Essex Police,0.717984,51.542359,On or near Supermarket,E01015895,Southend-on-Sea 010A,Offender given penalty notice
03f0d661a424ddcb98425a5c4c628adc56e0e417881eb9356dba255bc8b24b4a,2015-08,Essex Police,Essex Police,0.253167,51.499907,On or near CHICHESTER CLOSE,E01015926,Thurrock 008E,Formal action is not in the public interest
46b128ac1bf24e859ef1621cb7e7b756619275efe530af345526014a20305756,2015-08,Essex Police,Essex Police,1.151333,51.789380,On or near Supermarket,E01022025,Tendring 016B,Suspect charged
dea1a0c8356a9065737cd2449a4c33654c64654f7794d05bf901b84376d5e168,2015-08,Essex Police,Essex Police,0.474190,51.732359,On or near Shopping Area,E01033140,Chelmsford 010F,Suspect charged
da42882bb819a420632e12f770e43e3962d308edbc25be08820a8d1257c2dfc8,2015-08,Essex Police,Essex Police,0.430569,51.571898,On or near DRAKE ROAD,E01021289,Basildon 016C,Suspect charged
3e18861e6e9154001eccc09a362dc4217e97ecedf775e746832a0f6537868e67,2015-08,Essex Police,Essex Police,0.626876,51.811278,On or near BLACKTHORN ROAD,E01021426,Braintree 015E,Local resolution
f9cb2546a8fb05cdba9cb6a58384e6c28fce8ac290deed6590b7b831aa1a89ec,2015-08,Essex Police,Essex Police,0.092612,51.768596,On or near Theatre/Concert Hall,E01021872,Harlow 007E,Suspect charged
5dc651963ea8578938278f619b65ec789e5a676468bbd5481720729943c3a0b8,2015-08,Essex Police,Essex Police,0.476033,51.728444,On or near GOLDLAY ROAD,E01021579,Chelmsford 012C,Formal action is not in the public interest
9a4f5cfd3b751f7f9fb3d2d0696e3785612a89eb1ae5386bef74653e56fd27bd,2015-08,Essex Police,Essex Police,1.146196,51.789968,On or near Supermarket,E01022038,Tendring 017E,Suspect charged
9a4f5cfd3b751f7f9fb3d2d0696e3785612a89eb1ae5386bef74653e56fd27bd,2015-08,Essex Police,Essex Police,1.146196,51.789968,On or near Supermarket,E01022038,Tendring 017E,Suspect charged
7fcd8e6ee4bb3bc34877294cd203cc9829e68ad422298626dd1210f589830848,2015-08,Essex Police,Essex Police,0.397253,51.509757,On or near Petrol Station,E01015979,Thurrock 004C,Suspect charged
d47fde8071407a449aa816233ab734d5b929fb92ff7dcc8f319f57f696fccb6b,2015-08,Essex Police,Essex Police,0.270445,51.486039,On or near Parking Area,E01016012,Thurrock 015C,Offender given a caution
37c92957d3b61c006ea6972372124dbb143623322116e7036466381c761a9b92,2015-08,Essex Police,Essex Police,0.375595,51.462992,On or near BRONTE CLOSE,E01016005,Thurrock 018C,Unable to prosecute suspect
d6ab3d06a4f08cfda901dcdba4e3ba4ff2d816ca936fee06d00819cbc9d3825c,2015-08,Essex Police,Essex Police,0.416509,51.623512,On or near Supermarket,E01021244,Basildon 004A,Suspect charged
463e51afcd0d37119810076885cb0325c9dfb8cab1dde6c78952a6c4d5a8d0af,2015-08,Essex Police,Essex Police,0.243639,51.486627,On or near A1306,E01015921,Thurrock 015A,Local resolution
c9c63919dbae9a5108a49c16f4439d261a0ca0437853d1ecfe98b78a34ec8303,2015-08,Essex Police,Essex Police,0.474190,51.732359,On or near Shopping Area,E01033140,Chelmsford 010F,Suspect charged
7e3631a604a015e887f1ddaed1eb27af40ea6906f5e9d0b9c717c2069af3a9a8,2015-08,Essex Police,Essex Police,0.686001,51.556937,On or near ROCHESTER MEWS,E01015859,Southend-on-Sea 004C,Formal action is not in the public interest
4d738748dda90877e2055589eb133ef55b5285f3bfccba60cda78ab4c8f665f0,2015-08,Essex Police,Essex Police,0.443147,51.744322,On or near CLYDE CRESCENT,E01021598,Chelmsford 003C,Offender given a caution
3c764550b6de15ce9f15667a4f76898ff3d765d96c3b4e7bbb87541a05c52ae4,2015-08,Essex Police,Essex Police,0.700525,51.551981,On or near BURR HILL CHASE,E01015861,Southend-on-Sea 004E,Suspect charged
a5214fcdf68aa1d023866d9735a1e1d74233b2e23fe2ffd87a92f44dd95c7a3c,2015-08,Essex Police,Essex Police,1.148149,51.793234,On or near OLD ROAD,E01022026,Tendring 016C,Local resolution
34653b17e0572b037629575cf36b29d286d8644db2d9e944d122a8dbe69063c8,2015-08,Essex Police,Essex Police,1.211189,51.855882,On or near WALTON ROAD,E01021974,Tendring 007B,Suspect charged
37ecd7b988d7062b3232c814899d7bb655e772dacea9bb909d15adc0c2d080a9,2015-08,Essex Police,Essex Police,0.586503,51.866321,On or near LONG GREEN,E01021380,Braintree 012E,Formal action is not in the public interest
a20410de93b658195757a80dc01f94d9b1125d79dee6a8f6296b481fcb5db6f4,2015-08,Essex Police,Essex Police,1.030364,51.810811,On or near MARGARET CLOSE,E01021981,Tendring 011C,Local resolution
6c6504000b4e2a2334511c3cffe8de256f23e09c19ff173562f53e9a57941dea,2015-08,Essex Police,Essex Police,0.709094,51.540820,On or near Supermarket,E01015895,Southend-on-Sea 010A,Suspect charged
2037b96450df2f832fac0c8246df26ad0c97a23e2c805c977b9394498e734229,2015-08,Essex Police,Essex Police,0.459707,51.571362,On or near NORTH GUNNELS,E01021318,Basildon 015C,Formal action is not in the public interest
a97133dfed2919c2a8137b9f72f2a68c806b8bf6bcd01b6f194953bf9cd056c9,2015-08,Essex Police,Essex Police,0.908982,51.832514,On or near BRACKEN WAY,E01021695,Colchester 019E,Unable to prosecute suspect
aadade3188d7f5e8a3e6c70d45d7ad77a47547dacaa41b1b181e5122af2d6dab,2015-08,Essex Police,Essex Police,0.478516,51.565615,On or near CLAY HILL ROAD,E01021324,Basildon 019C,Formal action is not in the public interest
a8d4bca6a82fb8a8b5408418e8eac338564b23b85fd7e8f2f8162bab868c08af,2015-08,Essex Police,Essex Police,1.082635,51.774555,On or near LINKS ROAD,E01022045,Tendring 018D,Local resolution
d330284e394cdacfc062723f1c52ce8f32e496227ded03b251a64d95f6f6f225,2015-08,Essex Police,Essex Police,0.416509,51.623512,On or near Supermarket,E01021244,Basildon 004A,Suspect charged
eac268200a1f892496c58d8086625b7bea0dee3591ce158fb18c0f731c4dbaae,2015-08,Essex Police,Essex Police,0.054922,51.637197,On or near DUNMOW CLOSE,E01021785,Epping Forest 014D,Suspect charged
11d23b33c97f159714ec0704f3ab282bf760eff25478d30fd44a35ba62bccd4e,2015-08,Essex Police,Essex Police,0.298021,51.667816,On or near Supermarket,E01021441,Brentwood 001A,Suspect charged
40587237e04a0ed21c7458d922927faacff0cc12dcd42be1e4bcee8646c907a2,2015-08,Essex Police,Essex Police,0.514624,51.579290,On or near MONTSALE,E01021301,Basildon 011A,Offender given a caution
bf82551bff320d18b8cb161528e0bf9daac375428522bc848363eb2c8e8a8766,2015-08,Essex Police,Essex Police,0.675098,51.549641,On or near MARTYNS GROVE,E01015822,Southend-on-Sea 005C,Local resolution
24b1f8a896c65675b6fc94000baf443f9c81ab503039a1c78ffb7c24e817fd39,2015-08,Essex Police,Essex Police,0.291069,51.635506,On or near Supermarket,E01021461,Brentwood 004D,Suspect charged
82467fc4d9ee8806e02c19b19ad81d4a1e94396a519672264af0fdbadb994374,2015-08,Essex Police,Essex Police,0.462235,51.775920,On or near PUDDINGS WOOD LANE,E01021542,Chelmsford 002A,Formal action is not in the public interest
fbd800c41f5c30810908ad3591431de8918048c3a7225f492f7375716b6ba52f,2015-08,Essex Police,Essex Police,0.620459,51.642239,On or near CULVER RISE,E01021610,Chelmsford 020F,Offender given a caution
37379616fedded9800ce103b17353d4ad14bf1ead7e856ad1c7e47fc8dcda916,2015-08,Essex Police,Essex Police,0.700525,51.551981,On or near BURR HILL CHASE,E01015861,Southend-on-Sea 004E,Suspect charged
0c58019b59c8e4442083b1da97950baa2aa575f3144177ab0bee1467893bf9d7,2015-08,Essex Police,Essex Police,0.250517,51.501388,On or near BUCHANAN CLOSE,E01015925,Thurrock 008D,Formal action is not in the public interest
c1f0429bd5bbf3dd0a2a793947453124fa9846e6d5e56374d1fe8051499c134f,2015-08,Essex Police,Essex Police,0.137204,51.792406,On or near WHEATFIELDS,E01021854,Harlow 001A,Formal action is not in the public interest
e1267ea85bcf5a3a45e5b895d60823d916140230ddfe7ea7647f4d5288cce393,2015-08,Essex Police,Essex Police,0.716176,51.536213,On or near YORK ROAD,E01015852,Southend-on-Sea 015B,Suspect charged
05b873a3d31ded044b86b94c7c98650710833a7fd1cf678e73810ef2fe68b560,2015-08,Essex Police,Essex Police,0.050668,51.629062,On or near DENE ROAD,E01021743,Epping Forest 015B,Suspect charged
c632bc9138559c6a8da38e8b90407408e6cadc8b1beb2350c67d539c18775e73,2015-08,Essex Police,Essex Police,0.689093,51.553827,On or near Hospital,E01015858,Southend-on-Sea 004B,Unable to prosecute suspect
a4f75c2c894f35d2d2501b2d6765628b1969139944b35acfb5a34dde216b03fd,2015-08,Essex Police,Essex Police,0.284143,51.486609,On or near Shopping Area,E01016011,Thurrock 015B,Formal action is not in the public interest
4f49fbcbefff34b514d7d43cc21de5ca832514ec66207fd50afb95ffe397f372,2015-08,Essex Police,Essex Police,0.550310,51.893640,On or near GLEBE AVENUE,E01021354,Braintree 008A,Local resolution
4897d0cfe64820237d91a9a5ed1cd0822b837ac12e2fcd4c217a54bbb6538106,2015-08,Essex Police,Essex Police,0.932614,51.876931,On or near HAVEN ROAD,E01021664,Colchester 016C,Suspect charged
0d22d5a7990dd82ff75683060ac3b12d497bbe39780d5777d6ee7df231f739ac,2015-08,Essex Police,Essex Police,0.612916,51.550980,On or near ASH ROAD,E01021518,Castle Point 006B,Local resolution
7fd6030d85e219c69a0376eff687b57f77ef46e08c7d1ada49bd94b3189bc7bc,2015-08,Essex Police,Essex Police,0.503664,51.572905,On or near WIMBISH END,E01021306,Basildon 013E,Local resolution
6dff497140398d5774bcb7681d64da255b8c1f1ddc49176e987ca919707d6073,2015-08,Essex Police,Essex Police,0.720244,51.538413,On or near Pedestrian Subway,E01015841,Southend-on-Sea 014C,Suspect charged
86990aeb652961e8d976f04258c4135b5f8fae6273764b2d5d5fd1e487bde4ff,2015-08,Essex Police,Essex Police,0.696889,51.591709,On or near MARSHALLS,E01021930,Rochford 007A,Unable to prosecute suspect
9d06fe8aa1d4c8f3a72b9458fc1d72634fec7ea90c35a6f30056980fda7666e6,2015-08,Essex Police,Essex Police,0.284143,51.486609,On or near Shopping Area,E01016011,Thurrock 015B,Suspect charged
6fc5820cf21d48ea5c09579ab122a46f47dacd1094fb955cdc1ff48c676e5217,2015-08,Essex Police,Essex Police,0.110305,51.761985,On or near CHURCH LEYS,E01021820,Harlow 006B,Formal action is not in the public interest
1fd82a003a4327fc40fdb47c111c59932f0ba8cb7808ee24aec323ec908119c5,2015-08,Essex Police,Essex Police,0.303257,51.621059,On or near Shopping Area,E01021433,Brentwood 007A,Suspect charged
0a25987dce6490a60d28f69fc64cf3867132d3d0d08bedc87c92399c57bd62a6,2015-08,Essex Police,Essex Police,0.088333,51.770399,On or near Nightclub,E01021842,Harlow 004D,Formal action is not in the public interest
52cbb2864769571e9a6f5eb98aea7b6c02c0aadcfcf8057d18b9d49baa38be8e,2015-08,Essex Police,Essex Police,0.461775,51.749356,On or near Sports/Recreation Area,E01021589,Chelmsford 006C,Unable to prosecute suspect
2e48851c0ae9ef7d97b0551097122af6e32c366a40fddb50c7a7c45544c1f7c3,2015-08,Essex Police,Essex Police,0.133688,51.783963,On or near Parking Area,E01021855,Harlow 001B,Unable to prosecute suspect
e8dd77dd880dd2ac2219fb19f83ff91faf47a722af2bd4dff9946285b3f7787c,2015-08,Essex Police,Essex Police,0.519801,51.615188,On or near STATION APPROACH,E01021334,Basildon 005A,Formal action is not in the public interest
dc7b0f0c7d0cac41fb2be5516e935c7ffdc60edb26714e141263424154e91a7e,2015-08,Essex Police,Essex Police,0.519801,51.615188,On or near STATION APPROACH,E01021334,Basildon 005A,Formal action is not in the public interest
586ab30c2d4ae9981a287cd8b6b312ddd7a29815e9bb5f280f67f07d7b804286,2015-08,Essex Police,Essex Police,0.699153,51.546113,On or near WEST ROAD,E01015862,Southend-on-Sea 004F,Suspect charged
c21ab7f9cef6f8fabf74e24298dfb1d3d0e616817c7052900537539f07b17b11,2015-08,Essex Police,Essex Police,0.090817,51.759231,On or near KINGSLAND,E01021868,Harlow 007B,Local resolution
24d37455cadeb72be78b560677f6315121a3f21efb7ec72c7f5f07cb17b1fa08,2015-08,Essex Police,Essex Police,0.695113,51.543400,On or near CLAREMONT ROAD,E01015900,Southend-on-Sea 010F,Suspect charged
df422904eafdb595bc0cf1c7ecedd5f3350d6dedf79029e06e77f4c7a4c63c3a,2015-08,Essex Police,Essex Police,0.087505,51.767851,On or near LITTLE GROVE FIELD,E01021842,Harlow 004D,Formal action is not in the public interest
3bc7f93456baf23fdfd91ea46c3bf0545fd3d52524d1b6c8c6f9150eb9ce874a,2015-08,Essex Police,Essex Police,0.324934,51.477776,On or near CLARENCE ROAD,E01015956,Thurrock 016B,Local resolution
3bc7f93456baf23fdfd91ea46c3bf0545fd3d52524d1b6c8c6f9150eb9ce874a,2015-08,Essex Police,Essex Police,0.324934,51.477776,On or near CLARENCE ROAD,E01015956,Thurrock 016B,Local resolution
7e97acfab09e6832f427b94a9403ad16bb7ccf9eeaa3fa779f6a97e36a662e95,2015-08,Essex Police,Essex Police,0.488182,51.567434,On or near BEECH ROAD,E01021327,Basildon 019E,Suspect charged
746509c91182088fe91d674404e014156b46e49660d35abfdb66a627827526e1,2015-08,Essex Police,Essex Police,0.474190,51.732359,On or near Shopping Area,E01033140,Chelmsford 010F,Suspect charged
d2685247eb53222c2984833eb9b9092548aaf54155ded9ad19097fcafc229a19,2015-08,Essex Police,Essex Police,1.166618,51.794330,On or near LANCASTER GARDENS WEST,E01022048,Tendring 014C,Formal action is not in the public interest
0808f9a921377f3367806e99073b219da209d2e1b7e7830b235869588e6a3f15,2015-08,Essex Police,Essex Police,0.500447,51.582921,On or near SHERBOURNE DRIVE,E01021307,Basildon 011C,Formal action is not in the public interest
17cf17bcef79a6a1dac27b1e8f2411f631b726e0f84b6183d164a221a845b29c,2015-08,Essex Police,Essex Police,0.424041,51.569380,On or near Pedestrian Subway,E01021286,Basildon 016A,Offender given a caution
5a3a4a24148ffb6981fced00e028ec5fca20b1c1dfcc3061e5d2caaa3de3c427,2015-08,Essex Police,Essex Police,0.853942,51.709031,On or near BRADWELL ROAD,E01021907,Maldon 006E,Formal action is not in the public interest
6e62b4f898fe5bac632cdde1511d72723d508b81a8b1cd0271c74ce3108245e5,2015-08,Essex Police,Essex Police,0.113929,51.775651,On or near THE STOW,E01021845,Harlow 002B,Unable to prosecute suspect
9837c3498b27624fad02f14d05b4decbb3cf80823076cea2b73a8ea0d48fc0b8,2015-08,Essex Police,Essex Police,0.701232,51.558305,On or near MARINA CLOSE,E01015866,Southend-on-Sea 002D,Offender given a caution
27c74bee6473a7522d3353f7cded5a720f053d3f59b32e314b0db5719562eace,2015-08,Essex Police,Essex Police,0.243639,51.486627,On or near A1306,E01015921,Thurrock 015A,Local resolution
b31f0e6b9f93aec01d3b3735cc81283de96191c1a73919a4fcdab609349d9e0e,2015-08,Essex Police,Essex Police,0.326119,51.472186,On or near THAMES ROAD,E01015954,Thurrock 017D,Formal action is not in the public interest
427fa03fcf90e24674124a4aa00c21db7cf092eb290bcfad0223352734b9b513,2015-08,Essex Police,Essex Police,1.117067,51.780626,On or near CROSSWAYS,E01021990,Tendring 018C,Formal action is not in the public interest
0ef0ec95c7efce67b72b5130b51849ae514bdaf1376e858dc281a6410b22f093,2015-08,Essex Police,Essex Police,0.482111,51.580756,On or near DANBURY DOWN,E01021267,Basildon 012B,Formal action is not in the public interest
18b62447ded284ba0c851b6e6741529f3558d47453723df4e25eab808c22172a,2015-08,Essex Police,Essex Police,0.905583,51.879797,On or near Supermarket,E01021684,Colchester 011B,Suspect charged
65f526205dd2c65ce5fb69f6af04ba0d611e41793acaa8ee74fe6b1902b3862c,2015-08,Essex Police,Essex Police,0.133364,51.783564,On or near Supermarket,E01021855,Harlow 001B,Suspect charged
15434055c69b417f177aca665980aea2e25d48f1ca0f1b72858927e1b5349e78,2015-08,Essex Police,Essex Police,0.106737,51.748533,On or near FERN HILL LANE,E01021858,Harlow 010B,Unable to prosecute suspect
cf1067a7f413e0f53be395c3ac8f1b810ec5609733b26f0881b52503b3a31db0,2015-08,Essex Police,Essex Police,0.133364,51.783564,On or near Supermarket,E01021855,Harlow 001B,Suspect charged
a9188bd7c753448ce8ad4f45f657c1609b0df453346e92abea1f92df42ad0bfb,2015-08,Essex Police,Essex Police,1.145742,51.791779,On or near ANCHOR ROAD,E01021968,Tendring 017A,Local resolution
d7e18a02e85b9485de21460b665dc829754614ac0b960d8906a02800e6f35983,2015-08,Essex Police,Essex Police,0.582701,51.873230,On or near TANNERS MEADOW,E01021367,Braintree 012C,Unable to prosecute suspect
d7e18a02e85b9485de21460b665dc829754614ac0b960d8906a02800e6f35983,2015-08,Essex Police,Essex Police,0.582701,51.873230,On or near TANNERS MEADOW,E01021367,Braintree 012C,Unable to prosecute suspect
80422f189f43490b2729d3131a104c3b4dce59fef01c17ff0c7b54574cbe616a,2015-08,Essex Police,Essex Police,0.106737,51.748533,On or near FERN HILL LANE,E01021858,Harlow 010B,Unable to prosecute suspect
7b09b791d6293a7f9e6a7285e58caaff01f99944a4dff19cb879634d528b33ef,2015-08,Essex Police,Essex Police,0.610621,51.553486,On or near Supermarket,E01021518,Castle Point 006B,Offender given penalty notice
db1dcc85f4a229110ee26301144791f1549917b66f8cd0a21e61523096a85f3e,2015-08,Essex Police,Essex Police,0.658225,51.547974,On or near Supermarket,E01015821,Southend-on-Sea 005B,Unable to prosecute suspect
1c256a3c4772e385f08739de081f819a3ad0da5e8246ecf609adb527ae86f152,2015-08,Essex Police,Essex Police,1.140947,51.782265,On or near SPINNAKER CLOSE,E01022037,Tendring 017D,Suspect charged
b593aa4e7e7b20b245354194941a521eb9908aae28693ab414ff7759544925c6,2015-08,Essex Police,Essex Police,0.510671,51.566487,On or near HOWARD CRESCENT,E01021316,Basildon 018D,Formal action is not in the public interest
b593aa4e7e7b20b245354194941a521eb9908aae28693ab414ff7759544925c6,2015-08,Essex Police,Essex Police,0.510671,51.566487,On or near HOWARD CRESCENT,E01021316,Basildon 018D,Suspect charged
b64a34abda97897456527bba0ebd34c80671e1ca89d8c8ca060e738779a2bc7a,2015-08,Essex Police,Essex Police,0.598298,51.522040,On or near HERBERT ROAD,E01021497,Castle Point 012D,Unable to prosecute suspect
60125f1efce5a27bf74392df542ff94f2d6140b276d482c19ba75720645ea994,2015-08,Essex Police,Essex Police,0.924287,51.890575,On or near ST ANDREW'S AVENUE,E01021706,Colchester 022H,Suspect charged
771f0f4c88ba8def47aa87003e971df9a7657f4730e15c7a1f720061c6478ed2,2015-08,Essex Police,Essex Police,0.695113,51.543400,On or near CLAREMONT ROAD,E01015900,Southend-on-Sea 010F,Unable to prosecute suspect
2c8155c5f29af2536ee97429973c87b9bb6f082cf3b8e74debb042d72d4938bc,2015-08,Essex Police,Essex Police,0.178839,51.802361,On or near LABURNUM CLOSE,E01021768,Epping Forest 001A,Suspect charged
d2137d566eea1212bb576b83467ec704ffadc75bbab2de5b30ac5d12623027fd,2015-08,Essex Police,Essex Police,0.300091,51.618171,On or near REGENCY COURT,E01021436,Brentwood 007B,Offender given a caution
2a915ffcb103760bec92ae4a09d39261ae68d1cb313373374c2c045350026de7,2015-08,Essex Police,Essex Police,0.727421,51.538327,On or near AMBLESIDE DRIVE,E01015840,Southend-on-Sea 014B,Suspect charged
6d65a513fc47dd603b1d8a65ff92da83addd9121411d93b8abb4326135c32630,2015-08,Essex Police,Essex Police,1.115348,51.773791,On or near FIR WAY,E01021988,Tendring 018A,Formal action is not in the public interest
864e42721a03c8341347a529b1b70a49f83eddbf37759c6f1bc01f9c8b060856,2015-08,Essex Police,Essex Police,0.262613,51.888213,On or near Parking Area,E01022090,Uttlesford 006B,Local resolution
145ed6d392659ec02902cbcda1da784f104f6aa6f7221a7b162136af1c95d1a0,2015-08,Essex Police,Essex Police,0.488952,51.561455,On or near LITTLETHORPE,E01021325,Basildon 019D,Unable to prosecute suspect
145ed6d392659ec02902cbcda1da784f104f6aa6f7221a7b162136af1c95d1a0,2015-08,Essex Police,Essex Police,0.488952,51.561455,On or near LITTLETHORPE,E01021325,Basildon 019D,Unable to prosecute suspect
31033cc111e3a21a3e461c9dc62eed34c05e03161b8adc7d146167b366456090,2015-08,Essex Police,Essex Police,0.471939,51.696677,On or near MORETONS,E01021554,Chelmsford 017C,Formal action is not in the public interest
01b0711c5e3d9f184e474b9c398e51b6979b9555b1d15337027ba953f8cb84b3,2015-08,Essex Police,Essex Police,1.195534,51.803261,On or near THE CHASE,E01022008,Tendring 012A,Unable to prosecute suspect
d722bcdaf382413880b43f4f3f156cf82bd1d0afe4a303a3b1a0f1702082be92,2015-08,Essex Police,Essex Police,0.691718,51.543810,On or near Theatre/Concert Hall,E01015831,Southend-on-Sea 012E,Formal action is not in the public interest
613c7ed77c56b6c611eee8d6d7ca0f22ecbea478100f01648b5eec9889f816d8,2015-08,Essex Police,Essex Police,1.029426,51.797264,On or near CRUCE WAY,E01022046,Tendring 011E,Formal action is not in the public interest
e6827e5f626e670cf575cc00c91cf33e2be4a0a9a0b4f1d8111249ec0066310b,2015-08,Essex Police,Essex Police,0.775888,51.529949,On or near TUDOR GARDENS,E01015918,Southend-on-Sea 017E,Formal action is not in the public interest
ddd0d0e278affe6533ecbfc89fa2e5aa501ba7725b25f5decff6f55760e97fe8,2015-08,Essex Police,Essex Police,-0.007321,51.677729,On or near CHRISTIE ROAD,E01021817,Epping Forest 008E,Formal action is not in the public interest
a15477da36d1a753f44b2e70b88a254dd04a0de9a6b27c8acd5dcedd7bf3f91c,2015-08,Essex Police,Essex Police,-0.007321,51.677729,On or near CHRISTIE ROAD,E01021817,Epping Forest 008E,Formal action is not in the public interest
d14372f91d1a0846ba83de242fe529365b209ee3ee15878b899a63f9266d6e22,2015-08,Essex Police,Essex Police,0.458325,51.733052,On or near Parking Area,E01033138,Chelmsford 009F,Suspect charged
df35f1210ea4ce317e7da3f4e780b8a8c9a545321ea0843a9f6c7e9dd057ba9c,2015-08,Essex Police,Essex Police,1.153340,51.787393,On or near Nightclub,E01022025,Tendring 016B,Suspect charged
139d2ad270af5260970393c96b4bc69dc8c6737ee5710f1f33bec5a6106cc6a2,2015-08,Essex Police,Essex Police,0.781731,51.530476,On or near SEAVIEW ROAD,E01015917,Southend-on-Sea 017D,Formal action is not in the public interest
8bffe14a6119f0ddc061973ee34aa5e3c0fd6d7586a5f6249e5eda65f743c49f,2015-08,Essex Police,Essex Police,0.635152,51.816857,On or near VIRGIL ROAD,E01021418,Braintree 015C,Unable to prosecute suspect
a6bb5fc5a6d3c0600c61ec980f02a042ca6816d82da3840b54ec975a6aa36a57,2015-08,Essex Police,Essex Police,0.635152,51.816857,On or near VIRGIL ROAD,E01021418,Braintree 015C,Unable to prosecute suspect
3c5f7a35df0712b2ec99542ef052f5f8728086a87dc0ba2b97ce0e525cee7f5e,2015-08,Essex Police,Essex Police,0.346212,51.952195,On or near Petrol Station,E01022092,Uttlesford 004A,Unable to prosecute suspect
7bebc67777a5422ed83ebc6a2a0a9069591a478d122b2ec05f648c3eda7c26b0,2015-08,Essex Police,Essex Police,0.288664,51.514741,On or near ARCANY ROAD,E01015973,Thurrock 006D,Unable to prosecute suspect
643d86147a81c5482260a2e15fc27a71a1a2f605a838c42ad89bbe3fe3c0c53f,2015-08,Essex Police,Essex Police,1.147433,51.789620,On or near Supermarket,E01022038,Tendring 017E,Unable to prosecute suspect
d11229afa5b8b728d64b3824c1820b496fd712bbf864d84413b6a3fabd999356,2015-08,Essex Police,Essex Police,0.604908,51.525967,On or near NORDLAND ROAD,E01021495,Castle Point 009C,Formal action is not in the public interest
a72f665275e265aff442344e0c033d154955f1a3b3b490531e1d410ff5584f23,2015-08,Essex Police,Essex Police,0.053139,51.645061,On or near Conference/Exhibition Centre,E01021781,Epping Forest 014B,Unable to prosecute suspect
814f19ca53a4d915f7d2264f33427b3d06ed68ddea54a21ee3c76062dcc2e67a,2015-08,Essex Police,Essex Police,0.136349,51.762953,On or near KILN LANE,E01021825,Harlow 005B,Suspect charged
25694d188af12af1abd9dfbba566896b1cb9277ea2611974840f95c041225e7c,2015-08,Essex Police,Essex Police,0.581549,51.565650,On or near BOYTON CLOSE,E01021512,Castle Point 004D,Formal action is not in the public interest
e627b8a3f441993d3e18fb02267da63ee1d46fabc70e82fc5d2460c373aa15f1,2015-08,Essex Police,Essex Police,0.168780,51.804633,On or near BACK LANE,E01021795,Epping Forest 001B,Unable to prosecute suspect
a79d70f5a42d8b273f3f2a22d02d4500d4005c5af294cfd5c88b56aff9a688e2,2015-08,Essex Police,Essex Police,0.253167,51.499907,On or near CHICHESTER CLOSE,E01015926,Thurrock 008E,Formal action is not in the public interest
3802a557d7c641c33a7f2cc8ea9e699acaaed5c99db1e5b814b2d9474cc75021,2015-08,Essex Police,Essex Police,0.427331,51.571533,On or near MELLOW PURGESS CLOSE,E01021286,Basildon 016A,Formal action is not in the public interest
3802a557d7c641c33a7f2cc8ea9e699acaaed5c99db1e5b814b2d9474cc75021,2015-08,Essex Police,Essex Police,0.427331,51.571533,On or near MELLOW PURGESS CLOSE,E01021286,Basildon 016A,Formal action is not in the public interest
95a2352d33f40e15788ff13ed3148b6ba046654413e63049847264ef35f0a74b,2015-08,Essex Police,Essex Police,0.690097,51.927947,On or near KEMSLEY ROAD,E01021409,Braintree 006D,Offender given a caution
9665601b4b74564dfbff233a5727cc7618ee76aad79d4351a464b8d8484e0768,2015-08,Essex Police,Essex Police,0.622112,51.792948,On or near ALFREG ROAD,E01021423,Braintree 016A,Unable to prosecute suspect
3a0e1f1683084ff73def9ec6d7fce2f073cc9ec25b5fb324c6fd950e9c47e8d1,2015-08,Essex Police,Essex Police,0.896585,51.906864,On or near STEVENS CLOSE,E01021680,Colchester 004B,Formal action is not in the public interest
8b4ddbd465a272df610fd0454a8b73b9c095aff335b3bae5ba4fefda2469fc1d,2015-08,Essex Police,Essex Police,0.253167,51.499907,On or near CHICHESTER CLOSE,E01015926,Thurrock 008E,Formal action is not in the public interest
2df7ce316273dcd6aa834c610fbabbf316a7bfd2a171f926387ab91dc92c338b,2015-08,Essex Police,Essex Police,0.105609,51.761044,On or near TAWNEYS ROAD,E01021870,Harlow 006E,Suspect charged
1b7508ae6941a4dc1eb517dbbee6209740ad4409b64561bc3f9c9055291eacd8,2015-08,Essex Police,Essex Police,1.233101,51.930671,On or near CHEVY COURT,E01022028,Tendring 004F,Formal action is not in the public interest
0e60450c42393850d146032edfb90bfc7d0999e53d1d523b70214eebc9f79590,2015-08,Essex Police,Essex Police,0.284490,51.487772,On or near Shopping Area,E01016011,Thurrock 015B,Local resolution
0e60450c42393850d146032edfb90bfc7d0999e53d1d523b70214eebc9f79590,2015-08,Essex Police,Essex Police,0.284490,51.487772,On or near Shopping Area,E01016011,Thurrock 015B,Local resolution
0e60450c42393850d146032edfb90bfc7d0999e53d1d523b70214eebc9f79590,2015-08,Essex Police,Essex Police,0.284490,51.487772,On or near Shopping Area,E01016011,Thurrock 015B,Local resolution
fec880cbeca0ae6c19271862fd5c534f303aecdbcf31f8d663aeb1b669fd532a,2015-08,Essex Police,Essex Police,0.083330,51.771935,On or near CHESTNUT LANE,E01021841,Harlow 004C,Local resolution
3ca3f4406bd886ca88fc1058e0dbbc1da20cc841d13ea1f0c546d90a2260e8d0,2015-08,Essex Police,Essex Police,0.322355,51.479168,On or near Grays Police Station,E01015956,Thurrock 016B,Suspect charged
db61f66d5d60bc6c23b434b10a17b737d115b84dbfa34d237630413de05b2c03,2015-08,Essex Police,Essex Police,0.293506,51.477991,On or near MAGNET ROAD,E01016011,Thurrock 015B,Suspect charged
e506d6d460e0a8e1fcbb50c727c78a863d9ae0eb6eb23cefc8c677cd76748f61,2015-08,Essex Police,Essex Police,0.720258,51.543970,On or near SOUTH AVENUE,E01015898,Southend-on-Sea 010D,Suspect charged
ca14f98d5c317b06b7192c754e967479e8281fbd319ff0d9e8a4afa1f31d6d0a,2015-08,Essex Police,Essex Police,0.786802,51.541248,On or near TOUCAN CLOSE,E01015879,Southend-on-Sea 013D,Suspect charged
754c0170b7e0e1c4f4eb6aeca09dced36e69fba5136102117b13c09c8ea457bb,2015-08,Essex Police,Essex Police,0.031078,51.630436,On or near EPPING NEW ROAD,E01021746,Epping Forest 015E,Formal action is not in the public interest
754c0170b7e0e1c4f4eb6aeca09dced36e69fba5136102117b13c09c8ea457bb,2015-08,Essex Police,Essex Police,0.031078,51.630436,On or near EPPING NEW ROAD,E01021746,Epping Forest 015E,Formal action is not in the public interest
681b23193ab2ab150e64edae590a290bb6749071260921a7d71e618bd4891fe6,2015-08,Essex Police,Essex Police,0.894589,51.886462,On or near Police Station,E01021651,Colchester 013A,Offender given a drugs possession warning
e436459d0f5608eccdc8adfd45a7b1a9d9005443d11bdba67fd0d1fef92b839c,2015-08,Essex Police,Essex Police,0.901325,51.890172,On or near GEORGE STREET,E01021649,Colchester 007D,Formal action is not in the public interest
52e9080e4ca10a0f33261158f87e8d539e27a0d3e3ffde494105e64b87ab3589,2015-08,Essex Police,Essex Police,0.901325,51.890172,On or near GEORGE STREET,E01021649,Colchester 007D,Unable to prosecute suspect
9b9cc24a07b25b6f6a66602dcb0f6b1bb0f22db9ee170b1bec168f8a5c4ac388,2015-08,Essex Police,Essex Police,1.241736,51.829032,On or near HOLLAND ROAD,E01021986,Tendring 006B,Local resolution
54ac61deceec7b749e18990d84a10029c98e0d7111b9860ecc853ac6e962568a,2015-08,Essex Police,Essex Police,0.599685,51.587356,On or near CROWN GARDENS,E01021964,Rochford 008E,Suspect charged
a80b2917e9f4e646c4e45940be987c11055be299761d501fc43be75cbfaf6b23,2015-08,Essex Police,Essex Police,0.924681,51.894621,On or near CROWN BAYS ROAD,E01021704,Colchester 022F,Suspect charged
16abfa0b3c263856a26ff85e8f4d05f6c008cb639e7e8cec0c695db9433261eb,2015-08,Essex Police,Essex Police,0.105609,51.761044,On or near TAWNEYS ROAD,E01021870,Harlow 006E,Suspect charged
9572d7d8a69408374f6e077c878974fc09993678ae5d119f0faba6b8b99683a5,2015-08,Essex Police,Essex Police,0.111602,51.703744,On or near BEACONFIELD WAY,E01021762,Epping Forest 005C,Unable to prosecute suspect
f416860b86dceecd0fb90ad2e123a0154a2a5ddf28bc88666ddbf819af77d43c,2015-08,Essex Police,Essex Police,1.172795,51.802564,On or near SHRUBLAND COURT,E01022050,Tendring 014E,Suspect charged
fc11236be662c14247ed1d1a4aa8c9fa4ccf519eca8496ef73242561d89214a2,2015-08,Essex Police,Essex Police,0.735898,51.541889,On or near GLENMORE STREET,E01015873,Southend-on-Sea 006E,Suspect charged
7d92d042e864572613be55004cd6c719b058d6a343deada7a8edaceea48fdbbe,2015-08,Essex Police,Essex Police,0.327955,51.613872,On or near EAST HAM CRESCENT,E01021437,Brentwood 008B,Formal action is not in the public interest
34d08f12769bc0a2a84ac533281a445f173b2f302d2941a72cdef9f5d1fd1bf7,2015-08,Essex Police,Essex Police,0.695131,51.540296,On or near Shopping Area,E01015855,Southend-on-Sea 015E,Suspect charged
580c306f2fbe264122558e3a403accad01391f9348d023ea8d3a3e8e6c70c6d5,2015-08,Essex Police,Essex Police,0.765943,51.533116,On or near MARCUS GARDENS,E01015893,Southend-on-Sea 016E,Unable to prosecute suspect
769d286eb11f46027c627de6db64ba336e52a5c391318fd96ad336e006518e41,2015-08,Essex Police,Essex Police,1.123268,51.801534,On or near SHELLEY ROAD,E01021977,Tendring 013C,Unable to prosecute suspect
a08967b37e87ac025d6ff11afdb5ec2967ed135727edbd4b953c99f3862dd0b9,2015-08,Essex Police,Essex Police,0.240155,51.480192,On or near WINGROVE DRIVE,E01016013,Thurrock 015D,Local resolution
3fac938c2add111cb035e7c5f91b026e8bf282e273a1e35e4492741e2c9e00d5,2015-08,Essex Police,Essex Police,0.756770,51.555034,On or near BARLING ROAD,E01021924,Rochford 010E,Local resolution
e5a469c57d3eeeca0454fdcd6172fbec8ad3c1b9f54668e7df1a3cf790cb7ac1,2015-08,Essex Police,Essex Police,0.092648,51.772201,On or near Pedestrian Subway,E01021843,Harlow 004E,Formal action is not in the public interest
5704aa5b5a1171ff06855f5af68d28f2c7f1c6d9085b48e44ef6528b0afedb05,2015-08,Essex Police,Essex Police,0.251804,51.495347,On or near HALL ROAD,E01015922,Thurrock 008A,Formal action is not in the public interest
3ee1041d69bc9c9c22e33166bb9ce8499cc20db1c2082ad0c5ee3117d2dc8ac0,2015-08,Essex Police,Essex Police,0.331665,51.500737,On or near WHITMORE AVENUE,E01015993,Thurrock 009C,Suspect charged
f3120a5dd1c7538c71c3335e480c3c755a6e5eb2fa66db10e6bad41b307d6514,2015-08,Essex Police,Essex Police,0.929054,51.917806,On or near WYNCOLLS ROAD,E01033720,Colchester 002F,Offender given a caution
8d79c64d2d7e9b14aba12dc4d255072a0de457d97e139675b83c9a9882eb2bff,2015-08,Essex Police,Essex Police,0.673300,51.562516,On or near CHARLES CLOSE,E01015824,Southend-on-Sea 005E,Offender given a caution
6b3218ffbaa7666abf37c8a92dc4fa13fb78bc3b86d67a5ef6ffc4ec3eb5c3cf,2015-08,Essex Police,Essex Police,0.477311,51.732761,On or near HIGH BRIDGE ROAD,E01033140,Chelmsford 010F,Offender given a caution
76c769cd458d8285f4ae2bfcee18659cec9976f526868f328a30069dc8bf110b,2015-08,Essex Police,Essex Police,0.935180,51.893775,On or near SPRUCE AVENUE,E01021697,Colchester 008B,Local resolution
b21322f45e5b7a627e7aab0ed73805db0cb7450ff3a43f006c008cf647ea0bb0,2015-08,Essex Police,Essex Police,0.758979,51.812694,On or near SHELLEY AVENUE,E01021643,Colchester 019A,Unable to prosecute suspect
0010ee602cc3a30118a40da8d3d68613c8a11635446efd163469b0d61dc9227b,2015-08,Essex Police,Essex Police,0.810070,51.551602,On or near ST JOHN'S ROAD,E01021923,Rochford 010D,Unable to prosecute suspect
ee64fcc09b2f88eb5cf70f137fd66e8d5265fe939aa35f6bd04b219ece8f823e,2015-08,Essex Police,Essex Police,0.290951,51.638899,On or near HATCH ROAD,E01021462,Brentwood 006B,Suspect charged
102401be7914a78a74bcdd8dd31d507d648aaef8a3b368dd40ca0da87a28fd7e,2015-08,Essex Police,Essex Police,0.701152,51.556239,On or near A127,E01015861,Southend-on-Sea 004E,Formal action is not in the public interest
c01a727a7ecf7bd9a6e53699c850227db102275a0b0f4af5e622f422ad90613c,2015-08,Essex Police,Essex Police,1.126725,51.797206,On or near MALDON WAY,E01022031,Tendring 015D,Unable to prosecute suspect
8af4127cdf5afc9e661071a54101cc4619747c953dbf92784b2fe38aac423fe9,2015-08,Essex Police,Essex Police,0.279750,51.638325,On or near GEORGES DRIVE,E01021463,Brentwood 006C,Suspect charged
8af4127cdf5afc9e661071a54101cc4619747c953dbf92784b2fe38aac423fe9,2015-08,Essex Police,Essex Police,0.279750,51.638325,On or near GEORGES DRIVE,E01021463,Brentwood 006C,Suspect charged
6709f8e2126e7ab3058127b1565a529b7f55684d06c1dd505e1552750283fd4a,2015-08,Essex Police,Essex Police,0.104702,51.698203,On or near TOWER ROAD,E01021763,Epping Forest 005D,Unable to prosecute suspect
2eefe63062b55f62fe1b1b72108d91beb55121674d2561b2dba4d14c34ab54c6,2015-08,Essex Police,Essex Police,1.126725,51.797206,On or near MALDON WAY,E01022031,Tendring 015D,Unable to prosecute suspect
a54c5a27080a6ad3d21409e9fc292a1e7ae6fc251754be7e82ad57c71fb21f0b,2015-08,Essex Police,Essex Police,1.113848,51.773264,On or near BEACH WAY,E01021988,Tendring 018A,Suspect charged
ea120a9b84cf34ad83fb3faa51b85bd0cea4374694954e812993ac551822ad6d,2015-08,Essex Police,Essex Police,0.471939,51.696677,On or near MORETONS,E01021554,Chelmsford 017C,Suspect charged
c33473253f882e15e897e564fbaf4d5b77f3ac58cae6a14e668aa5dc72e30086,2015-08,Essex Police,Essex Police,0.474190,51.732359,On or near Shopping Area,E01033140,Chelmsford 010F,Formal action is not in the public interest
3c2849b3507b7192110cb2bc70fe382e65bcd8c2df89030372e1071293ed3ee9,2015-08,Essex Police,Essex Police,0.001017,51.697560,On or near CROOKED MILE,E01021812,Epping Forest 009B,Suspect charged
e3af3c7daa3f0a3916eebd3a0612863a53340e66d590c6350e64c0413d17501a,2015-08,Essex Police,Essex Police,1.258589,51.930247,On or near WILLIAM GROOM AVENUE,E01022006,Tendring 002C,Formal action is not in the public interest
6fb2481f26e4db6cbb10a1bf42b3c94a937d81691f03d894dccb8ddf03cbe3dc,2015-08,Essex Police,Essex Police,0.629203,51.810137,On or near BENTLEY ROAD,E01021426,Braintree 015E,Unable to prosecute suspect
87c4f79a383ccfbf244db62dd7257b862a4cd704af70c2a0b9b468e337aad1a4,2015-08,Essex Police,Essex Police,0.422680,51.482929,On or near TWEED,E01015949,Thurrock 013C,Suspect charged
656e31e1445aafff050420df6a28ac99cb36e12f2502db58f68d7461b6383147,2015-08,Essex Police,Essex Police,0.558683,51.889043,On or near CONVENT HILL,E01021350,Braintree 009A,Unable to prosecute suspect
b4fdf45d03cee64045d88e13ded22bb6e839fbec817987952ba1f932f7eb9d47,2015-08,Essex Police,Essex Police,0.637934,51.660149,On or near WOODHAM ROAD,E01021902,Maldon 007F,Suspect charged
a6551e04c4a4f402c3bd650ab201966fbfeace30f9a6c94b8cf33f1fa0aa4443,2015-08,Essex Police,Essex Police,0.894589,51.886462,On or near Police Station,E01021651,Colchester 013A,Offender given a caution
ccf83ec5906550a21646975d855bfca79ea2e00555daebaf25e4c3834de56abd,2015-08,Essex Police,Essex Police,0.477646,51.571371,On or near BROWNLOW CROSS,E01021320,Basildon 015D,Unable to prosecute suspect
ef13b9cca9f5ae64bf64deab4cd2a8f93b36f77ba9707a8307a9cf8101ffaf56,2015-08,Essex Police,Essex Police,0.094133,51.767643,On or near Shopping Area,E01021872,Harlow 007E,Local resolution
91720610201a60e2adca4d90157f5eee5fb965fed48aac3ca75875e6a972a1e0,2015-08,Essex Police,Essex Police,0.441060,51.574045,On or near THORNBUSH,E01021292,Basildon 017B,Unable to prosecute suspect
7123ab6a780e6343dd72b817c31736090c58aba19ff256db9f204b32a87f8e0d,2015-08,Essex Police,Essex Police,0.133430,51.785883,On or near SWALLOWS,E01021856,Harlow 001C,Formal action is not in the public interest
63821efa85aee43693b17d67457b32b5ceb35e49e95ef584be299741e65529f4,2015-08,Essex Police,Essex Police,0.896245,51.888706,On or near HEAD STREET,E01021649,Colchester 007D,Suspect charged
63821efa85aee43693b17d67457b32b5ceb35e49e95ef584be299741e65529f4,2015-08,Essex Police,Essex Police,0.896245,51.888706,On or near HEAD STREET,E01021649,Colchester 007D,Suspect charged
4cbb922b29020c10c40be63838c8197541c166f66d875c2af99bc3ba1b9835a9,2015-08,Essex Police,Essex Police,1.280609,51.936911,On or near KINGSWAY,E01022001,Tendring 001D,Suspect charged
aeb8dd95a4cdff0553643164ca5ef05d27bd60c7a0d1862b6055478e63cda43a,2015-08,Essex Police,Essex Police,0.895335,51.889691,On or near BALKERNE GARDENS,E01021646,Colchester 007A,Offender given a caution
f30285373345353c3efd7df72c5f7ea7b81ab2a9357e5da6a01d4aebf68240cb,2015-08,Essex Police,Essex Police,0.605828,51.585708,On or near Shopping Area,E01021962,Rochford 008C,Offender given a caution
cf2d674a643687920645682b3aa10f49c1c75a8b36a43b268abe4a162c52c704,2015-08,Essex Police,Essex Police,0.919727,51.910133,On or near Supermarket,E01021671,Colchester 002D,Local resolution
5a1579b41e4c722c8ea8168a5749857cded8fa6b9e67d613e95cf39e0175e6e5,2015-08,Essex Police,Essex Police,1.119912,51.781090,On or near Petrol Station,E01021990,Tendring 018C,Unable to prosecute suspect
b30d04dde6157023bbf6d329c58bc6caa5d3ccacd5daeadb1c8d5fca0fc3af77,2015-08,Essex Police,Essex Police,0.474085,51.733089,On or near High Street Chelmsford,E01033140,Chelmsford 010F,Suspect charged
a1266437b13b5b70056da81ef37ca98eee3a23d92ec9281d85c9f0b36d69fa0d,2015-08,Essex Police,Essex Police,0.097639,51.752923,On or near SOUTHERN WAY,E01021871,Harlow 007D,Offender given a caution
875fb3a5481f3bdc12919d3ba89e38bd77bd20b529bd5d1fd490ca82e5fde8a9,2015-08,Essex Police,Essex Police,0.850780,51.876057,On or near BECKER ROAD,E01021690,Colchester 014B,Suspect charged
5eaa7e2d585d9a7ca15f666aa86c1cceed7da20996dfa3f492c63d3f33a05cef,2015-08,Essex Police,Essex Police,0.095192,51.772660,On or near A1019,E01021872,Harlow 007E,Formal action is not in the public interest
5eaa7e2d585d9a7ca15f666aa86c1cceed7da20996dfa3f492c63d3f33a05cef,2015-08,Essex Police,Essex Police,0.095192,51.772660,On or near A1019,E01021872,Harlow 007E,Formal action is not in the public interest
1a0c38da1e6d35358c77dd85fc33a1e52c84ef677fb46a846beae4beb370f9be,2015-08,Essex Police,Essex Police,0.462457,51.585127,On or near Nightclub,E01021268,Basildon 015B,Formal action is not in the public interest
1341ce3596029c2c702498c8e2163b28181b79b02119df6161b0d774b44af959,2015-08,Essex Police,Essex Police,0.072177,51.642254,On or near OAKWOOD HILL,E01021771,Epping Forest 013A,Formal action is not in the public interest
67819a04d987f7de59e25037e0cd569811bbcb6ff3ccfdcb4108aad53395462a,2015-08,Essex Police,Essex Police,0.715499,51.535743,On or near Bus/Coach Station,E01015852,Southend-on-Sea 015B,Offender given a caution
4c57eeb93927f0dd6fbc6f5abe339f3eecf454b313630d4e1c6a08230b27430e,2015-08,Essex Police,Essex Police,1.211288,51.842388,On or near TILDESLEY CLOSE,E01022011,Tendring 008G,Suspect charged
76fb4c595bc35b123a8e25272a74fcbf8a79e241be921be3ee9fb696a6ce947e,2015-08,Essex Police,Essex Police,0.462457,51.585127,On or near Nightclub,E01021268,Basildon 015B,Local resolution
e9fff2e01cd7a59f118f18f51049bfd0c534976cd09e223f22f29dfefb213d17,2015-08,Essex Police,Essex Police,0.936491,51.885136,On or near BENNET COURT,E01021700,Colchester 008E,Formal action is not in the public interest
9f5ac48ee0dbfad1736dd25b75232ae920beb874a6794f37a80f01d60abe51f3,2015-08,Essex Police,Essex Police,0.701379,51.543022,On or near CLIFF AVENUE,E01015896,Southend-on-Sea 010B,Formal action is not in the public interest
9f5ac48ee0dbfad1736dd25b75232ae920beb874a6794f37a80f01d60abe51f3,2015-08,Essex Police,Essex Police,0.701379,51.543022,On or near CLIFF AVENUE,E01015896,Southend-on-Sea 010B,Formal action is not in the public interest
47ecad404cbd54d966285f42cfcb03b386f0a223368e33015ae381007ee4d9d2,2015-08,Essex Police,Essex Police,0.459341,51.574742,On or near Supermarket,E01021318,Basildon 015C,Offender given a caution
d7a14665d3ac12720465b375bac97ff3b3bf6adf0959a7a758ec4561722f5e9f,2015-08,Essex Police,Essex Police,0.703294,51.544911,On or near CHELMSFORD AVENUE,E01015899,Southend-on-Sea 010E,Suspect charged
2c9dbfa34f298be4ec28c86cf344d70760d1e9f20125d0d56c005676bc2b57cf,2015-08,Essex Police,Essex Police,0.713791,51.540730,On or near CHICHESTER ROAD,E01015895,Southend-on-Sea 010A,Formal action is not in the public interest
8405eb38c15a20dec234123666fa931ee51a794a0cc52d31593042b862a071c1,2015-08,Essex Police,Essex Police,0.703294,51.544911,On or near CHELMSFORD AVENUE,E01015899,Southend-on-Sea 010E,Suspect charged
41f1bea6a41e584411f0a848cde9b6f3125345661dc5946611692f8bf2e8817e,2015-08,Essex Police,Essex Police,0.902706,51.887692,On or near VINEYARD STREET,E01021649,Colchester 007D,Suspect charged
8d69d0de37e3a54c9a9d1bc27c2c672aff7b37daa52d451a644c03cad8936b40,2015-08,Essex Police,Essex Police,1.151280,51.792583,On or near WELLESLEY ROAD,E01022026,Tendring 016C,Formal action is not in the public interest
8d69d0de37e3a54c9a9d1bc27c2c672aff7b37daa52d451a644c03cad8936b40,2015-08,Essex Police,Essex Police,1.151280,51.792583,On or near WELLESLEY ROAD,E01022026,Tendring 016C,Offender given a caution
cf9eeba577403abef115d3134ed73fd9e23246d5f358d545d47ceac83b020a0b,2015-08,Essex Police,Essex Police,1.250235,51.835984,On or near ST MARY'S ROAD,E01021985,Tendring 006A,Formal action is not in the public interest
34cd5b5adf7a39f0e8f774ff22d0057da9969d683524588602561b2723bedf20,2015-08,Essex Police,Essex Police,0.600065,51.576825,On or near CLAYDONS LANE,E01021966,Rochford 008F,Suspect charged
e65d9dc305d917419cf28ae3c5a76be65e884f4c872dbd8e94d3443140043fcf,2015-08,Essex Police,Essex Police,0.112455,51.757441,On or near Supermarket,E01021823,Harlow 006D,Suspect charged
d164e5eb40b8458188cecb6e792e411f35820049565a0bb1167b0050797f40a3,2015-08,Essex Police,Essex Police,0.287136,51.510131,On or near DART GREEN,E01015976,Thurrock 007F,Suspect charged
4b93d98297aca53b80b2df37147498422c9de5fb0505a187d35580dbacd1fc29,2015-08,Essex Police,Essex Police,0.595883,51.526977,On or near DEWYK ROAD,E01021493,Castle Point 009B,Local resolution
252b05250c86c28705095370b1466ac188520db777f7b7bb7ab22244e0b9128e,2015-08,Essex Police,Essex Police,1.131771,51.799050,On or near AZALEA WAY,E01022023,Tendring 015A,Suspect charged
521bb3e5c54d42d8ae673189520ab3d4d5864996525b3094ee85620a958b09a2,2015-08,Essex Police,Essex Police,0.693247,51.544045,On or near WEST ROAD,E01015900,Southend-on-Sea 010F,Local resolution
1dd14f66d6a80775d802b6e7f18e2f4a89bf05d721accab08539e5c26c87e257,2015-08,Essex Police,Essex Police,0.445960,51.579555,On or near MILES GRAY ROAD,E01021319,Basildon 017E,Formal action is not in the public interest
3d5cd61799f0e92676297fda5431de864dd93b3d953dab68e63a233e2322ec5a,2015-08,Essex Police,Essex Police,0.899183,51.910173,On or near Hospital,E01021682,Colchester 004D,Local resolution
b9fa785347dbdc94f8fa16793ef144a3e1dca30553e90278b52b22597268091f,2015-08,Essex Police,Essex Police,1.142265,51.793095,On or near FORD ROAD,E01021968,Tendring 017A,Formal action is not in the public interest
89dd104fe8e7d6d1cfd1b653877db29350a0b0924e3a9a4bc635c1286265dfee,2015-08,Essex Police,Essex Police,0.083313,51.776270,On or near HERONS WOOD,E01021839,Harlow 004A,Suspect charged
7367d77efb54231c95e767d5c1c92ec314c1583cc01f4ad2aaf887506fd0892c,2015-08,Essex Police,Essex Police,0.903191,51.863433,On or near MONKWICK AVENUE,E01021638,Colchester 018B,Formal action is not in the public interest
5b931ec1931e9a89a6898e6b9d120a262be87dbc3f0a49538d1f03a3003ba96b,2015-08,Essex Police,Essex Police,0.560839,51.522972,On or near ST MICHAELS ROAD,E01021503,Castle Point 010D,Unable to prosecute suspect
765b1b27094fc49265638047729f9b1e569a1781092861665b4fa922dfc6cbf2,2015-08,Essex Police,Essex Police,0.885120,51.867053,On or near HORNBEAM CLOSE,E01033723,Colchester 015G,Unable to prosecute suspect
7daedca948e5d7eecce94d8c9f8558ee65a19890fa65a332052cf8b3af2755e9,2015-08,Essex Police,Essex Police,0.361654,51.459829,On or near AUCKLAND CLOSE,E01016004,Thurrock 018B,Formal action is not in the public interest
c6e1e3f2fe384aa3692414c24a303b9e04e2ddf088c034c9714c709031064af4,2015-08,Essex Police,Essex Police,0.302207,51.620297,On or near HIGH STREET,E01021433,Brentwood 007A,Suspect charged
3398918df62496fd42926b8e75e3691ac51e02ca79688bd4337b1b3a6a2e3b46,2015-08,Essex Police,Essex Police,0.336016,51.482700,On or near WHITEHALL LANE,E01015968,Thurrock 014C,Formal action is not in the public interest
12bbb190b845e9c388fd8ae0c70e4d7b6b77f0990ea6b85f0f582761118564fc,2015-08,Essex Police,Essex Police,0.711402,51.535488,On or near Parking Area,E01015852,Southend-on-Sea 015B,Suspect charged
06a20b46202af58f23d3c7f3f98e00127caa710b478bb354112712b0454b749e,2015-08,Essex Police,Essex Police,1.152295,51.790083,On or near Shopping Area,E01022025,Tendring 016B,Suspect charged
b89965fa373f95cd12fe30241f72d86fa41ee0b361b88a4dc8029ce7374d9398,2015-08,Essex Police,Essex Police,1.152295,51.790083,On or near Shopping Area,E01022025,Tendring 016B,Suspect charged
f03b665ccf8efe89d6383df392e283d2482516fc740270d51dc690416b116791,2015-08,Essex Police,Essex Police,1.043718,51.883812,On or near MARY LANE SOUTH,E01022051,Tendring 005C,Suspect charged
df28560c9d12e444b3a6a6b1e3cd1919cef33a6cd96b6ff940e85de11a836386,2015-08,Essex Police,Essex Police,0.635190,51.945170,On or near CHAPEL STREET,E01021387,Braintree 004A,Suspect charged
0d5cfa7e8232a82da0f8dc62a0ebe44af4ab5c65658908b5b43ea361d82d4efd,2015-08,Essex Police,Essex Police,0.506111,51.736026,On or near Village Square,E01021548,Chelmsford 013A,Suspect charged
80face36a129cc8a99d12ac267d6ddc142efce22a2352020a28d887538b78ac7,2015-08,Essex Police,Essex Police,0.960008,51.859732,On or near Supermarket,E01021739,Colchester 017D,Suspect charged
56a453343c2d5f5ece534f271ffeae83cec7ada65592e839a2769f0d9a63fc5f,2015-08,Essex Police,Essex Police,0.556586,51.868495,On or near CHALLIS LANE,E01021372,Braintree 011C,Suspect charged
3ed6d152b6ef3fb3281793f02f257636a1fe38fcba5a5cac817b0afde0b77186,2015-08,Essex Police,Essex Police,0.405479,51.623388,On or near WESTERN VIEW,E01021253,Basildon 004B,Unable to prosecute suspect
20d2310d313e5abb2f69196f074526f15664244f1ab5137fd5f945c73c263252,2015-08,Essex Police,Essex Police,0.464113,51.725754,On or near YORK ROAD,E01021578,Chelmsford 010B,Suspect charged
25c6b28c106cf1bfee8893b4abe5a7a57ad31baf516a7ff822cde59e89f29577,2015-08,Essex Police,Essex Police,0.896245,51.888706,On or near HEAD STREET,E01021649,Colchester 007D,Offender given a caution
92016742ab9a18811655538c89f657e83acaee6733f2550da91fbc2f67857038,2015-08,Essex Police,Essex Police,0.362673,51.466194,On or near CENTRAL AVENUE,E01016007,Thurrock 018E,Formal action is not in the public interest
047c5d9534f37d5c5d221b047b0cfd63deb9c3258951bea0ac728268365d2921,2015-08,Essex Police,Essex Police,0.731073,51.540319,On or near Parking Area,E01015839,Southend-on-Sea 014A,Local resolution
20b816255a4f39cdebc91b569931fd9e47ea30ff6783b995108b06b3b6f10c89,2015-08,Essex Police,Essex Police,0.641646,51.945835,On or near MANFIELD,E01021388,Braintree 004B,Formal action is not in the public interest
f4070d4530c1722e6eb065006e77ad9b995b622f6662e808c2eda4381a921d9a,2015-08,Essex Police,Essex Police,0.316145,51.490190,On or near BOLEYN CLOSE,E01015939,Thurrock 020A,Suspect charged
02acdaaa64deef19d3f863a489ebf73e09707c6757da5a772075b201b1dea03e,2015-08,Essex Police,Essex Police,0.906862,51.865618,On or near QUEEN ELIZABETH WAY,E01021638,Colchester 018B,Local resolution
aec0db23540f52e22bfc15723c81dd5e7cbca66c7234e5c7923663408e1fde9c,2015-08,Essex Police,Essex Police,0.766886,51.679251,On or near STEEPLE ROAD,E01021900,Maldon 007E,Offender given a caution
3c8800734ed6c4b63e9023174f3a4055153edd0748253cca42a3ed4b19f6bf7c,2015-08,Essex Police,Essex Police,0.682681,51.730948,On or near QUEST PLACE,E01021890,Maldon 004B,Suspect charged
e2391c7938b5db1752449e985ac0239d73a7217904e07bb3f7a0fdacee163c62,2015-08,Essex Police,Essex Police,0.556385,51.680300,On or near NICHOLSON PLACE,E01021535,Chelmsford 016B,Formal action is not in the public interest
d5260c86f275b69959a95de0ba4e5311d86794e913cd10a6b1ace21bf327bd99,2015-08,Essex Police,Essex Police,0.579937,51.518065,On or near BEVERLEY AVENUE,E01021502,Castle Point 011E,Unable to prosecute suspect
884b3a311ac6b6e29ec6b4c83e0a47cb43a9493c5949b9f37186ab4a80c45432,2015-08,Essex Police,Essex Police,1.141564,51.788230,On or near BLENHEIM ROAD,E01022038,Tendring 017E,Formal action is not in the public interest
43d2b3cd67b34f6e0d6957fc9df85ecf8e4f027ed81d0c5aaf271475b3fd5c4a,2015-08,Essex Police,Essex Police,0.277436,51.508386,On or near DENE PATH,E01015972,Thurrock 006C,Unable to prosecute suspect
f7b655fa34c2b20c9deb5f835daad43b154bd3ff101097854294007e6d14567f,2015-08,Essex Police,Essex Police,0.533099,51.569144,On or near ALPHA ROAD,E01021313,Basildon 018A,Formal action is not in the public interest
9fa5677fa23cefbeea3890a07dfeccb6cf069f5fdfd44e1b970dfee997fbdcaf,2015-08,Essex Police,Essex Police,1.146196,51.789968,On or near Supermarket,E01022038,Tendring 017E,Local resolution
43cb41413bcab5b8c290d5cb903863e9dc5e5ed7e3295394d6cba4b2f3b73f03,2015-08,Essex Police,Essex Police,0.349186,51.953133,On or near MAGDALEN GREEN,E01022093,Uttlesford 004B,Local resolution
09c68b47901aca481b9a72e6d8992186aac785c83c758aba8edb0559de15361f,2015-08,Essex Police,Essex Police,0.282488,51.487496,On or near Shopping Area,E01016011,Thurrock 015B,Local resolution
3ebd102b4b86dc0dd15eb62df70434bdb5716bd9bcebc82b2523514aef046e92,2015-08,Essex Police,Essex Police,0.553752,51.873080,On or near RIFLE HILL,E01021373,Braintree 011D,Offender given a drugs possession warning
c786998a0dd83cf1719525738cd258bd4d72d9cb6d204535ca593c45a407cbe5,2015-08,Essex Police,Essex Police,0.916151,51.885012,On or near BARRACK STREET,E01021687,Colchester 011E,Unable to prosecute suspect
4a9ffdc69086060751b031de7f5a1b3416eaecc72e8a582cf61182ead0d78b3a,2015-08,Essex Police,Essex Police,0.499503,51.580459,On or near LITTLEBURY GREEN,E01021307,Basildon 011C,Formal action is not in the public interest
ac066b7184df536fb43e6aa218e6e654d34e510da41f248b93d0547ed85352f0,2015-08,Essex Police,Essex Police,0.475214,51.731744,On or near Shopping Area,E01033140,Chelmsford 010F,Offender given a caution
ed728c37cc259ed8e7b83e919e0eafd1295b5da5d9dd0c2d4d639558678109f0,2015-08,Essex Police,Essex Police,0.087894,51.749895,On or near PLOYTERS ROAD,E01021859,Harlow 010C,Local resolution
7d31de7a8724c43c5900b923bab74724936b620b36ca9783e628c9e99bde1440,2015-08,Essex Police,Essex Police,0.928291,51.879728,On or near KING EDWARD QUAY,E01021685,Colchester 011C,Formal action is not in the public interest
fc9cba20f9e265213624c1ebe3c89599455520b81e73126401882fc28809529f,2015-08,Essex Police,Essex Police,0.465424,51.774576,On or near Hospital,E01021542,Chelmsford 002A,Offender given penalty notice
d898213ecf9042c21e682c3d01e9d8d16ebc7f0ae92cb2df567f8ded01f25024,2015-08,Essex Police,Essex Police,0.303461,51.621954,On or near Parking Area,E01021433,Brentwood 007A,Offender given a caution
bae2c176448420e0b751c3962d18dac440f0bd37fb9c4f1885c6c2531f7e78e6,2015-08,Essex Police,Essex Police,0.112398,51.774852,On or near HOWARD WAY,E01021850,Harlow 003B,Local resolution
e10ab7b44ac45c21e87fb0f26f6d0041effb6128a2fc4ff99c7b8da046f81ef4,2015-08,Essex Police,Essex Police,0.714495,51.537781,On or near CHICHESTER ROAD,E01015852,Southend-on-Sea 015B,Local resolution
4ae04d3567846b45b2619f5de6ffe5e951017c2082f191be0666b8f7584d6f0e,2015-08,Essex Police,Essex Police,0.274369,51.511620,On or near HAMBLE LANE,E01015972,Thurrock 006C,Formal action is not in the public interest
12aea6817199cca1151c0a95949a26379be918d1be17f530f1eaea302a8f97c9,2015-08,Essex Police,Essex Police,0.727312,51.544706,On or near SOUTH MEWS,E01015870,Southend-on-Sea 006B,Formal action is not in the public interest
c27128f065c8610f2dc6c70f0d76fa7e7a6e2e3f7033b760eb48e467285e1fa4,2015-08,Essex Police,Essex Police,0.476603,51.729871,On or near BADDOW ROAD,E01033140,Chelmsford 010F,Offender given a caution
8bca4aefa7f404604ff4215dfc99511b21d2718d6365e2f53ebbc1e769f3ff64,2015-08,Essex Police,Essex Police,0.089752,51.777585,On or near RIVERMILL,E01021843,Harlow 004E,Local resolution
6015a5c306fbf26ff2e58411b96ea0aa9e2175f354e61ef23e93c08d50b50de7,2015-08,Essex Police,Essex Police,0.442907,51.752492,On or near MENDIP ROAD,E01021601,Chelmsford 003E,Unable to prosecute suspect
479fec032b4dab1886e9f36a1a5a7be1b971bcdc35779a9ff3176846cf031b82,2015-08,Essex Police,Essex Police,0.892052,51.890626,On or near HENRY LAVER COURT,E01021646,Colchester 007A,Offender given a drugs possession warning
3267ed46dac286eda539904040b362593d62497adc5f52447c0cd91e252078eb,2015-08,Essex Police,Essex Police,0.683778,51.537796,On or near WHITEFRIARS CRESCENT,E01015828,Southend-on-Sea 012B,Formal action is not in the public interest
0ba423d28b7c28fd24a07b19d566f0e24e625d0e23dc1b9b68717c286c098d7e,2015-08,Essex Police,Essex Police,0.412895,51.471107,On or near STATION ROAD,E01015949,Thurrock 013C,Suspect charged
9e40ab5234a4d2d46d8c9f00712875f888ea1133e4787dfca21f11e52b71f0fc,2015-08,Essex Police,Essex Police,0.683778,51.537796,On or near WHITEFRIARS CRESCENT,E01015828,Southend-on-Sea 012B,Offender given a caution
ec3615d7c0e4de0c5af009e3976de588bc5e5175a1c142f7b39543d00d9aa106,2015-08,Essex Police,Essex Police,0.087903,51.754804,On or near SHAWBRIDGE,E01021831,Harlow 007A,Suspect charged
0045d9e048aa5f41b60f0909fc524ea5ec02d7a5985a475e52d13b8df6eb96b5,2015-08,Essex Police,Essex Police,0.796544,51.528892,On or near DANE STREET,E01015877,Southend-on-Sea 013B,Offender given a caution
640824d8c6d508a63c28e98dc349883323a2f4241324015e6191bba5978799a4,2015-08,Essex Police,Essex Police,0.368411,51.864980,On or near UPPER MILL FIELD,E01022068,Uttlesford 007C,Suspect charged
6a8cab406b665b722ead411ff0fecde60aa48b67518d41e6b9ccd0dd3875e972,2015-08,Essex Police,Essex Police,0.034669,51.629295,On or near HIGH ROAD,E01021746,Epping Forest 015E,Formal action is not in the public interest
ab2cfa90ab7f6a4c81acac7bd0cfbdce69bedc8b2f8080c837eb8b599dad22eb,2015-08,Essex Police,Essex Police,0.675936,51.718772,On or near CONYER CLOSE,E01021897,Maldon 005E,Unable to prosecute suspect
e54db603f5feb3c4a461301a46b7e1ca8dd6bd3bdb3d3d23d473573d14c9d6f8,2015-08,Essex Police,Essex Police,0.443051,51.586396,On or near NEW WAVERLEY ROAD,E01021262,Basildon 010B,Local resolution
24feabdacf88912fcb30a008c00d72412183804e52970e1a5763b6096f2f0533,2015-08,Essex Police,Essex Police,0.020639,51.736197,On or near BARNFIELD CLOSE,E01021794,Epping Forest 002D,Formal action is not in the public interest
6b5dd723b1f88098fc7956f895bb871753ecccc20512c239ff7c610c3798d2f1,2015-08,Essex Police,Essex Police,1.087300,51.775566,On or near Seawick Holiday Park,E01022045,Tendring 018D,Formal action is not in the public interest
d1a14180d29731a728eea22e521f3e024949681074250edab468ae1c5862c8f4,2015-08,Essex Police,Essex Police,0.081422,51.765423,On or near COLLINS MEADOW,E01021841,Harlow 004C,Local resolution
196c9043e25f9479d1f0b37a8bc5df66848a8120ce15b8bd09742c6d2a1906ed,2015-08,Essex Police,Essex Police,0.104799,51.699352,On or near UPPER SWAINES,E01021763,Epping Forest 005D,Formal action is not in the public interest
f7529ca9ae72f5717f2852bd98ca97e0f2c4f5d6f7b977a6ec34e8bcfb0c727c,2015-08,Essex Police,Essex Police,1.083186,51.798788,On or near CLINTON CLOSE,E01022045,Tendring 018D,Formal action is not in the public interest
0f50b0b0ecb94db4ffc8b262b20c93295efdb79b4945b83eb46590518cfd6fc0,2015-08,Essex Police,Essex Police,0.114717,51.768956,On or near ROSELYN GARDENS,E01021852,Harlow 003D,Unable to prosecute suspect
2b0ce0828bcf76930df098efc3977dceaee2491b99d68e961848fd896595e391,2015-08,Essex Police,Essex Police,0.638158,51.814649,On or near RICKSTONES ROAD,E01021419,Braintree 015D,Suspect charged
73279a2c7ac8e8d1b96542d22d2ac1b75ee67d5009598eefa0941996b92a37d1,2015-08,Essex Police,Essex Police,0.795986,51.553189,On or near EXHIBITION LANE,E01021924,Rochford 010E,Formal action is not in the public interest
ce9ffb8c8867c8693c52873f26459276d8d7a34523ff6f317357a9cf343c121b,2015-08,Essex Police,Essex Police,0.795986,51.553189,On or near EXHIBITION LANE,E01021924,Rochford 010E,Formal action is not in the public interest
8b9e163889bb129f84fb99fdb658b86800c33f8939b788240a14ff1226b5de5c,2015-08,Essex Police,Essex Police,0.915893,51.887537,On or near Pedestrian Subway,E01021648,Colchester 007C,Unable to prosecute suspect
2edbcf8cd05fd3a41fa4f294ebafa544f06dc9f563ad7437289035c02ecf609b,2015-08,Essex Police,Essex Police,0.503656,51.709162,On or near EASTWOOD PARK,E01021562,Chelmsford 014A,Unable to prosecute suspect
89832a5b03a846801f16f1c1020a81dbe8ed1bfff78bffc15dc0b9b477031d04,2015-08,Essex Police,Essex Police,0.452426,51.568286,On or near Petrol Station,E01021318,Basildon 015C,Suspect charged
b33490e210a43f4046c541595763ea5469ef7f571614e6b3c664318e789c6315,2015-08,Essex Police,Essex Police,0.329410,51.475457,On or near PROSPECT PLACE,E01015952,Thurrock 017B,Formal action is not in the public interest
41fa5fdae2093667c6a1756e793f301fd07d911d985315333d06f58e37ea8719,2015-08,Essex Police,Essex Police,0.915602,51.872264,On or near Supermarket,E01021667,Colchester 016F,Suspect charged
84aa257b1d8d3349efa50d8b9ca21e29a1f15344598bccbd629f7dba8d8238f6,2015-08,Essex Police,Essex Police,0.768191,51.525967,On or near SHOEBURY COMMON ROAD,E01015893,Southend-on-Sea 016E,Local resolution
03a6c74c5c15fb44353b73f7816ffc0764cb95331cbe90f976d1882ac70bf575,2015-08,Essex Police,Essex Police,0.503664,51.572905,On or near WIMBISH END,E01021306,Basildon 013E,Suspect charged
7b3c0b328bb9987cab49a0e3c8a549cb6e31b79e8e4aed97253542039b3ac081,2015-08,Essex Police,Essex Police,0.935198,51.895403,On or near LABURNUM GROVE,E01021697,Colchester 008B,Suspect charged
bb77128e5828f0c721a064cc0cd5ee89a6a7df190a1abb159e4b3a8bac88034b,2015-08,Essex Police,Essex Police,0.471928,51.594182,On or near OAK LANE,E01021260,Basildon 009D,Offender given a caution
8c7f6a7cf6f8538f083b3b38257d200d8b808e131b86cd7fd27c6bd25cbe803a,2015-08,Essex Police,Essex Police,0.490430,51.723742,On or near Parking Area,E01021563,Chelmsford 014B,Formal action is not in the public interest
fd949d525028111eb010e48d18e3808673c2b202fa1c90d53169300af7a93075,2015-08,Essex Police,Essex Police,0.477771,51.723416,On or near WATERSON VALE,E01021583,Chelmsford 015C,Unable to prosecute suspect
58e749ff9880aaa262b98b5622b547da30fe9ba3263b02becf837eabd8bc8222,2015-08,Essex Police,Essex Police,0.679549,51.731622,On or near OLD MILL CLOSE,E01021890,Maldon 004B,Local resolution
58e749ff9880aaa262b98b5622b547da30fe9ba3263b02becf837eabd8bc8222,2015-08,Essex Police,Essex Police,0.679549,51.731622,On or near OLD MILL CLOSE,E01021890,Maldon 004B,Local resolution
63f7f03c147ace2ee2fa3aa2bfbbe4c5d737ddae7dd5070d82df836651804565,2015-08,Essex Police,Essex Police,0.398164,51.635642,On or near BLUEBELL WOOD,E01021249,Basildon 002D,Local resolution
53af563aa89369bc2e9d8dffea4bedcdd8cd6bad72f1c2af587c71477b436b87,2015-08,Essex Police,Essex Police,0.465424,51.774576,On or near Hospital,E01021542,Chelmsford 002A,Suspect charged
0545a3ee3b20700c1f5757c178510e5a1be889fb670c5c13116965422940a2a5,2015-08,Essex Police,Essex Police,0.465424,51.774576,On or near Hospital,E01021542,Chelmsford 002A,Suspect charged
a2dcc6cf5993ecd28ba320188b20adb1ac8582c6cd6e8d315ddccc75122c2479,2015-08,Essex Police,Essex Police,0.465424,51.774576,On or near Hospital,E01021542,Chelmsford 002A,Suspect charged
9b5b6d50151e36f552c017272ff09ecc545a1938875335afc7bc11f70bf25e59,2015-08,Essex Police,Essex Police,0.551134,51.879450,On or near BANK STREET,E01021365,Braintree 009D,Local resolution
beaace81cf2fcedd03293b1f0d70bef1ab4d7dafc6e025dace2ce6c5c378f3de,2015-08,Essex Police,Essex Police,0.827857,51.786747,On or near SALCOTT STREET,E01021644,Colchester 019B,Unable to prosecute suspect
beaace81cf2fcedd03293b1f0d70bef1ab4d7dafc6e025dace2ce6c5c378f3de,2015-08,Essex Police,Essex Police,0.827857,51.786747,On or near SALCOTT STREET,E01021644,Colchester 019B,Unable to prosecute suspect
ee3ed079d295ac240ab6107064f5bfcdd2aa5022ce2ca20d29cac44d43ea740b,2015-08,Essex Police,Essex Police,0.084680,51.767568,On or near HARE STREET,E01021842,Harlow 004D,Formal action is not in the public interest
ee3ed079d295ac240ab6107064f5bfcdd2aa5022ce2ca20d29cac44d43ea740b,2015-08,Essex Police,Essex Police,0.084680,51.767568,On or near HARE STREET,E01021842,Harlow 004D,Formal action is not in the public interest
3dcbc8dcd93b9593c563080baa03d7ec0489dafc7daad184967785bd4f5439d6,2015-08,Essex Police,Essex Police,0.053376,51.644553,On or near Parking Area,E01021781,Epping Forest 014B,Unable to prosecute suspect
8d14f52c893f61cce54127e1ce686fdd630615c320d56fc2e144109636a7759c,2015-08,Essex Police,Essex Police,1.156373,51.806091,On or near WRENDALE,E01022041,Tendring 010D,Formal action is not in the public interest
3835a22b9baa1e08c5e55dea35cb796981a04e8548b92daef76f79e301413a3e,2015-08,Essex Police,Essex Police,0.579366,51.515353,On or near AZALEA MEWS,E01021502,Castle Point 011E,Suspect charged
7a40e38356050759b15f99fd3e00ed4d7633c3911de425f7325c2e65c86a030e,2015-08,Essex Police,Essex Police,0.783461,51.530714,On or near GROVE WALK,E01015917,Southend-on-Sea 017D,Formal action is not in the public interest
5275d68e6a6e0dd88c6069ab089a2689196dc00dba39c8d0e91a053dc9e0b079,2015-08,Essex Police,Essex Police,0.605828,51.585708,On or near Shopping Area,E01021962,Rochford 008C,Unable to prosecute suspect
e574b4402380402cf20986df9aefe6b60d22aa8f3bf6ac0366a6d211f2d090cd,2015-08,Essex Police,Essex Police,0.731648,51.539083,On or near RIVIERA DRIVE,E01015839,Southend-on-Sea 014A,Local resolution
52e7fddd93e9aeaf7c64eee8d2a76a0adddbdb3f7ad10e8330b8e6e45a885236,2015-08,Essex Police,Essex Police,1.259559,51.850287,On or near WADE REACH,E01022055,Tendring 006D,Formal action is not in the public interest
825fc5cf849b45643cde56173dd86e44ef7890eaae8431658c1d162900fec890,2015-08,Essex Police,Essex Police,0.617481,51.643493,On or near Queen Elizabeth Way,E01021613,Chelmsford 019C,Suspect charged
fe0f863a39dd909e2839b02b56a4294a8735fbaaa79238d58b930f35a4b5c60a,2015-08,Essex Police,Essex Police,0.289521,51.480371,On or near SOUTHWELL CLOSE,E01033611,Thurrock 019C,Formal action is not in the public interest
7369437ded7240758b7e8a54b2b6f772c8092653a039ad9007ead66f98af93bc,2015-08,Essex Police,Essex Police,0.838751,51.879774,On or near HARVEY CRESCENT,E01021722,Colchester 012E,Formal action is not in the public interest
368a718bff8707f79332c1ba8780aa5e0bb342068a64899fb0dcbd47c5e08c32,2015-08,Essex Police,Essex Police,1.151440,51.787381,On or near PENFOLD ROAD,E01022025,Tendring 016B,Formal action is not in the public interest
33bed93ceb352fcd04f54bd7eb51d1f872e32881a42e558d7e01b6d15a68c046,2015-08,Essex Police,Essex Police,0.838751,51.879774,On or near HARVEY CRESCENT,E01021722,Colchester 012E,Formal action is not in the public interest
8da66ea0e8d0181c947bb3aaaa4b31528acf268c5e3fac551c14c9ec3ef670db,2015-08,Essex Police,Essex Police,0.492347,51.564962,On or near GREENSTED CLOSE,E01021328,Basildon 022E,Unable to prosecute suspect
becde73cbac4cb544d6f36f36b14df1efd8032a8969bfe3f1488d079e3e80a1a,2015-08,Essex Police,Essex Police,0.117149,51.749677,On or near RADBURN CLOSE,E01021837,Harlow 008E,Unable to prosecute suspect
6d29b96371d875436b92a1a3c522c5805cc1c2cf076644c4d6a5bec9cdbbc47b,2015-08,Essex Police,Essex Police,0.117149,51.749677,On or near RADBURN CLOSE,E01021837,Harlow 008E,Unable to prosecute suspect
b0ed6c704aa85dc6025813e0802fffb6eec05eb11b6e91e41c3ecef7cfd96b97,2015-08,Essex Police,Essex Police,0.827857,51.786747,On or near SALCOTT STREET,E01021644,Colchester 019B,Unable to prosecute suspect
b0ed6c704aa85dc6025813e0802fffb6eec05eb11b6e91e41c3ecef7cfd96b97,2015-08,Essex Police,Essex Police,0.827857,51.786747,On or near SALCOTT STREET,E01021644,Colchester 019B,Unable to prosecute suspect
47e6b0425c78656289f352f8a547bcf16f133030648d4aaf56ae1eb40dddca14,2015-08,Essex Police,Essex Police,0.827857,51.786747,On or near SALCOTT STREET,E01021644,Colchester 019B,Unable to prosecute suspect
47e6b0425c78656289f352f8a547bcf16f133030648d4aaf56ae1eb40dddca14,2015-08,Essex Police,Essex Police,0.827857,51.786747,On or near SALCOTT STREET,E01021644,Colchester 019B,Unable to prosecute suspect
9ff0c4b187ab47aa2bcac71870e50be7f77c44598b2dc23cb7ddffad92e023dd,2015-08,Essex Police,Essex Police,0.893012,51.922080,On or near BOXTED ROAD,E01021680,Colchester 004B,Formal action is not in the public interest
e64095356bd9f209768ec0271f82169387d597242509db25c15ca17e4b3918f2,2015-08,Essex Police,Essex Police,0.089752,51.777585,On or near RIVERMILL,E01021843,Harlow 004E,Unable to prosecute suspect
fa81114def44f36a8f0a34792afe29138fcd3327a1303bcacc714c62ab3854f9,2015-08,Essex Police,Essex Police,0.903936,51.888057,On or near Bus/Coach Station,E01021648,Colchester 007C,Suspect charged
7e75bb493c300385bbecf2f4f037a824aa64bf45c7b0724839bd11a1871a9343,2015-08,Essex Police,Essex Police,0.695113,51.543400,On or near CLAREMONT ROAD,E01015900,Southend-on-Sea 010F,Formal action is not in the public interest
5898f24eeba39de0655fdeec723c61924f5953a3aab0b7bb70d59c2fcc4e9cd3,2015-08,Essex Police,Essex Police,0.587084,51.718118,On or near WEST BELVEDERE,E01021572,Chelmsford 016E,Suspect charged
d4ac31ab6e4b7bf32bc0db370aa911618ee3a02357c3abe0546bc78c3e6f445c,2015-08,Essex Police,Essex Police,0.585031,51.695321,On or near MONKS MEAD,E01021533,Chelmsford 016A,Offender given a drugs possession warning
bff5a79ba8b040a4f487469bd95df67ef64a83ae5da8fa281e628e3e3bf47414,2015-08,Essex Police,Essex Police,0.596014,51.513565,On or near LOVENS CLOSE,E01021500,Castle Point 012E,Suspect charged
5632586dab377d429e13877cd21b2273568d1c7f3edff1729475a47b5480afc5,2015-08,Essex Police,Essex Police,0.573633,51.880308,On or near WHEATLEY AVENUE,E01021370,Braintree 011B,Formal action is not in the public interest
6aa9bb14dfa280a83dd7a47835f8fde0491f93b85eda5c63d6aae899a4b39a7c,2015-08,Essex Police,Essex Police,0.634446,51.943649,On or near BRIDGE STREET,E01021387,Braintree 004A,Suspect charged
a2d348ca19742569dc5aaefc5d6eb7d76faa6abbf62f04715f306be78e23ff03,2015-08,Essex Police,Essex Police,1.148691,51.807457,On or near SHERWOOD DRIVE,E01022044,Tendring 013E,Formal action is not in the public interest
cfa492dceca9551a4a18336fdc500474affc0daea84c256ed5a44beb2e392eef,2015-08,Essex Police,Essex Police,0.473279,51.571212,On or near CHURCH ROAD,E01021321,Basildon 015E,Formal action is not in the public interest
cfa492dceca9551a4a18336fdc500474affc0daea84c256ed5a44beb2e392eef,2015-08,Essex Police,Essex Police,0.473279,51.571212,On or near CHURCH ROAD,E01021321,Basildon 015E,Formal action is not in the public interest
25d7dc5a521ae47f98d8aeafb3a4e70f094f6e0f06f4e896173d7d5b416eb73d,2015-08,Essex Police,Essex Police,0.603098,51.593009,On or near MARINA AVENUE,E01021925,Rochford 005C,Formal action is not in the public interest
a51502d97f4d0171106c56d2689973a0c3718d9a3cefb594ad23cd24c857a0b3,2015-08,Essex Police,Essex Police,,,No location,,,Local resolution
1f04b3736d6df61e7b0a603ede9289e167bef6445a33ea5e27f346000bfa0427,2015-08,Essex Police,Essex Police,1.091917,51.941860,On or near STOURVIEW CLOSE,E01022021,Tendring 003G,Suspect charged
1f04b3736d6df61e7b0a603ede9289e167bef6445a33ea5e27f346000bfa0427,2015-08,Essex Police,Essex Police,1.091917,51.941860,On or near STOURVIEW CLOSE,E01022021,Tendring 003G,Suspect charged
1f04b3736d6df61e7b0a603ede9289e167bef6445a33ea5e27f346000bfa0427,2015-08,Essex Police,Essex Police,1.091917,51.941860,On or near STOURVIEW CLOSE,E01022021,Tendring 003G,Suspect charged
0642e0d2ad4f3ef29123ca8394640647f37ce54c01b0842769929e1db1a066c5,2015-08,Essex Police,Essex Police,1.152226,51.789923,On or near ROSEMARY ROAD,E01022025,Tendring 016B,Suspect charged
5d80cd8b3d13442dd1fd6ef3e1b1fe0232eb66479f51c6bd105528cce23a8f12,2015-08,Essex Police,Essex Police,0.333648,51.475805,On or near PERCY STREET,E01015962,Thurrock 016E,Offender given a caution
e66403c313c8fea5ca9ae304ea3fd4f3f893928bf6d9a91934c4c7bc04f0907b,2015-08,Essex Police,Essex Police,0.876563,51.868648,On or near DUORO MEWS,E01033723,Colchester 015G,Formal action is not in the public interest
e66403c313c8fea5ca9ae304ea3fd4f3f893928bf6d9a91934c4c7bc04f0907b,2015-08,Essex Police,Essex Police,0.876563,51.868648,On or near DUORO MEWS,E01033723,Colchester 015G,Suspect charged
e9cb9ea8cb3e440c18335b84401519c066459cb3ba3cc9d1d5089dfd86db32c8,2015-08,Essex Police,Essex Police,0.086622,51.661584,On or near Sports/Recreation Area,E01021774,Epping Forest 011A,Unable to prosecute suspect
c8adf1995870fe6c0dfc07d455946eebf59d5e9235425c781d3d9330b479bf26,2015-08,Essex Police,Essex Police,-0.008474,51.677830,On or near ROMAN WAY,E01021817,Epping Forest 008E,Formal action is not in the public interest
867fcacba6acad23def1d7af0b97e2e8fe71a6318fc90245b4ea7b03fe5ea148,2015-08,Essex Police,Essex Police,0.541834,51.629201,On or near LYNFORDS AVENUE,E01021594,Chelmsford 021B,Local resolution
b63a0d91acb5da6b52e122e873bc23f1d25dd339aeb2151b993fc9580358b5bb,2015-08,Essex Police,Essex Police,0.530903,51.603896,On or near DAVIDSON GARDENS,E01021343,Basildon 008C,Formal action is not in the public interest
b63a0d91acb5da6b52e122e873bc23f1d25dd339aeb2151b993fc9580358b5bb,2015-08,Essex Police,Essex Police,0.530903,51.603896,On or near DAVIDSON GARDENS,E01021343,Basildon 008C,Formal action is not in the public interest
b63a0d91acb5da6b52e122e873bc23f1d25dd339aeb2151b993fc9580358b5bb,2015-08,Essex Police,Essex Police,0.530903,51.603896,On or near DAVIDSON GARDENS,E01021343,Basildon 008C,Formal action is not in the public interest
b63a0d91acb5da6b52e122e873bc23f1d25dd339aeb2151b993fc9580358b5bb,2015-08,Essex Police,Essex Police,0.530903,51.603896,On or near DAVIDSON GARDENS,E01021343,Basildon 008C,Formal action is not in the public interest
b63a0d91acb5da6b52e122e873bc23f1d25dd339aeb2151b993fc9580358b5bb,2015-08,Essex Police,Essex Police,0.530903,51.603896,On or near DAVIDSON GARDENS,E01021343,Basildon 008C,Formal action is not in the public interest
b63a0d91acb5da6b52e122e873bc23f1d25dd339aeb2151b993fc9580358b5bb,2015-08,Essex Police,Essex Police,0.530903,51.603896,On or near DAVIDSON GARDENS,E01021343,Basildon 008C,Formal action is not in the public interest
b6e2fa4e8d721e3afc8b754c152875c89697496a8e5a6527949b6a84be7f0b18,2015-08,Essex Police,Essex Police,0.534951,51.614349,On or near APPLE TREE WAY,E01021339,Basildon 005D,Unable to prosecute suspect
b6e2fa4e8d721e3afc8b754c152875c89697496a8e5a6527949b6a84be7f0b18,2015-08,Essex Police,Essex Police,0.534951,51.614349,On or near APPLE TREE WAY,E01021339,Basildon 005D,Unable to prosecute suspect
218392a34a90be9492ad2b03fe70736b08ef6065a8a982c86d88d39648fd739a,2015-08,Essex Police,Essex Police,0.219319,51.883175,On or near Bus/Coach Station,E01022086,Uttlesford 006A,Offender given penalty notice
2c8a8ea9e0b532654d79f87b5376237f522d3048416a2187657f18d2252bb8d5,2015-08,Essex Police,Essex Police,0.067105,51.766745,On or near CAWLEY HATCH,E01021840,Harlow 004B,Unable to prosecute suspect
04292985a175e666252047e7905ae69ef6e57414a6f0ef64b4bdb45d68de3307,2015-08,Essex Police,Essex Police,1.128032,51.817318,On or near ST OSYTH ROAD,E01021975,Tendring 013A,Local resolution
183969ff97de0656fbdc903680846283bb5981124ebaf3223af2353cb9c22cb4,2015-08,Essex Police,Essex Police,0.411580,51.574151,On or near ROOSEVELT ROAD,E01021275,Basildon 014B,Suspect charged
dc48d30f89a80ae72cee0ed2e69d5bf4850d87f07889c48a8c44a22b37f10200,2015-08,Essex Police,Essex Police,0.917072,51.910666,On or near TYNEDALE SQUARE,E01021669,Colchester 002B,Unable to prosecute suspect
30dd6dcd385475da2f89f2ef962ccc5519b0f428fb2e788aa0df94889b81916a,2015-08,Essex Police,Essex Police,0.326374,51.496732,On or near CRAWFORD AVENUE,E01015994,Thurrock 009D,Unable to prosecute suspect
9f8f70ee5aa3b94069d37ec9a91501528715edc97d72af92956ba6129210a73c,2015-08,Essex Police,Essex Police,0.326374,51.496732,On or near CRAWFORD AVENUE,E01015994,Thurrock 009D,Unable to prosecute suspect
977595801fff34c3e7c3b4db4006c59e04dd106e8a2c0dec7c43d846a8b78393,2015-08,Essex Police,Essex Police,0.064799,51.640504,On or near ALDERTON WAY,E01021783,Epping Forest 013D,Unable to prosecute suspect
97e5181f4acc3727d90722d3a6cf4d41f8dde2f2684375884b79410bdf331b2f,2015-08,Essex Police,Essex Police,0.080081,51.774718,On or near Supermarket,E01021840,Harlow 004B,Suspect charged
9d2b5979f322adeb0dd975f5d7a375a93dd35b1a16d23c0f441fdf49a3c3ae06,2015-08,Essex Police,Essex Police,1.254058,51.846311,On or near LITTLE HARRODS,E01022012,Tendring 008H,Unable to prosecute suspect
06b5556766bff36200ff6be137ee38352eaba7acbce5f414382cb59a18309d82,2015-08,Essex Police,Essex Police,0.458532,51.728056,On or near PARKINSON DRIVE,E01033138,Chelmsford 009F,Unable to prosecute suspect
e70a3a5350eba34f70489cbd819a0fc578514005f4c792420bb5d5c985382455,2015-08,Essex Police,Essex Police,1.154305,51.793321,On or near STATION ROAD,E01022027,Tendring 016D,Local resolution
e2182dabd8c9fa2cd986afc97e4221adfd74b38e982789ac0169cea0a829780e,2015-08,Essex Police,Essex Police,0.489170,51.721628,On or near Petrol Station,E01021564,Chelmsford 013D,Formal action is not in the public interest
7cd63094edca77ae99a8e1197d778366e5661af6328866c015535e5da485bfc7,2015-08,Essex Police,Essex Police,0.714143,51.536234,On or near Shopping Area,E01015852,Southend-on-Sea 015B,Suspect charged
5135d0d4f817fea6bdd47cd892ef9c2aa6ffe4095b994146e87e4c7356794221,2015-08,Essex Police,Essex Police,0.605728,51.518349,On or near TERAMO ROAD,E01021489,Castle Point 012A,Unable to prosecute suspect
4d4bfad47494e3f1acf330eb812f1be62fbb1a04fb1258ec03729298463cf35d,2015-08,Essex Police,Essex Police,0.729372,51.533820,On or near ARNOLD AVENUE,E01015842,Southend-on-Sea 014D,Offender given a caution
b568c92f7d3955d935afe6b32da79ce2b5e74433a7555ab66c554ffb9136b241,2015-08,Essex Police,Essex Police,0.449958,51.754540,On or near WARDLE WAY,E01021601,Chelmsford 003E,Local resolution
d67d5631209729e94bed2a0d3e06eb2db37804034132960946c6b4239d6479b7,2015-08,Essex Police,Essex Police,0.906006,51.886361,On or near Parking Area,E01021686,Colchester 011D,Offender given a drugs possession warning
b789e05d2b7ef6444e27484e25d92bd9e86a7987799ae67ee3bcc1794a62f7bf,2015-08,Essex Police,Essex Police,0.682483,51.539327,On or near Sports/Recreation Area,E01015827,Southend-on-Sea 012A,Formal action is not in the public interest
6ae46ce517d589ed8ac08dd1b4a1306d41f0283a4a5571e422a9fb3aa5827769,2015-08,Essex Police,Essex Police,0.464883,51.713831,On or near DOVE LANE,E01021558,Chelmsford 015B,Unable to prosecute suspect
e5d64a91b65e6181c90bb27c8139482c8fbbbe32ba11245710bba8305cade4b9,2015-08,Essex Police,Essex Police,0.684702,51.545167,On or near LONDON ROAD,E01015832,Southend-on-Sea 012F,Suspect charged
30f49384c15a71822f42a93230fb41ef897ea59089f43894a5293ef50da0e518,2015-08,Essex Police,Essex Police,0.520333,51.755246,On or near A130,E01021537,Chelmsford 005B,Formal action is not in the public interest
c6d6a26168fde80690d42cae0c5508bdaa68d8704b21bb42ced6f466337e67a5,2015-08,Essex Police,Essex Police,0.708533,51.543990,On or near VICTORIA AVENUE,E01015895,Southend-on-Sea 010A,Local resolution
be2072d29e62ee246d60276361d86ea91393eef14875e1939aae2fc6b3cd0252,2015-08,Essex Police,Essex Police,0.077815,51.656812,On or near DROVEWAY,E01021777,Epping Forest 011D,Unable to prosecute suspect
40dc57110b12cf60e293143d5d1a23773315e9823d96cd61fc5fee0b64058aa3,2015-08,Essex Police,Essex Police,0.126336,51.703748,On or near ARAGON MEWS,E01021761,Epping Forest 005B,Formal action is not in the public interest
06411a5852c5eb9bb0ad060cc1160194ddf8f289a0714492e9a9cf7a546d7e21,2015-08,Essex Police,Essex Police,0.741996,51.549265,On or near SHERWOOD WAY,E01015886,Southend-on-Sea 009D,Local resolution
6f15003fe7b2334b48d1e65d31fb25aa1a9336c4d49d1c7978b5990363fc94c3,2015-08,Essex Police,Essex Police,0.691297,51.592368,On or near HAINAULT AVENUE,E01021932,Rochford 007B,Formal action is not in the public interest
2d41154d73e57d640c81f5e3fa1788375a23043a1243638450718285ea4cb7d1,2015-08,Essex Police,Essex Police,0.501861,51.716260,On or near Parking Area,E01021562,Chelmsford 014A,Formal action is not in the public interest
3396cf5435509d1ca41dcad5f1f35fa5e5737bafe46b39aec24216295bfe4e74,2015-08,Essex Police,Essex Police,0.081422,51.765423,On or near COLLINS MEADOW,E01021841,Harlow 004C,Unable to prosecute suspect
2acc2cddd8d58bd7f5094325ddeddc987f232747d78a8a8b17d6889bcc8187f6,2015-08,Essex Police,Essex Police,0.366499,51.464714,On or near STEPHENSON AVENUE,E01016010,Thurrock 018H,Formal action is not in the public interest
5e64ee8f8d605571506e11763ec5499cc3766038a17e6885791ece2fb7223c76,2015-08,Essex Police,Essex Police,0.463191,51.566676,On or near WITCHARDS,E01021296,Basildon 020C,Formal action is not in the public interest
bd5bd9211cdcea7cbadf39917c880d85616a3a18f35b2fd6eb7880d954284e43,2015-08,Essex Police,Essex Police,0.459001,51.744692,On or near Supermarket,E01021573,Chelmsford 009A,Local resolution
a0c565745ce63c3b060f5e8005cd00a030e21919dcf8e696aad692ded9b33c0e,2015-08,Essex Police,Essex Police,0.493484,51.744235,On or near CAMBORNE CLOSE,E01021625,Chelmsford 007D,Formal action is not in the public interest
a0c565745ce63c3b060f5e8005cd00a030e21919dcf8e696aad692ded9b33c0e,2015-08,Essex Police,Essex Police,0.493484,51.744235,On or near CAMBORNE CLOSE,E01021625,Chelmsford 007D,Formal action is not in the public interest
4a4c04f6babeafaacfd3f6344ff7a5a674cf4a930a2e60d69b0d32b370bcf5ae,2015-08,Essex Police,Essex Police,0.293800,51.616595,On or near LA PLATA GROVE,E01021439,Brentwood 007C,Local resolution
42e30c99798174033c1c03d58f3d3724eda12b19d01f429a9774f0489a1db044,2015-08,Essex Police,Essex Police,0.919727,51.910133,On or near Supermarket,E01021671,Colchester 002D,Local resolution
f55b292f66e44e47ba1e3cde8e8bce797bfd5640500ed29947b6cd694040cc66,2015-08,Essex Police,Essex Police,0.718833,51.536035,On or near HORACE ROAD,E01015841,Southend-on-Sea 014C,Unable to prosecute suspect
5fdc4a0f737650b1e7e59e058b8dbb36ddd3be68225c3d2f94e2ef40d94328ab,2015-08,Essex Police,Essex Police,0.923825,51.883230,On or near VALENTA CLOSE,E01021685,Colchester 011C,Suspect charged
877551976630a68c8ca5b1e1bdf154642dae932e9ef72bcb7b1afb0a0eee341c,2015-08,Essex Police,Essex Police,0.722299,51.532744,On or near MARINE PARADE,E01015841,Southend-on-Sea 014C,Formal action is not in the public interest
0b2c3f6569c5b2adcb277e48cf3a1e6a3b21d8285492b1463b78f253b43af4a2,2015-08,Essex Police,Essex Police,0.503524,51.567737,On or near MAYDELLS,E01021317,Basildon 018E,Suspect charged
d9705eae2cccee31accb6161a7b5eac438669c35d7ecb9062d0b1e8daf1afe3e,2015-08,Essex Police,Essex Police,0.242443,52.026165,On or near CATONS LANE,E01022078,Uttlesford 002C,Local resolution
1e3c65db6c3abfcafdd56458d51432ccca08e1ba37f17157c34a4eb8099ee4ef,2015-08,Essex Police,Essex Police,0.475214,51.731744,On or near Shopping Area,E01033140,Chelmsford 010F,Formal action is not in the public interest
38f587dd89b482c6ef572ac55c62e0717aec77f2e7222286e738ea7668bb0b57,2015-08,Essex Police,Essex Police,0.086303,51.771334,On or near Hospital,E01021843,Harlow 004E,Local resolution
231129f7936f546005509b75e90760874e561e994c1b98cc19cdfd2c770706e2,2015-08,Essex Police,Essex Police,0.232047,51.482568,On or near HIGH STREET,E01016014,Thurrock 015E,Formal action is not in the public interest
231129f7936f546005509b75e90760874e561e994c1b98cc19cdfd2c770706e2,2015-08,Essex Police,Essex Police,0.232047,51.482568,On or near HIGH STREET,E01016014,Thurrock 015E,Formal action is not in the public interest
6320a92da6580a58107dd0ad45c87729de1f2bf4e33f3d65e57c5803ff183138,2015-08,Essex Police,Essex Police,0.672053,51.546158,On or near LONDON ROAD,E01015823,Southend-on-Sea 005D,Formal action is not in the public interest
6c91814df638a098a040fb97b67d64c323eed3124649b8c76d5f35354f1dea75,2015-08,Essex Police,Essex Police,0.498958,51.713749,On or near Sports/Recreation Area,E01021566,Chelmsford 014D,Offender given a caution
49256c10c3294610c3bae0bcf5601d197ca6f0c7f818abb920115837417107d5,2015-08,Essex Police,Essex Police,0.872928,51.847170,On or near MILL LANE,E01021645,Colchester 019C,Unable to prosecute suspect
b52519b3a0509686ed0af3c747d81a8bda00bdf7fb985e7e641b412e8e1ca46a,2015-08,Essex Police,Essex Police,0.761816,51.536874,On or near Parking Area,E01015890,Southend-on-Sea 016B,Formal action is not in the public interest
b52519b3a0509686ed0af3c747d81a8bda00bdf7fb985e7e641b412e8e1ca46a,2015-08,Essex Police,Essex Police,0.761816,51.536874,On or near Parking Area,E01015890,Southend-on-Sea 016B,Suspect charged
9a90dec117d1af434829d6af14f514209e881cc16ce031f408695a70964326b7,2015-08,Essex Police,Essex Police,0.299717,51.607063,On or near POMPADOUR CLOSE,E01021472,Brentwood 008C,Unable to prosecute suspect
28031bd2daec228fe77ee785ad7e93bc3e36f0e702bb293c1a4ac7d3176085cd,2015-08,Essex Police,Essex Police,0.891788,51.889688,On or near POPE'S LANE,E01021646,Colchester 007A,Suspect charged
4c54b8bf819ab698b4a0457168ddc4a6f67001b5160238c1d3d0b38028189f7c,2015-08,Essex Police,Essex Police,0.655381,51.566268,On or near MANSEL CLOSE,E01015835,Southend-on-Sea 001C,Formal action is not in the public interest
947667309a11e69733e468c107e09fe6f05e378ad6239f1cc63551a4d8d98f26,2015-08,Essex Police,Essex Police,0.655916,51.541281,On or near Supermarket,E01015849,Southend-on-Sea 011E,Suspect charged
9efe930f5e17e587adfc503893b5573fd5d0a0e357a89d8eccd01a2f4ca5b50d,2015-08,Essex Police,Essex Police,1.093192,51.896326,On or near B1035,E01022019,Tendring 003E,Local resolution
91d431f7cd3c14fcf7268ca860895dd09747b6aeaca7821767d0bd8be9fe2b68,2015-08,Essex Police,Essex Police,0.691952,51.550451,On or near SPRINGFIELD DRIVE,E01015904,Southend-on-Sea 007D,Suspect charged
44183e48dc4aa1f70d96be18e1188c290ecfdfa083edf3c90bc3f2eec53f036e,2015-08,Essex Police,Essex Police,0.031460,51.629279,On or near FERNBANK,E01021746,Epping Forest 015E,Unable to prosecute suspect
44183e48dc4aa1f70d96be18e1188c290ecfdfa083edf3c90bc3f2eec53f036e,2015-08,Essex Police,Essex Police,0.031460,51.629279,On or near FERNBANK,E01021746,Epping Forest 015E,Unable to prosecute suspect
44183e48dc4aa1f70d96be18e1188c290ecfdfa083edf3c90bc3f2eec53f036e,2015-08,Essex Police,Essex Police,0.031460,51.629279,On or near FERNBANK,E01021746,Epping Forest 015E,Unable to prosecute suspect
6a5612a767c9a35076dc73d2e6c1a1bb9b5c48731f81767583f4eb47faa4c1bf,2015-08,Essex Police,Essex Police,0.612916,51.550980,On or near ASH ROAD,E01021518,Castle Point 006B,Unable to prosecute suspect
12bbec439909bee1cc662e22b204a5e39db9b7c62f0d1e73efaeb66d93618069,2015-08,Essex Police,Essex Police,0.050153,51.628216,On or near HURST ROAD,E01021743,Epping Forest 015B,Suspect charged
009be8e3eb80361e76b7c975318a03dc2224d3d136b75a7eb7e825a2165f7000,2015-08,Essex Police,Essex Police,0.296350,51.523989,On or near PEARTREE CLOSE,E01015971,Thurrock 006B,Local resolution
fcbc7c1d05191b31a89921a7843c60b91bca3d426bc2c38ab534f00580c00eb8,2015-08,Essex Police,Essex Police,0.031460,51.629279,On or near FERNBANK,E01021746,Epping Forest 015E,Formal action is not in the public interest
fcbc7c1d05191b31a89921a7843c60b91bca3d426bc2c38ab534f00580c00eb8,2015-08,Essex Police,Essex Police,0.031460,51.629279,On or near FERNBANK,E01021746,Epping Forest 015E,Formal action is not in the public interest
fcbc7c1d05191b31a89921a7843c60b91bca3d426bc2c38ab534f00580c00eb8,2015-08,Essex Police,Essex Police,0.031460,51.629279,On or near FERNBANK,E01021746,Epping Forest 015E,Formal action is not in the public interest
605cb7941960b94cb67b9f0513e714542d423f82d7b1706680ec79a0978ec39b,2015-08,Essex Police,Essex Police,0.503524,51.567737,On or near MAYDELLS,E01021317,Basildon 018E,Suspect charged
032d8f2bba52e3c940ced67fecc1e5b8e7916ca6e575f849ec0014949310ff14,2015-08,Essex Police,Essex Police,0.455364,51.569789,On or near Shopping Area,E01021318,Basildon 015C,Formal action is not in the public interest
67bc91934658d9ed8767ba806ac14de20551157464bc7a9f745632b202a419f9,2015-08,Essex Police,Essex Police,0.462457,51.585127,On or near Nightclub,E01021268,Basildon 015B,Local resolution
65f61a3e43ecad3594f03eb1fa716577122f1be3f0ddfe341621737c74942067,2015-08,Essex Police,Essex Police,0.462457,51.585127,On or near Nightclub,E01021268,Basildon 015B,Suspect charged
4fde9fb0ca0ae51d7e9cb423818f346169db2d724cdbffa6011f794b403e68d7,2015-08,Essex Police,Essex Police,0.462457,51.585127,On or near Nightclub,E01021268,Basildon 015B,Suspect charged
90550b813c5b8920b14779a2013c7e7016ecea9bf0d9109490d4d1c9e7b6932e,2015-08,Essex Police,Essex Police,0.462457,51.585127,On or near Nightclub,E01021268,Basildon 015B,Suspect charged
b51268a8533407fe9b2adc5cb07170cf2fe2aa541bcb52aa37c8fa4fa3702c56,2015-08,Essex Police,Essex Police,0.790600,51.535437,On or near Pedestrian Subway,E01015877,Southend-on-Sea 013B,Formal action is not in the public interest
7d240701327e38ab3b8213c0529a55abbf440faf3e85bcc0610ca0250add3c8e,2015-08,Essex Police,Essex Police,0.689066,51.539195,On or near METEOR ROAD,E01015831,Southend-on-Sea 012E,Formal action is not in the public interest
6b4c311bf00a3bca6ba3e8129b1fb28483c49fc46ecb8acc3f4c07dcfb9ea9a9,2015-08,Essex Police,Essex Police,0.331927,51.478213,On or near RICHMOND ROAD,E01015961,Thurrock 016D,Formal action is not in the public interest
5dd1afbb9fcfe70b80e55b2d6fa39199b76505856118ad61de2eef5d4f50ad94,2015-08,Essex Police,Essex Police,0.115905,51.754681,On or near REGENCY COURT,E01021837,Harlow 008E,Formal action is not in the public interest
42743e5a48d4c341299062ab2ebb02d558c2a66b616f129f2a59b7ab12346fb5,2015-08,Essex Police,Essex Police,0.590987,51.571243,On or near COMMON LANE,E01021510,Castle Point 002B,Unable to prosecute suspect
2281a3f739352d4f3034ed80a441cceaab6272e9bbbabd93b6d07baeb0b7a402,2015-08,Essex Police,Essex Police,0.250308,51.885392,On or near PINCEY ROAD,E01022090,Uttlesford 006B,Suspect charged
ba781e591ccf465f3124ebb78aa292e8816143cc186a8ed944b4fc6befdb3502,2015-08,Essex Police,Essex Police,0.822149,51.624566,On or near OYSTER CLOSE,E01021880,Maldon 008E,Local resolution
817690dd54abf3550788f1494e652e0474db27a6b0014b9de1119f562856b5b5,2015-08,Essex Police,Essex Police,0.357310,51.461302,On or near DOCK ROAD,E01016003,Thurrock 018A,Suspect charged
8337bfab0862025400244ae47cc551ac16977fe3624ea3ae663f5386ddd1505e,2015-08,Essex Police,Essex Police,0.455364,51.569789,On or near Shopping Area,E01021318,Basildon 015C,Suspect charged
f7cc75a3a4a19bf1791630ba77da5e445b26e9f38526389569cb7339483e5bee,2015-08,Essex Police,Essex Police,0.937856,51.886226,On or near LUGAR CLOSE,E01033722,Colchester 008H,Formal action is not in the public interest
be643d6b192cbb3803c9c648d6737119c5681230793798f0cb66869533718e6c,2015-08,Essex Police,Essex Police,0.706047,51.567961,On or near WARNERS BRIDGE CHASE,E01021956,Rochford 007E,Suspect charged
6ff72d4e9080634220f02afb395531e40336fda9e8bfffdeb65b24ef4c70fab0,2015-08,Essex Police,Essex Police,0.937856,51.886226,On or near LUGAR CLOSE,E01033722,Colchester 008H,Suspect charged
c04e09e79d3cbeedcf33eeb5a82978ff8830a4a1177cfd4ae35df9b5f03e35a8,2015-08,Essex Police,Essex Police,1.122534,51.801626,On or near WORDSWORTH WAY,E01021977,Tendring 013C,Formal action is not in the public interest
ea026f30371adfb32a4b1501843b881d3b5f97633ea331d2b103d8ec0655528f,2015-08,Essex Police,Essex Police,1.085171,51.776242,On or near SEAVIEW ROAD,E01022045,Tendring 018D,Formal action is not in the public interest
ad96c98499d78ef07561496b3d384e055f582f7a2e32642ea4549ebc4013a73d,2015-08,Essex Police,Essex Police,1.025227,51.835272,On or near BRIGHTLINGSEA ROAD,E01022053,Tendring 009D,Formal action is not in the public interest
1c90463089d2febadfed185217bbf83432d123e7955c46dbdebdce7ce4b37e12,2015-08,Essex Police,Essex Police,0.474085,51.733089,On or near High Street Chelmsford,E01033140,Chelmsford 010F,Formal action is not in the public interest
1c90463089d2febadfed185217bbf83432d123e7955c46dbdebdce7ce4b37e12,2015-08,Essex Police,Essex Police,0.474085,51.733089,On or near High Street Chelmsford,E01033140,Chelmsford 010F,Formal action is not in the public interest
1c90463089d2febadfed185217bbf83432d123e7955c46dbdebdce7ce4b37e12,2015-08,Essex Police,Essex Police,0.474085,51.733089,On or near High Street Chelmsford,E01033140,Chelmsford 010F,Suspect charged
f57786524e59d8d4914b08eff3e0536bbb5d7d5db231175643f88a172ab3e64d,2015-08,Essex Police,Essex Police,0.605828,51.585708,On or near Shopping Area,E01021962,Rochford 008C,Local resolution
72ff6b0f6771259c0c1142c17a0488f5908fed81bcda8d9432d2cec67102e61c,2015-08,Essex Police,Essex Police,0.906839,51.780538,On or near STROOD CLOSE,E01021734,Colchester 021D,Formal action is not in the public interest
cba71b53cfed2fbb4d4a8ac8bfb35bc87c04cf93a92b09afd9306182a73b6527,2015-08,Essex Police,Essex Police,0.724922,51.532953,On or near Sports/Recreation Area,E01015842,Southend-on-Sea 014D,Formal action is not in the public interest
cba71b53cfed2fbb4d4a8ac8bfb35bc87c04cf93a92b09afd9306182a73b6527,2015-08,Essex Police,Essex Police,0.724922,51.532953,On or near Sports/Recreation Area,E01015842,Southend-on-Sea 014D,Formal action is not in the public interest
2db7b87d0a6e0052254935a6ebba7bb2ead168f096fc09601543af40d942bcd3,2015-08,Essex Police,Essex Police,0.300242,51.620299,On or near Nightclub,E01021433,Brentwood 007A,Unable to prosecute suspect
eb318ceef3a1d81289ec1e23d4e3fbfbe5547efd5e201e9cb8c3129b1991fa83,2015-08,Essex Police,Essex Police,0.822149,51.624566,On or near OYSTER CLOSE,E01021880,Maldon 008E,Suspect charged
c95dea4495c164a030d14f20f8309ba9fa9f4b13863d9217b1878396ecf2b536,2015-08,Essex Police,Essex Police,0.511627,51.569174,On or near DELHI ROAD,E01021315,Basildon 018C,Suspect charged
3bdd0bae4d816e2601b11ce4090db1857f3f5d6d9a805a88c3d30c72686c0bcc,2015-08,Essex Police,Essex Police,0.727312,51.544706,On or near SOUTH MEWS,E01015870,Southend-on-Sea 006B,Formal action is not in the public interest
24f489028d6a0b372408b3b4854f699d12d89991fa7e12cfa667962fcbd4f6c7,2015-08,Essex Police,Essex Police,0.117933,51.757774,On or near LONGFIELD,E01021823,Harlow 006D,Formal action is not in the public interest
9457eaaba50d85344bf919aea4583d4e1add85341e29f9fd48e089657b990073,2015-08,Essex Police,Essex Police,0.861991,51.882808,On or near DE VERE ROAD,E01021693,Colchester 014E,Offender given a caution
2cb543467b2ce9930406b3650354a58200fcce51b1cf3cdf926ebbf274feaa3b,2015-08,Essex Police,Essex Police,0.834384,51.892120,On or near CORNFLOWER CLOSE,E01021718,Colchester 012A,Formal action is not in the public interest
29578c3aebdff57883b75e9861c55c34a5df1fa6f1562d38dc1c64b3289eb1d1,2015-08,Essex Police,Essex Police,0.716257,51.540241,On or near SOUTHCHURCH ROAD,E01015852,Southend-on-Sea 015B,Suspect charged
29578c3aebdff57883b75e9861c55c34a5df1fa6f1562d38dc1c64b3289eb1d1,2015-08,Essex Police,Essex Police,0.716257,51.540241,On or near SOUTHCHURCH ROAD,E01015852,Southend-on-Sea 015B,Suspect charged
cea359eb4404f79b43b9b4d48928bc7564123d51ca9e2e800cd06dd3f8e79b82,2015-08,Essex Police,Essex Police,0.016978,51.684859,On or near MASON CLOSE,E01021809,Epping Forest 008C,Unable to prosecute suspect
726028cbbb993a387eb5c6f9f075341678f69820a57945671f8e44d8e3c774f3,2015-08,Essex Police,Essex Police,0.343044,51.494764,On or near LAIRD AVENUE,E01015966,Thurrock 010D,Unable to prosecute suspect
726028cbbb993a387eb5c6f9f075341678f69820a57945671f8e44d8e3c774f3,2015-08,Essex Police,Essex Police,0.343044,51.494764,On or near LAIRD AVENUE,E01015966,Thurrock 010D,Unable to prosecute suspect
726028cbbb993a387eb5c6f9f075341678f69820a57945671f8e44d8e3c774f3,2015-08,Essex Police,Essex Police,0.343044,51.494764,On or near LAIRD AVENUE,E01015966,Thurrock 010D,Unable to prosecute suspect
2a61bb12b99b64abb0bd0673d2e9df8d404cf6df49ddfa172208bd56b47a35e8,2015-08,Essex Police,Essex Police,0.346980,51.494811,On or near SPRINGFIELD ROAD,E01015963,Thurrock 010A,Formal action is not in the public interest
2a61bb12b99b64abb0bd0673d2e9df8d404cf6df49ddfa172208bd56b47a35e8,2015-08,Essex Police,Essex Police,0.346980,51.494811,On or near SPRINGFIELD ROAD,E01015963,Thurrock 010A,Formal action is not in the public interest
2a61bb12b99b64abb0bd0673d2e9df8d404cf6df49ddfa172208bd56b47a35e8,2015-08,Essex Police,Essex Police,0.346980,51.494811,On or near SPRINGFIELD ROAD,E01015963,Thurrock 010A,Suspect charged
f74db37646953863daee926dc682cdbcb1b6ab0347cc41d66355423aada4a6b3,2015-08,Essex Police,Essex Police,0.092525,51.756683,On or near WOODCROFT,E01021868,Harlow 007B,Local resolution
4b2717dadfe3b4c7dd7f5384b35a7fef6e28729ee3dc05afb17bc49254236dcc,2015-08,Essex Police,Essex Police,1.128238,51.806268,On or near PURLEY WAY,E01021977,Tendring 013C,Formal action is not in the public interest
8611aba935b865f825a37c440996c32f77bd78409eaea3165f0f4ca83e98fb5d,2015-08,Essex Police,Essex Police,0.343044,51.494764,On or near LAIRD AVENUE,E01015966,Thurrock 010D,Unable to prosecute suspect
8611aba935b865f825a37c440996c32f77bd78409eaea3165f0f4ca83e98fb5d,2015-08,Essex Police,Essex Police,0.343044,51.494764,On or near LAIRD AVENUE,E01015966,Thurrock 010D,Unable to prosecute suspect
8611aba935b865f825a37c440996c32f77bd78409eaea3165f0f4ca83e98fb5d,2015-08,Essex Police,Essex Police,0.343044,51.494764,On or near LAIRD AVENUE,E01015966,Thurrock 010D,Unable to prosecute suspect
c632d101c740cd541081482d66bdd2f1cc1d5d5d82890104d20ff4be14ec8cc9,2015-08,Essex Police,Essex Police,0.474085,51.733089,On or near High Street Chelmsford,E01033140,Chelmsford 010F,Formal action is not in the public interest
c632d101c740cd541081482d66bdd2f1cc1d5d5d82890104d20ff4be14ec8cc9,2015-08,Essex Police,Essex Police,0.474085,51.733089,On or near High Street Chelmsford,E01033140,Chelmsford 010F,Formal action is not in the public interest
c632d101c740cd541081482d66bdd2f1cc1d5d5d82890104d20ff4be14ec8cc9,2015-08,Essex Police,Essex Police,0.474085,51.733089,On or near High Street Chelmsford,E01033140,Chelmsford 010F,Suspect charged
11cfb0fedbaf496e2c142112720608b3529a3e2fb2babeac11ac56f922b4eda1,2015-08,Essex Police,Essex Police,0.083330,51.771935,On or near CHESTNUT LANE,E01021841,Harlow 004C,Suspect charged
3a96dd790d8c05906037da4b38d4905747f8278db194fc67cec1b37e6b96651f,2015-08,Essex Police,Essex Police,0.596014,51.513565,On or near LOVENS CLOSE,E01021500,Castle Point 012E,Suspect charged
3a96dd790d8c05906037da4b38d4905747f8278db194fc67cec1b37e6b96651f,2015-08,Essex Police,Essex Police,0.596014,51.513565,On or near LOVENS CLOSE,E01021500,Castle Point 012E,Suspect charged
0a6f2c723a6ddb5fc24e3e42bcf3d0efdfcd35c924b690794a7a42913bb7e62b,2015-08,Essex Police,Essex Police,0.907073,51.877224,On or near DUDLEY CLOSE,E01021642,Colchester 018F,Offender given a caution
591b5bd4c8891b4f8313cf76060a57d1496902ec0f844fa87a8769f1cbc62d1c,2015-08,Essex Police,Essex Police,0.329169,51.614738,On or near SAXON CLOSE,E01021437,Brentwood 008B,Suspect charged
03787135d89c8d70ea246ed955a1b37f12c1974d887cff0d4c610a88c8e78879,2015-08,Essex Police,Essex Police,0.627513,51.794041,On or near OSBERT ROAD,E01021423,Braintree 016A,Formal action is not in the public interest
4091aeaa9e2fc538ee8caa591b2d8b1c8540eaf02392cc52b8e50ab68eb71d49,2015-08,Essex Police,Essex Police,1.155313,51.791756,On or near CARNARVON ROAD,E01022027,Tendring 016D,Local resolution
338beca26abb65c74b1ce83098da3a0abb23bdc49ec6d1f42ad9b83765ff414a,2015-08,Essex Police,Essex Police,0.822149,51.624566,On or near OYSTER CLOSE,E01021880,Maldon 008E,Formal action is not in the public interest
338beca26abb65c74b1ce83098da3a0abb23bdc49ec6d1f42ad9b83765ff414a,2015-08,Essex Police,Essex Police,0.822149,51.624566,On or near OYSTER CLOSE,E01021880,Maldon 008E,Suspect charged
338beca26abb65c74b1ce83098da3a0abb23bdc49ec6d1f42ad9b83765ff414a,2015-08,Essex Police,Essex Police,0.822149,51.624566,On or near OYSTER CLOSE,E01021880,Maldon 008E,Suspect charged
9980fc0a42f2d941391c42d2ecf91eb95718ddae40bce3bfca374c1cf2425a0d,2015-08,Essex Police,Essex Police,0.533951,51.578236,On or near POUND LANE,E01021312,Basildon 011F,Formal action is not in the public interest
8dc93ff11ad24a7af301b34a12ea71f9489a987710c17c080f1a1e4b3417db59,2015-08,Essex Police,Essex Police,0.295027,51.633747,On or near HIGHGROVE,E01021461,Brentwood 004D,Formal action is not in the public interest
d752a709a76dfa1e9aefa7d5ab86b2b9254de752a3954b405cc51ebf5bb50fab,2015-08,Essex Police,Essex Police,0.366115,51.458408,On or near HUME CLOSE,E01016004,Thurrock 018B,Unable to prosecute suspect
cf53cfe732c31219f61abab37f5d52c8b832c7a528c6c6cfaa6527b5d8c0bbd7,2015-08,Essex Police,Essex Police,0.695119,51.541061,On or near Supermarket,E01015855,Southend-on-Sea 015E,Suspect charged
fea6d5db80a7853bf3d23473a01f7ce8c77bbf5cc714b985e645ca6a2d41f5a0,2015-08,Essex Police,Essex Police,0.695119,51.541061,On or near Supermarket,E01015855,Southend-on-Sea 015E,Suspect charged
1775804687c5be4eb24a76e0889281f6134da4934ace75633a23e5ea0ea9c9ec,2015-08,Essex Police,Essex Police,0.914949,51.883063,On or near KING STEPHEN ROAD,E01021687,Colchester 011E,Unable to prosecute suspect
daea7bb24931d6b3dd1c842871c9a03f9f93c4371984e3eb32f934b0a6bcc83d,2015-08,Essex Police,Essex Police,0.343882,51.469539,On or near THURROCK PARK WAY,E01016003,Thurrock 018A,Suspect charged
daea7bb24931d6b3dd1c842871c9a03f9f93c4371984e3eb32f934b0a6bcc83d,2015-08,Essex Police,Essex Police,0.343882,51.469539,On or near THURROCK PARK WAY,E01016003,Thurrock 018A,Suspect charged
ed1487ad9ad692e585cd26830145b49c0fe6c592f0c3c3767c80c3bc34615fb2,2015-08,Essex Police,Essex Police,0.737825,51.530503,On or near ELIZABETH ROAD,E01015891,Southend-on-Sea 016C,Unable to prosecute suspect
87f506e7129d8f45b0f012c640f5bfb74b4cdad1300b1cf54023b85c8ffc5d38,2015-08,Essex Police,Essex Police,0.443864,51.749568,On or near PENNINE ROAD,E01021597,Chelmsford 003B,Formal action is not in the public interest
3c8f5dd5d4f3214b3d6bb12e28a2072e4af8f997fe82920bab6de44a20b7907a,2015-08,Essex Police,Essex Police,1.275034,51.931697,On or near BEACH ROAD,E01021999,Tendring 001C,Unable to prosecute suspect
dc550535420db2d625da4711b0bbd4ce80506bb5abd42a235d1bba873b85b5c2,2015-08,Essex Police,Essex Police,0.880506,51.924617,On or near BLACKBROOK ROAD,E01021661,Colchester 001D,Unable to prosecute suspect
97e9f856844481453b67710f9990f31794e61d7231dff3020bffae782731d5c9,2015-08,Essex Police,Essex Police,0.243639,51.486627,On or near A1306,E01015921,Thurrock 015A,Local resolution
ea51074b687c5d7ea684cd20b84073b8451ec6c91cf72c9cc7b8d789651b8056,2015-08,Essex Police,Essex Police,1.130420,51.797135,On or near TRIMLEY CLOSE,E01022031,Tendring 015D,Unable to prosecute suspect
213fcb6b1042ab7033edf49ea95f959f31be564c8c9e34336e4007314eedd07a,2015-08,Essex Police,Essex Police,1.130420,51.797135,On or near TRIMLEY CLOSE,E01022031,Tendring 015D,Formal action is not in the public interest
1bfe246cfa1343b6f2a499cd6be8a15d04202a72097a1b3b5772d6c3f701d1f7,2015-08,Essex Police,Essex Police,0.700056,51.548691,On or near SHAKESPEARE DRIVE,E01015862,Southend-on-Sea 004F,Formal action is not in the public interest
39fa90b27f2403c9157f5474515589ad5b0b0428cfdba25519ff19cc4c7d663b,2015-08,Essex Police,Essex Police,0.417258,51.635691,On or near MOAT EDGE GARDENS,E01021247,Basildon 003E,Formal action is not in the public interest
0a21345d4f586fcb18530aa0ba5ee22e138cae7310bd60f4085394d76b033c89,2015-08,Essex Police,Essex Police,0.318517,51.775696,On or near ONGAR ROAD,E01022096,Uttlesford 009D,Local resolution
ab5c63b37253ba55d3e515d08e62f8ab92143dcde36564c9ed18df7ad7af43d1,2015-08,Essex Police,Essex Police,0.594395,51.522108,On or near Parking Area,E01021498,Castle Point 011B,Suspect charged
182265449d071cda74cd6229cadbf9e4eb664eee17995e61affd9e446bf9fb7c,2015-08,Essex Police,Essex Police,0.341620,51.569534,On or near SANDERSON CLOSE,E01021446,Brentwood 009B,Formal action is not in the public interest
182265449d071cda74cd6229cadbf9e4eb664eee17995e61affd9e446bf9fb7c,2015-08,Essex Police,Essex Police,0.341620,51.569534,On or near SANDERSON CLOSE,E01021446,Brentwood 009B,Formal action is not in the public interest
71f862fd614eb30b81fc6a3538b7aa7dc7a3fefc2bbbe2b7bf6ece61d3de728f,2015-08,Essex Police,Essex Police,0.704765,51.550264,On or near HILL ROAD,E01015861,Southend-on-Sea 004E,Formal action is not in the public interest
fa4a1ae901708624fd5674832a95a8bb6a8692d16b7324fbab5ea444353ee9de,2015-08,Essex Police,Essex Police,0.539271,51.761951,On or near DUDLEY CLOSE,E01021536,Chelmsford 005A,Suspect charged
5b6010f19d6a21ee6038fb6c8e1c34a6260e27c0539390cc43a71d4699dff885,2015-08,Essex Police,Essex Police,0.484843,51.564159,On or near NORTH CROCKERFORD,E01021323,Basildon 019B,Formal action is not in the public interest
3059ce814327bd12a21d7c612c489a5e8003bce6fac931444761e44e34f36535,2015-08,Essex Police,Essex Police,0.454697,51.583653,On or near CHESTER HALL LANE,E01021268,Basildon 015B,Formal action is not in the public interest
dd4c2660b808a912ba7a51fd1a53e66ce97fb2468c9ed8ec9898f1e6185a3d30,2015-08,Essex Police,Essex Police,1.229261,51.923195,On or near BAY VIEW CRESCENT,E01021992,Tendring 004B,Suspect charged
0d56f81caf1cc99c360a957794244ef5dd1cf22f35ba2a5d9ffc0955234c6dc2,2015-08,Essex Police,Essex Police,0.092379,51.613605,On or near MANOR ROAD,E01021765,Epping Forest 017B,Offender given a caution
e4020d130aed0674e7c04fd802221fbb351afb9ee2130a01421dd1faae84ed5e,2015-08,Essex Police,Essex Police,0.734988,51.539212,On or near SURBITON AVENUE,E01015839,Southend-on-Sea 014A,Suspect charged
7a821ae2a2f5c2c244a3a197cc8618545d20d4fd940a20ec744fffb54492bfc2,2015-08,Essex Police,Essex Police,0.496866,51.749083,On or near CANVEY WALK,E01021620,Chelmsford 004D,Unable to prosecute suspect
e07b4ab6435c532ffa190edd69e22983d0ca729ddc738e599f509a68a3fa1a87,2015-08,Essex Police,Essex Police,0.284143,51.486609,On or near Shopping Area,E01016011,Thurrock 015B,Suspect charged
487a49665afc27890c68566831d7e1acf83c9bdbea4000e03368863b29730858,2015-08,Essex Police,Essex Police,0.913179,51.885796,On or near SIMONS LANE MAGDALEN GREEN,E01021686,Colchester 011D,Offender given a caution
356864697ff09df9b30288d3a7d5c97eae4e05d28f41e53558ee652bca994503,2015-08,Essex Police,Essex Police,0.459707,51.571362,On or near NORTH GUNNELS,E01021318,Basildon 015C,Offender given a caution
6c7b134a32a24b325a577f5dc56629b0dbd1670c39eaea5785abde55569656ad,2015-08,Essex Police,Essex Police,0.915275,51.877776,On or near GILBERD ROAD,E01021684,Colchester 011B,Formal action is not in the public interest
6c7b134a32a24b325a577f5dc56629b0dbd1670c39eaea5785abde55569656ad,2015-08,Essex Police,Essex Police,0.915275,51.877776,On or near GILBERD ROAD,E01021684,Colchester 011B,Suspect charged
eb0a328eb2a78c2ee9b7e4878ed370b8eae48f662586fde9f079462ec9586185,2015-08,Essex Police,Essex Police,0.658752,51.603003,On or near STATION APPROACH,E01021936,Rochford 003D,Unable to prosecute suspect
dd2256e7bb2e71edabfd886055f7581cb3d9b6b607b06aef6a2fae89c29e8767,2015-08,Essex Police,Essex Police,0.597778,51.777076,On or near THE STREET,E01021394,Braintree 018B,Formal action is not in the public interest
1adb7c9d7801bd2742c7ea899ae80f29ca888246e6b6162cfe5cf387d0aced6f,2015-08,Essex Police,Essex Police,0.716014,51.538349,On or near WHITEGATE ROAD,E01015852,Southend-on-Sea 015B,Suspect charged
b01546235fe5f4fe1fa678401b9197ce889b9990ce0fa8e64b6d11a868faeb1e,2015-08,Essex Police,Essex Police,0.694982,51.538267,On or near CANEWDON ROAD,E01015855,Southend-on-Sea 015E,Offender given a caution
02c8f16821ffeb850b187b2a9e207861ac34f368b038eb7209261f67a007de6d,2015-08,Essex Police,Essex Police,0.724916,51.543475,On or near BRANKSOME ROAD,E01015843,Southend-on-Sea 014E,Suspect charged
cad72ac24b0706044e013f3685ec45eefd49620accd967565d33ab9b870f40e2,2015-08,Essex Police,Essex Police,0.344935,51.473223,On or near SALIX ROAD,E01016003,Thurrock 018A,Formal action is not in the public interest
bf2c2c043564530b0b5622bd2553f8c39ae22492ff19a1be64c631d7a535f80b,2015-08,Essex Police,Essex Police,0.437294,51.514147,On or near BILLET LANE,E01015990,Thurrock 003D,Formal action is not in the public interest
bf2c2c043564530b0b5622bd2553f8c39ae22492ff19a1be64c631d7a535f80b,2015-08,Essex Police,Essex Police,0.437294,51.514147,On or near BILLET LANE,E01015990,Thurrock 003D,Formal action is not in the public interest
bf2c2c043564530b0b5622bd2553f8c39ae22492ff19a1be64c631d7a535f80b,2015-08,Essex Police,Essex Police,0.437294,51.514147,On or near BILLET LANE,E01015990,Thurrock 003D,Suspect charged
f2477392563ae929992f58d45378f13026c6db2c44c3c2e35250342904d7b2df,2015-08,Essex Police,Essex Police,0.442483,51.517924,On or near WHITFIELDS,E01015990,Thurrock 003D,Local resolution
c4e142344e23fb0084e5d9f737a54c40e5f38c8ae7a6578c2de93621c27168a6,2015-08,Essex Police,Essex Police,0.085172,51.648588,On or near THE BROADWAY,E01021776,Epping Forest 011C,Formal action is not in the public interest
427bb0357b8d269d9defc05a8e8bc4607dac2ea9a7d257cf7d65ecd63dc70036,2015-08,Essex Police,Essex Police,0.082125,51.646763,On or near Petrol Station,E01021776,Epping Forest 011C,Local resolution
325b9b3da11cd77d2cf3e6e23296e5b7105a6c138016b01b2b818bd4938e8e29,2015-08,Essex Police,Essex Police,0.896245,51.888706,On or near HEAD STREET,E01021649,Colchester 007D,Suspect charged as part of another case
193d9bf1a3c1b302ee80de55476e40a16124b8c057978e296d0e16ff3d46ad2f,2015-08,Essex Police,Essex Police,0.598837,51.525931,On or near ESSEX ROAD,E01021496,Castle Point 009D,Suspect charged
f4755f727b5a895fa2c9fc85a6ad4117deb931a6d43fff7c3a9c83de3bff7d5b,2015-08,Essex Police,Essex Police,0.624723,51.639239,On or near WINDWARD WAY,E01021605,Chelmsford 020A,Formal action is not in the public interest
43eb69745830db2098de857c15a4ce45be8532b1d67615b602ed118395a19289,2015-08,Essex Police,Essex Police,0.454431,51.720795,On or near WIDFORD PARK PLACE,E01021556,Chelmsford 012A,Formal action is not in the public interest
5c09d91765ab9a2b1816b36c88f717b47f765716c076c8d5120f7efea73a837e,2015-08,Essex Police,Essex Police,0.473952,51.989507,On or near MILL LANE,E01021412,Braintree 005C,Unable to prosecute suspect
04e2e7c054d1dd8e4d7824db1d7fcc032aa16bdf73ebe8944d78324d275976ac,2015-08,Essex Police,Essex Police,0.229195,51.484933,On or near RIVER COURT,E01016014,Thurrock 015E,Formal action is not in the public interest
f1df6120d968ef0f464755dbc75d451033bab50e69f4a91aa71636a70fd58e0a,2015-08,Essex Police,Essex Police,0.831227,51.663587,On or near NORTH STREET,E01021905,Maldon 006C,Unable to prosecute suspect
c06fa02589e554b8364ebff6e62cda1c5a0819df8cb1f9c278aa649a29ffe14a,2015-08,Essex Police,Essex Police,1.149490,51.790419,On or near ROSEMARY ROAD WEST,E01022026,Tendring 016C,Offender given a caution
967ba24b654ddd4c85c019a3b925a4ae6b97bdcfb65530110e52c8a44967d0ff,2015-08,Essex Police,Essex Police,0.458240,51.569324,On or near Supermarket,E01021318,Basildon 015C,Suspect charged
25c94eb76695de85b6ab6e1866e62361acf3fdf270fd700c0419c3a307f8c925,2015-08,Essex Police,Essex Police,0.466253,51.737400,On or near Parking Area,E01021574,Chelmsford 010A,Suspect charged
25c94eb76695de85b6ab6e1866e62361acf3fdf270fd700c0419c3a307f8c925,2015-08,Essex Police,Essex Police,0.466253,51.737400,On or near Parking Area,E01021574,Chelmsford 010A,Suspect charged
bdab52f277a466dac3d3ebf21ff1ec7842dde65fdc6519e22f8d37743b90dc6c,2015-08,Essex Police,Essex Police,0.340522,51.477871,On or near CRESCENT AVENUE,E01015969,Thurrock 014D,Unable to prosecute suspect
322eee278e156c8b2dc9075fa2513f68f42c638f8d8e62ac2fd85595ebf47b2c,2015-08,Essex Police,Essex Police,0.522405,51.713131,On or near CARD'S ROAD,E01021571,Chelmsford 013E,Suspect charged
f1fe09a8c1bd35dbaad440eebe810ff33a5740ceb2c7d8190e5e4c25f1d2cb1b,2015-08,Essex Police,Essex Police,1.150195,51.799691,On or near Park/Open Space,E01021970,Tendring 016A,Formal action is not in the public interest
f06be1f442e5be9d714a36a809f84b720311722e955b038f56984040fa18f504,2015-08,Essex Police,Essex Police,0.694182,51.550103,On or near HIGHFIELD CRESCENT,E01015907,Southend-on-Sea 007G,Unable to prosecute suspect
950ae0de86cb27c72f785ca2611ac51c8d61e6e2917ab3927b3684c27f9f846e,2015-08,Essex Police,Essex Police,0.721464,51.533968,On or near HARTINGTON PLACE,E01015841,Southend-on-Sea 014C,Unable to prosecute suspect
0e1e392f024b8ae3eb0ec250eec8960e02bad083e117f30ce4a10dfec6823ff8,2015-08,Essex Police,Essex Police,0.914949,51.883063,On or near KING STEPHEN ROAD,E01021687,Colchester 011E,Offender given a caution
613ba966240a5a590b5db99c7f17b3a6d9062aad570b6f51e1e5bced481ff21c,2015-08,Essex Police,Essex Police,0.437740,51.521162,On or near ABBOTTS DRIVE,E01015986,Thurrock 003C,Unable to prosecute suspect
42d76a132267fc37965a28e5726a2a07783b52b424efb15423ebf74cd1084b4f,2015-08,Essex Police,Essex Police,0.096056,51.768166,On or near SOUTH GATE,E01021868,Harlow 007B,Formal action is not in the public interest
3842a3c3da2c56a9aef9f020697c9c3f7684da892df06dcee2f6fd5550be18d7,2015-08,Essex Police,Essex Police,0.061180,51.637843,On or near MALVERN GARDENS,E01021783,Epping Forest 013D,Formal action is not in the public interest
3842a3c3da2c56a9aef9f020697c9c3f7684da892df06dcee2f6fd5550be18d7,2015-08,Essex Police,Essex Police,0.061180,51.637843,On or near MALVERN GARDENS,E01021783,Epping Forest 013D,Formal action is not in the public interest
3842a3c3da2c56a9aef9f020697c9c3f7684da892df06dcee2f6fd5550be18d7,2015-08,Essex Police,Essex Police,0.061180,51.637843,On or near MALVERN GARDENS,E01021783,Epping Forest 013D,Formal action is not in the public interest
7edfae3772cf780060285c1ca39de0db6468bc8c31bb2c5a889285235aec19b2,2015-08,Essex Police,Essex Police,0.786055,51.532577,On or near TOWERFIELD ROAD,E01015877,Southend-on-Sea 013B,Unable to prosecute suspect
1dc9f463005e918e546e24a1120c76c33d1601acbf1402cae2dd33564d0dd45d,2015-08,Essex Police,Essex Police,0.713596,51.539394,On or near Nightclub,E01015852,Southend-on-Sea 015B,Formal action is not in the public interest
1dc9f463005e918e546e24a1120c76c33d1601acbf1402cae2dd33564d0dd45d,2015-08,Essex Police,Essex Police,0.713596,51.539394,On or near Nightclub,E01015852,Southend-on-Sea 015B,Offender given a caution
9d6a7028d3deeddc4aeeefaf750a349081d85b31d31e8477a1f93dc056029836,2015-08,Essex Police,Essex Police,0.707966,51.540765,On or near Parking Area,E01015895,Southend-on-Sea 010A,Unable to prosecute suspect
725b0722f4025b26c28dcc4c3abc7704c8822fecccce2298b32d97897a8320f9,2015-08,Essex Police,Essex Police,0.113907,51.753791,On or near WHARLEY HOOK,E01021838,Harlow 010A,Formal action is not in the public interest
3aa196bd171ccaa48ec56e2e6717a86750c93a9b1271a15f5ecd14ba0d2ddb6d,2015-08,Essex Police,Essex Police,0.367994,51.651839,On or near CHURCH ROAD,E01021460,Brentwood 002D,Suspect charged
45e8e6dfd7a30dc268911d0334d6e95a4d5bc05e1793f8cb3f40c8ea3d2b2f35,2015-08,Essex Police,Essex Police,0.495691,51.571214,On or near PITSEA ROAD,E01021306,Basildon 013E,Formal action is not in the public interest
9590bfe807e4fa8a39376ce13d66aa1e6c7ed13f33a0198cdf95eb5638737df7,2015-08,Essex Police,Essex Police,0.495691,51.571214,On or near PITSEA ROAD,E01021306,Basildon 013E,Formal action is not in the public interest
372928a33afd7714532106ca31feb8ce3196d995eb5f0f8d6117d26f97e5fcc8,2015-08,Essex Police,Essex Police,1.161743,51.806945,On or near CRAIGFIELD AVENUE,E01022041,Tendring 010D,Unable to prosecute suspect
d325bdaa3e4962fe7d8320971ebbbf7074eb14c6cb33c30aac745722da809a76,2015-08,Essex Police,Essex Police,0.917521,51.924991,On or near SEVERALLS LANE,E01033720,Colchester 002F,Suspect charged
e14ced67608415b2715aa0e37122989ae669725207b8388651a97dcdfac0709c,2015-08,Essex Police,Essex Police,0.655916,51.541281,On or near Supermarket,E01015849,Southend-on-Sea 011E,Suspect charged
504ea6c5f760e5a44287865203be36042c412d24e72daa75cf085952f7b11e4b,2015-08,Essex Police,Essex Police,0.707672,51.538721,On or near ASHBURNHAM ROAD,E01015854,Southend-on-Sea 015D,Suspect charged
6a5735b0a49709dbe4a316ae331011c707f7fd758a1aebb02e592f6d48e72b80,2015-08,Essex Police,Essex Police,1.256480,51.842844,On or near WALTON ROAD,E01022012,Tendring 008H,Formal action is not in the public interest
fbf931f7dc925850dac601fd527ad8a9c858485722390bd25d87cf5d82f496ef,2015-08,Essex Police,Essex Police,0.707672,51.538721,On or near ASHBURNHAM ROAD,E01015854,Southend-on-Sea 015D,Suspect charged
fa4a95c8568a50349bbddbbd90c3088e1d66794a30e11184ee5c97406d4d3344,2015-08,Essex Police,Essex Police,0.706150,51.578922,On or near THE RIDINGS,E01021952,Rochford 007C,Suspect charged
fb153a5173bbcc2a7544e7afe76c98d7b79428ec2ee3af3b2f52354c04971466,2015-08,Essex Police,Essex Police,1.226463,51.842404,On or near CHESTNUT AVENUE,E01022010,Tendring 008F,Formal action is not in the public interest
ad5b3628e111d1d5f21c4c67e82d4660aeead5017cd32e538916bd7858b0fdef,2015-08,Essex Police,Essex Police,0.874653,51.869908,On or near SPARLING CLOSE,E01021711,Colchester 015A,Unable to prosecute suspect
051f5c08cc1835f90838898316027e13be703e65b03e567f8cff05f649ba7490,2015-08,Essex Police,Essex Police,0.611246,51.602154,On or near CHAPMAN COURT,E01021918,Rochford 005A,Unable to prosecute suspect
051f5c08cc1835f90838898316027e13be703e65b03e567f8cff05f649ba7490,2015-08,Essex Police,Essex Police,0.611246,51.602154,On or near CHAPMAN COURT,E01021918,Rochford 005A,Unable to prosecute suspect
3d3907d091725550c41b0bc9ce2fb5b82ef30659f49289caae36c7e0b7f69370,2015-08,Essex Police,Essex Police,0.715499,51.535743,On or near Bus/Coach Station,E01015852,Southend-on-Sea 015B,Formal action is not in the public interest
25b58375eadc8e460018a75b727af17e0ffc90b174815943c6f4dd6b722b5dfa,2015-08,Essex Police,Essex Police,0.324764,51.485181,On or near HATHAWAY ROAD,E01015958,Thurrock 009B,Formal action is not in the public interest
25b58375eadc8e460018a75b727af17e0ffc90b174815943c6f4dd6b722b5dfa,2015-08,Essex Police,Essex Police,0.324764,51.485181,On or near HATHAWAY ROAD,E01015958,Thurrock 009B,Formal action is not in the public interest
3bcd7872e5452631dc3b788b4dbf1a2e4c65fb21f73e5fc33f73ab36966c047e,2015-08,Essex Police,Essex Police,1.128238,51.806268,On or near PURLEY WAY,E01021977,Tendring 013C,Formal action is not in the public interest
42fcc21b769756b1abd29ce30ecf843a2156a03e824df3aea31cd06f64ba58b7,2015-08,Essex Police,Essex Police,0.887810,51.886134,On or near KEBLE CLOSE,E01021652,Colchester 013B,Formal action is not in the public interest
42fcc21b769756b1abd29ce30ecf843a2156a03e824df3aea31cd06f64ba58b7,2015-08,Essex Police,Essex Police,0.887810,51.886134,On or near KEBLE CLOSE,E01021652,Colchester 013B,Formal action is not in the public interest
6e29f772940ccf07c4b3eb6e0133771cb9cba9f4bb610a2f08cd84270e54c347,2015-08,Essex Police,Essex Police,0.483487,51.566284,On or near Parking Area,E01021327,Basildon 019E,Formal action is not in the public interest
8c5c4f5ae0e905822660fc99507936a09b694f907635b1e4c5b652dab268aa64,2015-08,Essex Police,Essex Police,0.419134,51.579409,On or near BRIAR MEAD,E01021273,Basildon 014A,Formal action is not in the public interest
8c5c4f5ae0e905822660fc99507936a09b694f907635b1e4c5b652dab268aa64,2015-08,Essex Police,Essex Police,0.419134,51.579409,On or near BRIAR MEAD,E01021273,Basildon 014A,Formal action is not in the public interest
201764c9c3291fbda4dae65041b322b3d30f04cc9c0db87978f5545e6ec0e7a3,2015-08,Essex Police,Essex Police,0.661293,51.566926,On or near WILLOW CLOSE,E01015833,Southend-on-Sea 001A,Formal action is not in the public interest
39ea585c49e201b15593d2787ce97d59cb39524167f5ab01452617111bff54e3,2015-08,Essex Police,Essex Police,0.332399,51.483231,On or near COLLEGE AVENUE,E01015960,Thurrock 014A,Suspect charged
c48879b65b2cd8cce0ebcdbe27364dcc4a0ee97621ee13dec54741a635d57a23,2015-08,Essex Police,Essex Police,1.260075,51.936690,On or near THE CLOSE,E01022007,Tendring 002D,Unable to prosecute suspect
696f7a6f40523b3b229487c08f644c4409e7425d5bde8663a89a545a49e3b17e,2015-08,Essex Police,Essex Police,1.141178,51.823551,On or near Sports/Recreation Area,E01022016,Tendring 007C,Suspect charged as part of another case
c00cf0e65be02882b0fe271f786e374ff04a4ac5e65b71ce10e619324da0e6cd,2015-08,Essex Police,Essex Police,0.076320,51.620949,On or near HIGH ROAD,E01021751,Epping Forest 016C,Formal action is not in the public interest
9dd5023114b6568554db1d5d0a7092b6ada8a8a1958a7547f2616428bbed1b24,2015-08,Essex Police,Essex Police,0.643144,51.799195,On or near Shopping Area,E01021416,Braintree 017B,Suspect charged
a270b21c33a65778d693be02d176bf05801438b8557a8961cc459454eeb78f9a,2015-08,Essex Police,Essex Police,0.713596,51.539394,On or near Nightclub,E01015852,Southend-on-Sea 015B,Suspect charged
a270b21c33a65778d693be02d176bf05801438b8557a8961cc459454eeb78f9a,2015-08,Essex Police,Essex Police,0.713596,51.539394,On or near Nightclub,E01015852,Southend-on-Sea 015B,Offender given a caution
8d9bee999502c944b6b10729b3f1abd6f7e9872b78cfafe5201c470770365365,2015-08,Essex Police,Essex Police,0.273726,51.648190,On or near ASHWELLS ROAD,E01021463,Brentwood 006C,Offender given a caution
28fc67483262ec1437711eea4f33c2be5a7ec4317dcccdf8ffca67317905cb65,2015-08,Essex Police,Essex Police,0.295991,51.614789,On or near WHARF ROAD,E01021439,Brentwood 007C,Formal action is not in the public interest
41902072e44b073acbe6b1cc7c2b5894f54a6c3742cd51a84b60731b3daa9fd3,2015-08,Essex Police,Essex Police,0.295991,51.614789,On or near WHARF ROAD,E01021439,Brentwood 007C,Formal action is not in the public interest
462dfb3e3c1b81f4a43bfcba8ef3994eb48b41f9306742b239a43917173390de,2015-08,Essex Police,Essex Police,0.253871,51.510091,On or near RAVEL ROAD,E01015924,Thurrock 008C,Local resolution
9c5ebbcc4b2830931680a4dc61f4f83a3363632bb5cb3c4cd784f5214cfbebba,2015-08,Essex Police,Essex Police,1.023754,51.808095,On or near FRANCIS STREET,E01021982,Tendring 011D,Unable to prosecute suspect
c6e1809108e4ba43ad77f7352736eb872899afbe093dce60d6d8fcb3523aafb8,2015-08,Essex Police,Essex Police,0.397253,51.509757,On or near Petrol Station,E01015979,Thurrock 004C,Local resolution
ae31f1c52fa99aedbc18f3bb6e006ec15185309f37104a8ca44584f53ba36a1e,2015-08,Essex Police,Essex Police,0.456959,51.570727,On or near Shopping Area,E01021318,Basildon 015C,Offender given a caution
98aa011842bacd8d9335aec526a2c416e710fa52f0af58708e621de8845a0e57,2015-08,Essex Police,Essex Police,0.517838,51.597990,On or near LOWER PARK ROAD,E01021344,Basildon 008D,Unable to prosecute suspect
97d0df7342c3ae7491b95188bbf507e85b4a95b216a765ed6a1e3814e1be8561,2015-08,Essex Police,Essex Police,0.077989,51.727274,On or near GREEN CLOSE,E01021741,Epping Forest 002A,Unable to prosecute suspect
42542598dc16c222210b2a43f32b33fd58d42945e2ad4214b904cd27efd606e7,2015-08,Essex Police,Essex Police,0.012077,51.683963,On or near SPRINGFIELDS,E01021808,Epping Forest 008B,Suspect charged
42542598dc16c222210b2a43f32b33fd58d42945e2ad4214b904cd27efd606e7,2015-08,Essex Police,Essex Police,0.012077,51.683963,On or near SPRINGFIELDS,E01021808,Epping Forest 008B,Suspect charged
5a0c66c9b23e25753a79bff2cd4f8f73114d2551f2719ecc00cdc23c702d48d4,2015-08,Essex Police,Essex Police,0.597915,51.639296,On or near WHITE TREE COURT,E01021606,Chelmsford 020B,Formal action is not in the public interest
71b956527c7040103ba2249bc5d9390c712638156375102ccef1076d94d8a36b,2015-08,Essex Police,Essex Police,0.001105,51.693314,On or near MARLE GARDENS,E01021812,Epping Forest 009B,Unable to prosecute suspect
82f062fd89e182c88b04dad01dafb9ae8d125335d1cf0c87b34584b2c4a525db,2015-08,Essex Police,Essex Police,1.093192,51.896326,On or near B1035,E01022019,Tendring 003E,Suspect charged
6bd30a65af8ed4377fae04893bc7700b4fa03e8a33860ac7105347f10b2129e4,2015-08,Essex Police,Essex Police,0.453841,51.570981,On or near WESTGATE,E01021318,Basildon 015C,Offender given a caution
6bd30a65af8ed4377fae04893bc7700b4fa03e8a33860ac7105347f10b2129e4,2015-08,Essex Police,Essex Police,0.453841,51.570981,On or near WESTGATE,E01021318,Basildon 015C,Formal action is not in the public interest
6bd30a65af8ed4377fae04893bc7700b4fa03e8a33860ac7105347f10b2129e4,2015-08,Essex Police,Essex Police,0.453841,51.570981,On or near WESTGATE,E01021318,Basildon 015C,Formal action is not in the public interest
69170af5fb56b84b38d9da850d5fc9f8c97099af63b39c6d8d4480ad7864909e,2015-08,Essex Police,Essex Police,0.628769,51.630218,On or near KINGSMANS FARM ROAD,E01021942,Rochford 001A,Suspect charged
69170af5fb56b84b38d9da850d5fc9f8c97099af63b39c6d8d4480ad7864909e,2015-08,Essex Police,Essex Police,0.628769,51.630218,On or near KINGSMANS FARM ROAD,E01021942,Rochford 001A,Suspect charged
802d5ab141b703dfe4d6dc76bb95ea9279c7d6c713015035ca8e0d6ada6688d0,2015-08,Essex Police,Essex Police,0.628769,51.630218,On or near KINGSMANS FARM ROAD,E01021942,Rochford 001A,Suspect charged
802d5ab141b703dfe4d6dc76bb95ea9279c7d6c713015035ca8e0d6ada6688d0,2015-08,Essex Police,Essex Police,0.628769,51.630218,On or near KINGSMANS FARM ROAD,E01021942,Rochford 001A,Suspect charged
8512b29350ab0df59626b4d043189c120b41a5a5382700c192be3523da906666,2015-08,Essex Police,Essex Police,0.628769,51.630218,On or near KINGSMANS FARM ROAD,E01021942,Rochford 001A,Suspect charged
8512b29350ab0df59626b4d043189c120b41a5a5382700c192be3523da906666,2015-08,Essex Police,Essex Police,0.628769,51.630218,On or near KINGSMANS FARM ROAD,E01021942,Rochford 001A,Suspect charged
a8069d7b54eae9a37e783a06c0b554ce30450c3e810f1b1aeb674a69f0800023,2015-08,Essex Police,Essex Police,0.178839,51.802361,On or near LABURNUM CLOSE,E01021768,Epping Forest 001A,Suspect charged
c0226ceb80bb7357de2b25d301b601a9c3772136bcf465ef43ce9f969846db41,2015-08,Essex Police,Essex Police,0.063427,51.675222,On or near B172,E01021806,Epping Forest 009A,Formal action is not in the public interest
37ddb5b1aa627fd566b5b00930e7d79ea78103984d941d01d833fc5fa07b7e89,2015-08,Essex Police,Essex Police,0.618116,51.621903,On or near BROOM ROAD,E01021945,Rochford 001D,Formal action is not in the public interest
f5f3228bc337679c329d73ed180a21e12f528cfaf69d53ce8e974dc966dc7ebb,2015-08,Essex Police,Essex Police,0.340522,51.477871,On or near CRESCENT AVENUE,E01015969,Thurrock 014D,Local resolution
6eece4c189accc95817f803586478acbcf23cee445f376866d5316bc2b41e16e,2015-08,Essex Police,Essex Police,0.787288,51.706387,On or near Park/Open Space,E01021901,Maldon 006A,Suspect charged
1e69677438ae41c6c9161535c47433f5a21a323edafdcbdba8c7cc8dd0604dac,2015-08,Essex Police,Essex Police,0.445241,51.530655,On or near Supermarket,E01015998,Thurrock 002E,Suspect charged
ee59ddc760bd9e1ce2ce605dca89a1652f2e8dd1d9e58123cdb71414e1bda602,2015-08,Essex Police,Essex Police,1.148663,51.797061,On or near MAGDALEN ROAD,E01021970,Tendring 016A,Formal action is not in the public interest
29168f217dcf4443b1ef87511321404fb9a79c4104a5340b52bbf379946f8137,2015-08,Essex Police,Essex Police,0.730798,51.540290,On or near Petrol Station,E01015844,Southend-on-Sea 014F,Unable to prosecute suspect
5f42dffd82decfd9de6c9c63d2cdf6c631783d7131305c6754f337bb81d8d3b9,2015-08,Essex Police,Essex Police,0.717113,51.536938,On or near PORTLAND AVENUE,E01015852,Southend-on-Sea 015B,Formal action is not in the public interest
74715d1b09dded42457a2f4f55996e700d413a5352ae9ee0e60ebbb97445cd19,2015-08,Essex Police,Essex Police,0.746256,51.548383,On or near NEWINGTON CLOSE,E01015887,Southend-on-Sea 009E,Unable to prosecute suspect
611637022bb3aa451614dc9b9c3d7f99e131bfa9eb7b185dcf8d28be27d8a8a4,2015-08,Essex Police,Essex Police,0.692011,51.555109,On or near LAVENDER MEWS,E01015860,Southend-on-Sea 004D,Suspect charged
cc809e1d9101fb272a9dac63afea510e759f205590b822e1ad56e59983423a12,2015-08,Essex Police,Essex Police,0.452440,51.747132,On or near LANGTON AVENUE,E01021596,Chelmsford 006E,Unable to prosecute suspect
3989508ca9e4b0ab0ac889789551b88a875175837366f7ba182ebb42753112a0,2015-08,Essex Police,Essex Police,0.929648,51.885162,On or near Supermarket,E01033722,Colchester 008H,Formal action is not in the public interest
3989508ca9e4b0ab0ac889789551b88a875175837366f7ba182ebb42753112a0,2015-08,Essex Police,Essex Police,0.929648,51.885162,On or near Supermarket,E01033722,Colchester 008H,Formal action is not in the public interest
79efc4e7d1b9f5fec34a53796a31d09a021607439ad9a76f5733f97b352f59e2,2015-08,Essex Police,Essex Police,0.679406,51.722353,On or near ELIOT WAY,E01021895,Maldon 005C,Unable to prosecute suspect
f9a284168e1f6184e7c086b71011d611cca85e3219a1e53ef5ffaad935bfc156,2015-08,Essex Police,Essex Police,0.628769,51.630218,On or near KINGSMANS FARM ROAD,E01021942,Rochford 001A,Suspect charged
f9a284168e1f6184e7c086b71011d611cca85e3219a1e53ef5ffaad935bfc156,2015-08,Essex Police,Essex Police,0.628769,51.630218,On or near KINGSMANS FARM ROAD,E01021942,Rochford 001A,Suspect charged
ad1ba225a803df078362c6e52a87fa97f01252b9d07f9a13a88f466fc388c061,2015-08,Essex Police,Essex Police,0.363301,51.481128,On or near CHELMER ROAD,E01015935,Thurrock 012C,Formal action is not in the public interest
785d596dba99455907f921ffc2f2aa00116dd4d91bce78d5b190461722d4966d,2015-08,Essex Police,Essex Police,0.365931,51.480176,On or near THAMES DRIVE,E01015935,Thurrock 012C,Formal action is not in the public interest
cfa3565f92756a12a9f3b8fdf120f52b14dae9c50975c69eb8a97174f2fa1773,2015-08,Essex Police,Essex Police,0.155661,51.713537,On or near HURRICANE WAY,E01021799,Epping Forest 001E,Local resolution
cfa3565f92756a12a9f3b8fdf120f52b14dae9c50975c69eb8a97174f2fa1773,2015-08,Essex Police,Essex Police,0.155661,51.713537,On or near HURRICANE WAY,E01021799,Epping Forest 001E,Local resolution
f2b73319810caa8f3d9c99f3da71dca8be59778f2a85129ae150d535ea4414d9,2015-08,Essex Police,Essex Police,0.363301,51.481128,On or near CHELMER ROAD,E01015935,Thurrock 012C,Formal action is not in the public interest
5d3679c4bc1dfb0a44c759ea28398001abfd886372d56adee12da82b4e424af1,2015-08,Essex Police,Essex Police,0.617587,51.642573,On or near Parking Area,E01021613,Chelmsford 019C,Unable to prosecute suspect
ad183fa6f8b7a6cc62e53490c7b536037c823b4bed1d7cc27ea62381a7667875,2015-08,Essex Police,Essex Police,0.822149,51.624566,On or near OYSTER CLOSE,E01021880,Maldon 008E,Local resolution
80f013484899208e3c4e4f94c2890c2d5219807cdcf8338d547d98262192a0aa,2015-08,Essex Police,Essex Police,0.499503,51.580459,On or near LITTLEBURY GREEN,E01021307,Basildon 011C,Unable to prosecute suspect
c5c45639851e66146e502fc090d1dcffbfb4856a589e303414bcdd95eb358bf7,2015-08,Essex Police,Essex Police,0.194025,51.903828,On or near CRAFTON GREEN,E01022084,Uttlesford 005D,Local resolution
ba4e0eb99dbe4bade462455c047e93d03fce31f287ac3aef183c9290fc393170,2015-08,Essex Police,Essex Police,1.149490,51.790419,On or near ROSEMARY ROAD WEST,E01022026,Tendring 016C,Offender given a caution
e20760862df2cdde57a6a9b9b3b02010b5e888383e67af61fee07f4bd57cb399,2015-08,Essex Police,Essex Police,0.581995,51.520808,On or near REMBRANDT CLOSE,E01021484,Castle Point 011A,Suspect charged
612d516778f73d55d34aacdfe32eeaeeccabc534951ba14b9d97cf0eeb20f086,2015-08,Essex Police,Essex Police,0.519801,51.615188,On or near STATION APPROACH,E01021334,Basildon 005A,Formal action is not in the public interest
3a80c885815cfaf6a7882fdf52db6bd9f8a96f1d26a8bbc9bdf701bb851e6a31,2015-08,Essex Police,Essex Police,0.397253,51.509757,On or near Petrol Station,E01015979,Thurrock 004C,Unable to prosecute suspect
9b45a348b1a9368c76255aaa5775082e685c6bfdaba668c671729445da912a06,2015-08,Essex Police,Essex Police,0.284143,51.486609,On or near Shopping Area,E01016011,Thurrock 015B,Formal action is not in the public interest
48bc2027aa34d9a858be71121625b5bc1bc6c38b11f7905bd9b9d646282bca2a,2015-08,Essex Police,Essex Police,0.431210,51.645250,On or near ARUNDEL MEWS,E01021251,Basildon 001E,Offender given a caution
bdef077468a7db11dafadb9f3e73f0089804629d5438f7bed9423d4e58b3e3c4,2015-08,Essex Police,Essex Police,0.434043,51.567500,On or near BOSTOCHE CLOSE,E01021288,Basildon 016B,Unable to prosecute suspect
d9780d396d26913ba3d0451d801539c260367d9fad5a0dee3f88c1298ba7d6ed,2015-08,Essex Police,Essex Police,0.892007,51.896949,On or near Pedestrian Subway,E01021646,Colchester 007A,Suspect charged
f38aeb28aa42c36f0faaedc0e8f6a5278759d31f54e5e7c1b12ca26894f93ce9,2015-08,Essex Police,Essex Police,0.377021,51.490698,On or near WICKHAM ROAD,E01015938,Thurrock 012F,Formal action is not in the public interest
26b06b68f1d8360932aaef1f9e189b09d6c7351bd98f4709e7560e084c0d84b5,2015-08,Essex Police,Essex Police,0.454070,51.727223,On or near WATERHOUSE STREET,E01033138,Chelmsford 009F,Suspect charged
1e8b33b72685e365b5c749afc9154699d19fd510413281f33fce23a303bc57dd,2015-08,Essex Police,Essex Police,0.477646,51.571371,On or near BROWNLOW CROSS,E01021320,Basildon 015D,Formal action is not in the public interest
cf9f2a204ecffa45dece4bec93de7f9472e9ce818b5df5283e9a90027132f9c3,2015-08,Essex Police,Essex Police,0.901325,51.890172,On or near GEORGE STREET,E01021649,Colchester 007D,Suspect charged as part of another case
ae95df52392bd1d96af9e37073e3009bc9345526b984a9080ab0007ed95cc0df,2015-08,Essex Police,Essex Police,0.523163,51.595061,On or near BISHOPS ROAD,E01021344,Basildon 008D,Suspect charged
43b5eed9fd06472f6edb149b6a02abe83188438f70a35f49715aa76f7d7853c6,2015-08,Essex Police,Essex Police,0.362433,51.486056,On or near TEMPLER AVENUE,E01015934,Thurrock 012B,Formal action is not in the public interest
a13034bf225bcbc2b8909f40a9b2a9976e11db7ef71251f859607bc4138ec44f,2015-08,Essex Police,Essex Police,0.716314,51.536840,On or near BALTIC AVENUE,E01015852,Southend-on-Sea 015B,Unable to prosecute suspect
cce505d1c432277959d1706c6986234d2f337c7103f25e30c91a91d0684c3e30,2015-08,Essex Police,Essex Police,0.335936,51.474932,On or near Parking Area,E01015962,Thurrock 016E,Suspect charged
4a3c4c92287469963923a8914a2d09ed39f00dfb8aeaa77c4e014e6ba11a8c11,2015-08,Essex Police,Essex Police,0.069748,51.641595,On or near LOWER ALDERTON HALL LANE,E01021771,Epping Forest 013A,Local resolution
bb4d1ae724d8765b742d40402bc33086abd0115b0b4c517cd97599dd48178836,2015-08,Essex Police,Essex Police,0.720578,51.533386,On or near LUCY ROAD,E01015841,Southend-on-Sea 014C,Unable to prosecute suspect
bb4d1ae724d8765b742d40402bc33086abd0115b0b4c517cd97599dd48178836,2015-08,Essex Police,Essex Police,0.720578,51.533386,On or near LUCY ROAD,E01015841,Southend-on-Sea 014C,Unable to prosecute suspect
2483d51b890e01f2a74dae55f385c208f04d002a65a3606336d7440cc8fad652,2015-08,Essex Police,Essex Police,0.724922,51.532953,On or near Sports/Recreation Area,E01015842,Southend-on-Sea 014D,Suspect charged
963acb78de9ffdea80e3f39779baafe41bc4dcd7c365142e7e7cbf044231c488,2015-08,Essex Police,Essex Police,0.709094,51.540820,On or near Supermarket,E01015895,Southend-on-Sea 010A,Formal action is not in the public interest
83c2bd5259adb4521cf63278cb1de357cc305b1c526f4d1eb5c7e340791b4e20,2015-08,Essex Police,Essex Police,0.458240,51.569324,On or near Supermarket,E01021318,Basildon 015C,Suspect charged
2ab44c0d5863eb71f2931e58c50017cfff16cce20d9c92b22bada2fb1fcfe903,2015-08,Essex Police,Essex Police,0.893532,51.917264,On or near Parking Area,E01021680,Colchester 004B,Local resolution
5ed1c822cff2a551f3da59f061758700b0519e91e2eddf639468bbb218c2388c,2015-08,Essex Police,Essex Police,0.747730,51.542925,On or near SOUTHCHURCH BOULEVARD,E01015888,Southend-on-Sea 009F,Local resolution
45b9b9218fb339a91c5c3979fe5c9fe921771bf3e486286338cc95509dd014e3,2015-08,Essex Police,Essex Police,1.149490,51.790419,On or near ROSEMARY ROAD WEST,E01022026,Tendring 016C,Offender given a caution
5086a7f57a35e3c04985f0dcc6c068631f4f093bb03bcf6bfb499052a0158fc6,2015-08,Essex Police,Essex Police,0.421887,51.582338,On or near ARCHER ROAD,E01021274,Basildon 010D,Formal action is not in the public interest
29a61c44f7baa7570c8fb3b7ef234184847eb4c1ef27de13f89be9c9daee1b0b,2015-08,Essex Police,Essex Police,0.742422,51.547240,On or near WHITTINGHAM AVENUE,E01015887,Southend-on-Sea 009E,Local resolution
29a61c44f7baa7570c8fb3b7ef234184847eb4c1ef27de13f89be9c9daee1b0b,2015-08,Essex Police,Essex Police,0.742422,51.547240,On or near WHITTINGHAM AVENUE,E01015887,Southend-on-Sea 009E,Local resolution
29a61c44f7baa7570c8fb3b7ef234184847eb4c1ef27de13f89be9c9daee1b0b,2015-08,Essex Police,Essex Police,0.742422,51.547240,On or near WHITTINGHAM AVENUE,E01015887,Southend-on-Sea 009E,Local resolution
29a61c44f7baa7570c8fb3b7ef234184847eb4c1ef27de13f89be9c9daee1b0b,2015-08,Essex Police,Essex Police,0.742422,51.547240,On or near WHITTINGHAM AVENUE,E01015887,Southend-on-Sea 009E,Local resolution
e2158d5084fcf8e6d974b1faecdf5e733fa6df8c1917c750a24411f3df14d2c5,2015-08,Essex Police,Essex Police,0.421621,51.629971,On or near DAWSON MEWS,E01021240,Basildon 003B,Local resolution
134bfb24d149ce6dc9b6f95a54d0dd2ffa63c31e3444209c1bf2ae498b521211,2015-08,Essex Police,Essex Police,0.684702,51.545167,On or near LONDON ROAD,E01015832,Southend-on-Sea 012F,Unable to prosecute suspect
e565482f1d580a8ca17970bce63ed368d9f159aa09871ceef171fa4bd79cb526,2015-08,Essex Police,Essex Police,0.838811,51.884656,On or near Sports/Recreation Area,E01021719,Colchester 012B,Unable to prosecute suspect
ebde5e31071cbb9c2b3f9a7a2f92055c3ec72fa45eeb92446a66a19c490fedc0,2015-08,Essex Police,Essex Police,0.684702,51.545167,On or near LONDON ROAD,E01015832,Southend-on-Sea 012F,Unable to prosecute suspect
bf4d98e079e3091f28bbdb624b80b138857c77156a672b9d7c1dc4f67cb87e83,2015-08,Essex Police,Essex Police,0.113273,51.648886,On or near Petrol Station,E01021770,Epping Forest 010A,Formal action is not in the public interest
876f74bd4b5b6ec9334e006aeb356021f7ddc07f7eb4e183969f586d169b39fe,2015-08,Essex Police,Essex Police,1.272071,51.846387,On or near Theme/Adventure Park,E01022056,Tendring 006E,Formal action is not in the public interest
74f9a1cf1389eddcebfe9cad8c69b883e728ea918e4d284a9d5c4be942e6727f,2015-08,Essex Police,Essex Police,0.684702,51.545167,On or near LONDON ROAD,E01015832,Southend-on-Sea 012F,Unable to prosecute suspect
77cfe503c5637973735b49b24f6fea2a7d92434f4483849ab2d0bbc14d35c940,2015-08,Essex Police,Essex Police,0.506111,51.736026,On or near Village Square,E01021548,Chelmsford 013A,Unable to prosecute suspect
a5949faafedd28f4d7c3d95d735ac9273cf64ecbd041c82626bc77f2520226b0,2015-08,Essex Police,Essex Police,1.152226,51.789923,On or near ROSEMARY ROAD,E01022025,Tendring 016B,Local resolution
a9240542750d6d15abab1bfef1a0c3db50a978649befc236645fec13c6683662,2015-08,Essex Police,Essex Police,0.254499,51.479017,On or near Sports/Recreation Area,E01016012,Thurrock 015C,Formal action is not in the public interest
45ca9237c6a97b5e2a092ecde12c13913f8e6bbda2b800fe1f7ac2ac4ced5b07,2015-08,Essex Police,Essex Police,0.003953,51.683760,On or near DENNY AVENUE,E01021817,Epping Forest 008E,Formal action is not in the public interest
a2712bd6c9d4e6372e2aab10ce37c30dd159704c7fb9ddf15079bf4a5d06b9c8,2015-08,Essex Police,Essex Police,0.261741,51.889938,On or near Airport/Airfield,E01022090,Uttlesford 006B,Local resolution
39ae02c946a5e9a42955ee993eb1c609e1dc9282edf668482fcfa39aba9892a6,2015-08,Essex Police,Essex Police,1.220397,51.841230,On or near CROSSFIELD WAY,E01022011,Tendring 008G,Formal action is not in the public interest
5282b8a8e77a23f1ded8605a0a0c441515ae490173e25dadd8c99fd829027f99,2015-08,Essex Police,Essex Police,0.300183,51.476745,On or near FOXTON ROAD,E01016015,Thurrock 015F,Formal action is not in the public interest
5282b8a8e77a23f1ded8605a0a0c441515ae490173e25dadd8c99fd829027f99,2015-08,Essex Police,Essex Police,0.300183,51.476745,On or near FOXTON ROAD,E01016015,Thurrock 015F,Formal action is not in the public interest
93d2046797877fddce055c0380c3e8ba48580afd190bbae151211bce2a073b64,2015-08,Essex Police,Essex Police,1.148750,51.787489,On or near BEATRICE ROAD,E01022037,Tendring 017D,Unable to prosecute suspect
1f4b1d0115833a8614d1de1dbefc28dce0213a7f2547e1052c733813cb4428a4,2015-08,Essex Police,Essex Police,0.679909,51.545583,On or near LONDON ROAD,E01015832,Southend-on-Sea 012F,Suspect charged
343be0c55747f70a1ab1bee9159170b5b6ee41b9a796cfe1efebe802ce4ef486,2015-08,Essex Police,Essex Police,0.679909,51.545583,On or near LONDON ROAD,E01015832,Southend-on-Sea 012F,Suspect charged
5d69be0922584870dd6151532a98192bd47611311f2842bfbca8474c85df1027,2015-08,Essex Police,Essex Police,0.593556,51.594308,On or near LONDON ROAD,E01021926,Rochford 006B,Unable to prosecute suspect
0cab16e101df01508cbdd8dd837b043fe8d345442611018b53668c16a3533be0,2015-08,Essex Police,Essex Police,0.364120,51.870956,On or near HIGH STREET,E01022067,Uttlesford 007B,Formal action is not in the public interest
70069f4da78d8a89555ff087416ac2004260ccf0b11dd017bb107895c5efa263,2015-08,Essex Police,Essex Police,0.739402,51.547626,On or near PHILPOTT AVENUE,E01015887,Southend-on-Sea 009E,Local resolution
215e17b756f1f2490373be42f02018602d3cec26f87f286a80c4d8aa2706c781,2015-08,Essex Police,Essex Police,0.327036,51.475783,On or near THE RETREAT,E01015952,Thurrock 017B,Unable to prosecute suspect
6571c369ce29992bef6f4dd007b9d23c79b3185dc2a534528d538a862b0865e0,2015-08,Essex Police,Essex Police,0.682483,51.539327,On or near Sports/Recreation Area,E01015827,Southend-on-Sea 012A,Formal action is not in the public interest
6571c369ce29992bef6f4dd007b9d23c79b3185dc2a534528d538a862b0865e0,2015-08,Essex Police,Essex Police,0.682483,51.539327,On or near Sports/Recreation Area,E01015827,Southend-on-Sea 012A,Formal action is not in the public interest
e1d21a1a64703609907f9cceaa8726fee4d63457d23f63667fbf575447c32ea1,2015-08,Essex Police,Essex Police,1.105138,51.772676,On or near BROOKLANDS,E01021988,Tendring 018A,Suspect charged
68736a40f05ed445ff092adb7a20319bd0f8978e02b7561d6d3a4d1eb987c322,2015-08,Essex Police,Essex Police,1.149934,51.795741,On or near CROSSFIELD ROAD,E01022026,Tendring 016C,Suspect charged
7badf715f25b89791bb7d78876187c2cb970a7680300d6ff736bcb42b7e4db94,2015-08,Essex Police,Essex Police,0.409344,51.570896,On or near BRAMPSTEAD,E01021276,Basildon 014C,Offender given a caution
323f429c927110a59deeaf337d6bf0afe759ca989b9f126565dc57c1c4f9a2ec,2015-08,Essex Police,Essex Police,0.130331,51.757028,On or near SOUTHERN WAY,E01021835,Harlow 008C,Formal action is not in the public interest
5f9532f366363b1b369c88424294747bddf5035c04e31ff1a32dce4dfcc69a9d,2015-08,Essex Police,Essex Police,0.777996,51.534963,On or near DELAWARE CRESCENT,E01015917,Southend-on-Sea 017D,Suspect charged
ad415cf08274baead33ea57b83df9306606f39542864ab4f87a5e30a68ee53ff,2015-08,Essex Police,Essex Police,1.153551,51.802047,On or near OLD ROAD,E01022042,Tendring 014A,Suspect charged
730cae71b0505e7286cc85886eef32fbde9d3b3ffea717e1bc6940aa51b72998,2015-08,Essex Police,Essex Police,0.920705,51.897184,On or near GRENFELL CLOSE,E01021702,Colchester 022D,Formal action is not in the public interest
aac59ca7ec560ed74db8d51ff4ff577a75ef19d8ec92444b2ec79057c7611326,2015-08,Essex Police,Essex Police,0.722105,51.537227,On or near CROMER ROAD,E01015840,Southend-on-Sea 014B,Unable to prosecute suspect
54393572c88ce95835b01c02fc1489ce90cee990a2e01fec0987f5cb4641cd23,2015-08,Essex Police,Essex Police,0.732344,51.549724,On or near CUMBERLAND AVENUE,E01015875,Southend-on-Sea 006G,Suspect charged
983ba72975856f7edeaf7a62f09fd701f967a6b66a27bcca8e224bc5db9c2cf1,2015-08,Essex Police,Essex Police,0.371372,51.482620,On or near ALURIC CLOSE,E01015934,Thurrock 012B,Unable to prosecute suspect
983ba72975856f7edeaf7a62f09fd701f967a6b66a27bcca8e224bc5db9c2cf1,2015-08,Essex Police,Essex Police,0.371372,51.482620,On or near ALURIC CLOSE,E01015934,Thurrock 012B,Unable to prosecute suspect
7548fb3ebe087ff1ffeadda6fc299499912bfa977e75ee1aa324c3ba2326640b,2015-08,Essex Police,Essex Police,0.694182,51.550103,On or near HIGHFIELD CRESCENT,E01015907,Southend-on-Sea 007G,Formal action is not in the public interest
cc2c46052066d964ddd3e5cadf60db58517c8495a0bf7887c381f53d20ed9532,2015-08,Essex Police,Essex Police,1.130420,51.797135,On or near TRIMLEY CLOSE,E01022031,Tendring 015D,Formal action is not in the public interest
107f0b417044619172ceaae0708aca87aad2a061e61bf1815ff62036dbb91040,2015-08,Essex Police,Essex Police,0.079972,51.756591,On or near ROSEMOUNT,E01021833,Harlow 009D,Unable to prosecute suspect
107f0b417044619172ceaae0708aca87aad2a061e61bf1815ff62036dbb91040,2015-08,Essex Police,Essex Police,0.079972,51.756591,On or near ROSEMOUNT,E01021833,Harlow 009D,Formal action is not in the public interest
2aeae476a49708a69b9993795469df57848664e66c0ae6b77a41b36552a09d9f,2015-08,Essex Police,Essex Police,0.326367,51.478477,On or near BEDFORD ROAD,E01015956,Thurrock 016B,Local resolution
67b13d1145e735300876a105f2f7a9bc29f6ddd76fd8e6779b0d5216a6fdf7ee,2015-08,Essex Police,Essex Police,1.263346,51.926625,On or near VIENNA CLOSE,E01022005,Tendring 004E,Unable to prosecute suspect
1b062ab72c2b34e9b0127c47eb5e6669077f512a24c67105a17e111f375b5565,2015-08,Essex Police,Essex Police,0.453384,51.725250,On or near Bus/Coach Station,E01033138,Chelmsford 009F,Suspect charged
da3a847ca57fc398a92fab51414f2775e7fdca3cfae47e6f6f32c9f43802fe11,2015-08,Essex Police,Essex Police,1.144810,51.795275,On or near DUDLEY ROAD,E01021968,Tendring 017A,Suspect charged
16cf3dd8db8675733647c703d40ca27e4259c8033112629d4be4491f9e30d062,2015-08,Essex Police,Essex Police,0.409500,51.571649,On or near COOPERSALES,E01021276,Basildon 014C,Unable to prosecute suspect
c91fc9bd259d22f6044ca5f17a6000db2f773a4e8811cbafaeb07c105fdb082b,2015-08,Essex Police,Essex Police,0.084484,51.658798,On or near OAK TREE CLOSE,E01021774,Epping Forest 011A,Offender given a caution
e2fe6e5952888072969a2943522166c952ad9d10df0d979f4fd3977c04ddb85e,2015-08,Essex Police,Essex Police,0.710117,51.536183,On or near NELSON STREET,E01015853,Southend-on-Sea 015C,Local resolution
f1be28a8ad90f6696c7af09c7f65de9c58e0fb6be4ad0e383fa83bcaf21da9d7,2015-08,Essex Police,Essex Police,0.620104,51.645116,On or near TRINITY ROW,E01021613,Chelmsford 019C,Formal action is not in the public interest
fbbe499b81304cd833c73f6bb91a8e0dd4bb6b619064acca0168f34b62c36971,2015-08,Essex Police,Essex Police,1.150049,51.812161,On or near Supermarket,E01022039,Tendring 010B,Suspect charged
fbbe499b81304cd833c73f6bb91a8e0dd4bb6b619064acca0168f34b62c36971,2015-08,Essex Police,Essex Police,1.150049,51.812161,On or near Supermarket,E01022039,Tendring 010B,Suspect charged
b209ed264ec0c6dbec644bf6541bab7c80b70bb0a7014dc78b467a482c4029bc,2015-08,Essex Police,Essex Police,0.741071,51.730364,On or near OSEA ROAD,E01021885,Maldon 003B,Suspect charged
ef2e3f251b3f58665da8237253224441e89f733ddfb212b1191589dc12f24fb6,2015-08,Essex Police,Essex Police,0.741071,51.730364,On or near OSEA ROAD,E01021885,Maldon 003B,Suspect charged
9718ba18dc10ab18c0656c46ad4aae10de6f0d41d451de7acb4a3bf29c0f96d0,2015-08,Essex Police,Essex Police,0.081105,51.646889,On or near BARRINGTON GREEN,E01021776,Epping Forest 011C,Suspect charged
d1e0cf46ca42e44749f6ac2b413bfd5c851c05d7be8f50b63e148372bcb97543,2015-08,Essex Police,Essex Police,0.465760,51.730737,On or near THE MEADS,E01021582,Chelmsford 010D,Formal action is not in the public interest
5f7ad65cafa3fc8469dc50072a243b3b8fa8076cb61cabfac6483361b55596e5,2015-08,Essex Police,Essex Police,0.604865,51.518647,On or near TARANTO ROAD,E01021490,Castle Point 012B,Suspect charged
efde5b54b21a8f5750a8f4749cd492d632fdb4431f4e9df9f8a2d5abaa987e94,2015-08,Essex Police,Essex Police,0.323676,51.482766,On or near PYM PLACE,E01015959,Thurrock 016C,Suspect charged
35168fc1d61ae29d74f2fc33ba7ba1a77982213ab85e0df765c0bc0232d80c5c,2015-08,Essex Police,Essex Police,0.598837,51.525931,On or near ESSEX ROAD,E01021496,Castle Point 009D,Suspect charged
ee3c785204218f56a10864b2707ddd3e260daedfc27f56571b6e74579bf331de,2015-08,Essex Police,Essex Police,0.172777,51.720901,On or near OAK PIECE,E01021798,Epping Forest 001D,Offender given penalty notice
e4bae15b20cd33d5c03822e45e2425997defd7944a7b77f7f3966b7c6cf5a988,2015-08,Essex Police,Essex Police,0.483487,51.566284,On or near Parking Area,E01021327,Basildon 019E,Formal action is not in the public interest
e4bae15b20cd33d5c03822e45e2425997defd7944a7b77f7f3966b7c6cf5a988,2015-08,Essex Police,Essex Police,0.483487,51.566284,On or near Parking Area,E01021327,Basildon 019E,Suspect charged
18d2dfdc2b49cd7a093ff6159e323ce3b72274b1eaa63096d7fe8ca65201517c,2015-08,Essex Police,Essex Police,0.694351,51.537095,On or near LEONARD ROAD,E01015851,Southend-on-Sea 015A,Suspect charged
392adc782239806f4628daf8750f0b8ca55d8fb993355abcd67c0be01c8763b1,2015-08,Essex Police,Essex Police,1.244191,51.929511,On or near ABDY AVENUE,E01033051,Tendring 002F,Suspect charged
6bc68baca4e8d04653cd893a387bce42c0c196cba7e3037e5a634cd5a3e674de,2015-08,Essex Police,Essex Police,0.902706,51.887692,On or near VINEYARD STREET,E01021649,Colchester 007D,Suspect charged
7d6f8f5764f18b859bdc32860d675363ee7e57bb0372122207518d1267133e2d,2015-08,Essex Police,Essex Police,0.732972,51.540950,On or near LOVELACE GARDENS,E01015839,Southend-on-Sea 014A,Suspect charged
fd65d50ea2b59bba319cf303e5212db33dd644abc70983cf0877ec26cc1a4074,2015-08,Essex Police,Essex Police,0.319731,51.477969,On or near Parking Area,E01015953,Thurrock 017C,Suspect charged
b77737c9706443f59b78fca4905229407bf1f6f90196db09cc1210f675865f61,2015-08,Essex Police,Essex Police,0.261741,51.889938,On or near Airport/Airfield,E01022090,Uttlesford 006B,Unable to prosecute suspect
76604d13eeb527b205ce919985a513575263e515400c12bf12eb431976da5c15,2015-08,Essex Police,Essex Police,0.426682,51.469608,On or near Sports/Recreation Area,E01015949,Thurrock 013C,Offender given a drugs possession warning
59d0080b73698d698199e8e04673331118f69be59b439a1017cdabbaf8c601e2,2015-08,Essex Police,Essex Police,0.101550,51.696074,On or near LOWER BURY LANE,E01021763,Epping Forest 005D,Local resolution
a477f25df6d689b1a128880b897247a5001823b5964b0220663673ddd20d04fa,2015-08,Essex Police,Essex Police,0.656449,51.540765,On or near SEAVIEW ROAD,E01015847,Southend-on-Sea 011C,Suspect charged
68dd0ad8ea83ba848b11b61618d1b02591a7ce46a232751e76c2958c44183631,2015-08,Essex Police,Essex Police,1.022655,51.805767,On or near Ferry Terminal,E01021982,Tendring 011D,Formal action is not in the public interest
405523ae40ecbbc5b02b49d1345c6c617ccd718ac95c44538d6c6e312dd676d3,2015-08,Essex Police,Essex Police,0.552291,51.874991,On or near STONE CLOSE,E01021365,Braintree 009D,Local resolution
25b494c426d244898334fd3ee98a172f29b6f4a6c2666f0de037c2ee4f3d1929,2015-08,Essex Police,Essex Police,0.465424,51.774576,On or near Hospital,E01021542,Chelmsford 002A,Unable to prosecute suspect
26faa62e64792531b564a25d9f1e4801b24e6eb1807d4f67082ad1ffcd386664,2015-08,Essex Police,Essex Police,0.277434,51.486092,On or near Shopping Area,E01016012,Thurrock 015C,Unable to prosecute suspect
b43765363feab1ccf59379faadde5981029a7927f59bd2f096bdf24f414ae5e6,2015-08,Essex Police,Essex Police,0.708174,51.587968,On or near ST CLARE MEADOW,E01021953,Rochford 004C,Suspect charged
c8001da41bc147391b56b266b97397b23bb23166fa64bcff81ca44a4482ad7fa,2015-08,Essex Police,Essex Police,0.455522,51.968391,On or near Petrol Station,E01021412,Braintree 005C,Suspect charged
eaf0e41c2c3bfd65d685c81431bafe10ab30990458de1010e1ce74e8a032fa75,2015-08,Essex Police,Essex Police,0.460308,51.735951,On or near RAINSFORD LANE,E01021575,Chelmsford 009B,Unable to prosecute suspect
28e40f95b6d9a88ab2c2a03484f5d96ed5e2b8a9e4c61bf2858ae67623c69cf9,2015-08,Essex Police,Essex Police,0.689066,51.539195,On or near METEOR ROAD,E01015831,Southend-on-Sea 012E,Unable to prosecute suspect
4bc12de5cddf0817383a26e824d42ef24bc0c258140962c4cbe34a003b4951f1,2015-08,Essex Police,Essex Police,0.747730,51.542925,On or near SOUTHCHURCH BOULEVARD,E01015888,Southend-on-Sea 009F,Local resolution
f33cb990317a0aaa0b544e7dc135d38178440fece2ea387cb787a3b0733f5839,2015-08,Essex Police,Essex Police,0.652747,51.811317,On or near EASTWAYS,E01021362,Braintree 015A,Formal action is not in the public interest
f33cb990317a0aaa0b544e7dc135d38178440fece2ea387cb787a3b0733f5839,2015-08,Essex Police,Essex Police,0.652747,51.811317,On or near EASTWAYS,E01021362,Braintree 015A,Suspect charged
f33cb990317a0aaa0b544e7dc135d38178440fece2ea387cb787a3b0733f5839,2015-08,Essex Police,Essex Police,0.652747,51.811317,On or near EASTWAYS,E01021362,Braintree 015A,Suspect charged
4b9a6d029531f2f9b153b3d4f69a49a489ece02e02a74908df17b9d380edcb3d,2015-08,Essex Police,Essex Police,0.680163,51.559958,On or near BADGERS CLOSE,E01015858,Southend-on-Sea 004B,Suspect charged
ef0a3451faead5f0b58279473347153e2536525d02bba87ea67eedd8a0eb2f8f,2015-08,Essex Police,Essex Police,0.897808,51.901249,On or near Supermarket,E01021679,Colchester 004A,Suspect charged
3ec7ff333f9473dc76886a8d7b1229d1ca5689d4471e98803297a32d91d3596c,2015-08,Essex Police,Essex Police,0.567947,51.519408,On or near GRASMERE ROAD,E01021501,Castle Point 011D,Unable to prosecute suspect
b824db5ec57cdc6da2b8126ece5ddbcdbdd189de1f38aabebe117e1858fd738b,2015-08,Essex Police,Essex Police,0.555967,51.889336,On or near COLDNAILHURST AVENUE,E01021359,Braintree 008D,Local resolution
5acd4985d188e8dbf0233107bdd13df99b5b93bab7edbc8de9d1a0ced9397958,2015-08,Essex Police,Essex Police,0.503867,51.574232,On or near WALTHAMS,E01021304,Basildon 013C,Formal action is not in the public interest
9c9813727fe1169248fd0cefa1e42654232ff1abbe286a38c9761d56f59e420c,2015-08,Essex Police,Essex Police,0.898356,51.887395,On or near Parking Area,E01021649,Colchester 007D,Suspect charged
9c9813727fe1169248fd0cefa1e42654232ff1abbe286a38c9761d56f59e420c,2015-08,Essex Police,Essex Police,0.898356,51.887395,On or near Parking Area,E01021649,Colchester 007D,Suspect charged
0e2fc7653f2d2fadffea8a8bbda01c683070b17d439dea8628bbbe076d4afec8,2015-08,Essex Police,Essex Police,0.383048,51.629043,On or near NORTH DRIVE,E01021449,Brentwood 003B,Unable to prosecute suspect
9c789b04a094f011dd7ce95e823cd5bf9ac8add560438b778550d07f6232ae4a,2015-08,Essex Police,Essex Police,0.476186,51.564432,On or near COLLINGWOOD ROAD,E01021324,Basildon 019C,Formal action is not in the public interest
d5c98ee54542857bbcc3d9546910672f25b6e4556978e03f58cf8f9a6febb449,2015-08,Essex Police,Essex Police,0.412843,51.638831,On or near MONTPELIER CLOSE,E01021248,Basildon 002C,Suspect charged
232bbb2db576cb9d9d2868af0d7fc138b2ca6ec73d26432d87d4baddb7476ca7,2015-08,Essex Police,Essex Police,0.079027,51.658346,On or near CHANDLER ROAD,E01021777,Epping Forest 011D,Unable to prosecute suspect
abd8219a89c2285ac2e6774904964b1b87ba4d8e48dbeef85baf005816827b88,2015-08,Essex Police,Essex Police,1.025338,51.799258,On or near COLNE WAY,E01022046,Tendring 011E,Unable to prosecute suspect
8446d66e347aefc0c77d0ce7f6ecaaa6f5c9b5e4421a45ef35ab4ebf474f5801,2015-08,Essex Police,Essex Police,1.188275,51.903590,On or near HIGH STREET,E01021991,Tendring 004A,Unable to prosecute suspect
b1f859ca7ce8c80b120b06a6220e41e805d9a29fb4ed73e60d8560896685dfac,2015-08,Essex Police,Essex Police,0.622397,51.580878,On or near ESSEX CLOSE,E01021950,Rochford 008A,Formal action is not in the public interest
16be99b323ab037604d8dcaa47f751da84cab5dbb28955d2fec7984cb467b2f6,2015-08,Essex Police,Essex Police,0.472270,51.734594,On or near TINDAL STREET,E01033141,Chelmsford 010G,Formal action is not in the public interest
8107c645d20e4c3442a45704232b2bf38f6b7719bc506237c931383534bfd6f5,2015-08,Essex Police,Essex Police,0.519420,51.600231,On or near Petrol Station,E01021344,Basildon 008D,Suspect charged
5c11c2fda05354d95c18d0c2983267df621f1f1211f63f7ea9604df0e1aaae21,2015-08,Essex Police,Essex Police,0.093027,51.753436,On or near Supermarket,E01021859,Harlow 010C,Offender given a caution
205a334eae56f9d7b31610e449ac2806a03bcb0a4c4731a2e59b49e5cc82b710,2015-08,Essex Police,Essex Police,0.784918,51.540159,On or near DOVECOTE,E01015882,Southend-on-Sea 013G,Formal action is not in the public interest
baffdb960d632ec6ef7b9ed06c45e2d7b37852df4e251ce616e68cde8f41b0ef,2015-08,Essex Police,Essex Police,0.311333,51.477380,On or near BELMONT ROAD,E01015951,Thurrock 017A,Formal action is not in the public interest
baffdb960d632ec6ef7b9ed06c45e2d7b37852df4e251ce616e68cde8f41b0ef,2015-08,Essex Police,Essex Police,0.311333,51.477380,On or near BELMONT ROAD,E01015951,Thurrock 017A,Formal action is not in the public interest
9344dd16058cb62f02ae33abbd636156d15b4557a2136bc1039a2c1ff51eb363,2015-08,Essex Police,Essex Police,-0.002165,51.686760,On or near Supermarket,E01021818,Epping Forest 009C,Suspect charged
85648e881412e1d6878f7552cec78cf147d6997eddd9ab03f42ba706962e707e,2015-08,Essex Police,Essex Police,0.518537,51.614271,On or near MARKET AVENUE,E01021331,Basildon 008A,Suspect charged
d56c426ad0550185a5284b5cfcd418966e393e947df3a6c90ec6b57199e9f7de,2015-08,Essex Police,Essex Police,0.703299,51.583674,On or near Hospital,E01021955,Rochford 004D,Unable to prosecute suspect
2c6241b6a4e70aa966d9ed24ef1e8061b1352be2448d496755f36ce8b04afd46,2015-08,Essex Police,Essex Police,0.503773,51.578308,On or near MALYONS,E01021302,Basildon 013B,Formal action is not in the public interest
23721017afad32536e63e32d3ead997cd2e7ee20606e89a44090f590e20e5544,2015-08,Essex Police,Essex Police,0.338382,51.474901,On or near CHERRY TREE CLOSE,E01015969,Thurrock 014D,Suspect charged
86fe972e4f53216a7b1f11f385e761eee9a48331f13e905f68832852e8986c90,2015-08,Essex Police,Essex Police,0.253037,51.881266,On or near THREMHALL AVENUE,E01022090,Uttlesford 006B,Unable to prosecute suspect
f72c42ad72c3b458cdfa46cdddf4ab05a37bcae6ac8603cf717b23f651ffa79f,2015-08,Essex Police,Essex Police,0.716117,51.556783,On or near SUTTON ROAD,E01015874,Southend-on-Sea 006F,Suspect charged
2b8fc8690aed318acf6ee394b499801f6785dca089e704acf8413d8967254a74,2015-08,Essex Police,Essex Police,0.301515,51.492322,On or near EDMUND ROAD,E01015941,Thurrock 020B,Offender given a caution
80fba56999cfaa622986181a81468e8b1887333773542487e74cad5b522e7c74,2015-08,Essex Police,Essex Police,0.407541,51.640774,On or near GRANVILLE CLOSE,E01021245,Basildon 002A,Suspect charged
5cd8e48fad5310d68d4ba3212a17f1e1ed31b920813c6e1ea83023ddd68ce68c,2015-08,Essex Police,Essex Police,0.419716,51.569181,On or near WREXHAM ROAD,E01021275,Basildon 014B,Suspect charged
d316cfa19c8b5163c3ba177a7cf00e0e6a3aa3f356d5f54e0f7740ab0cf25b29,2015-08,Essex Police,Essex Police,0.477659,51.727987,On or near LYNMOUTH GARDENS,E01021579,Chelmsford 012C,Formal action is not in the public interest
bf6daa9f737106d575c0a87efa8d8847054a3118b4c994e6cd650c6e049a7545,2015-08,Essex Police,Essex Police,0.625988,51.804499,On or near Pedestrian Subway,E01021428,Braintree 015F,Formal action is not in the public interest
bf6daa9f737106d575c0a87efa8d8847054a3118b4c994e6cd650c6e049a7545,2015-08,Essex Police,Essex Police,0.625988,51.804499,On or near Pedestrian Subway,E01021428,Braintree 015F,Formal action is not in the public interest
8a6ada3af4c303f231b3143ad0f3811e3e3c4a6065a0552af8d76a1d52c26615,2015-08,Essex Police,Essex Police,0.941314,51.889323,On or near ARIEL CLOSE,E01021696,Colchester 008A,Local resolution
76ca02e661125dc9a4c9f8eccc4cd780a6b7b098a289c30396a3dadacbfb53fb,2015-08,Essex Police,Essex Police,0.697357,51.539166,On or near ST HELEN'S ROAD,E01015856,Southend-on-Sea 015F,Formal action is not in the public interest
9482598e577bf48ddc3cd32fe7da874a98828119809f52ef8ec05e13d638c62a,2015-08,Essex Police,Essex Police,0.570999,51.524962,On or near SUFFOLK WAY,E01021508,Castle Point 010F,Unable to prosecute suspect
6b815bc9ba6b651d5d902e5b90640385ddf2092d697b83cbfb571b5a3b284306,2015-08,Essex Police,Essex Police,0.115890,51.760868,On or near LITTLE BRAYS,E01021820,Harlow 006B,Suspect charged
20a59eeb0f16e91717b5c29049bc06862f84176f4937db29a147cce365b40089,2015-08,Essex Police,Essex Police,0.115890,51.760868,On or near LITTLE BRAYS,E01021820,Harlow 006B,Suspect charged
13e38dad2822483a4a3f94edeacb382b4ce2edf2018dbaf21f7d6eb4307cfbbb,2015-08,Essex Police,Essex Police,1.029802,51.817796,On or near REGENT CLOSE,E01021979,Tendring 011A,Suspect charged
015dab02cef221057473dcf21784e7143df94c71c015996ff79f0e1c61fb731a,2015-08,Essex Police,Essex Police,0.906862,51.865618,On or near QUEEN ELIZABETH WAY,E01021638,Colchester 018B,Formal action is not in the public interest
d29d1471c9fadccf8def4738264b76f47fcf8065244774e06c32eb92bac06d1e,2015-08,Essex Police,Essex Police,0.492347,51.564962,On or near GREENSTED CLOSE,E01021328,Basildon 022E,Formal action is not in the public interest
d29d1471c9fadccf8def4738264b76f47fcf8065244774e06c32eb92bac06d1e,2015-08,Essex Police,Essex Police,0.492347,51.564962,On or near GREENSTED CLOSE,E01021328,Basildon 022E,Formal action is not in the public interest
1e557b8b39722661139d4304d780b5fdd9f276989c148fe59b88f25e61e8f9fa,2015-08,Essex Police,Essex Police,0.112398,51.774852,On or near HOWARD WAY,E01021850,Harlow 003B,Formal action is not in the public interest
1e557b8b39722661139d4304d780b5fdd9f276989c148fe59b88f25e61e8f9fa,2015-08,Essex Police,Essex Police,0.112398,51.774852,On or near HOWARD WAY,E01021850,Harlow 003B,Formal action is not in the public interest
698073bf9c9f953c5e784d5773a1f7ca1d8419ad7e972bd8bf9f8c2e9c193230,2015-08,Essex Police,Essex Police,0.704765,51.550264,On or near HILL ROAD,E01015861,Southend-on-Sea 004E,Local resolution
235a3a7dbc55b4b76caf4c956b48b8d14875f8be1006e5aa314a05c06c0f035b,2015-08,Essex Police,Essex Police,0.527782,51.876572,On or near SUN LIDO SQUARE GARDENS,E01021364,Braintree 010A,Formal action is not in the public interest
051a5670beafdb1706fb43546923b3d0ccfb301886eda1c09d8bf620b4553841,2015-08,Essex Police,Essex Police,0.580965,51.878421,On or near WILD BOAR FIELD,E01021369,Braintree 012D,Suspect charged
6638596225dc74901b72ae3b57fc0e422cc459f3258e17ba73e21da091c5b994,2015-08,Essex Police,Essex Police,0.700356,51.538414,On or near MILTON ROAD,E01015856,Southend-on-Sea 015F,Formal action is not in the public interest
6e4754f8b0f5463f1876c9642bc7f99d83a6b92da1125c0f97048d10046cf448,2015-08,Essex Police,Essex Police,0.473646,51.564414,On or near SWAN MEAD,E01021324,Basildon 019C,Formal action is not in the public interest
0d66c3512a7e30d7f23b06613b5b88f370bd9c4f67010d3f153bf11e5e358863,2015-08,Essex Police,Essex Police,0.475453,51.722871,On or near PRINCES ROAD,E01021583,Chelmsford 015C,Unable to prosecute suspect
1618936cb35bc9a53cc5cedae5dc8cd5611fe1f35029b4430e56e372688fc8ea,2015-08,Essex Police,Essex Police,0.713596,51.539394,On or near Nightclub,E01015852,Southend-on-Sea 015B,Formal action is not in the public interest
1618936cb35bc9a53cc5cedae5dc8cd5611fe1f35029b4430e56e372688fc8ea,2015-08,Essex Police,Essex Police,0.713596,51.539394,On or near Nightclub,E01015852,Southend-on-Sea 015B,Formal action is not in the public interest
4267a642d3f60d47d1c8458e6f61ee452d03ca6fbbcc9b601762427da2aef7c4,2015-08,Essex Police,Essex Police,0.015641,51.717282,On or near WALTHAM ROAD,E01021793,Epping Forest 002C,Unable to prosecute suspect
00c88cf942a8ebe7930f5074b85ed2b97473fd6e15e90e6f9abc15f59fbe6235,2015-08,Essex Police,Essex Police,0.627826,51.552886,On or near ST DAVIDS DRIVE,E01015911,Southend-on-Sea 008D,Suspect charged
006295f859217d4917135564923ad78cb35e2df40050da6eb66302826ae1089f,2015-08,Essex Police,Essex Police,0.944599,51.892227,On or near HEATLEY WAY,E01021705,Colchester 022G,Unable to prosecute suspect
f05118c6fa91519712224f63701b51e7ec8a3bcbb4a1c7caf4b91a601fe744f9,2015-08,Essex Police,Essex Police,1.250981,51.941925,On or near UNA ROAD,E01033051,Tendring 002F,Unable to prosecute suspect
227a00383d97924692bb5fe72371121899dbb912c9271bb527e21175dc64c7e5,2015-08,Essex Police,Essex Police,0.242085,52.024266,On or near EMSON CLOSE,E01022076,Uttlesford 002B,Suspect charged
227a00383d97924692bb5fe72371121899dbb912c9271bb527e21175dc64c7e5,2015-08,Essex Police,Essex Police,0.242085,52.024266,On or near EMSON CLOSE,E01022076,Uttlesford 002B,Suspect charged
ccf36f4e332f103492dd023760c63357d739d20a59c86d3cf37667b8b2bddacb,2015-08,Essex Police,Essex Police,0.697820,51.563798,On or near ROCHFORD ROAD,E01015867,Southend-on-Sea 002E,Unable to prosecute suspect
9a5cc22a195de8efd773a113e97d6aae90a007511646c77adb7a20ab68c09b4d,2015-08,Essex Police,Essex Police,0.505709,51.574139,On or near MALGRAVES,E01021304,Basildon 013C,Suspect charged
12789960556302caf8463696c4c50a8e4ed23cce20bf95c2aac10fa45cfb85bb,2015-08,Essex Police,Essex Police,0.378467,51.486649,On or near SAINT FRANCIS WAY,E01015936,Thurrock 012D,Local resolution
166c9950f877d4c3ddac98d82a697c14d0074d5d7bf1e40ce077f0782a43fafb,2015-08,Essex Police,Essex Police,0.366870,51.466883,On or near GAINSBOROUGH AVENUE,E01016010,Thurrock 018H,Offender given a caution
a440dc11acac354093145be99f752a01e2c9b5348eab961c57e065676e38e85e,2015-08,Essex Police,Essex Police,0.341638,51.491779,On or near Parking Area,E01015966,Thurrock 010D,Local resolution
16bf0aef7029f43f155844a40b9e752dc6a9a59faa59b2d47ccf72670d88d623,2015-08,Essex Police,Essex Police,0.575618,51.532460,On or near Petrol Station,E01021505,Castle Point 008D,Formal action is not in the public interest
f798aad1edd7b1c5533fa8e4cb5057ee6391e646057b706ca7dda1028fff2fbc,2015-08,Essex Police,Essex Police,0.638927,51.944376,On or near Parking Area,E01021387,Braintree 004A,Formal action is not in the public interest
e99f7a4cd36f2129b8931f35535d7dddceb25f800a4bbbcc47ff1307e8ea63a7,2015-08,Essex Police,Essex Police,0.924681,51.894621,On or near CROWN BAYS ROAD,E01021704,Colchester 022F,Unable to prosecute suspect
8d0d8d98c7eb63c12c40ec103691f29a2fea050d42ac8b0bbc52ed3c2a2d3715,2015-08,Essex Police,Essex Police,0.364492,51.469071,On or near BERKELEY TERRACE,E01016007,Thurrock 018E,Suspect charged
8d0d8d98c7eb63c12c40ec103691f29a2fea050d42ac8b0bbc52ed3c2a2d3715,2015-08,Essex Police,Essex Police,0.364492,51.469071,On or near BERKELEY TERRACE,E01016007,Thurrock 018E,Suspect charged
e515bc67ec426f3c144f63f5a472d46a684131154111df15854b81d2c052f711,2015-08,Essex Police,Essex Police,0.247319,51.478858,On or near LONDON ROAD PURFLEET,E01016013,Thurrock 015D,Suspect charged
9158c7dfdab3d1249e35dc300da0cb68424d9ce6dd5122a74106cf9ec6fc8086,2015-08,Essex Police,Essex Police,0.597612,51.567724,On or near BALMERINO AVENUE,E01021531,Castle Point 002E,Suspect charged
0d93770b29ef8b401b1c39e9a4b691c6292cf9adc7cecdb27d5cac17d53acddb,2015-08,Essex Police,Essex Police,1.148206,51.792594,On or near OLD ROAD,E01022026,Tendring 016C,Unable to prosecute suspect
a5988d7649c8eae58ff39367d7c30ff848bc19df091319fa1ac2e488b37a1cdb,2015-08,Essex Police,Essex Police,0.501584,51.578651,On or near BOCKINGHAM GREEN,E01021302,Basildon 013B,Unable to prosecute suspect
20f05bc5831af33b21a878a79f515bb2c6f22aa8dc47c24d3daad48fbec6aef0,2015-08,Essex Police,Essex Police,0.504382,51.579671,On or near BARTLOW END,E01021302,Basildon 013B,Unable to prosecute suspect
fb5d0ac402163f88ed3bc0b14fec50e406e64624297dda7b9fb19f2502016e6e,2015-08,Essex Police,Essex Police,0.261741,51.889938,On or near Airport/Airfield,E01022090,Uttlesford 006B,Suspect charged
fb5d0ac402163f88ed3bc0b14fec50e406e64624297dda7b9fb19f2502016e6e,2015-08,Essex Police,Essex Police,0.261741,51.889938,On or near Airport/Airfield,E01022090,Uttlesford 006B,Suspect charged
fb5d0ac402163f88ed3bc0b14fec50e406e64624297dda7b9fb19f2502016e6e,2015-08,Essex Police,Essex Police,0.261741,51.889938,On or near Airport/Airfield,E01022090,Uttlesford 006B,Suspect charged
82223f08c60f68247fa69f51f26ea0301f7acf1e72e0b7c6ed4e8c0ebd5f7cc3,2015-08,Essex Police,Essex Police,0.089122,51.767723,On or near LITTLE GROVE FIELD,E01021872,Harlow 007E,Formal action is not in the public interest
82223f08c60f68247fa69f51f26ea0301f7acf1e72e0b7c6ed4e8c0ebd5f7cc3,2015-08,Essex Police,Essex Police,0.089122,51.767723,On or near LITTLE GROVE FIELD,E01021872,Harlow 007E,Formal action is not in the public interest
3df4ccb1b6aa460c94d33a9e68937c1385d358f94019b0598398642df8e5ebad,2015-08,Essex Police,Essex Police,0.701065,51.539917,On or near NORTH ROAD,E01015856,Southend-on-Sea 015F,Offender given a caution
edf35263205f3fab14b7eb030e8855c3674d3021ff44a5267babbb3f9c60f0c5,2015-08,Essex Police,Essex Police,0.933752,51.880797,On or near TRIUMPH CLOSE,E01033719,Colchester 008G,Formal action is not in the public interest
df9ef04acf943040b515bf69bbb4c9210bff0d82f0c789ba6c078f68e1ff0e46,2015-08,Essex Police,Essex Police,0.583813,51.528727,On or near THE WITTERINGS,E01021506,Castle Point 008E,Unable to prosecute suspect
2fb57115bcab9aae737301eddad9f99d3cfec880146c829f603bd3f19d83dd78,2015-08,Essex Police,Essex Police,0.615105,51.518725,On or near HOLTON ROAD,E01021492,Castle Point 009A,Offender given a caution
fac13e966ffe426864e3d73e1c3b698ddca1c250f4ac23278efa015e2a7ad92c,2015-08,Essex Police,Essex Police,0.690490,51.547427,On or near BEEDELL AVENUE,E01015906,Southend-on-Sea 007F,Unable to prosecute suspect
87bf2dbafc472b2bebab42e00dfc9d46c25f6013bf426b578fc7fe41b0625fc5,2015-08,Essex Police,Essex Police,0.498901,51.564751,On or near ROKESCROFT,E01021316,Basildon 018D,Suspect charged
87bf2dbafc472b2bebab42e00dfc9d46c25f6013bf426b578fc7fe41b0625fc5,2015-08,Essex Police,Essex Police,0.498901,51.564751,On or near ROKESCROFT,E01021316,Basildon 018D,Suspect charged
0d96f0b802c5fd7a75df408f15385064c49a9f04973706fdb9485689176b9de7,2015-08,Essex Police,Essex Police,0.143378,51.743374,On or near GLOVERS LANE,E01021768,Epping Forest 001A,Local resolution
9bb5050848cbfcc21b56a9888ad95fcba9c0caa890cf44d6f1f4a253fdaa4407,2015-08,Essex Police,Essex Police,0.471939,51.696677,On or near MORETONS,E01021554,Chelmsford 017C,Formal action is not in the public interest
7457247c33756df330806e6c47da178f9d69ae0298f9cbc7a1c558cdb35a76b2,2015-08,Essex Police,Essex Police,0.130475,51.760704,On or near PINEWOOD CLOSE,E01021836,Harlow 008D,Formal action is not in the public interest
44e8cac92b65b6bab81cf6e1f751bfd73209ebc119fe2e064aad730456317015,2015-08,Essex Police,Essex Police,0.565429,51.876324,On or near LAKES ROAD,E01033459,Braintree 009F,Suspect charged
758318cd2ddead32e4aaf880072310949a683b6dfd6769a1dbcd3345307ef90b,2015-08,Essex Police,Essex Police,0.466294,51.567222,On or near GUN HILL PLACE,E01021295,Basildon 020B,Formal action is not in the public interest
758318cd2ddead32e4aaf880072310949a683b6dfd6769a1dbcd3345307ef90b,2015-08,Essex Police,Essex Police,0.466294,51.567222,On or near GUN HILL PLACE,E01021295,Basildon 020B,Formal action is not in the public interest
758318cd2ddead32e4aaf880072310949a683b6dfd6769a1dbcd3345307ef90b,2015-08,Essex Police,Essex Police,0.466294,51.567222,On or near GUN HILL PLACE,E01021295,Basildon 020B,Formal action is not in the public interest
8d0bfa647f40ddfda117ab26186ad31eb309621e6c7b6c295a1d30e4c9b1f620,2015-08,Essex Police,Essex Police,0.332752,51.475760,On or near JOHN STREET,E01015962,Thurrock 016E,Suspect charged
f7b23f80593665a417459edd4da54230b82259a588362ddffe0b30eb240c3f38,2015-08,Essex Police,Essex Police,0.117149,51.749677,On or near RADBURN CLOSE,E01021837,Harlow 008E,Suspect charged
3ce9501f41a522efbb381da3a240340dd73d23ef7bce212dc335daf611b7e608,2015-08,Essex Police,Essex Police,0.332095,51.499290,On or near BLACKTHORN ROAD,E01015993,Thurrock 009C,Suspect charged
41581f8e21310eb8ec7002c5b20132ffaae58541b2fefd8461969499bed7b94e,2015-08,Essex Police,Essex Police,0.644849,51.795865,On or near PRYOR CLOSE,E01021415,Braintree 017A,Unable to prosecute suspect
71eb68bf2ca24e76d29ca8814ee7a1dc83731e51bb4c500fce102d9e8e5a66fb,2015-08,Essex Police,Essex Police,0.696432,51.542785,On or near CLAREMONT CLOSE,E01015900,Southend-on-Sea 010F,Suspect charged
3a9442be6431a40fd6db3e3116d81b9e22be88939d218b631a40b285fe32a2c4,2015-08,Essex Police,Essex Police,0.271749,51.612122,On or near WINGRAVE CRESCENT,E01021468,Brentwood 006D,Local resolution
e640d9df666edd53e5bd33c45b452d73bf9e069be4dc6cd4ddef465af8a4122f,2015-08,Essex Police,Essex Police,0.919892,51.916928,On or near MABBITT WAY,E01033720,Colchester 002F,Formal action is not in the public interest
dcd5481277a22662d7e629ba0f55f48a7744847aab581114f91704b8ab156f7b,2015-08,Essex Police,Essex Police,0.424388,51.576441,On or near ST JOHNS CLOSE,E01021290,Basildon 016D,Formal action is not in the public interest
8f1ff91dd160b29093b043ebc63eee5d109348f31c715e580c73dc2fa8054608,2015-08,Essex Police,Essex Police,0.277141,51.477321,On or near FOURTH AVENUE,E01016012,Thurrock 015C,Suspect charged as part of another case
67ae71b7102276ca081252072a28c24f6df27068d87da5322752ce2c551531d1,2015-08,Essex Police,Essex Police,0.730218,51.539755,On or near BELLEVUE AVENUE,E01015839,Southend-on-Sea 014A,Suspect charged
67ae71b7102276ca081252072a28c24f6df27068d87da5322752ce2c551531d1,2015-08,Essex Police,Essex Police,0.730218,51.539755,On or near BELLEVUE AVENUE,E01015839,Southend-on-Sea 014A,Suspect charged
fbce928c117853942251af9c9647285749d4f0856ab662014cea86fb90106f80,2015-08,Essex Police,Essex Police,0.428821,51.584587,On or near ASPEN COURT,E01021263,Basildon 010C,Formal action is not in the public interest
fbce928c117853942251af9c9647285749d4f0856ab662014cea86fb90106f80,2015-08,Essex Police,Essex Police,0.428821,51.584587,On or near ASPEN COURT,E01021263,Basildon 010C,Formal action is not in the public interest
b79f5f55f757fed2a557b5a859bb2d9d175b8258bbfc7580b9f6aad0d62ea00a,2015-08,Essex Police,Essex Police,0.107966,51.998219,On or near SPARROWS,E01022098,Uttlesford 003E,Unable to prosecute suspect
f3d5f06a0c158a04571d71d0ea48fe4c16a6d896108af43478399baee7b0ab7d,2015-08,Essex Police,Essex Police,0.924628,51.912592,On or near ALBRIGHTON CROFT,E01021670,Colchester 002C,Unable to prosecute suspect
1d77637eb91a6a757900d486dc9683d800cc280050826d019ea3d28ceea3cb28,2015-08,Essex Police,Essex Police,0.454130,51.750505,On or near ST NAZAIRE ROAD,E01021596,Chelmsford 006E,Offender given a caution
adc9c14631ad8a06551e8e87e6d3261f8824bcb83f83aaf5897cd1de893321c8,2015-08,Essex Police,Essex Police,0.430744,51.611410,On or near PASSINGHAM AVENUE,E01021259,Basildon 009C,Formal action is not in the public interest
58c3af0f4c6dde03b28463823e8fa7e2d773eedf5843c521838b08beaf4e514e,2015-08,Essex Police,Essex Police,0.003355,51.689885,On or near MOREMEAD,E01021812,Epping Forest 009B,Suspect charged
f224950caa9e4bb54782ee06f3b8c95f74ebfa65271ae97ebea1c0bf057c3e7d,2015-08,Essex Police,Essex Police,0.707721,51.582771,On or near OLD SHIP LANE,E01021955,Rochford 004D,Formal action is not in the public interest
554055a3fcb280ca6bd7050c83d594b4e3285d92e6f16c75ebc53b5bcaad573a,2015-08,Essex Police,Essex Police,0.463137,51.578485,On or near PERRY GREEN,E01021266,Basildon 015A,Suspect charged
420ce2aaba7ec498203035731ec3914c0a90bae7497efb5afec4b074d15e3010,2015-08,Essex Police,Essex Police,0.425843,51.515653,On or near KING STREET,E01015989,Thurrock 005A,Unable to prosecute suspect
a7420f77d7c435f40a1f9065f475e14fb98ef73c5a5662adbac0a35a9b2559ae,2015-08,Essex Police,Essex Police,0.520333,51.755246,On or near A130,E01021537,Chelmsford 005B,Suspect charged
fad34b94cb7ebda0a5d432b0d3ac167bc2dec8807431b86ff96119b65194b30c,2015-08,Essex Police,Essex Police,0.473003,51.735558,On or near CHURCH STREET,E01033141,Chelmsford 010G,Unable to prosecute suspect
fd5c2655031e8fca6f2e493112d090d547fdca2631857f98c055caf2603ed3ea,2015-08,Essex Police,Essex Police,0.760006,51.874796,On or near HONYWOOD CLOSE,E01021678,Colchester 010E,Unable to prosecute suspect
6717e61769cb25e8515ee7f56eb1995946da3a31cb1d79f6da30656199632ca8,2015-08,Essex Police,Essex Police,0.885447,51.880562,On or near ST HELENA MEWS,E01021653,Colchester 013C,Formal action is not in the public interest
185b6927d7af417a3cf7dbfb5d2b70bef82fa132095c2e6da06b8b7d55817f3f,2015-08,Essex Police,Essex Police,0.365241,51.461268,On or near CIVIC SQUARE,E01016004,Thurrock 018B,Unable to prosecute suspect
d5c28662ae8ef643e5d17c66c13ad8d6e0d92629a71596d37592c9ea06399cd6,2015-08,Essex Police,Essex Police,-0.004840,51.687786,On or near ROMELAND,E01021818,Epping Forest 009C,Formal action is not in the public interest
e884708368ced7df51892c25d0a9816e78b21faa5424505aa19d25adfa2e6a88,2015-08,Essex Police,Essex Police,0.082152,51.651448,On or near ROCHFORD GREEN,E01021775,Epping Forest 011B,Unable to prosecute suspect
213543946ab152098b80e16698d87d3c20b913393b3d5812d1fe4bbcdf40f1ca,2015-08,Essex Police,Essex Police,0.571917,51.904204,On or near Sports/Recreation Area,E01021355,Braintree 007D,Formal action is not in the public interest
3fceee3357e0af68fc232f4bf250cee5a4ba060de30d8eb5e55df1191cfc7876,2015-08,Essex Police,Essex Police,0.571917,51.904204,On or near Sports/Recreation Area,E01021355,Braintree 007D,Formal action is not in the public interest
d23890d44641f7e18b5e8ec6f4950091f3d794c0df4ccc3ef473ad85161fa154,2015-08,Essex Police,Essex Police,0.564549,51.894815,On or near BROAD ROAD,E01021356,Braintree 007E,Formal action is not in the public interest
6f09613ab84acdd959a6121e09817e78f40ec9f8ef4162ab582d0354897e0a91,2015-08,Essex Police,Essex Police,0.561530,51.890555,On or near ELIZABETH LOCKHART WAY,E01021356,Braintree 007E,Formal action is not in the public interest
104bfccd15f7a3ffbbf0044569b356303524d3f118dad1cb9bd7a712c3c37c38,2015-08,Essex Police,Essex Police,0.561530,51.890555,On or near ELIZABETH LOCKHART WAY,E01021356,Braintree 007E,Formal action is not in the public interest
d82ea121d5b331a8c55b075342e6a21189486da0100d35a2d8252363be471a5c,2015-08,Essex Police,Essex Police,0.229911,51.915428,On or near THE CROFT,E01022062,Uttlesford 005A,Unable to prosecute suspect
6fa7c4889ea59c31e64fc18950d9fb68e29e494588ad0b28b03aaef1db4e9d83,2015-08,Essex Police,Essex Police,0.578747,51.903902,On or near WILLOUGHBY'S LANE,E01021356,Braintree 007E,Formal action is not in the public interest
0d23410acf03eb69b357b3c205e75ffc649939d0821cb728e0e7edb933aad295,2015-08,Essex Police,Essex Police,0.598703,51.959678,On or near HEDINGHAM ROAD,E01021397,Braintree 003B,Unable to prosecute suspect
cf7bb2350e2fdda3bd47076aef7e376970e0546ed0f5c51bb7ca4579d2c76af8,2015-08,Essex Police,Essex Police,0.571917,51.904204,On or near Sports/Recreation Area,E01021355,Braintree 007D,Formal action is not in the public interest
4be0044c803b519d28db90c47f0a36f57c0102fb42552da1b797ee383af7ad0e,2015-08,Essex Police,Essex Police,0.436248,51.523171,On or near SAGE MEWS,E01015986,Thurrock 003C,Suspect charged
68ba42e8bf7e9145d2d2c76676dc63e8e21aeed31a26d6e399a9b1aad65091e2,2015-08,Essex Police,Essex Police,0.572223,51.904971,On or near Sports/Recreation Area,E01021355,Braintree 007D,Formal action is not in the public interest
35bb1de521f0cc865cc0c32902dc97c1d0f9558fd8c487da8aa0508623e70e23,2015-08,Essex Police,Essex Police,0.461228,51.569334,On or near Pedestrian Subway,E01021318,Basildon 015C,Unable to prosecute suspect
8fd7064be0ceb541a2c873d5d8648566a6aafe9c120721883b4f0839bd8256bf,2015-08,Essex Police,Essex Police,0.096806,51.749008,On or near PETERSWOOD,E01021860,Harlow 010D,Formal action is not in the public interest
395e62f0ef99787e515ab0ce4fe35ad2ba3561a87df69167e7b275c1f38999df,2015-08,Essex Police,Essex Police,0.706305,51.588830,On or near THE BOULEVARD,E01021954,Rochford 007D,Suspect charged
b6594bcaeee7c6ad156420a7ac8bc6119efa253af3171100750a7afed87df1b1,2015-08,Essex Police,Essex Police,0.497360,51.747283,On or near HAVENGORE,E01021625,Chelmsford 007D,Suspect charged
201e836e46c1704388925e6b984302cc1f8b8040d30f8786da7f39cbbc96f728,2015-08,Essex Police,Essex Police,0.107966,51.998219,On or near SPARROWS,E01022098,Uttlesford 003E,Unable to prosecute suspect
31f2038988b5a159381c6bb99fab0297642661e5ce14d2505b2002157e08fe8f,2015-08,Essex Police,Essex Police,0.462235,51.775920,On or near PUDDINGS WOOD LANE,E01021542,Chelmsford 002A,Local resolution
3729fbf5f84312803ac415a7321d8852b70fdaf42415208d4f671a9073ce9ba6,2015-08,Essex Police,Essex Police,1.152681,51.792492,On or near ALEXANDRA ROAD,E01022026,Tendring 016C,Unable to prosecute suspect
5c6454addaffaa62bb69a878bb113123fe24a70102f2c924a57bd600a2ed6be3,2015-08,Essex Police,Essex Police,0.272092,51.666109,On or near MILL LANE,E01021444,Brentwood 001D,Formal action is not in the public interest
8033a5ff969931e47239f548b94ae474246dea7fdbc0cd4b3e4258fcbe4983ab,2015-08,Essex Police,Essex Police,0.640844,51.793095,On or near LAURENCE AVENUE,E01021422,Braintree 017E,Unable to prosecute suspect
8033a5ff969931e47239f548b94ae474246dea7fdbc0cd4b3e4258fcbe4983ab,2015-08,Essex Police,Essex Police,0.640844,51.793095,On or near LAURENCE AVENUE,E01021422,Braintree 017E,Unable to prosecute suspect
8033a5ff969931e47239f548b94ae474246dea7fdbc0cd4b3e4258fcbe4983ab,2015-08,Essex Police,Essex Police,0.640844,51.793095,On or near LAURENCE AVENUE,E01021422,Braintree 017E,Unable to prosecute suspect
8033a5ff969931e47239f548b94ae474246dea7fdbc0cd4b3e4258fcbe4983ab,2015-08,Essex Police,Essex Police,0.640844,51.793095,On or near LAURENCE AVENUE,E01021422,Braintree 017E,Unable to prosecute suspect
8033a5ff969931e47239f548b94ae474246dea7fdbc0cd4b3e4258fcbe4983ab,2015-08,Essex Police,Essex Police,0.640844,51.793095,On or near LAURENCE AVENUE,E01021422,Braintree 017E,Unable to prosecute suspect
18338473ed690f73605c373b472993ed987f7a960a4fd3f33bffb17b1d7b960c,2015-08,Essex Police,Essex Police,0.502267,51.562719,On or near Supermarket,E01021310,Basildon 022B,Suspect charged
d490addf638f4f1cd15fa5796a27048eb22b1ff957dc2a0926f654a2334f21a8,2015-08,Essex Police,Essex Police,0.118327,51.651565,On or near ABRIDGE ROAD,E01021770,Epping Forest 010A,Formal action is not in the public interest
d375220c85214868159928f0162fa46c917cd73bf1d4634ce6a895240f11c1b2,2015-08,Essex Police,Essex Police,0.711590,51.582772,On or near TOWNFIELD ROAD,E01021952,Rochford 007C,Unable to prosecute suspect
701baff7aa95a80fd5682203bd30c96d578eae81a52a510bbae7530eccb5ee13,2015-08,Essex Police,Essex Police,0.435277,51.521995,On or near NURSERY ROAD,E01015986,Thurrock 003C,Formal action is not in the public interest
9400e9e82c7c9cd6599bc138d361a11257d618ccb0dc6256bfa41038ee6218b0,2015-08,Essex Police,Essex Police,0.905634,51.890498,On or near Parking Area,E01021648,Colchester 007C,Unable to prosecute suspect
d3c7aafdb9dd3146b7caefc74f69c78f760e1ba2e4b4269f02c85614e9b07027,2015-08,Essex Police,Essex Police,0.115272,51.774611,On or near Parking Area,E01021844,Harlow 002A,Formal action is not in the public interest
d3c7aafdb9dd3146b7caefc74f69c78f760e1ba2e4b4269f02c85614e9b07027,2015-08,Essex Police,Essex Police,0.115272,51.774611,On or near Parking Area,E01021844,Harlow 002A,Formal action is not in the public interest
c2e0c109bf1ee74c4876a81e71986b4770119fc661ea12644b4f5dde6f190626,2015-08,Essex Police,Essex Police,0.503064,51.734625,On or near CARTWRIGHT WALK,E01021548,Chelmsford 013A,Formal action is not in the public interest
7ff4032ca1be8e609fb8dd5d84d11a4d95b25530c0fb689c93c80c217dedcb34,2015-08,Essex Police,Essex Police,0.719697,51.537463,On or near HILLCREST ROAD,E01015841,Southend-on-Sea 014C,Formal action is not in the public interest
781b6aab588a8a582482eb29665527ec068f2502fd04a6b111f51932a557bfe2,2015-08,Essex Police,Essex Police,0.701444,51.556529,On or near A127,E01015866,Southend-on-Sea 002D,Unable to prosecute suspect
ef1e4d3fb4ab60b4ed563d4d7b9d6da6fda65100110b6f394698a3bf6974d444,2015-08,Essex Police,Essex Police,0.236950,52.024183,On or near MYDDYLTON PLACE,E01022076,Uttlesford 002B,Suspect charged
5ec30864c7e85f61342e46128c325d9ed93e3d3257e0ef0c05d3a9c72039b7c9,2015-08,Essex Police,Essex Police,0.691224,51.540566,On or near VALKYRIE ROAD,E01015831,Southend-on-Sea 012E,Local resolution
acc1320c0847822ca30e7bf88a4855843b5d3f2cf4f2768c22d8eaaf25e4c0ca,2015-08,Essex Police,Essex Police,0.929615,51.902971,On or near Supermarket,E01021709,Colchester 022B,Formal action is not in the public interest
acc1320c0847822ca30e7bf88a4855843b5d3f2cf4f2768c22d8eaaf25e4c0ca,2015-08,Essex Police,Essex Police,0.929615,51.902971,On or near Supermarket,E01021709,Colchester 022B,Formal action is not in the public interest
acc1320c0847822ca30e7bf88a4855843b5d3f2cf4f2768c22d8eaaf25e4c0ca,2015-08,Essex Police,Essex Police,0.929615,51.902971,On or near Supermarket,E01021709,Colchester 022B,Formal action is not in the public interest
acc1320c0847822ca30e7bf88a4855843b5d3f2cf4f2768c22d8eaaf25e4c0ca,2015-08,Essex Police,Essex Police,0.929615,51.902971,On or near Supermarket,E01021709,Colchester 022B,Suspect charged
fdbe88618acd9f977e2dcf0af3d3f5cb4eefd24918b7f7fc47387b3b97e589c4,2015-08,Essex Police,Essex Police,0.374896,51.487234,On or near WOKINDON ROAD,E01015936,Thurrock 012D,Formal action is not in the public interest
a5c90799f538f922ac4b4f55a2f523e3d5d866d8755dd27efe2dcec1bd034ca9,2015-08,Essex Police,Essex Police,0.644380,51.815849,On or near POPLAR CLOSE,E01021419,Braintree 015D,Unable to prosecute suspect
3710148a881a99eef6b881dee9c3d2124ae92dffc402fb305dbed58c70d42a7b,2015-08,Essex Police,Essex Police,0.717425,51.540717,On or near Pedestrian Subway,E01015895,Southend-on-Sea 010A,Suspect charged
463e354d891628351101e25fc05eec61639da4a123e7318d8a9a3feb06e10b8a,2015-08,Essex Police,Essex Police,0.705140,51.545642,On or near HARCOURT AVENUE,E01015899,Southend-on-Sea 010E,Formal action is not in the public interest
520594c45c761914a6e3d2e63d64f5d54f87920cc31c7d1484b6cd39bf01099a,2015-08,Essex Police,Essex Police,0.648094,51.549390,On or near BELFAIRS DRIVE,E01015815,Southend-on-Sea 003B,Suspect charged
bd99a9c8bd532544e91de044815772fb4b5185364eeef8aca80ea332510e4efe,2015-08,Essex Police,Essex Police,0.695119,51.541061,On or near Supermarket,E01015855,Southend-on-Sea 015E,Suspect charged
fc831391744bb54ecb0b5010252211d57a91184bac0eea405e8309cbd59f901a,2015-08,Essex Police,Essex Police,0.472270,51.734594,On or near TINDAL STREET,E01033141,Chelmsford 010G,Suspect charged
20c47db9a9e65d9020d77262d67dfbef21a24ebeaa29c0b2f54bffdf754ede93,2015-08,Essex Police,Essex Police,0.582970,51.529366,On or near HILTON ROAD,E01021506,Castle Point 008E,Offender given a caution
018d58549e1bcea9a4ad1a32cb72671b1ab6c5e3b536f84efa50db5e2e796bd7,2015-08,Essex Police,Essex Police,0.582970,51.529366,On or near HILTON ROAD,E01021506,Castle Point 008E,Offender given a caution
e7c3d4c10677cb3a27bc509bab734a11519677281255856e0dac2b9eacfee823,2015-08,Essex Police,Essex Police,0.455025,51.557871,On or near FOBBING FARM CLOSE,E01021297,Basildon 020D,Offender given a caution
ba856f47d83eba2ffbad4a9d12ce1dfe2d7057254599459ce0480cc5b444830e,2015-08,Essex Police,Essex Police,0.094846,51.771452,On or near ADAMS HOUSE,E01021872,Harlow 007E,Suspect charged
4e2df5b811ad476a72a81a9e97fb5231c67bffa743de7baf88e6ec789a83bc9f,2015-08,Essex Police,Essex Police,0.913212,51.888566,On or near BROOK STREET,E01021648,Colchester 007C,Suspect charged
ade0e8ff7972d8e9e443472b2e57d57cc43c28cab1cca512a9b420acd1112514,2015-08,Essex Police,Essex Police,0.579366,51.515353,On or near AZALEA MEWS,E01021502,Castle Point 011E,Offender given a caution
5f1da114217cef77a72dd3fc53885a5e2c9ec2e0dd559acc9b37e322c59fa275,2015-08,Essex Police,Essex Police,1.255998,51.932234,On or near BLACKSMITH'S LANE,E01022006,Tendring 002C,Local resolution
640b17cdce9497fc996c28eb5151a47aa12f8cbc0d591e8d29e6700a37f781f1,2015-08,Essex Police,Essex Police,0.419716,51.569181,On or near WREXHAM ROAD,E01021275,Basildon 014B,Suspect charged
1a0cbb7de1198558a9ba94d424aace95ea5bdae0fc828e29245620df0d88f5af,2015-08,Essex Police,Essex Police,0.569542,51.527242,On or near ST GUIBERTS ROAD,E01021507,Castle Point 010E,Local resolution
b25066702f68356cc9855bb289a2c662acfabfcbb2c77d7b7de7cdb9c3405ea9,2015-08,Essex Police,Essex Police,0.811384,51.630868,On or near FERNLEA ROAD,E01021881,Maldon 008F,Suspect charged
d0c425bede470a2ca14cb698d894d4bfc58c5809d4e53f5788ba39473d369ca7,2015-08,Essex Police,Essex Police,0.283224,51.475413,On or near FLINT STREET,E01016012,Thurrock 015C,Offender given a caution
1ff48f846fb3be5f8b8a6e112928c9643f17d2b9097473049b01fa17a11ec3f4,2015-08,Essex Police,Essex Police,0.483438,51.562193,On or near OLDWYK,E01021323,Basildon 019B,Suspect charged
dee5419ee57fca24ff946e8bc3afd10bf0336c6f55dd5a957186f94da313a89b,2015-08,Essex Police,Essex Police,0.900995,51.892951,On or near MIDDLE MILL,E01021647,Colchester 007B,Suspect charged
40c0abf004ccc566cf414b246dc9cd62d4774157ba3e5d185fb3294a1806a1c8,2015-08,Essex Police,Essex Police,0.334135,51.478016,On or near KENT ROAD,E01015961,Thurrock 016D,Suspect charged
f28bc2d45e317e8000aff25ddb28a63e900e3be59d3fbf9da35465461f624451,2015-08,Essex Police,Essex Police,1.151023,51.790144,On or near PIER AVENUE,E01022026,Tendring 016C,Formal action is not in the public interest
fcea15f496931603d690f8e12486aaa823ef3e8c1a9cf4ebd0ab0512d45cb382,2015-08,Essex Police,Essex Police,0.920374,51.916286,On or near HANNINGFIELD WAY,E01033720,Colchester 002F,Local resolution
0d3b61eb626c9f0c1f244645b86579a79e41197e72956d00f30a00d677c3dafe,2015-08,Essex Police,Essex Police,1.154354,51.788616,On or near COLNE ROAD,E01022025,Tendring 016B,Formal action is not in the public interest
13cac60618434b71123de156e268e48ccce6c10e1dd8e746032b1136541756b4,2015-08,Essex Police,Essex Police,0.109402,51.778358,On or near ALTHAM GROVE,E01021853,Harlow 003E,Suspect charged
bfd6e836a1cf45cd484a672d7e0ca02e1f8cd1d5f1e4eadddf998882071eb2d9,2015-08,Essex Police,Essex Police,0.917256,51.875371,On or near UNITY CLOSE,E01021665,Colchester 016D,Formal action is not in the public interest
76322e8e863209ca40ffea99ef6e0b410c07cc6c72c373153b2ce8ab61693578,2015-08,Essex Police,Essex Police,0.483151,51.577047,On or near RUNDELLS WALK,E01021270,Basildon 012D,Formal action is not in the public interest
76322e8e863209ca40ffea99ef6e0b410c07cc6c72c373153b2ce8ab61693578,2015-08,Essex Police,Essex Police,0.483151,51.577047,On or near RUNDELLS WALK,E01021270,Basildon 012D,Formal action is not in the public interest
0eb7c37fe9747073a01ffe14f9b9bd43fc8e1a12f38a812355bb44c414e05b38,2015-08,Essex Police,Essex Police,1.233028,51.926023,On or near ALDON CLOSE,E01022002,Tendring 004C,Unable to prosecute suspect
e33a260d0c1e3893634fb0b63b5fbe5006bce197e25faeb40bb815624bc2a1bf,2015-08,Essex Police,Essex Police,0.655916,51.541281,On or near Supermarket,E01015849,Southend-on-Sea 011E,Suspect charged
c585b840f96910319dd11085ce049bf9aa362933cdd6a7ac3cc4f8fd061b4389,2015-08,Essex Police,Essex Police,0.873856,51.930041,On or near JONAGOLD DRIVE,E01021661,Colchester 001D,Suspect charged
7fd770b010acc8244c3d0582424f484bdd4618b18b2f31d1c398e94a7e7c3c3f,2015-08,Essex Police,Essex Police,0.688723,51.536792,On or near PALMERSTON ROAD,E01015828,Southend-on-Sea 012B,Suspect charged
81318ec34345349c112e5c0a281545a09d97a55c476078cfefafb790b0e1daeb,2015-08,Essex Police,Essex Police,0.818747,51.624918,On or near SHORE ROAD,E01021880,Maldon 008E,Unable to prosecute suspect
e2c594fa29c05e92f38cd596cf4ec6c0034010506c5ba62c085a3eb671e5b136,2015-08,Essex Police,Essex Police,0.722696,51.536008,On or near OLD SOUTHEND ROAD,E01015841,Southend-on-Sea 014C,Formal action is not in the public interest
922a4968c01f1d40469027ccd25a981615f6ee71fc4847e1177a887f2b09f8a9,2015-08,Essex Police,Essex Police,0.285222,51.484852,On or near Parking Area,E01016011,Thurrock 015B,Suspect charged
9a786b0ef8c5b36fb66c3dfd974040d3cfbb003b5daea5e224f0deed87571d14,2015-08,Essex Police,Essex Police,0.612681,51.621845,On or near Supermarket,E01021943,Rochford 001B,Suspect charged
39c47a862d0857f4b39aff441a587009a96fb71a6b34f2944dd1fc23c67a40d5,2015-08,Essex Police,Essex Police,0.904659,51.888912,On or near Parking Area,E01021648,Colchester 007C,Unable to prosecute suspect
120955d13a17e00cee36e4829b6059cfc99d032f37c9550e36b67c5946af47b3,2015-08,Essex Police,Essex Police,0.503524,51.567737,On or near MAYDELLS,E01021317,Basildon 018E,Suspect charged
3365ced80f7a8bc8a6df568da6083b1625017a6ef9d630d654b5c753fd834596,2015-08,Essex Police,Essex Police,0.461228,51.569334,On or near Pedestrian Subway,E01021318,Basildon 015C,Suspect charged
3365ced80f7a8bc8a6df568da6083b1625017a6ef9d630d654b5c753fd834596,2015-08,Essex Police,Essex Police,0.461228,51.569334,On or near Pedestrian Subway,E01021318,Basildon 015C,Suspect charged
96f60ef60b223b3c2e92923a981d2713f9ae4c6a8a1f286be4d723da9315bb4c,2015-08,Essex Police,Essex Police,0.470773,51.734229,On or near MARKET ROAD,E01033141,Chelmsford 010G,Suspect charged
56f879d9b29e22983b619c9e43f51eaa5a7407049ff8eeb50f7bccda62132152,2015-08,Essex Police,Essex Police,0.466228,51.742257,On or near Petrol Station,E01021573,Chelmsford 009A,Formal action is not in the public interest
f05e923231857f73e8570ab53e6b9246e6b75613ac872010d2772b5663734849,2015-08,Essex Police,Essex Police,0.472891,51.740669,On or near B1008,E01021574,Chelmsford 010A,Unable to prosecute suspect
3e361c5e224f2c219779a831c503c7ada549723d34200863d44ce7310b30985c,2015-08,Essex Police,Essex Police,0.255495,51.498900,On or near HIGH STREET,E01015921,Thurrock 015A,Unable to prosecute suspect
1c331c5d2abde1d8d5383300db028bbf82fc138a098c397d6c17e319170730fc,2015-08,Essex Police,Essex Police,0.528208,51.624010,On or near TIDWORTH AVENUE,E01021593,Chelmsford 021A,Offender given a caution
dd8e09359d800fb929f93d2021960e1feb38d7945c93d3d971e3d307c7db50ec,2015-08,Essex Police,Essex Police,0.716295,51.575495,On or near FLEETHALL ROAD,E01021956,Rochford 007E,Unable to prosecute suspect
c3eb64a1502c5c1e14e0eff0624fe5567bad96a2a023e587d5da284d5531bae6,2015-08,Essex Police,Essex Police,0.579261,51.882172,On or near ROCHESTER CLOSE,E01021351,Braintree 007B,Suspect charged
606ed0bff7731b3d9f7e4a13cdf9136dae6b89974302870c5c87208f4a767e06,2015-08,Essex Police,Essex Police,0.683778,51.537796,On or near WHITEFRIARS CRESCENT,E01015828,Southend-on-Sea 012B,Formal action is not in the public interest
606ed0bff7731b3d9f7e4a13cdf9136dae6b89974302870c5c87208f4a767e06,2015-08,Essex Police,Essex Police,0.683778,51.537796,On or near WHITEFRIARS CRESCENT,E01015828,Southend-on-Sea 012B,Formal action is not in the public interest
53a60f9f8b8add2dc6d35af5e91fc9b8ee8bb04444cd908f16042cf2519137ba,2015-08,Essex Police,Essex Police,0.231185,51.486442,On or near RAPIER CLOSE,E01016014,Thurrock 015E,Formal action is not in the public interest
03f01dc015133886f12e8c95d0ae48c9fc4ca436e0f3f37ccde781f78334c743,2015-08,Essex Police,Essex Police,0.510239,51.572000,On or near WIDGEONS,E01021314,Basildon 018B,Suspect charged
bc4192b25cc87c0bde61c2385c486b45d09ab347139355ecb194987c4793193a,2015-08,Essex Police,Essex Police,0.123930,51.704286,On or near Hospital,E01021761,Epping Forest 005B,Suspect charged
a65b4dbbbb04b3b57364ef1ce9eda283ae71a8620cbc0050088288d31c9caf5c,2015-08,Essex Police,Essex Police,1.105138,51.772676,On or near BROOKLANDS,E01021988,Tendring 018A,Formal action is not in the public interest
733b30e4a81047867b5984c0e40c667d5de89e2ceebf12cb3c7cca3219a9c581,2015-08,Essex Police,Essex Police,0.510664,51.579456,On or near JARDINE ROAD,E01021303,Basildon 011B,Unable to prosecute suspect
b476b523b0c6186e27b5ae7ad31180817e8ede05d5ae733f2e1c09b73d448618,2015-08,Essex Police,Essex Police,0.454062,51.565176,On or near GOBIONS,E01021297,Basildon 020D,Suspect charged
efdb6ef213bf31e90a783a269ea4c1b9e113eb21e83fa072891848603dba12d7,2015-08,Essex Police,Essex Police,1.151124,51.789089,On or near Parking Area,E01022025,Tendring 016B,Suspect charged
8b105c101ed2100e60a071d6a9a6c99dab133cf6d59551899da2a059cd851a7a,2015-08,Essex Police,Essex Police,0.373098,51.488952,On or near LONGHOUSE ROAD,E01015936,Thurrock 012D,Unable to prosecute suspect
3fa40097ac71426498491b25a98941726dace05a65c5866ec96a243a4e011309,2015-08,Essex Police,Essex Police,0.370296,51.465761,On or near BURNS PLACE,E01016009,Thurrock 018G,Formal action is not in the public interest
a3d02ce7f808555a88d9c1823459ae3f2dd54ec6f49c0043405fd4db2b07523e,2015-08,Essex Police,Essex Police,0.455711,51.732648,On or near Petrol Station,E01033138,Chelmsford 009F,Unable to prosecute suspect
e6f6309ed245cd7aaccdadec849fe01509b8437fb6ce0fce39b3cfd0286d1847,2015-08,Essex Police,Essex Police,0.462186,51.721478,On or near Petrol Station,E01021556,Chelmsford 012A,Formal action is not in the public interest
4dc762c80dbd412c9a09c0ab64e70a9ee5bbe5f5876d10ac56fb7a9a2f0841fc,2015-08,Essex Police,Essex Police,0.682483,51.539327,On or near Sports/Recreation Area,E01015827,Southend-on-Sea 012A,Formal action is not in the public interest
4dc762c80dbd412c9a09c0ab64e70a9ee5bbe5f5876d10ac56fb7a9a2f0841fc,2015-08,Essex Police,Essex Police,0.682483,51.539327,On or near Sports/Recreation Area,E01015827,Southend-on-Sea 012A,Suspect charged
c90d9babe25b5a06b62e99dff96713027e144ee039402ca3b1c3065d49f200e7,2015-08,Essex Police,Essex Police,0.264840,51.890005,On or near Parking Area,E01022090,Uttlesford 006B,Local resolution
6bf3fa79e299281a2c0da886785508976b895addb648c3cb3283e919cc3add09,2015-08,Essex Police,Essex Police,0.716199,51.548714,On or near CEDAR CLOSE,E01015897,Southend-on-Sea 010C,Unable to prosecute suspect
425d87da2c3df53592821794e760697c0cdae4babe2a16a1ef53e5c356ad5718,2015-08,Essex Police,Essex Police,0.322450,51.486423,On or near WALLACE ROAD,E01015958,Thurrock 009B,Formal action is not in the public interest
d3fa441d4103599781cbcc8d9618adb465deb73b41d296112e24af770738ca8d,2015-08,Essex Police,Essex Police,0.637966,51.548611,On or near BARNARD ROAD,E01015913,Southend-on-Sea 008F,Local resolution
277b3b693d71c20818533a2a2feb6f4a703de6041f32b1eca5a8c08758f01ad4,2015-08,Essex Police,Essex Police,0.721464,51.533968,On or near HARTINGTON PLACE,E01015841,Southend-on-Sea 014C,Unable to prosecute suspect
7679d2255868b58d0c2fd0e672a666274f73749957f3b4238e5c1a1b4cfea9e9,2015-08,Essex Police,Essex Police,0.375717,51.488611,On or near INGLEBY ROAD,E01015936,Thurrock 012D,Formal action is not in the public interest
8d55d5c31f17b29f991a9f912ef67bb331bbf7145288c132e0e260d803ebe9b5,2015-08,Essex Police,Essex Police,0.635464,51.548749,On or near GORDON ROAD,E01015913,Southend-on-Sea 008F,Formal action is not in the public interest
adf73e0931d36d703419d0fe27bb1be74e57c755711c2458c047d90bfc0cf9f8,2015-08,Essex Police,Essex Police,0.900942,51.896630,On or near CATCHPOOL ROAD,E01021647,Colchester 007B,Formal action is not in the public interest
13a6a6ba1c3191fbbe17808de16bae13315d2773c51379b8758fe48d896caaa2,2015-08,Essex Police,Essex Police,0.483466,51.572238,On or near CHITTOCK MEAD,E01021322,Basildon 019A,Offender given a caution
13a6a6ba1c3191fbbe17808de16bae13315d2773c51379b8758fe48d896caaa2,2015-08,Essex Police,Essex Police,0.483466,51.572238,On or near CHITTOCK MEAD,E01021322,Basildon 019A,Offender given a caution
9764c7b718c5730927931bf66b8cc956d46c608775df1f1f5888e0055788e3e1,2015-08,Essex Police,Essex Police,0.135468,51.758734,On or near RED LION LANE,E01021834,Harlow 008B,Offender given a drugs possession warning
cfd1aebb674b318cd88dedf0dd46eb024b8a7ff98ac1e6dfe2729c9d074a5e2b,2015-08,Essex Police,Essex Police,0.782655,51.532388,On or near JENA CLOSE,E01015917,Southend-on-Sea 017D,Formal action is not in the public interest
202074710b03626c4558156e7e06d7b812a5aef4b3e506f728562a43d5c5c682,2015-08,Essex Police,Essex Police,0.604880,51.553488,On or near THE SALTINGS,E01021520,Castle Point 006C,Formal action is not in the public interest
de11d922fb6a73a3187e2aedf35ac58d5a77ae6774b22a362c58900c90698177,2015-08,Essex Police,Essex Police,0.706444,51.540387,On or near LONDON ROAD,E01015895,Southend-on-Sea 010A,Suspect charged
a7195a272f7d0d84cad50e2caa0af3f220bd6d2c5daa84878ddb6930c0887dd0,2015-08,Essex Police,Essex Police,0.094481,51.770766,On or near EAST GATE,E01021872,Harlow 007E,Suspect charged
25b1e9dd84efdd5121090a96b0e6b3acc07f808253702c2fe87549c1d216bfd9,2015-08,Essex Police,Essex Police,0.673493,51.745088,On or near GILL CLOSE,E01021887,Maldon 003D,Unable to prosecute suspect
25b1e9dd84efdd5121090a96b0e6b3acc07f808253702c2fe87549c1d216bfd9,2015-08,Essex Police,Essex Police,0.673493,51.745088,On or near GILL CLOSE,E01021887,Maldon 003D,Unable to prosecute suspect
25b1e9dd84efdd5121090a96b0e6b3acc07f808253702c2fe87549c1d216bfd9,2015-08,Essex Police,Essex Police,0.673493,51.745088,On or near GILL CLOSE,E01021887,Maldon 003D,Unable to prosecute suspect
1d4461d20dbbf894a985b2e8ff440383608718b15cf17adc277582ff5b69c806,2015-08,Essex Police,Essex Police,0.101355,51.670628,On or near THRIFTS MEAD,E01021803,Epping Forest 010B,Formal action is not in the public interest
d08ce87f86eae2ba8fe0e3ddb64b24c61c2ae6c5e81e395413716bf090eeeb52,2015-08,Essex Police,Essex Police,0.716140,51.539731,On or near WARRIOR SQUARE EAST,E01015852,Southend-on-Sea 015B,Offender given a caution
714279acbe2d1af96396887b9e02ff7b3f736e87bed5f00e4450eacdbc7570f5,2015-08,Essex Police,Essex Police,0.747228,51.549430,On or near ROYAL ARTILLERY WAY,E01015886,Southend-on-Sea 009D,Unable to prosecute suspect
714279acbe2d1af96396887b9e02ff7b3f736e87bed5f00e4450eacdbc7570f5,2015-08,Essex Police,Essex Police,0.747228,51.549430,On or near ROYAL ARTILLERY WAY,E01015886,Southend-on-Sea 009D,Formal action is not in the public interest
c80ae3750151ad4be80b308ade4eb5317f8c686e25c94097d0892cbcc7e763b1,2015-08,Essex Police,Essex Police,0.597617,51.594371,On or near SIR WALTER RALEIGH DRIVE,E01021959,Rochford 006E,Local resolution
5d2927802eb012e9781014985fe68df73bf8d070d434f09860d467e0e2ac239f,2015-08,Essex Police,Essex Police,1.159574,51.790679,On or near HAROLD ROAD,E01022027,Tendring 016D,Unable to prosecute suspect
1951775d7661572708950c02f2cef6f37d3fe4f6c0c246bbfe2c8c5eb4e12112,2015-08,Essex Police,Essex Police,0.133681,51.756464,On or near JACK STEVENS CLOSE,E01021835,Harlow 008C,Formal action is not in the public interest
b6fbc26d19bb8998e2cfc1f1219794c8198316e377a109500b9fa26a7338fdbe,2015-08,Essex Police,Essex Police,0.903660,51.909028,On or near HOLLYMEAD CLOSE,E01021682,Colchester 004D,Unable to prosecute suspect
f385ee8dc474e50af8d5c840202358269a6f9f5a94872affe086f1cd7b8599b3,2015-08,Essex Police,Essex Police,0.438576,51.516828,On or near LEVETT ROAD,E01015990,Thurrock 003D,Suspect charged
de8a8851af2c1ff592f0e4d850be673f463225ec65a2eb5fb92f104f27472548,2015-08,Essex Police,Essex Police,0.456959,51.570727,On or near Shopping Area,E01021318,Basildon 015C,Suspect charged
9de5d50bba1e21abbd4d5774d36eff0a70ee8bb83e671e06c5b5f3c2cf0410cd,2015-08,Essex Police,Essex Police,0.106661,51.747842,On or near GIBB CROFT,E01021858,Harlow 010B,Formal action is not in the public interest
9915cd8d693fdc61f87d5466eb2e8ec2fd680a5d1a73cbad2e074540024e8882,2015-08,Essex Police,Essex Police,0.330319,51.639446,On or near CHELMSFORD ROAD,E01021467,Brentwood 005F,Formal action is not in the public interest
e38c25912d2034e980c78ef3ce9eb15f9e3c039576e0dee65e2e298b4d302cea,2015-08,Essex Police,Essex Police,0.422960,51.630420,On or near NEEDHAM CLOSE,E01021240,Basildon 003B,Formal action is not in the public interest
98d91e5e2f1c6109c77abb1469b6be77529b544d37a47d4435ed175d30fed408,2015-08,Essex Police,Essex Police,0.295639,51.522744,On or near CANTERBURY PARADE,E01015971,Thurrock 006B,Suspect charged
535bc4e8fb02d110aa4659dbc3ece44868e381718c7f6262f1d02b232e8bda70,2015-08,Essex Police,Essex Police,0.780740,51.539296,On or near Supermarket,E01015882,Southend-on-Sea 013G,Offender given penalty notice
a98e7fb29626904a2c5deb30a74567844ce2d80e45592a41f8a34001c54e13bf,2015-08,Essex Police,Essex Police,0.621747,51.518919,On or near POINT ROAD,E01021491,Castle Point 012C,Unable to prosecute suspect
a98e7fb29626904a2c5deb30a74567844ce2d80e45592a41f8a34001c54e13bf,2015-08,Essex Police,Essex Police,0.621747,51.518919,On or near POINT ROAD,E01021491,Castle Point 012C,Unable to prosecute suspect
a6e8dccad8a7d0c42251001eb17bba9383d585b06b469a67850d5a4c1847e36a,2015-08,Essex Police,Essex Police,1.154379,51.789595,On or near ROSEMARY ROAD,E01022025,Tendring 016B,Formal action is not in the public interest
8a9d3edc6e8f7e2e2692e942256b3e526cc639bcbd8ec05002265a120b7a5e2a,2015-08,Essex Police,Essex Police,0.371719,51.453493,On or near Park/Open Space,E01016004,Thurrock 018B,Suspect charged
938f89f4ed5a19533ef97e0fa24ea42a927bab98a013cbbccef082fc24e69717,2015-08,Essex Police,Essex Police,0.500879,51.590268,On or near Cricketers Retail Park,E01021307,Basildon 011C,Suspect charged
e778bdb6de7f4df00adf4e7c148cbe8c4b723361ed53ebd4907754d8cee52d6e,2015-08,Essex Police,Essex Police,0.364957,51.461076,On or near Police Station,E01016004,Thurrock 018B,Offender given a caution
10b20f0d1af5ec0e6fc8af4392157df76ec796a380f01c4f20c79d813dc918cd,2015-08,Essex Police,Essex Police,0.069351,51.656683,On or near THE CROFT,E01021779,Epping Forest 011F,Unable to prosecute suspect
d76f9562f5ecc84985d915479c1734b8db586acc49fbead3a12de08feaa30bd9,2015-08,Essex Police,Essex Police,0.687249,51.561702,On or near PURLEY WAY,E01015868,Southend-on-Sea 002F,Formal action is not in the public interest
8c5c3058fc0c1f674d259821b1e60155ee2daf94312aacde47d0d1ce07d93869,2015-08,Essex Police,Essex Police,1.283255,51.937278,On or near ORWELL ROAD,E01022001,Tendring 001D,Formal action is not in the public interest
ecc82e306b4d4c9131ad1c9602981770f81a4beea6632a2f47383267f61656c7,2015-08,Essex Police,Essex Police,0.731243,51.531591,On or near RETORT CLOSE,E01015841,Southend-on-Sea 014C,Suspect charged
6c5ee616c6559e0c7faf175251b4e80c6610f6fc45f7ae50fe398805d5934236,2015-08,Essex Police,Essex Police,0.455025,51.557871,On or near FOBBING FARM CLOSE,E01021297,Basildon 020D,Offender given a caution
a08f9157e04d4dcb22f1420e9c97e38e148e39ff36cb19567922364760d4bee6,2015-08,Essex Police,Essex Police,0.262278,51.867069,On or near HARVEST FIELDS,E01022091,Uttlesford 006C,Formal action is not in the public interest
a08f9157e04d4dcb22f1420e9c97e38e148e39ff36cb19567922364760d4bee6,2015-08,Essex Police,Essex Police,0.262278,51.867069,On or near HARVEST FIELDS,E01022091,Uttlesford 006C,Formal action is not in the public interest
1335574b55ba3bf2590533bd511c1243239a157baf6c57741303949d2edaadc1,2015-08,Essex Police,Essex Police,0.455025,51.557871,On or near FOBBING FARM CLOSE,E01021297,Basildon 020D,Offender given a caution
1d9b6338110ee9eb477209e7d130ecc5d2d58d19f15c6285838881245a6237c8,2015-08,Essex Police,Essex Police,0.261741,51.889938,On or near Airport/Airfield,E01022090,Uttlesford 006B,Local resolution
74e73c1f70eaed2f6bcc54ab4c80f36b85ddbb22f32a4815d4ea48a92b4027a9,2015-08,Essex Police,Essex Police,0.908761,51.885357,On or near Supermarket,E01021686,Colchester 011D,Suspect charged as part of another case
b0230d34e26481d595e61eee7fad9fa85042c553350b483f276013586681d14b,2015-08,Essex Police,Essex Police,0.096056,51.768166,On or near SOUTH GATE,E01021868,Harlow 007B,Local resolution
41b2cdc95de1aeacae11077392aeb1ad174a6c0ab42b6c742c163ca93cdcef11,2015-08,Essex Police,Essex Police,0.096056,51.768166,On or near SOUTH GATE,E01021868,Harlow 007B,Formal action is not in the public interest
b03e274666e48e4092694e50ec911cc44549ceab6b7ebe4726bf6f05b79c1a3e,2015-08,Essex Police,Essex Police,0.472270,51.734594,On or near TINDAL STREET,E01033141,Chelmsford 010G,Suspect charged
c719caee239cb97025eb836026904a7fc0cfb64580b18f8f8e9255ebfacfd430,2015-08,Essex Police,Essex Police,0.351371,51.502601,On or near A1089,E01015977,Thurrock 004A,Formal action is not in the public interest
2b1c015b4f6a2367b839f47484ffae41ab160ac75661a63e5a0cec76d3b259c4,2015-08,Essex Police,Essex Police,0.902706,51.887692,On or near VINEYARD STREET,E01021649,Colchester 007D,Suspect charged as part of another case
ad63c911edbc772d02c4f8f2747e35d4e0293b58c8a1cbda9833727662ba1c7f,2015-08,Essex Police,Essex Police,0.706444,51.540387,On or near LONDON ROAD,E01015895,Southend-on-Sea 010A,Local resolution
20ee68e1c627e92bafca56b4d887a08751089e6afcfc96dfdc4057af943cf3bf,2015-08,Essex Police,Essex Police,0.734440,51.541149,On or near SURBITON ROAD,E01015839,Southend-on-Sea 014A,Local resolution
365e2effeaca386fda8c28cc5bcceb347fd8819af4a9dab6ec5dd2497d3954ca,2015-08,Essex Police,Essex Police,0.504052,51.566305,On or near Supermarket,E01021316,Basildon 018D,Formal action is not in the public interest
365e2effeaca386fda8c28cc5bcceb347fd8819af4a9dab6ec5dd2497d3954ca,2015-08,Essex Police,Essex Police,0.504052,51.566305,On or near Supermarket,E01021316,Basildon 018D,Suspect charged
b20dfc1f208e6927b54f4454c97ebb039e1603e1450b94498a3ac85e29b5f410,2015-08,Essex Police,Essex Police,0.473208,51.727370,On or near MILDMAY ROAD,E01021579,Chelmsford 012C,Unable to prosecute suspect
f2fd7084635c2519b9b463a725b8dec6dd7941aff815a69267fa4990806a941f,2015-08,Essex Police,Essex Police,0.684702,51.545167,On or near LONDON ROAD,E01015832,Southend-on-Sea 012F,Unable to prosecute suspect
bd0e8f331fffd8ac10956a125f7ddbc2ebecd979c3e6815f0a8506aef4983b9c,2015-08,Essex Police,Essex Police,0.695119,51.541061,On or near Supermarket,E01015855,Southend-on-Sea 015E,Suspect charged
a1e7213dcf511acbd8eef8a79b54c23c3f60aea671cbdc87aeb578b99cf975d5,2015-08,Essex Police,Essex Police,0.510004,51.578220,On or near Sports/Recreation Area,E01021303,Basildon 011B,Local resolution
a8066a4b532f744bda4a608638b0fd14bb05bd2caf3985cc2245140a819ec058,2015-08,Essex Police,Essex Police,0.474870,51.757777,On or near SAXON WAY,E01021543,Chelmsford 002B,Unable to prosecute suspect
1e0ca5e4d17443b61474b481c2591bf2fe8e256cc39016e04c268e07588b4c5b,2015-08,Essex Police,Essex Police,0.305696,51.520073,On or near JUNIPER DRIVE,E01015974,Thurrock 006E,Offender given a caution
d2ec2c19939bb04a59e2f6500b81244aa96acbd774b8e3d580d8eb1fc0ee4f23,2015-08,Essex Police,Essex Police,1.172795,51.802564,On or near SHRUBLAND COURT,E01022050,Tendring 014E,Offender given a caution
f2b4d17e62f7739008bf15ded3b0ef4a65fb932028cf627e0add68d53e050486,2015-08,Essex Police,Essex Police,0.305696,51.520073,On or near JUNIPER DRIVE,E01015974,Thurrock 006E,Offender given a caution
b5cef647ab72ea66b0efb8fd12b351e42ff0b224452b1a71700d0f8a67166308,2015-08,Essex Police,Essex Police,0.432983,51.585490,On or near POUND LANE CENTRAL,E01021263,Basildon 010C,Formal action is not in the public interest
fea80fd5ed661fd4502489866307f65efa363544c56d666604a1513422568aa3,2015-08,Essex Police,Essex Police,0.554177,51.568264,On or near KENNINGTON AVENUE,E01021525,Castle Point 001D,Formal action is not in the public interest
df2a235a424119563b6fc6c705f897ed857ee527c4426d8f2828a8d72bee9ffb,2015-08,Essex Police,Essex Police,0.655273,51.546575,On or near CRANLEIGH DRIVE,E01015849,Southend-on-Sea 011E,Unable to prosecute suspect
ebff1929b65f8c45b3c939ef9622a0c00216052e44f323d0fd73998d884c816e,2015-08,Essex Police,Essex Police,0.751639,51.808918,On or near Parking Area,E01021723,Colchester 020A,Local resolution
7828266d673fd71675af8830e6d278d7cd3aff4eb6ce84ba27b2ec2446c74533,2015-08,Essex Police,Essex Police,0.742422,51.547240,On or near WHITTINGHAM AVENUE,E01015887,Southend-on-Sea 009E,Local resolution
0cfd6fb628969d96b7084afd1454d066bf56961c725be19dff736eb75578102b,2015-08,Essex Police,Essex Police,0.856997,51.889999,On or near LEXDEN ROAD,E01021675,Colchester 009C,Local resolution
05d5b4a90aca01479aa40df09a028185920fdeb7e58d94cb045c10d8b1dc1dab,2015-08,Essex Police,Essex Police,1.263256,51.932600,On or near ELIZABETH ROAD,E01022006,Tendring 002C,Unable to prosecute suspect
6cac98633283a8afa6fc01568b0d29a2b6a115a62cd08035c56a605c9ef6ea7d,2015-08,Essex Police,Essex Police,0.627513,51.794041,On or near OSBERT ROAD,E01021423,Braintree 016A,Unable to prosecute suspect
899cbb97a9e55cdb8973778497bedf71c0cec308af55039e523543e4f12668b9,2015-08,Essex Police,Essex Police,1.263256,51.932600,On or near ELIZABETH ROAD,E01022006,Tendring 002C,Suspect charged
2fd143bfd2165296594fc8ba610983815d367c21047da510a1f8e5e46bed00f6,2015-08,Essex Police,Essex Police,0.642286,51.800653,On or near Further/Higher Educational Building,E01021416,Braintree 017B,Suspect charged
fdaef42b3227bc41e4e11355ba5c0c041a29368b7dcb9f0d2449617189990926,2015-08,Essex Police,Essex Police,0.666669,51.729091,On or near ST GILES CRESCENT,E01021892,Maldon 004D,Formal action is not in the public interest
17a0c96e652acb46feea1bdb703849b8caa2bbf2542414b40c1ffee45dbb5016,2015-08,Essex Police,Essex Police,0.266696,51.893386,On or near Parking Area,E01022090,Uttlesford 006B,Unable to prosecute suspect
63e8a65337082e3bdb7f036fa44ec12fcfed31abcb634c1a213ebfa068e40233,2015-08,Essex Police,Essex Police,0.655916,51.541281,On or near Supermarket,E01015849,Southend-on-Sea 011E,Suspect charged
472109f13a27e50db3504177393902817c8022321c33136bb4563e5d95d06a13,2015-08,Essex Police,Essex Police,0.717984,51.542359,On or near Supermarket,E01015895,Southend-on-Sea 010A,Suspect charged
e06c9cfa8309b311210b09f0983d376c0b1c5e298d0ce2f93cbff20247045f2a,2015-08,Essex Police,Essex Police,1.268686,51.848972,On or near CHURCHFIELD ROAD,E01022056,Tendring 006E,Suspect charged
067adf1f19b747a087d8936aa726781ef8638469d943fa4df1df4fb8d53d0169,2015-08,Essex Police,Essex Police,0.499681,51.845644,On or near MOULSHAM HALL LANE,E01022064,Uttlesford 008B,Formal action is not in the public interest
a91edd627e6dffc3e79d31f4327aeeb405ae14887de1c81a9a87e634a550711f,2015-08,Essex Police,Essex Police,0.490690,51.562632,On or near WENDENE,E01021328,Basildon 022E,Unable to prosecute suspect
e12ed2ac1b4c4c92648bf80720d109d2ef089fb322708eafae258c72cd3e8c1f,2015-08,Essex Police,Essex Police,0.135665,51.786544,On or near ST EDMUND'S WAY,E01021855,Harlow 001B,Unable to prosecute suspect
27ccf2170ead1430c561387e514aa2cef690aababb9f928b5c0ab646ed09554c,2015-08,Essex Police,Essex Police,1.257820,51.928055,On or near REBOW ROAD,E01022004,Tendring 004D,Suspect charged
77ad187a825615e167c00a0a032ac62cfb130a6cddf20ace3d941addbd325c56,2015-08,Essex Police,Essex Police,0.901567,51.857385,On or near FRIDAY WOOD GREEN,E01021639,Colchester 018C,Formal action is not in the public interest
b569657977d0f0f24a78f464fa2fc7532f423a3a70c4fe5c0a4888f5bc9f0a1e,2015-08,Essex Police,Essex Police,0.276223,51.506881,On or near FOYLE DRIVE,E01015928,Thurrock 007B,Local resolution
8d9b57fef7b73cc1834a714ea9a036080bdac2f4c74dd596bd85c372c121ec9e,2015-08,Essex Police,Essex Police,0.078086,51.655800,On or near SWANSHOPE,E01021779,Epping Forest 011F,Unable to prosecute suspect
d5b82d5a0dd5491f0b9a41bc7353681dfae2312151747cdfccaa4d7d3bbfa3f9,2015-08,Essex Police,Essex Police,0.374851,51.489133,On or near RYKHILL,E01015938,Thurrock 012F,Unable to prosecute suspect
de30a52840174f5d2287afade13366f69d6dae8ac1c08562fe2fdc276a845253,2015-08,Essex Police,Essex Police,0.612844,51.552492,On or near OAK ROAD NORTH,E01021518,Castle Point 006B,Unable to prosecute suspect
9d59459cd9bd83b1ff8a3a38f3ce78960de8fd0c2dc5724b179821c6d93e1707,2015-08,Essex Police,Essex Police,0.919311,51.878827,On or near BELMONT PLACE,E01021664,Colchester 016C,Suspect charged
4af7c4b09464f87f244957301f55499a1bdce59a9c506e48f47a7512bbc13b2d,2015-08,Essex Police,Essex Police,0.106661,51.747842,On or near GIBB CROFT,E01021858,Harlow 010B,Suspect charged
edbad63685d2028755ec96341dd4feeb197f615a4beb533aee1e991885c47c89,2015-08,Essex Police,Essex Police,1.277738,51.935858,On or near HILLCREST COURT,E01022001,Tendring 001D,Formal action is not in the public interest
edbad63685d2028755ec96341dd4feeb197f615a4beb533aee1e991885c47c89,2015-08,Essex Police,Essex Police,1.277738,51.935858,On or near HILLCREST COURT,E01022001,Tendring 001D,Formal action is not in the public interest
edbad63685d2028755ec96341dd4feeb197f615a4beb533aee1e991885c47c89,2015-08,Essex Police,Essex Police,1.277738,51.935858,On or near HILLCREST COURT,E01022001,Tendring 001D,Formal action is not in the public interest
aa1dff2ff1b79286984731d7596f1276b9ab583bfa0d14efafe4baa752e35495,2015-08,Essex Police,Essex Police,0.893532,51.917264,On or near Parking Area,E01021680,Colchester 004B,Unable to prosecute suspect
a0753d38a40510c0695e883f6114c6ea9ff6e03f930fedff92e8975fb7d1b3b7,2015-08,Essex Police,Essex Police,0.069748,51.641595,On or near LOWER ALDERTON HALL LANE,E01021771,Epping Forest 013A,Suspect charged
9aa3ddb0b359011700a73c9d9345679494ca5957c325b0b0d6c3131af381dd80,2015-08,Essex Police,Essex Police,1.029802,51.817796,On or near REGENT CLOSE,E01021979,Tendring 011A,Formal action is not in the public interest
042d9982d0405015b0ab67fffacaa0022933da741230f1abc2b3ba078218477b,2015-08,Essex Police,Essex Police,-0.004207,51.706120,On or near Park/Open Space,E01021812,Epping Forest 009B,Formal action is not in the public interest
6a9611a7bb65c5198cc13c74aa62c1b3846203eca9fe1c4d2fba402499d28440,2015-08,Essex Police,Essex Police,0.014910,51.734704,On or near HYDE MEAD,E01021794,Epping Forest 002D,Formal action is not in the public interest
99a6c73d54995d01d21377f4c9dadc6be76c1beaf8db6dd20a7cc4982e3b83bd,2015-08,Essex Police,Essex Police,0.742422,51.547240,On or near WHITTINGHAM AVENUE,E01015887,Southend-on-Sea 009E,Local resolution
ffc577c0b61d54cb08126071fc196502714f426922b010d095c6f0579ea9a538,2015-08,Essex Police,Essex Police,0.714143,51.536234,On or near Shopping Area,E01015852,Southend-on-Sea 015B,Formal action is not in the public interest
342bd76ff47e5c7496d86cd79d0c89c99225c24f45d2d1a7f6e32929331cbf20,2015-08,Essex Police,Essex Police,0.711662,51.536219,On or near Nightclub,E01015852,Southend-on-Sea 015B,Unable to prosecute suspect
ec0a4e0fa9539850c96027e3c9c566fde73dd2856dab0fbf033934c044fbece9,2015-08,Essex Police,Essex Police,0.741535,51.539446,On or near EROS AVENUE,E01015884,Southend-on-Sea 009B,Formal action is not in the public interest
590a91dfb6ae2b73b56323e454c66b2226775af1c901322016417ee88b63f5c1,2015-08,Essex Police,Essex Police,1.029426,51.797264,On or near CRUCE WAY,E01022046,Tendring 011E,Offender given penalty notice
eb46c008010eeda496006a0e4f6b2012f5958574b94c5372625e630f432da8e6,2015-08,Essex Police,Essex Police,0.241187,51.482753,On or near BOTANY WAY,E01016013,Thurrock 015D,Formal action is not in the public interest
20b58f3c73713931b72bd5630f67b8bef9088fbf1c53c50ffdd1620fbad678ab,2015-08,Essex Police,Essex Police,0.709083,51.778375,On or near BECKINGHAM ROAD,E01021882,Maldon 002A,Local resolution
c319f661c59ecc8d8fd45dddc96487f12707bafa8c8f7f0d24cb6a671b878426,2015-08,Essex Police,Essex Police,0.516633,51.570982,On or near WOODCOTE CRESCENT,E01021313,Basildon 018A,Suspect charged
c319f661c59ecc8d8fd45dddc96487f12707bafa8c8f7f0d24cb6a671b878426,2015-08,Essex Police,Essex Police,0.516633,51.570982,On or near WOODCOTE CRESCENT,E01021313,Basildon 018A,Suspect charged
c319f661c59ecc8d8fd45dddc96487f12707bafa8c8f7f0d24cb6a671b878426,2015-08,Essex Police,Essex Police,0.516633,51.570982,On or near WOODCOTE CRESCENT,E01021313,Basildon 018A,Suspect charged
c319f661c59ecc8d8fd45dddc96487f12707bafa8c8f7f0d24cb6a671b878426,2015-08,Essex Police,Essex Police,0.516633,51.570982,On or near WOODCOTE CRESCENT,E01021313,Basildon 018A,Suspect charged
2275774dfbed70261f4883dfec8d6ab108454179c46e909c279df4d633151950,2015-08,Essex Police,Essex Police,0.638761,51.570322,On or near BELGRAVE CLOSE,E01015837,Southend-on-Sea 001E,Unable to prosecute suspect
f3a968a886da2519750f75cf663443ab7d5c92b6fae3db6bb7652ffd8a921840,2015-08,Essex Police,Essex Police,0.552125,51.901299,On or near MEWS COURT,E01021355,Braintree 007D,Local resolution
f3a968a886da2519750f75cf663443ab7d5c92b6fae3db6bb7652ffd8a921840,2015-08,Essex Police,Essex Police,0.552125,51.901299,On or near MEWS COURT,E01021355,Braintree 007D,Local resolution
ad7b826783bd07ab46c0a0b9ac6bb8bb11efa1ab8df5e44e6a7fb29563c8b2e7,2015-08,Essex Police,Essex Police,0.116464,51.699997,On or near WEDGEWOOD CLOSE,E01021757,Epping Forest 006B,Formal action is not in the public interest
91ccef1f5c991d925cbf280981cdfca627fc0f2011a6690a53a74d3163e6a811,2015-08,Essex Police,Essex Police,1.154454,51.791509,On or near Parking Area,E01022025,Tendring 016B,Unable to prosecute suspect
b68f486cb1b1fa338b8c8de8b6f27187b41fcb1ab9a17e06fbb80fa9c9a8bce7,2015-08,Essex Police,Essex Police,0.553765,51.889465,On or near BOLEYNS AVENUE,E01021359,Braintree 008D,Local resolution
69bcd8d01e063d3cd1407b6b3a7242c5799eb28ed4a229a7d3d63ca9fbc70d13,2015-08,Essex Police,Essex Police,0.450486,51.530060,On or near CRAWLEY CLOSE,E01015987,Thurrock 002C,Formal action is not in the public interest
e6963ba59e7ae8ab8157065e75416245a9dd4bda9ed67045e5c18a9b9e2fc03d,2015-08,Essex Police,Essex Police,0.897532,51.892209,On or near SHORT CUT ROAD,E01021649,Colchester 007D,Local resolution
ce6684ca8559ff1e7f5eb7eecd879a57c9868e2932f2c097439e23e241cfe442,2015-08,Essex Police,Essex Police,0.500879,51.590268,On or near Cricketers Retail Park,E01021307,Basildon 011C,Suspect charged
ce6684ca8559ff1e7f5eb7eecd879a57c9868e2932f2c097439e23e241cfe442,2015-08,Essex Police,Essex Police,0.500879,51.590268,On or near Cricketers Retail Park,E01021307,Basildon 011C,Formal action is not in the public interest
39b126b3bd1ee52604aed73fd106eaadc1247fdfedf33f82d11ab0d0148cda9b,2015-08,Essex Police,Essex Police,1.153869,51.789780,On or near Nightclub,E01022025,Tendring 016B,Formal action is not in the public interest
e26ae159cd0c669b65ca8845293136cdd2573d9a0bae4f6773ca716198ea509b,2015-08,Essex Police,Essex Police,0.449369,51.730811,On or near FOREST DRIVE,E01021631,Chelmsford 009E,Formal action is not in the public interest
84ee3c9edb0001be233c2ea9e71ffebe3de1ca3dbb7e9f64337a1ef8655c3727,2015-08,Essex Police,Essex Police,0.296025,51.489714,On or near HYDE CLOSE,E01015982,Thurrock 019A,Suspect charged
2784c41d478e333e33a6ea742b33642dabd1d2ff35e3178759d3312f50b1bd55,2015-08,Essex Police,Essex Police,0.633354,51.944384,On or near Parking Area,E01021387,Braintree 004A,Suspect charged
30865fc5938ebf2f0e215dacbeb91b21f58ad73c48de8f55322049850e00be31,2015-08,Essex Police,Essex Police,0.934897,51.889888,On or near VERONICA WALK,E01021699,Colchester 008D,Formal action is not in the public interest
37dc44afa77615a72db417ff68566f1962b1ee84930a2f7b4d7a13a8e4d6f139,2015-08,Essex Police,Essex Police,0.424733,51.515100,On or near Supermarket,E01015989,Thurrock 005A,Suspect charged
463e354d891628351101e25fc05eec61639da4a123e7318d8a9a3feb06e10b8a,2015-08,Essex Police,Essex Police,0.705140,51.545642,On or near HARCOURT AVENUE,E01015899,Southend-on-Sea 010E,Formal action is not in the public interest
463e354d891628351101e25fc05eec61639da4a123e7318d8a9a3feb06e10b8a,2015-08,Essex Police,Essex Police,0.705140,51.545642,On or near HARCOURT AVENUE,E01015899,Southend-on-Sea 010E,Formal action is not in the public interest
411abe59c068f2c5c8c9f051f8bfacb4e5d6b0dedfeb7ec0f1f168de00cefab8,2015-08,Essex Police,Essex Police,0.322479,51.496918,On or near GODDARD ROAD,E01015994,Thurrock 009D,Local resolution
4580417bb58341a1db5844f4ff266dfb22cc395ad4a5216745b2789324892241,2015-08,Essex Police,Essex Police,0.699183,51.597268,On or near HILARY CLOSE,E01021931,Rochford 002E,Formal action is not in the public interest
d34b42760d8b730621c91cf78c4b45e1c00dc9b4e8afe59f7ef2f66ebf5fba4d,2015-08,Essex Police,Essex Police,0.901325,51.890172,On or near GEORGE STREET,E01021649,Colchester 007D,Formal action is not in the public interest
78f0fe7c1954aad7c7071b33776779d52aa66a06164cb5e4b87ba8b849d62a09,2015-08,Essex Police,Essex Police,0.901325,51.890172,On or near GEORGE STREET,E01021649,Colchester 007D,Formal action is not in the public interest
7317d247800c0822d32fe67495bc4877a8b734d7ec9a6da0e5152d7792d2874f,2015-08,Essex Police,Essex Police,0.901325,51.890172,On or near GEORGE STREET,E01021649,Colchester 007D,Formal action is not in the public interest
d504ae77506417c3faf894563047a7f8f63231e9e53423edcb52f81d4d8574ef,2015-08,Essex Police,Essex Police,0.691224,51.540566,On or near VALKYRIE ROAD,E01015831,Southend-on-Sea 012E,Local resolution
04559af86382bd9427526d3de38fba2eb920148d57b9ce86cc5964fcb1f3b593,2015-08,Essex Police,Essex Police,0.658225,51.547974,On or near Supermarket,E01015821,Southend-on-Sea 005B,Suspect charged
a109735f29f2b752e8715dc0ffcc389130b794a2a7701b0b07cdbde0c2ddcd1a,2015-08,Essex Police,Essex Police,0.658225,51.547974,On or near Supermarket,E01015821,Southend-on-Sea 005B,Suspect charged
a109735f29f2b752e8715dc0ffcc389130b794a2a7701b0b07cdbde0c2ddcd1a,2015-08,Essex Police,Essex Police,0.658225,51.547974,On or near Supermarket,E01015821,Southend-on-Sea 005B,Suspect charged
ec53760f2ccb0bbdc219e5d19e401c1246d7c1c6ef4b116cf51277302a36f434,2015-08,Essex Police,Essex Police,0.425259,51.573284,On or near MONASTERY ROAD,E01021290,Basildon 016D,Formal action is not in the public interest
ff2be61517fafd267be39821a569ed14ab74904cb2c6dabd31d26065954a9931,2015-08,Essex Police,Essex Police,0.660671,51.547388,On or near Supermarket,E01015850,Southend-on-Sea 011F,Local resolution
241c6078387fe3cfbebdacbf36d2c604b678629721e5b51af5e46bf97ba980c4,2015-08,Essex Police,Essex Police,0.754519,51.808077,On or near QUINCE COURT,E01021723,Colchester 020A,Suspect charged
1509fa00bf8d3bb3ad113e11622409699b10a5e18237b045cb8ec2124be16661,2015-08,Essex Police,Essex Police,1.254223,51.836521,On or near WINCHESTER ROAD,E01021985,Tendring 006A,Suspect charged
8418643ab211c814fce92d901ade3dfe1a7d85ec7d5d240ef59bb65e1d8e2b73,2015-08,Essex Police,Essex Police,0.277436,51.508386,On or near DENE PATH,E01015972,Thurrock 006C,Offender given a caution
36230b20e7e4fd7e17e48ef76f2da8b98156a4d960cfa38f82fe00f58c5646f6,2015-08,Essex Police,Essex Police,0.374278,51.669168,On or near A12,E01021457,Brentwood 002A,Unable to prosecute suspect
ada130da51b46a478305c25aab16247d5f9aad29790618563e686e17f8d8d5f4,2015-08,Essex Police,Essex Police,0.466253,51.737400,On or near Parking Area,E01021574,Chelmsford 010A,Suspect charged
8e59337932f7ab8c2e1415ca4a385af0acf3908307f8701ecd751f8488ea23c3,2015-08,Essex Police,Essex Police,1.118845,51.776342,On or near GLEBE WAY,E01021990,Tendring 018C,Formal action is not in the public interest
6c1104bb5da4181129d2ba137c6f0e9bdff111a5f236e741d6f7d36bd8f1d3da,2015-08,Essex Police,Essex Police,0.499503,51.580459,On or near LITTLEBURY GREEN,E01021307,Basildon 011C,Formal action is not in the public interest
08507475eb7ea532422a026c8c75d982786b8fb01542b2d56bf3529bf2f0aaad,2015-08,Essex Police,Essex Police,0.434811,51.608331,On or near POST MEADOW,E01021257,Basildon 009B,Formal action is not in the public interest
5b3b1229a0cb371153edd126d7d08733208bbc8fa5cfd7f29baccb9dc6a41f22,2015-08,Essex Police,Essex Police,0.693976,51.539541,On or near HAMLET COURT ROAD,E01015855,Southend-on-Sea 015E,Formal action is not in the public interest
0c452b1149f295e5af24e9ec6806a210e78114fe4abb3693487672a24d7fe3fc,2015-08,Essex Police,Essex Police,0.132902,51.786360,On or near STATION ROAD,E01021856,Harlow 001C,Formal action is not in the public interest
a9449ab9ac777f647e244c74f508dd4bf4ef4156741521e843e10af57f2d4726,2015-08,Essex Police,Essex Police,0.702103,51.547700,On or near Petrol Station,E01015861,Southend-on-Sea 004E,Formal action is not in the public interest
900e8d06799d65cea51e89488cb00656d579039d40f6bf9a3613dc4553ab78b5,2015-08,Essex Police,Essex Police,1.029426,51.797264,On or near CRUCE WAY,E01022046,Tendring 011E,Formal action is not in the public interest
900e8d06799d65cea51e89488cb00656d579039d40f6bf9a3613dc4553ab78b5,2015-08,Essex Police,Essex Police,1.029426,51.797264,On or near CRUCE WAY,E01022046,Tendring 011E,Formal action is not in the public interest
80d988339dfa88f8d0e01b8da4853f782243287691dba345826607bc4c8ed78c,2015-08,Essex Police,Essex Police,0.362766,51.868681,On or near NEW STREET FIELDS,E01022067,Uttlesford 007B,Formal action is not in the public interest
9728789d41580f2c13ab915ba991339ad546426e3c8a752f08359558d840003d,2015-08,Essex Police,Essex Police,1.258589,51.930247,On or near WILLIAM GROOM AVENUE,E01022006,Tendring 002C,Formal action is not in the public interest
73f782dfaec51b76aeb6d5888df62f41f10a4659e7e393c4d0cd1fc5fba209d4,2015-08,Essex Police,Essex Police,0.084387,51.655113,On or near HANSON GREEN,E01021777,Epping Forest 011D,Formal action is not in the public interest
ba7f129714ff9e9293e324a68677ee0e8ab726ee23dafd89d168f616eb522f27,2015-08,Essex Police,Essex Police,0.559991,51.637287,On or near SONTERS DOWN,E01021594,Chelmsford 021B,Unable to prosecute suspect
888119a7d096b878e54a29ea58f8befb03056f72dbce3fd46a7886029c3a1e80,2015-08,Essex Police,Essex Police,0.890955,51.917912,On or near WHITEBEAM CLOSE,E01021680,Colchester 004B,Suspect charged
8b27f627142d3c0b492a3f829581f30afd5ae27b0e34e2bb1e56e831f6fbd7fd,2015-08,Essex Police,Essex Police,0.095526,51.751396,On or near LONG BANKS,E01021859,Harlow 010C,Formal action is not in the public interest
fc783d1da5cea2a072c56bff98b8cd5ba9ca23a59c49fead91133cdc74a440ce,2015-08,Essex Police,Essex Police,1.118845,51.776342,On or near GLEBE WAY,E01021990,Tendring 018C,Formal action is not in the public interest
0b57bc0553cde77e4f65ac270f0d6a81aed3770887f2bb5b92753207448a73ba,2015-08,Essex Police,Essex Police,0.887444,51.865233,On or near SELBY CLOSE,E01033723,Colchester 015G,Formal action is not in the public interest
c2161dc2a70a589d2aa525f4f73b5cecdee7d2f672e81b07761e488106409665,2015-08,Essex Police,Essex Police,0.328706,51.478034,On or near PARK ROAD,E01015956,Thurrock 016B,Unable to prosecute suspect
9db382c1d46e2d1ef50680ca1396ffcdfc95e6b02b0d4716d9e7add656eb072b,2015-08,Essex Police,Essex Police,0.441594,51.848690,On or near CAUSEWAY END ROAD,E01022064,Uttlesford 008B,Formal action is not in the public interest
0c1c7cc21b1a8efa722e91c10a0530d29786eecc0c544ee8d99e3592c2813abf,2015-08,Essex Police,Essex Police,0.630094,51.801007,On or near Supermarket,E01021428,Braintree 015F,Unable to prosecute suspect
69023a643bf0909ff81bc765c5ee85cd6450325b1fd919fc0ab392765b4332ec,2015-08,Essex Police,Essex Police,0.094835,51.767145,On or near Pedestrian Subway,E01021872,Harlow 007E,Local resolution
ec8f2f5da078fe41a618792ff77762b7b8aed526c72bd3bc0872640481941b91,2015-08,Essex Police,Essex Police,0.681081,51.726919,On or near QUEEN STREET,E01021894,Maldon 005B,Local resolution
3e9e27046040bacbb6e0690f368b445a3a1f2b27ca6cec687f3ad284dff64b1b,2015-08,Essex Police,Essex Police,0.941526,51.892789,On or near CYPRESS GROVE,E01021696,Colchester 008A,Unable to prosecute suspect
4b50769228857ef0bb09656929fc5fdeebd2ff608b16aae8297103beed67058d,2015-08,Essex Police,Essex Police,1.289363,51.945382,On or near KINGS QUAY STREET,E01021998,Tendring 001B,Unable to prosecute suspect
e74148e1209c9e5eaa2a391ab30b031a866d989b18f8a9d3f3fb3486933d0988,2015-08,Essex Police,Essex Police,1.289363,51.945382,On or near KINGS QUAY STREET,E01021998,Tendring 001B,Unable to prosecute suspect
504921f9082f07c0a513ba4a1147af6151ba9c5fe71b16dc94692deea5b30761,2015-08,Essex Police,Essex Police,0.923784,51.906317,On or near Police Station,E01021670,Colchester 002C,Formal action is not in the public interest
275b0e63a37aa60d8bf6477b073e1a5fbf14ff2b7631323306fd34fb9f8d2c7f,2015-08,Essex Police,Essex Police,0.539912,51.589618,On or near SOUTHEND ARTERIAL ROAD,E01021344,Basildon 008D,Unable to prosecute suspect
57e8000e41671fd58bfc661bcb91b1ffc88cb561632293bd8a2b667315323785,2015-08,Essex Police,Essex Police,0.282124,51.878898,On or near Park/Open Space,E01022090,Uttlesford 006B,Investigation complete; no suspect identified
285cacb4b7d428a9afc5e0828f74c195ad01f73f0a6f9c8f2550a8d00b575e4f,2015-08,Essex Police,Essex Police,0.243639,51.486627,On or near A1306,E01015921,Thurrock 015A,Unable to prosecute suspect
027ca800ae51f1f9068b924e272142430d723804f90c7a735768c47ad0bc943c,2015-08,Essex Police,Essex Police,0.417799,51.863930,On or near STATION ROAD,E01033052,Uttlesford 008F,Unable to prosecute suspect
8f16895381083c6759192bb973612dc688755a9dcdaf9a2691c48a2df272e0b3,2015-08,Essex Police,Essex Police,0.397253,51.509757,On or near Petrol Station,E01015979,Thurrock 004C,Investigation complete; no suspect identified
e6b4bee2a1b57fcbf0d95618280cd6e681f90627dbe9929ee78ba9aefe55973f,2015-08,Essex Police,Essex Police,0.285222,51.484852,On or near Parking Area,E01016011,Thurrock 015B,Investigation complete; no suspect identified
057ae0fc52eb6461e0076bd1843a67de68997be81a434e58e3e691e14232527a,2015-08,Essex Police,Essex Police,,,No location,,,Investigation complete; no suspect identified
e5ad4e17e041a76322acb03d1919742f8f1ad8fd0eb11e4cba550fd12fd4804e,2015-08,Essex Police,Essex Police,0.461571,51.739207,On or near Petrol Station,E01021573,Chelmsford 009A,Unable to prosecute suspect
5629d3b022532d2047c776bcfd772d1de219779f8d22f3b667db0c765951b622,2015-08,Essex Police,Essex Police,1.284870,51.942063,On or near ALBERT STREET,E01021998,Tendring 001B,Unable to prosecute suspect
a3d1cb3fabb93ab46791b304284e09d10e5647acc6215723a328276e56ea2484,2015-08,Essex Police,Essex Police,0.246703,52.027990,On or near CORNWALLIS PLACE,E01022078,Uttlesford 002C,Unable to prosecute suspect
40180f3382072694dc412261b080c435c13bdf9049690ed2046d8c0cda324f2d,2015-08,Essex Police,Essex Police,0.280536,51.482444,On or near Parking Area,E01016011,Thurrock 015B,Unable to prosecute suspect
62deebdf5159fd083ac1976aeed1be4e740a37075b165ddfefc9a19f6d08efc5,2015-08,Essex Police,Essex Police,0.716192,51.535521,On or near HEYGATE AVENUE,E01015852,Southend-on-Sea 015B,Investigation complete; no suspect identified
1e6af9b84aa26e75eaf056b15f445cc149133f95e8e883fc77e273e9840d2aec,2015-08,Essex Police,Essex Police,0.757590,51.544259,On or near ALBERT ROAD,E01015883,Southend-on-Sea 009A,Investigation complete; no suspect identified
35b8c43899fd969c0c7ace5bad8bc767c380e2a47616040fa80d7e2f1d88b4e4,2015-08,Essex Police,Essex Police,0.455059,51.744136,On or near FOX CRESCENT,E01021576,Chelmsford 006A,Investigation complete; no suspect identified
a033b10fbe148c47140245c7d1b5b59b330a70ca78b2b0d316276a42a6f7ddd0,2015-08,Essex Police,Essex Police,0.462089,51.526238,On or near BURR'S WAY,E01015946,Thurrock 001C,Unable to prosecute suspect
bf9980a3e84f889f88811ba1fc2004364259e1c90d31153931ebe099b66eeae9,2015-08,Essex Police,Essex Police,0.327036,51.475783,On or near THE RETREAT,E01015952,Thurrock 017B,Unable to prosecute suspect
d9b58197020eb7a5111870d2d7d4702f51df0511923f276fb94c1f4bedbac57f,2015-08,Essex Police,Essex Police,0.091290,51.606250,On or near SOUTHDALE,E01021764,Epping Forest 017A,Unable to prosecute suspect
604e21fc15541bcc84d68cbcb1ea65a5ccde10e2a80f4f965aad129b7eef4889,2015-08,Essex Police,Essex Police,0.088681,51.649758,On or near KINGSLEY ROAD,E01021776,Epping Forest 011C,Investigation complete; no suspect identified
f891a5853abb1e38f88f89431638e8c60cdbc92ab837becd81bd32f36c8eb10c,2015-08,Essex Police,Essex Police,0.712855,51.537855,On or near Nightclub,E01015852,Southend-on-Sea 015B,Investigation complete; no suspect identified
fb3a626e8a1385cf9d7b0dc33dbb9fb236d6befc653555faf2d298fa81a5bcc7,2015-08,Essex Police,Essex Police,0.465424,51.774576,On or near Hospital,E01021542,Chelmsford 002A,Unable to prosecute suspect
9a1b42f57e56eeed022e5235f41391a00cb66485899b0789ef8edce3a029c42c,2015-08,Essex Police,Essex Police,0.894589,51.886462,On or near Police Station,E01021651,Colchester 013A,Unable to prosecute suspect
12851caeb6c32bdac620cca2b39d48fe47aa98c807b8dd2bcd1064c8b05f68bb,2015-08,Essex Police,Essex Police,0.456169,51.571868,On or near Pedestrian Subway,E01021318,Basildon 015C,Unable to prosecute suspect
0160435330677a65c162352a53167f26c10464ea152c5ad80c961b324900a7b1,2015-08,Essex Police,Essex Police,0.406849,51.635356,On or near ST HELENS WALK,E01021249,Basildon 002D,Unable to prosecute suspect
5761ef5ad0ed5e828a56b88130ee99bbb55fe04b1143cb4d58ebc95bc3ed3ed6,2015-08,Essex Police,Essex Police,0.043212,51.620379,On or near FOREST EDGE,E01021748,Epping Forest 015G,Unable to prosecute suspect
a0ac6274839f20224ec8d298cc8f5851e4ddeff792922485d0438a5c134d7bd6,2015-08,Essex Police,Essex Police,0.305190,51.622145,On or near Nightclub,E01021433,Brentwood 007A,Unable to prosecute suspect
b83b26d2b9c16a4b3875049c48a94d8ef3a7ca77aadb27dc1def8dfd23c0627b,2015-08,Essex Police,Essex Police,0.759283,51.546971,On or near Sports/Recreation Area,E01015888,Southend-on-Sea 009F,Unable to prosecute suspect
883bddc6090960d6678a371003561ba88d94ac636f944fbc70e86189ade061fb,2015-08,Essex Police,Essex Police,0.465038,51.552005,On or near A176,E01021299,Basildon 020E,Unable to prosecute suspect
bcedfb64e13a9f6d41200617a1373f1f2c60d7b0383812a2a2f997127b898f55,2015-08,Essex Police,Essex Police,0.677757,51.550695,On or near CAVENDISH GARDENS,E01015905,Southend-on-Sea 007E,Unable to prosecute suspect
864bde0a48ff4881edb8a947d4536c03917273556911ecdec328f2085b3a472d,2015-08,Essex Police,Essex Police,0.430399,51.570066,On or near ORCHID PLACE,E01021288,Basildon 016B,Unable to prosecute suspect
3d36f6ba815fed5522132d9f0a47fea151cee8a52d61f8a7ed640e970dff92c6,2015-08,Essex Police,Essex Police,0.474085,51.733089,On or near High Street Chelmsford,E01033140,Chelmsford 010F,Investigation complete; no suspect identified
12630ea268f60f1f5b1f302f9420d1ed73fc1fae77fd2aa2e8489770bd23e09d,2015-08,Essex Police,Essex Police,-0.008518,51.686706,On or near GROVE COURT,E01021817,Epping Forest 008E,Investigation complete; no suspect identified
2c012c34f708cf09534dd7d61384157e5db29c15855a95ce97ed9cf06d744f06,2015-08,Essex Police,Essex Police,0.243639,51.486627,On or near A1306,E01015921,Thurrock 015A,Investigation complete; no suspect identified
0cbccf05bc640f6551414313643c9495e371f968213b816a1ac2837fd5d0867e,2015-08,Essex Police,Essex Police,0.701844,51.548200,On or near ROOTS HALL DRIVE,E01015862,Southend-on-Sea 004F,Unable to prosecute suspect
2516b670e709507ff7f94cfca8cf1325fa1bd8bbd149e6b499ef9c849cd54c12,2015-08,Essex Police,Essex Police,0.481838,51.564610,On or near REDGRAVE ROAD,E01021327,Basildon 019E,Investigation complete; no suspect identified
f9713060e0f521793656d1aa269bb0a48f6afce451d1011bc3b7452bed7ed5a1,2015-08,Essex Police,Essex Police,0.436261,51.575781,On or near KNIGHTS,E01021289,Basildon 016C,Unable to prosecute suspect
2b8f2afc4e434eb79424947a4e5db2f4511574209c545f5fc993a7a7cff2f3d9,2015-08,Essex Police,Essex Police,0.903131,51.908034,On or near LINNET MEWS,E01021679,Colchester 004A,Unable to prosecute suspect
ca9bc1e216f87d81a08f4da070681f371eb93f80b075d837648dbcb79e8ad290,2015-08,Essex Police,Essex Police,0.593623,51.935977,On or near EDMUND GREEN,E01021382,Braintree 003A,Unable to prosecute suspect
bccd22b3ee200c7f203648ba6ec62f1d17201f62bea48d49e2bb5a9da5ee1261,2015-08,Essex Police,Essex Police,0.498438,51.563403,On or near HIGH ROAD,E01021328,Basildon 022E,Unable to prosecute suspect
3fc6e4e9c2cb2f146edcbff02ba27d1507b5a77008a1377e582ca3198bd8f48b,2015-08,Essex Police,Essex Police,0.387680,51.689976,On or near Park/Open Space,E01021457,Brentwood 002A,Unable to prosecute suspect
8b40e93e93fc050b88b5ca4ca9c0f5a57b0e4f3e79a72db63e0f8b5d4582f7b9,2015-08,Essex Police,Essex Police,0.343830,51.489028,On or near Petrol Station,E01015965,Thurrock 010C,Investigation complete; no suspect identified
37aa7906c56322d538d01e180a867f2eb5c535e6f96aa5a49311af73a4fab2dd,2015-08,Essex Police,Essex Police,0.699078,51.588448,On or near Petrol Station,E01021930,Rochford 007A,Unable to prosecute suspect
c436c79c0bfd1faf2d5cebf6787bee9348f91ce0e89241f86d07ed412106c01d,2015-08,Essex Police,Essex Police,0.833138,51.661769,On or near STATION ROAD,E01021906,Maldon 006D,Unable to prosecute suspect
4f9808658ec180e4884204cdbdaf008230ca053f5f5f188253838c4faef38d98,2015-08,Essex Police,Essex Police,0.343882,51.469539,On or near THURROCK PARK WAY,E01016003,Thurrock 018A,Investigation complete; no suspect identified
d0ecaaa603ebc322262dc95ab1a30a66acfe5d3fd6ba9f6e004e2f1b15580f87,2015-08,Essex Police,Essex Police,0.301998,51.479893,On or near PALMERSTON ROAD,E01016015,Thurrock 015F,Unable to prosecute suspect
35d6f295b1aff095c0b0430f08d961347f33abda891301956f7b5a8b510f68ef,2015-08,Essex Police,Essex Police,0.572558,51.887697,On or near COLLINGWOOD CLOSE,E01021349,Braintree 007A,Unable to prosecute suspect
29b192031a92e77e8bdb9117251041555a22e444ded914e26be4489f31b74b18,2015-08,Essex Police,Essex Police,0.080081,51.774718,On or near Supermarket,E01021840,Harlow 004B,Unable to prosecute suspect
89cd1d4487797820c2a939033a4edb2e3567b1eb7409f3ce7185a4502dfc8e1a,2015-08,Essex Police,Essex Police,0.731050,51.532711,On or near COLLIER WAY,E01015841,Southend-on-Sea 014C,Investigation complete; no suspect identified
c0461fbcae6a9c2df905933f4e8f581755f9176964212aba63355631d97eaf96,2015-08,Essex Police,Essex Police,0.608739,51.516565,On or near GAFZELLE DRIVE,E01021490,Castle Point 012B,Unable to prosecute suspect
81f3a98ef4f8490604398a8923939811deca8965eeccbdad94de9cecb62628f0,2015-08,Essex Police,Essex Police,0.282822,51.517526,On or near DAINES CLOSE,E01015973,Thurrock 006D,Unable to prosecute suspect
ed66a2f82c8d389898452892e7dad148dd913102bcf066272c5e757d1e911db0,2015-08,Essex Police,Essex Police,0.648956,51.569678,On or near Supermarket,E01015834,Southend-on-Sea 001B,Unable to prosecute suspect
9e90d4b5ff60c7f8e8f891b14e3be4322260cef705a9001b122a1214381191cb,2015-08,Essex Police,Essex Police,0.299987,51.612687,On or near GREAT EASTERN ROAD,E01021475,Brentwood 007E,Investigation complete; no suspect identified
8ca0bef0861f7947f82b1803d39ef83205654afb02ed33353b111bb43050075f,2015-08,Essex Police,Essex Police,1.286655,51.943776,On or near Bus/Coach Station,E01021997,Tendring 001A,Unable to prosecute suspect
5827a2a4183686a555ec3d3ce43978e300b3461b2e23add46bbda4c1a8951d91,2015-08,Essex Police,Essex Police,0.472891,51.740669,On or near B1008,E01021574,Chelmsford 010A,Unable to prosecute suspect
320ed37369c3062b09a6088244836e935c687e725c67e489a4e975e04f51bc40,2015-08,Essex Police,Essex Police,0.907575,51.864054,On or near STANSTED ROAD,E01021638,Colchester 018B,Investigation complete; no suspect identified
5c97381a022f82d97d6edc208cabdda86729ce4bb9926c12e51325166231a9f0,2015-08,Essex Police,Essex Police,0.710096,51.557192,On or near STOCK CLOSE,E01015874,Southend-on-Sea 006F,Unable to prosecute suspect
adc94467cd189d351993e4e68ebf785fa79b59bc85715bb19294310f6e03b9f3,2015-08,Essex Police,Essex Police,0.545146,51.883015,On or near Supermarket,E01021358,Braintree 008C,Investigation complete; no suspect identified
f476d26d943b9869c3e61a5938eca75e2f607125fef3ae3108f29855593b32b3,2015-08,Essex Police,Essex Police,0.803207,51.880942,On or near Police Station,E01021654,Colchester 010A,Investigation complete; no suspect identified
f3e2a8fdf3fe77791613f21fd5600e259b647c05e97f5960bc3678b21df7fac0,2015-08,Essex Police,Essex Police,0.803207,51.880942,On or near Police Station,E01021654,Colchester 010A,Investigation complete; no suspect identified
fa29752a2c363a61befda4f944de2e842e192366acf322aa2c905199ec41646f,2015-08,Essex Police,Essex Police,0.803207,51.880942,On or near Police Station,E01021654,Colchester 010A,Investigation complete; no suspect identified
8f4106a5924b0f0720f76b7facc969ea918165c2be39601cf0770f96dca5e214,2015-08,Essex Police,Essex Police,0.457893,51.569044,On or near MARKET SQUARE,E01021318,Basildon 015C,Unable to prosecute suspect
60e03db04df86997d1823bc39f0a562666c5a830bd6e0fa9f1135a581d532db1,2015-08,Essex Police,Essex Police,0.461621,51.777417,On or near WOODLANDS WAY,E01021542,Chelmsford 002A,Unable to prosecute suspect
85e27bfff9f6a5dc3e047231c7dd7e4b51dd390b6be7ac035e3eff4964c092c7,2015-08,Essex Police,Essex Police,0.418237,51.579383,On or near KING EDWARD MEAD,E01021278,Basildon 014E,Investigation complete; no suspect identified
1d2457e1be2c824d093be4dbaa89ab8e013cb96c83d66b068d8bf709a104041d,2015-08,Essex Police,Essex Police,0.605759,51.560285,On or near HEDGE LANE,E01021530,Castle Point 005C,Unable to prosecute suspect
1713b080205d220d00633a0edb2877bdb32de08ea0644dc6436a9fcc2d13295b,2015-08,Essex Police,Essex Police,0.637206,51.571373,On or near BRAMBLE ROAD,E01015837,Southend-on-Sea 001E,Unable to prosecute suspect
9b467ad0f3088bd651057f1e98f7d347d42da08ccfa63df174f30b7133534c71,2015-08,Essex Police,Essex Police,0.099202,51.756006,On or near PARTRIDGE ROAD,E01021871,Harlow 007D,Investigation complete; no suspect identified
ce3db70e53dab6be6fbdd20dab85c6eed287c79f1760b8ea0a71d15dde80fd43,2015-08,Essex Police,Essex Police,0.651781,51.570118,On or near THE MAZE,E01015835,Southend-on-Sea 001C,Unable to prosecute suspect
2029969a9b1ca6899427ee94bd14f145d6eb92126db36a22225fa191889e7605,2015-08,Essex Police,Essex Police,0.677889,51.731965,On or near BULL LANE,E01021890,Maldon 004B,Unable to prosecute suspect
4d0d8c54f3eed024c72db7546efff293884d8d3e62af01e1259c8b86cecb1db4,2015-08,Essex Police,Essex Police,0.708147,51.546967,On or near TUNBRIDGE ROAD,E01015899,Southend-on-Sea 010E,Unable to prosecute suspect
5a53fa4316dd5c06af6d433974756614844fe14f325cf0d7dfd3ddcc89c5c5e9,2015-08,Essex Police,Essex Police,0.092097,51.767166,On or near DADS WOOD,E01021872,Harlow 007E,Investigation complete; no suspect identified
2f11ec5a7cec7b63b8a5d27de71201ba70b5bd556edc2a3fe446088619e800b8,2015-08,Essex Police,Essex Police,0.261741,51.889938,On or near Airport/Airfield,E01022090,Uttlesford 006B,Investigation complete; no suspect identified
601febf6af930042143032e3413e2ab637fc6a671c1659f52ee256adb3c61bd9,2015-08,Essex Police,Essex Police,0.597617,51.594371,On or near SIR WALTER RALEIGH DRIVE,E01021959,Rochford 006E,Unable to prosecute suspect
754f3cd699fbcf8a208a32678a08f40ed6d717351f02d033e09589ead3cf4b88,2015-08,Essex Police,Essex Police,0.096056,51.768166,On or near SOUTH GATE,E01021868,Harlow 007B,Unable to prosecute suspect
a3a452c388259f49e5cbc1c4a9c32ced07082ae70ca990ff0f6743997a597952,2015-08,Essex Police,Essex Police,0.283867,51.503270,On or near CHANLOCK PATH,E01015927,Thurrock 007A,Investigation complete; no suspect identified
d372609ad7f0503fb268c22eafb7cddf9d6ff35e301526fda78764fee2d8eb73,2015-08,Essex Police,Essex Police,0.641352,51.800800,On or near NEWLAND STREET,E01021416,Braintree 017B,Investigation complete; no suspect identified
4536971cb308271f7e31499d1105fff5ca053e3b536a4ac745d95b9db07a8d5d,2015-08,Essex Police,Essex Police,0.372533,51.480276,On or near ST JOHNS ROAD,E01015933,Thurrock 012A,Investigation complete; no suspect identified
19c11a9c3e682188b0781df7022f72f66658ca6d2fbe1a5d07e86b87cf6c4977,2015-08,Essex Police,Essex Police,0.261741,51.889938,On or near Airport/Airfield,E01022090,Uttlesford 006B,Investigation complete; no suspect identified
e2e7b224ff4683e6a5a35148ac9979b25c69f52c3de7525cb34be39c6be569c8,2015-08,Essex Police,Essex Police,0.012618,51.738529,On or near NORTH STREET,E01021793,Epping Forest 002C,Investigation complete; no suspect identified
966eff84b9728ac098dd374418409a3840e89c6b917a9f60e671a17de82be4c4,2015-08,Essex Police,Essex Police,0.113273,51.648886,On or near Petrol Station,E01021770,Epping Forest 010A,Investigation complete; no suspect identified
6472c1af8538e99c7db1cfa6ffbcb268f9fb6540ae99286e6bf8bf594baa88bf,2015-08,Essex Police,Essex Police,0.638651,51.799997,On or near Supermarket,E01021416,Braintree 017B,Unable to prosecute suspect
8b5fe0216fe8303e50c2c494d78176477c5a7799f3e70c383fcdcf3580206b13,2015-08,Essex Police,Essex Police,0.638651,51.799997,On or near Supermarket,E01021416,Braintree 017B,Unable to prosecute suspect
e35f831a5eabc513df85439d225dfa20e441e55936f255ba2b339f4cf72fc7d5,2015-08,Essex Police,Essex Police,0.484843,51.564159,On or near NORTH CROCKERFORD,E01021323,Basildon 019B,Unable to prosecute suspect
74dc64e66d08bc2563a2c0ca4a079de5d132c9b4d0650e4f5a024a02f556a9ff,2015-08,Essex Police,Essex Police,0.717040,51.532569,On or near Theme/Adventure Park,E01015851,Southend-on-Sea 015A,Unable to prosecute suspect
e2aafb349e0514d57cfecb6a4bd1e7eca18b5503ba55a10778aed3fb3de5d613,2015-08,Essex Police,Essex Police,0.490801,51.578647,On or near CANTERBURY CLOSE,E01021271,Basildon 013A,Unable to prosecute suspect
4d44c47634758adab0d058aaed90abc0e13bdfc51ecb217dc054a76bf3c2cc40,2015-08,Essex Police,Essex Police,0.605828,51.585708,On or near Shopping Area,E01021962,Rochford 008C,Unable to prosecute suspect
f782aeff90e62b8e9636a19a238075d2815e361ba6f506c11942070734add1ac,2015-08,Essex Police,Essex Police,1.249168,51.842930,On or near STEWARDS CLOSE,E01021994,Tendring 008B,Unable to prosecute suspect
f7956730381fa5870b33cc323d2f11d577c3de05ee79340b68f47b5e9237878b,2015-08,Essex Police,Essex Police,0.471839,51.572348,On or near THISTLEDOWN,E01021318,Basildon 015C,Investigation complete; no suspect identified
4d1b5e846633f3c160273a1a4780ddd1ac57c2b2a7d174ae948c9995cc971435,2015-08,Essex Police,Essex Police,0.573568,51.528332,On or near RUSKOI ROAD,E01021505,Castle Point 008D,Unable to prosecute suspect
b453d3f22e2761387ce4300644d1dfa6cbbe633fac60717130be242b4a3154f4,2015-08,Essex Police,Essex Police,0.430243,51.617185,On or near NUTHATCH CLOSE,E01021258,Basildon 004E,Unable to prosecute suspect
39dfd0b5da3c8786d9fcef23e7a9ca275be5494e92ecc78142dc67f33fb9ebd3,2015-08,Essex Police,Essex Police,0.277554,51.476647,On or near THIRD AVENUE,E01016012,Thurrock 015C,Investigation complete; no suspect identified
ba7a5e86c55b338dcf2ed4baba6280b1fb9bc444fafe58fc9b30a5737291c710,2015-08,Essex Police,Essex Police,0.077634,51.653821,On or near CEDAR DRIVE,E01021778,Epping Forest 011E,Investigation complete; no suspect identified
e7a69201528840cd25ecc5719190cf15e9bbe5e4693ae7f23cdba332e1e5c55e,2015-08,Essex Police,Essex Police,0.610621,51.553486,On or near Supermarket,E01021518,Castle Point 006B,Unable to prosecute suspect
c8e3d9a9f918e70f632c8482f41907cc274579acfed4b8b70652d585976d8648,2015-08,Essex Police,Essex Police,0.299987,51.612687,On or near GREAT EASTERN ROAD,E01021475,Brentwood 007E,Unable to prosecute suspect
849d8531603b076dadb326aa5059c206235149bc0524e5564bff9cce6a54f9cc,2015-08,Essex Police,Essex Police,0.299987,51.612687,On or near GREAT EASTERN ROAD,E01021475,Brentwood 007E,Unable to prosecute suspect
dda1b21cd179c3700e1b1d3652eea9a49e4c49935dd2ebac2a489604a10d47f0,2015-08,Essex Police,Essex Police,0.299987,51.612687,On or near GREAT EASTERN ROAD,E01021475,Brentwood 007E,Unable to prosecute suspect
561c657402d1492039f046bd93d1f54b95b5b15e7d25295402011a33a4b5a5bc,2015-08,Essex Police,Essex Police,0.299987,51.612687,On or near GREAT EASTERN ROAD,E01021475,Brentwood 007E,Unable to prosecute suspect
b78697ef624e76b7b01efeceb73ef68d61a5297b6d16c5c77655c2c35ab4bd6e,2015-08,Essex Police,Essex Police,0.600062,51.581322,On or near WATCHFIELD LANE,E01021966,Rochford 008F,Unable to prosecute suspect
f845ad0edfb0465cbfa906066f9415ce373c2a01ae4a6ac475250549e0ff6a20,2015-08,Essex Police,Essex Police,0.725627,51.556329,On or near FOSSETTS WAY,E01015871,Southend-on-Sea 006C,Unable to prosecute suspect
d0586d11a6a1aa6acb2b25664f0c7eecffc162e42c96c8ee833324c9c7e1173e,2015-08,Essex Police,Essex Police,0.407969,51.574081,On or near WOODSTOCK,E01021276,Basildon 014C,Unable to prosecute suspect
a56190a1ba0ec11d809f76ce5d28a5b20e114d26388492c300dfed690757405b,2015-08,Essex Police,Essex Police,0.501941,51.719019,On or near TYRELLS WAY,E01021560,Chelmsford 013B,Unable to prosecute suspect
7969e841187f49c0b440d2c3b38da3d208c7e5780ed7319d0c965cde307d36cb,2015-08,Essex Police,Essex Police,0.452122,51.527769,On or near PARKMILL CLOSE,E01015987,Thurrock 002C,Unable to prosecute suspect
0fa939fde9961c82a2ced7ef697aee38de77ed6e9e8db2e8613314ac67d78563,2015-08,Essex Police,Essex Police,0.092373,51.766253,On or near LUTHER KING ROAD,E01021868,Harlow 007B,Unable to prosecute suspect
d8ab60a71d2145f0b99280b10b48b698a0ff78604ff2465ba3dc21a09fb4c11d,2015-08,Essex Police,Essex Police,0.106737,51.748533,On or near FERN HILL LANE,E01021858,Harlow 010B,Investigation complete; no suspect identified
0648211983af30a9b01c161107245296ec255e0982c799e2e1221bc46d5f7857,2015-08,Essex Police,Essex Police,0.456169,51.571868,On or near Pedestrian Subway,E01021318,Basildon 015C,Unable to prosecute suspect
8682741c92d999419f2ff8d9d16b04d0de9f0ec329148a7ba33724c5eff52cdc,2015-08,Essex Police,Essex Police,0.638410,51.799355,On or near SCOTSFIELD MEWS,E01021415,Braintree 017A,Unable to prosecute suspect
5638961a39a3981e79eb4ccd3193aeeb7c5a896b890eedf9b1dfe069b7ae49b5,2015-08,Essex Police,Essex Police,0.310104,51.488673,On or near DOUGLAS CLOSE,E01033614,Thurrock 020E,Unable to prosecute suspect
2f0ad1e5683e13b4e44e4a835341d7d2916629817b8ebb9eaff36bd59324610a,2015-08,Essex Police,Essex Police,0.477311,51.732761,On or near HIGH BRIDGE ROAD,E01033140,Chelmsford 010F,Unable to prosecute suspect
b1be7569295853dacd0f24964598bb8fc41dfaf47f83a38abc47088f913f47ef,2015-08,Essex Police,Essex Police,0.296663,51.486931,On or near HEPBURN CLOSE,E01015982,Thurrock 019A,Investigation complete; no suspect identified
5b2c971f6d414da2a630c3fad79752f5b90d0ed2421dc1b2221f4c2e123bcbe9,2015-08,Essex Police,Essex Police,0.204670,51.963842,On or near Park/Open Space,E01022072,Uttlesford 003C,Unable to prosecute suspect
4058be39b581ee1966055cef029f40b5b85a5029a4d15b6f7c5648406f58d487,2015-08,Essex Police,Essex Police,0.345326,51.637573,On or near GRAHAM CLOSE,E01021453,Brentwood 005B,Unable to prosecute suspect
d5bf77f5a93396061c41026b0fcd0bb475f153def4e4af04a65c42764baf1683,2015-08,Essex Police,Essex Police,0.261741,51.889938,On or near Airport/Airfield,E01022090,Uttlesford 006B,Unable to prosecute suspect
386ccc83598d935460bd008661e7719c817fad97cc5e417b35b84c1af76db810,2015-08,Essex Police,Essex Police,0.484118,51.574931,On or near PATTISWICK CORNER,E01021270,Basildon 012D,Investigation complete; no suspect identified
e954712936fc021030336477f8a3e60a128524e104bea41d1c41d02c45847ac4,2015-08,Essex Police,Essex Police,0.730138,51.535062,On or near Supermarket,E01015841,Southend-on-Sea 014C,Unable to prosecute suspect
83399a7379e48ef191f9d5eefc498e2d1b8d5516e1e52c24ed5596ebc3ddd65b,2015-08,Essex Police,Essex Police,1.153678,51.790774,On or near STATION ROAD,E01022025,Tendring 016B,Unable to prosecute suspect
ecd30c61c3a81e6b2b94d657f7ad423e6c0825daabd87a63f5b1203083b9e066,2015-08,Essex Police,Essex Police,0.030938,51.624693,On or near Petrol Station,E01021745,Epping Forest 015D,Investigation complete; no suspect identified
4779f57d78bcf05faaa563d8acaaa070f711b29463170fc696848a12be47ee6e,2015-08,Essex Police,Essex Police,0.290969,51.636686,On or near CORNWALL ROAD,E01021461,Brentwood 004D,Investigation complete; no suspect identified
8c7c7d35d8573187f9635faf5b8fb8fe96685937f958c8e3f31063ab47e23c7b,2015-08,Essex Police,Essex Police,1.190600,51.804474,On or near KENILWORTH ROAD,E01022035,Tendring 012D,Unable to prosecute suspect
484049cd33958ffd4e32e06e038e8c860493980912a5d30a6701b2a8670c5578,2015-08,Essex Police,Essex Police,0.679735,51.548510,On or near WESTBOURNE GROVE,E01015905,Southend-on-Sea 007E,Unable to prosecute suspect
500ccaf8bfb99389241615328392d72a6e4e4b92fc877361f4386541f4abdcda,2015-08,Essex Police,Essex Police,0.582716,51.568422,On or near DARK LANE,E01021510,Castle Point 002B,Unable to prosecute suspect
97cad9c61c0a5bd6ab61a82692497895e1c449e544398cdfb6faa35435407e1c,2015-08,Essex Police,Essex Police,0.091752,51.751867,On or near PINCEYBROOK ROAD,E01021859,Harlow 010C,Investigation complete; no suspect identified
dbd1c225a05c712b8f0fe53d327b3ec680a66e835c0f370800976b585149ebf2,2015-08,Essex Police,Essex Police,0.424466,51.623977,On or near LANGEMORE WAY,E01021244,Basildon 004A,Investigation complete; no suspect identified
3daa768501acb9ad25ecdbe96b7944f66246d364676ea56643e2b7d5bc8e1a35,2015-08,Essex Police,Essex Police,0.570012,51.870072,On or near Shopping Area,E01021368,Braintree 011A,Unable to prosecute suspect
d2e1bb5168852e08e333a0cb23ed2416c3b27acb41b2c8a9a2fb0dc669aa06f3,2015-08,Essex Police,Essex Police,0.536843,51.603453,On or near HOLME WALK,E01021345,Basildon 007E,Investigation complete; no suspect identified
f84160720b60197852865180b91b76acf3a888800c1390f2cc757a89f5c2d808,2015-08,Essex Police,Essex Police,0.898856,51.892464,On or near NORTHGATE STREET,E01021649,Colchester 007D,Unable to prosecute suspect
53c583a9e10744b7eb2c16ec77e5837bf16ab5260837cfeab7f3660789722985,2015-08,Essex Police,Essex Police,0.732557,51.548946,On or near RYLANDS ROAD,E01015870,Southend-on-Sea 006B,Unable to prosecute suspect
bf2989e93c6a96705505f9bf4f3b2bf35efd63291654d91db892a1bd46a9603c,2015-08,Essex Police,Essex Police,0.727917,51.549521,On or near NORWICH CLOSE,E01015875,Southend-on-Sea 006G,Unable to prosecute suspect
eb053b774e8c90261d78f30bb683dfb591c1d414dc75bd07563a4eeca7b15ccc,2015-08,Essex Police,Essex Police,0.924681,51.894621,On or near CROWN BAYS ROAD,E01021704,Colchester 022F,Unable to prosecute suspect
5f44992ba3995a7f9d51ccd699473adf0255b4ba58a10a2b357b2b316d5da670,2015-08,Essex Police,Essex Police,0.408455,51.619837,On or near FAIRFIELD RISE,E01021256,Basildon 004D,Local resolution
232d8853d94fb2407726397635f61e713764aeb8b1b626fcb9743db3284a5ce2,2015-08,Essex Police,Essex Police,0.908791,51.859266,On or near BLACKHEATH,E01021641,Colchester 018E,Suspect charged
0f988485c730bb977a4c81ab13316157cb3d8dc7c57047f4685f3610586a9153,2015-08,Essex Police,Essex Police,0.892007,51.896949,On or near Pedestrian Subway,E01021646,Colchester 007A,Suspect charged
33f4037fc3b802607de0ebb6f38137c5995fc083387314f15d6c68a5540dc3c1,2015-08,Essex Police,Essex Police,0.921917,51.913172,On or near TONY WEBB CLOSE,E01021669,Colchester 002B,Unable to prosecute suspect
58e6041a61855a3e83c35c70b0668f94803bfdea338e21dff2f58fd8aa42e739,2015-08,Essex Police,Essex Police,0.670275,51.728110,On or near GREENWAYS CHASE,E01021892,Maldon 004D,Formal action is not in the public interest
58e6041a61855a3e83c35c70b0668f94803bfdea338e21dff2f58fd8aa42e739,2015-08,Essex Police,Essex Police,0.670275,51.728110,On or near GREENWAYS CHASE,E01021892,Maldon 004D,Formal action is not in the public interest
3bd2acf7fd1e10c9631934ebb43734f1293ce84f831257858c4d00f06db18a5e,2015-08,Essex Police,Essex Police,0.808868,51.936044,On or near FORDHAM ROAD,E01021660,Colchester 003A,Unable to prosecute suspect
dbbbced7c3385ed43b454746d03ffbd666ca31a5ed140d3687f9f19ee5c104d9,2015-08,Essex Police,Essex Police,1.151333,51.789380,On or near Supermarket,E01022025,Tendring 016B,Formal action is not in the public interest
1b0bb66854ae4ebd75bfc97d11a837e1c02cb7e6289897a5db466ebf66959926,2015-08,Essex Police,Essex Police,0.506467,51.564041,On or near Shopping Area,E01021310,Basildon 022B,Offender given penalty notice
b32117295cc1f405c951b8a12feb8518416893cf5be0776fc1009daf3d5d8c25,2015-08,Essex Police,Essex Police,0.102611,51.752645,On or near AYLETS FIELD,E01021858,Harlow 010B,Suspect charged
5224f0e54bde3f4e4293774b5a87ebda591e25432853c5531e1cc073c5e15b76,2015-08,Essex Police,Essex Police,0.730798,51.540290,On or near Petrol Station,E01015844,Southend-on-Sea 014F,Unable to prosecute suspect
86201c64e02cf05eace4dbb113948e0f9b0a8c895d44eef4bb811e8467340dc7,2015-08,Essex Police,Essex Police,0.472257,51.733569,On or near Shopping Area,E01033141,Chelmsford 010G,Offender given penalty notice
a5d1077c6da4c2aac288ce5aaae15177518960a1b4d6cc2bca4852d319cc61be,2015-08,Essex Police,Essex Police,0.787024,51.542519,On or near KEYES CLOSE,E01015879,Southend-on-Sea 013D,Formal action is not in the public interest
ade4c96f7ca1dc6be85351ced6583fd49b08658e03b4fb120cd1402b06f7b783,2015-08,Essex Police,Essex Police,0.932614,51.876931,On or near HAVEN ROAD,E01021664,Colchester 016C,Suspect charged
5b5d80cb32e7c7fea1dbe88dc94c334a16afbd91fc3b8c48d57d9752654eb7fc,2015-08,Essex Police,Essex Police,0.797028,51.549018,On or near MILTON HALL CLOSE,E01021924,Rochford 010E,Unable to prosecute suspect
7adf4422e55cf8b25406e6138f2bebe8997f2b3b6f9cfee16dfa7652def3c840,2015-08,Essex Police,Essex Police,0.100383,51.768341,On or near Sports/Recreation Area,E01021849,Harlow 003A,Formal action is not in the public interest
f5e792140025291ddad8fe4e3601a1876fa0b1b3da62b41fe3bb7ccbf5a42924,2015-08,Essex Police,Essex Police,1.146196,51.789968,On or near Supermarket,E01022038,Tendring 017E,Suspect charged
5bdf3f32bbd7927f948bea5ef1358ded668035fdd0ebec6e821f3d2f69d70b4b,2015-08,Essex Police,Essex Police,0.343882,51.469539,On or near THURROCK PARK WAY,E01016003,Thurrock 018A,Suspect charged
5bdf3f32bbd7927f948bea5ef1358ded668035fdd0ebec6e821f3d2f69d70b4b,2015-08,Essex Police,Essex Police,0.343882,51.469539,On or near THURROCK PARK WAY,E01016003,Thurrock 018A,Suspect charged
9691a791b2a2974e9c3b2a80794f374539d4069122a77373649ec96446b23ad1,2015-08,Essex Police,Essex Police,0.712497,51.540310,On or near Bus/Coach Station,E01015895,Southend-on-Sea 010A,Unable to prosecute suspect
44907737530ac60643371a2b230a17ab68db7677ccc847ad2bb84927f85bf809,2015-08,Essex Police,Essex Police,0.915055,51.883582,On or near REBOW STREET,E01021687,Colchester 011E,Unable to prosecute suspect
b148a2e969cf18eb4be72fecd3b7b179ecd80e9fd53e91e7f981167787c561bf,2015-08,Essex Police,Essex Police,0.475214,51.731744,On or near Shopping Area,E01033140,Chelmsford 010F,Suspect charged
e4fd487225688ce14aebe4775a093ca583525aefb07b3e59433801e8a0f5039b,2015-08,Essex Police,Essex Police,0.476668,51.731317,On or near Shopping Area,E01033140,Chelmsford 010F,Suspect charged
56389a27e30db54fadc8313024c8fbe3be92ca5d30a902349d21ea4238152138,2015-08,Essex Police,Essex Police,0.700245,51.566485,On or near EASTWOODBURY CRESCENT,E01015867,Southend-on-Sea 002E,Suspect charged
56389a27e30db54fadc8313024c8fbe3be92ca5d30a902349d21ea4238152138,2015-08,Essex Police,Essex Police,0.700245,51.566485,On or near EASTWOODBURY CRESCENT,E01015867,Southend-on-Sea 002E,Offender given a caution
95e612f5c61ece6f63a7c0c72c66c6743663e9d39cf9b5728f5896c5704e19f6,2015-08,Essex Police,Essex Police,0.406175,51.900301,On or near BRICK KILN LANE,E01022088,Uttlesford 008E,Unable to prosecute suspect
95e612f5c61ece6f63a7c0c72c66c6743663e9d39cf9b5728f5896c5704e19f6,2015-08,Essex Police,Essex Police,0.406175,51.900301,On or near BRICK KILN LANE,E01022088,Uttlesford 008E,Unable to prosecute suspect
30087c8004735a37dec5f481c85924ba844cc075f3a21a397a63a227866e1572,2015-08,Essex Police,Essex Police,0.822149,51.624566,On or near OYSTER CLOSE,E01021880,Maldon 008E,Local resolution
143271b69cb1afec94ca038d47af7cab8adaf655941f6f22a61be621e8fa0130,2015-08,Essex Police,Essex Police,0.660062,51.569319,On or near FAIRFIELD ROAD,E01015833,Southend-on-Sea 001A,Formal action is not in the public interest
493160688fc0c660f14d02c9189a3cad820c1d65ff9ea825cb97f52ea5cc9b90,2015-08,Essex Police,Essex Police,0.452440,51.747132,On or near LANGTON AVENUE,E01021596,Chelmsford 006E,Formal action is not in the public interest
493160688fc0c660f14d02c9189a3cad820c1d65ff9ea825cb97f52ea5cc9b90,2015-08,Essex Police,Essex Police,0.452440,51.747132,On or near LANGTON AVENUE,E01021596,Chelmsford 006E,Formal action is not in the public interest
531f441335b3afa9ff7f65f24c1f3cf3447e010d862928ba8c943c63a863b9c9,2015-08,Essex Police,Essex Police,0.487178,51.732031,On or near SHELLEY ROAD,E01021629,Chelmsford 008F,Suspect charged
e37992d1fc58527fefa285b279264ebb4cd17c9e97f1bb557db4d1151900cdf9,2015-08,Essex Police,Essex Police,0.397253,51.509757,On or near Petrol Station,E01015979,Thurrock 004C,Local resolution
a0bdefd6236f834c6ef6b98a93034ba780c2eee0bf5a5cdd74506d28610880dc,2015-08,Essex Police,Essex Police,0.404283,51.539794,On or near Parking Area,E01015978,Thurrock 004B,Suspect charged
2f039d6aec5719eb78cb30b0c74df2115cc279eb1476bccc3f2aca64da31b2fb,2015-08,Essex Police,Essex Police,0.697881,51.536078,On or near WINTON AVENUE,E01015853,Southend-on-Sea 015C,Local resolution
fbe27956b60a46a1c5ddd99bc569de9505df4537725ff1461b1a8d324f0bdf16,2015-08,Essex Police,Essex Police,0.697881,51.536078,On or near WINTON AVENUE,E01015853,Southend-on-Sea 015C,Local resolution
001f8c7c89555f0557d3bff1cf28e590546d1dc454fccb59aa06ca7940f66dba,2015-08,Essex Police,Essex Police,0.295409,51.612705,On or near MILTON ROAD,E01021439,Brentwood 007C,Suspect charged
a69d99a8961e328f63aa6b380c19d56bec3a0c71b5974937c850942c185d1a0e,2015-08,Essex Police,Essex Police,0.367091,51.479496,On or near LEA ROAD,E01015935,Thurrock 012C,Formal action is not in the public interest
a69d99a8961e328f63aa6b380c19d56bec3a0c71b5974937c850942c185d1a0e,2015-08,Essex Police,Essex Police,0.367091,51.479496,On or near LEA ROAD,E01015935,Thurrock 012C,Formal action is not in the public interest
64a15e5de5e08eb576ca98d116fcfe67f7ae47a5a55938720b09b9b8c55ced20,2015-08,Essex Police,Essex Police,0.275564,51.489033,On or near Supermarket,E01016012,Thurrock 015C,Offender given a caution
64a15e5de5e08eb576ca98d116fcfe67f7ae47a5a55938720b09b9b8c55ced20,2015-08,Essex Police,Essex Police,0.275564,51.489033,On or near Supermarket,E01016012,Thurrock 015C,Offender given a caution
42be266d2136f241b9ce864ff7822dbbdcf398f0079d4de3366e999411aea4d4,2015-08,Essex Police,Essex Police,0.710081,51.539700,On or near Further/Higher Educational Building,E01015854,Southend-on-Sea 015D,Offender given a caution
46c4710f74d05a31dd0a970a595a1085145232e8ba84b4b48860afc49a79a19d,2015-08,Essex Police,Essex Police,-0.003372,51.686286,On or near SILVER STREET,E01021818,Epping Forest 009C,Unable to prosecute suspect
3565f7e037be21871cbdda6657ea119b45171f236b7f51927e6161c90b9bef2a,2015-08,Essex Police,Essex Police,0.562265,51.875368,On or near THE YARD,E01033458,Braintree 009E,Unable to prosecute suspect
6f11581ab40f146a14fdc2a2c51eb3fb362c09e12d4824f68a9bcfabebaf385d,2015-08,Essex Police,Essex Police,1.151023,51.790144,On or near PIER AVENUE,E01022026,Tendring 016C,Formal action is not in the public interest
0eea6eec64840178616dc1916b3d172e36153d7473cbc874c5821cf80b4e8051,2015-08,Essex Police,Essex Police,0.538606,51.608649,On or near Bus/Coach Station,E01021340,Basildon 007C,Suspect charged
a42b0bd756cf7a13f71957023a8839d16cc2b03f64df8aa601130353c83a7d44,2015-08,Essex Police,Essex Police,1.149490,51.790419,On or near ROSEMARY ROAD WEST,E01022026,Tendring 016C,Unable to prosecute suspect
f3a9ab9d6c91e9ce8607af3f63b4161dfd520eb7823ffbfb388d8875b5683ee6,2015-08,Essex Police,Essex Police,0.517396,51.741792,On or near COWDRIE WAY,E01033142,Chelmsford 005E,Suspect charged
776fc4b50f9776a8f6569c9445e216f8b2f64dd0f71ed1a2ac47198b410b7246,2015-08,Essex Police,Essex Police,0.551543,51.878451,On or near Nightclub,E01021365,Braintree 009D,Formal action is not in the public interest
776fc4b50f9776a8f6569c9445e216f8b2f64dd0f71ed1a2ac47198b410b7246,2015-08,Essex Police,Essex Police,0.551543,51.878451,On or near Nightclub,E01021365,Braintree 009D,Formal action is not in the public interest
30e3f3097d7a121780cba26c1b2133e1f4f0535e0768862ec302421d75335f0d,2015-08,Essex Police,Essex Police,0.935973,51.887442,On or near AFFLECK ROAD,E01021699,Colchester 008D,Suspect charged
7c7e4349998f126f92836f2aa8861694834217f446d8ffe5502cb196501e6279,2015-08,Essex Police,Essex Police,1.149490,51.790419,On or near ROSEMARY ROAD WEST,E01022026,Tendring 016C,Offender given a caution
2da7ddcad59dabf8da47e3949df5ea1c3762f2313ac7d32a8252e6446e01296f,2015-08,Essex Police,Essex Police,1.149490,51.790419,On or near ROSEMARY ROAD WEST,E01022026,Tendring 016C,Offender given a caution
bec5748fe2882438c5d9fbb3f65592b6948c4ad2eaa0ac4e78d41520cb4c359c,2015-08,Essex Police,Essex Police,1.107291,51.773626,On or near WOLSELEY AVENUE,E01021988,Tendring 018A,Formal action is not in the public interest
bec5748fe2882438c5d9fbb3f65592b6948c4ad2eaa0ac4e78d41520cb4c359c,2015-08,Essex Police,Essex Police,1.107291,51.773626,On or near WOLSELEY AVENUE,E01021988,Tendring 018A,Suspect charged
b824db5ec57cdc6da2b8126ece5ddbcdbdd189de1f38aabebe117e1858fd738b,2015-08,Essex Police,Essex Police,0.555967,51.889336,On or near COLDNAILHURST AVENUE,E01021359,Braintree 008D,Local resolution
f1d2902e70b2dd2a2c1fd0fe4bfdf2c0823c14eba3dc0898303aabb6c56593f9,2015-08,Essex Police,Essex Police,0.679735,51.548510,On or near WESTBOURNE GROVE,E01015905,Southend-on-Sea 007E,Unable to prosecute suspect
a4ecbc8cc7c23e72217dab5ab3d54a0ee2ac3a2155280ffabea6797055078835,2015-08,Essex Police,Essex Police,0.079667,51.649576,On or near IBBETSON PATH,E01021776,Epping Forest 011C,Investigation complete; no suspect identified
2ee94590281df069b5f2f54c8ed03e54fb7970025957997c826b6c96b2a85a33,2015-08,Essex Police,Essex Police,1.102765,51.773377,On or near ALVIS AVENUE,E01021988,Tendring 018A,Unable to prosecute suspect
7200ba7451968547f92d0c2d27fe6d34a90a4702b9faab1397a58b9cb10388c0,2015-08,Essex Police,Essex Police,0.419134,51.579409,On or near BRIAR MEAD,E01021273,Basildon 014A,Unable to prosecute suspect
0ea7c252bdb9d5e40964c2018af71963953832c9fe0f42625ce307e357e6e535,2015-08,Essex Police,Essex Police,0.911734,51.880985,On or near MYRTLE GROVE,E01021688,Colchester 011F,Investigation complete; no suspect identified
c68c2c7dda547b7c851ad4b08c14043fad70bff86a35b9ea6e6f03e63b5e32e8,2015-08,Essex Police,Essex Police,0.364080,51.484494,On or near SCOTT ROAD,E01015934,Thurrock 012B,Unable to prosecute suspect
d9cbaf4d01d3f05836811513370da91375f30d60698f49cc274b318e3c27697c,2015-08,Essex Police,Essex Police,0.298763,51.611605,On or near WARLEY HILL,E01021475,Brentwood 007E,Unable to prosecute suspect
4e5f1b732dc4686bfbb3fe76ed682ce3e6d1886dfba585ddee5a5450943b93e9,2015-08,Essex Police,Essex Police,0.892234,51.895496,On or near ROTARY WAY,E01021646,Colchester 007A,Investigation complete; no suspect identified
c5a9f7f44140badd8f7518290befd09a22b7b7c89c7b1d8cf61e7271772a120b,2015-08,Essex Police,Essex Police,0.541834,51.629201,On or near LYNFORDS AVENUE,E01021594,Chelmsford 021B,Unable to prosecute suspect
603ff98b7ba81fee324680c84f2b0b43a17acc69275008722850d1d3cfa72c96,2015-08,Essex Police,Essex Police,0.622053,51.584924,On or near TUDOR CLOSE,E01021951,Rochford 008B,Unable to prosecute suspect
bdffa14c8360997c01e844d72054a319e74c0e5721f4d83077f7366972a4ae5a,2015-08,Essex Police,Essex Police,0.462141,51.524798,On or near Petrol Station,E01015945,Thurrock 002A,Investigation complete; no suspect identified
f48a78d31b6bdcbb92f741c0e297a46538b9919421001b1d2a4772645d044e28,2015-08,Essex Police,Essex Police,0.363301,51.481128,On or near CHELMER ROAD,E01015935,Thurrock 012C,Unable to prosecute suspect
7e1daa8aec6077ee5df2410acfbfdd69b652e97f2465be734c8cc3fe8b35cb3e,2015-08,Essex Police,Essex Police,0.701377,51.536897,On or near ST VINCENT'S ROAD,E01015853,Southend-on-Sea 015C,Unable to prosecute suspect
d1b8de265b905be54734d91160295bacd7750dad7649e18e1009a0277a4a2e3d,2015-08,Essex Police,Essex Police,0.271332,51.491121,On or near Petrol Station,E01016012,Thurrock 015C,Investigation complete; no suspect identified
b90470a1c6750d8bf6a9f79528b77d5b413c777c4814a7741cc7d4534f1558f4,2015-08,Essex Police,Essex Police,0.630387,51.804805,On or near STOURTON ROAD,E01021428,Braintree 015F,Investigation complete; no suspect identified
1688aa237d9639d23fb7bc92126f659d6cdac2e5d4fa7ac059a12782b568e16f,2015-08,Essex Police,Essex Police,1.148149,51.793234,On or near OLD ROAD,E01022026,Tendring 016C,Unable to prosecute suspect
87bf7812485d50c70cf37184bfae297dbc2f5a75ff3b18ed3cd995d9df4049d3,2015-08,Essex Police,Essex Police,1.153340,51.787393,On or near Nightclub,E01022025,Tendring 016B,Unable to prosecute suspect
ef3963991d941145b218cf28846c5e199f1756b73b5ad5c1469b22df14590bf9,2015-08,Essex Police,Essex Police,0.897177,51.898216,On or near POPLAR HALL CLOSE,E01021650,Colchester 007E,Investigation complete; no suspect identified
8fcdc6604421462ad7b606cd00b88ac5ace5e562710dd0c5af6edc9acea24a63,2015-08,Essex Police,Essex Police,0.518537,51.614271,On or near MARKET AVENUE,E01021331,Basildon 008A,Unable to prosecute suspect
2d3b5da0fae6b2e33f9b9587d1016c0894d14c60fb09850633040ca4f43c7f34,2015-08,Essex Police,Essex Police,1.142830,51.806004,On or near DUPONT CLOSE,E01021976,Tendring 013B,Formal action is not in the public interest
448db5834bfc04f93a75d17d366bd6d69daf94f57a500754e7117e401dee6394,2015-08,Essex Police,Essex Police,1.159058,51.817100,On or near WOODFORD CLOSE,E01022040,Tendring 010C,Formal action is not in the public interest
340625a193f8f152ef45c979cb030945978eba9e6aaa4b81ca95dd40dac213a1,2015-08,Essex Police,Essex Police,0.577019,51.516160,On or near LAVENDER MEWS,E01021502,Castle Point 011E,Unable to prosecute suspect
d7b9cba57b996ff133ff6283aac2dda992e1187b75bcc1f57901fe70cc988a97,2015-08,Essex Police,Essex Police,0.328663,51.630809,On or near Supermarket,E01021465,Brentwood 005D,Unable to prosecute suspect
10cc856eedce3b83b8eda7714ae97bec3be2d873b97eca030d61740caa7421e4,2015-08,Essex Police,Essex Police,0.474246,51.698112,On or near HOME MEAD,E01021554,Chelmsford 017C,Unable to prosecute suspect
45527918e02d7e5873b92c474caa8c599f2f04e5f0298aa590974cf69b7274fb,2015-08,Essex Police,Essex Police,0.261741,51.889938,On or near Airport/Airfield,E01022090,Uttlesford 006B,Investigation complete; no suspect identified
e6e6a65d79ec39523aaec7e612c9d137a4ad79c3fea863e68220cb072da4a592,2015-08,Essex Police,Essex Police,0.261741,51.889938,On or near Airport/Airfield,E01022090,Uttlesford 006B,Investigation complete; no suspect identified
f7cb6fa774476c4900a6e94d79a6d273e9cb22f5b7e4b48356de614dfc40494b,2015-08,Essex Police,Essex Police,0.344899,51.645253,On or near Petrol Station,E01021467,Brentwood 005F,Investigation complete; no suspect identified
9b62ac8f0bc8e744e45ca554ec9a138138f74c8bcbdb30cbdf7ff4b23e4640a3,2015-08,Essex Police,Essex Police,0.725741,51.800968,On or near STONE LANE,E01021725,Colchester 020C,Investigation complete; no suspect identified
2008f076698ee9f71372df0c669a5665ce02acc71c891714b1b4d7fe44865317,2015-08,Essex Police,Essex Police,0.646417,51.798366,On or near PASTURE ROAD,E01021415,Braintree 017A,Unable to prosecute suspect
c679f6f7f0cd2fd7e53a648e49da1006165ddafb3e5618b10fc8bc21e3dc2c70,2015-08,Essex Police,Essex Police,0.262937,51.889457,On or near TERMINAL ROAD NORTH,E01022090,Uttlesford 006B,Unable to prosecute suspect
142942e4de3b774c6c794aaa8e0ffa554b16827a0c1b87e50f70f4a620a3d25b,2015-08,Essex Police,Essex Police,0.438433,51.527650,On or near TUROLD ROAD,E01015999,Thurrock 001E,Investigation complete; no suspect identified
3ddfcccbd9d7e14b544155479bf3d02717cdb5026b6fbe6cd405023ae647149d,2015-08,Essex Police,Essex Police,0.857819,51.883252,On or near CHRISTINE CHASE,E01021691,Colchester 014C,Unable to prosecute suspect
8f781230212128ee2ba591a8d6c4df5cbda47dd1e853b241738ea6fea74e4a71,2015-08,Essex Police,Essex Police,0.282488,51.487496,On or near Shopping Area,E01016011,Thurrock 015B,Formal action is not in the public interest
2b720787d46f19919327880776e30c234c5d70ba8e6631b66eee949ddd0c586a,2015-08,Essex Police,Essex Police,0.686523,51.539595,On or near AILSA ROAD,E01015827,Southend-on-Sea 012A,Unable to prosecute suspect
43253a4cf51746c187a71993940062840da3d78f3be1519464460ff46e4356b9,2015-08,Essex Police,Essex Police,0.634279,51.789942,On or near RAVEL AVENUE,E01033461,Braintree 017G,Unable to prosecute suspect
0a6884f4ed18ca1bfc5258b2e9f700103ad73183471604da70ceac7aeda2bb6e,2015-08,Essex Police,Essex Police,0.068072,51.660032,On or near GOLDINGS RISE,E01021788,Epping Forest 012C,Investigation complete; no suspect identified
20f7a234e3b15ed86fae912f795d772d7777874c03958439f2e217b875ca2aa4,2015-08,Essex Police,Essex Police,1.152215,51.788718,On or near Shopping Area,E01022025,Tendring 016B,Unable to prosecute suspect
1ed777b4430ea413e23f4edba592dc564232123335962f581fc7f756627f2cea,2015-08,Essex Police,Essex Police,0.652838,51.604369,On or near WOODSTOCK CRESCENT,E01021936,Rochford 003D,Investigation complete; no suspect identified
fafc0c475664d5e7ca7e790fe8bc21d1732b0a11fb472582081e2aa47710462a,2015-08,Essex Police,Essex Police,0.404794,51.617277,On or near TYE COMMON ROAD,E01021256,Basildon 004D,Unable to prosecute suspect
afea7fbd91f0ff421692b8d3c34bc3d3b76cf16a9fc2ce6357552e7614f2dfb2,2015-08,Essex Police,Essex Police,1.153930,51.797297,On or near ETON ROAD,E01022043,Tendring 014B,Investigation complete; no suspect identified
a79de962cd77a00946e306c5ed25b4231ed76d7d8ee0c9a650a89adde37e5394,2015-08,Essex Police,Essex Police,1.154230,51.798063,On or near OXFORD CRESCENT,E01022043,Tendring 014B,Investigation complete; no suspect identified
2bfc0f0cee28a58a09d1fb045dffc41d52cf4c42f2f65782300dc2ab81e7c52f,2015-08,Essex Police,Essex Police,0.156495,51.711597,On or near PIKE WAY,E01021799,Epping Forest 001E,Investigation complete; no suspect identified
27407a2cb91b848dd1204cd72f769399d9f07a615d7fe9efd538f9523bf0b7a0,2015-08,Essex Police,Essex Police,0.580560,51.530094,On or near BRIARSWOOD,E01021506,Castle Point 008E,Investigation complete; no suspect identified
1203f43dcf3c5a4ec6ee73bd4d189b3597702a6a974c84b03bcf904fc79474c3,2015-08,Essex Police,Essex Police,0.108196,51.694291,On or near MADELLS,E01021758,Epping Forest 006C,Investigation complete; no suspect identified
35ef4d4fd0aadaf59717b8bc85f36a9ac92078a660374c6a346cd591096ebecf,2015-08,Essex Police,Essex Police,1.131771,51.799050,On or near AZALEA WAY,E01022023,Tendring 015A,Unable to prosecute suspect
b788edb0947106abbaa0eb3e9cbab1b5c2709138362418f9428a45e02701e519,2015-08,Essex Police,Essex Police,0.708533,51.543990,On or near VICTORIA AVENUE,E01015895,Southend-on-Sea 010A,Unable to prosecute suspect
02f0a370ea6ab0854a333b77de770ac745c68a4bd6324567fcd8de069c324144,2015-08,Essex Police,Essex Police,0.541834,51.629201,On or near LYNFORDS AVENUE,E01021594,Chelmsford 021B,Unable to prosecute suspect
4b9552216c48ea9940611e2d3cda783cc63ba0cdb5e21f1cf28af091c61bcaee,2015-08,Essex Police,Essex Police,0.082125,51.646763,On or near Petrol Station,E01021776,Epping Forest 011C,Unable to prosecute suspect
ea764f120f552f4c8dfd678ddf14146cbbb7aef24fcaac177d99e822ad0673dc,2015-08,Essex Police,Essex Police,0.781203,51.533403,On or near NESS ROAD,E01015917,Southend-on-Sea 017D,Unable to prosecute suspect
1da9522b900cbae18a2bebe1a6d037caccdb3f1f6b553f702489dd6c645b9bc6,2015-08,Essex Police,Essex Police,0.684702,51.545167,On or near LONDON ROAD,E01015832,Southend-on-Sea 012F,Unable to prosecute suspect
e141c0282d4b8bbe7e35c3122e82ea476bc953990189fec1f6b3915e1ca5e7b6,2015-08,Essex Police,Essex Police,0.577019,51.516160,On or near LAVENDER MEWS,E01021502,Castle Point 011E,Unable to prosecute suspect
5fb076fe111493a5250e519d4a2952ee70c5bad4a3cda9ca0ee26553ac346251,2015-08,Essex Police,Essex Police,0.681655,51.548295,On or near FAIRMEAD AVENUE,E01015903,Southend-on-Sea 007C,Unable to prosecute suspect
0720f5670cc698ace6119da64dbdc1d6f424bf6d4b1aa38e2fc26c0ca87db257,2015-08,Essex Police,Essex Police,0.323992,51.477085,On or near Shopping Area,E01015954,Thurrock 017D,Unable to prosecute suspect
6d709738127a962d7bea63e4687d059e03cfc3a7a88e306e2bac79485ff56a20,2015-08,Essex Police,Essex Police,0.261417,51.506475,On or near PARK LANE,E01015924,Thurrock 008C,Unable to prosecute suspect
6c81a56ea8e4df10c0715fb7176753fba9dfcbf0ff838042f3f33492f0be0c6d,2015-08,Essex Police,Essex Police,0.122161,51.676387,On or near Pedestrian Subway,E01021800,Epping Forest 003C,Unable to prosecute suspect
b41ae34c3e52f6d1fcffc8e0ec07dd9c62ea2fe2ec403bdcd6bb6230e1c4dee9,2015-08,Essex Police,Essex Police,0.447145,51.590061,On or near GATE LODGE WAY,E01021260,Basildon 009D,Investigation complete; no suspect identified
e4d602ce053a562ab09b2b383cbbd0c682d9c895f6c46ef0b800b6e3b6cb6975,2015-08,Essex Police,Essex Police,0.090065,51.747347,On or near MOORFIELDS,E01021862,Harlow 011A,Unable to prosecute suspect
627a19ec5a32d4915e517bbbe52e0afb1d774afd818527e384fd29a9b5e5310b,2015-08,Essex Police,Essex Police,0.781177,51.531560,On or near CHELMER WAY,E01015917,Southend-on-Sea 017D,Unable to prosecute suspect
2602ad6a4d415d5a4e214c14613e153fc2a87146a38e076e11e3042f03c4ce8f,2015-08,Essex Police,Essex Police,0.280895,51.506079,On or near FAYMORE GARDENS,E01015929,Thurrock 007C,Unable to prosecute suspect
eeea9cd5730829f57909856846ce8837a67555c87a306be4159b9dad8c062455,2015-08,Essex Police,Essex Police,0.366046,51.462915,On or near ARKWRIGHT ROAD,E01016009,Thurrock 018G,Unable to prosecute suspect
03a745c7030074022cd87491f85735aff0c015c99bfff5aeb2b0bc8410178819,2015-08,Essex Police,Essex Police,1.083388,51.943334,On or near MILLERS REACH,E01022020,Tendring 003F,Unable to prosecute suspect
48dba63d661b7ba5e7568750f57c00413084ea3fa554100d7c47fd5c532774a6,2015-08,Essex Police,Essex Police,0.298405,51.605965,On or near NORTHEND,E01021472,Brentwood 008C,Unable to prosecute suspect
442cb4b1bb5868af6dfc2876d587c3f0ecb61ddd42278c57118345083c247782,2015-08,Essex Police,Essex Police,0.891763,51.887710,On or near CROUCH STREET,E01021649,Colchester 007D,Unable to prosecute suspect
2b15daf97de5f8da1979d9329b5d06ef4ff14714529e78f71392f5d3ecb07af6,2015-08,Essex Police,Essex Police,1.152215,51.788718,On or near Shopping Area,E01022025,Tendring 016B,Unable to prosecute suspect
c57ed0c6791aed4651b15ef919ec30ef9e16941a06a71f99883d59581d66c081,2015-08,Essex Police,Essex Police,0.091838,51.768151,On or near PLAYHOUSE SQUARE,E01021872,Harlow 007E,Unable to prosecute suspect
7635603c0f299ff074ddf2fbfa4881a4974cd4a6a83668823ed3513c59762b57,2015-08,Essex Police,Essex Police,0.716192,51.535521,On or near HEYGATE AVENUE,E01015852,Southend-on-Sea 015B,Investigation complete; no suspect identified
dc8b6985ff9dda123e6544f59f96ae8af666a24b839924b7b4050178a19e1361,2015-08,Essex Police,Essex Police,0.261741,51.889938,On or near Airport/Airfield,E01022090,Uttlesford 006B,Unable to prosecute suspect
9ab88c47c05468d7f6fabd61eab0500f3532cbac1846bc8efe2a22194745bfbe,2015-08,Essex Police,Essex Police,0.297846,51.600607,On or near BECKET CLOSE,E01021473,Brentwood 008D,Investigation complete; no suspect identified
8513e33c345dd18d88cefde8f7668c50c5635231b0412ac4f14278520dd010bc,2015-08,Essex Police,Essex Police,0.110546,51.696290,On or near NICHOLL ROAD,E01021757,Epping Forest 006B,Unable to prosecute suspect
661be8d3bf6c4fea4455158614193994c1208f8a2cf8001e9c7bc1047f1842a8,2015-08,Essex Police,Essex Police,0.781177,51.531560,On or near CHELMER WAY,E01015917,Southend-on-Sea 017D,Unable to prosecute suspect
88f54549c08fd1a5c3f4f6854e22006581896e62b1de52d305203b7b2fef81fa,2015-08,Essex Police,Essex Police,0.939177,51.896445,On or near Supermarket,E01021705,Colchester 022G,Investigation complete; no suspect identified
49d9fbecbe78b7bae256453bfe7518289ac33e2c507c2658bc669520300db015,2015-08,Essex Police,Essex Police,0.517651,51.622537,On or near ALDERNEY GARDENS,E01021338,Basildon 005C,Investigation complete; no suspect identified
d227110d92510564cd038295e50cdb5e02d81bcd9ba5fac387d041cd1af2c770,2015-08,Essex Police,Essex Police,0.771720,51.877452,On or near BURY CLOSE,E01021678,Colchester 010E,Investigation complete; no suspect identified
3584ee6f6346f0f6ddc05df5638b3b3a710e73c7f94f99c66da961904c589686,2015-08,Essex Police,Essex Police,1.279473,51.937104,On or near Supermarket,E01022001,Tendring 001D,Unable to prosecute suspect
f224ef266539b7d5afca3da771ad762cb26c4cea89af6f16b7880a8211cd29c6,2015-08,Essex Police,Essex Police,0.328361,51.474075,On or near EXMOUTH ROAD,E01015954,Thurrock 017D,Investigation complete; no suspect identified
e32cb561b4528625a0a2c1bd9fb658f97683e7176ed861c11c7a9ee4056ae568,2015-08,Essex Police,Essex Police,0.277434,51.486092,On or near Shopping Area,E01016012,Thurrock 015C,Unable to prosecute suspect
0cc770c68a2df80ca8dbe7bd28bd9c2b65e6639092e2ae63e4637fbea9998f7c,2015-08,Essex Police,Essex Police,0.901567,51.857385,On or near FRIDAY WOOD GREEN,E01021639,Colchester 018C,Investigation complete; no suspect identified
c658bff8aec895437ff7aad20c7ff0fbf88f09e13f264b9d66e98c49a378c23b,2015-08,Essex Police,Essex Police,0.579366,51.515353,On or near AZALEA MEWS,E01021502,Castle Point 011E,Unable to prosecute suspect
b494ba708d88cd79c67bd44841b3a3680bdd10a2c593c7bd06f6965648db0a84,2015-08,Essex Police,Essex Police,0.697430,51.538436,On or near HERMITAGE ROAD,E01015856,Southend-on-Sea 015F,Unable to prosecute suspect
073390bde72ef29ecb862c7c9600a1ec87af3b6b38ca59e1a1e52a2764e75cff,2015-08,Essex Police,Essex Police,0.322308,51.614460,On or near THE LIMES,E01021435,Brentwood 008A,Investigation complete; no suspect identified
fcc051c33945d8de715b0584523a219a5fd6e0956fcf9329e6d1d94a641baa35,2015-08,Essex Police,Essex Police,0.524386,51.714905,On or near GABLEFIELDS,E01021571,Chelmsford 013E,Unable to prosecute suspect
b3fda603f6be51d376d2d128fc91dd7b1343d4343a2360634878877909418dd8,2015-08,Essex Police,Essex Police,0.036050,51.701418,On or near BROOKMEADOW WAY,E01021812,Epping Forest 009B,Investigation complete; no suspect identified
197d6056495a11b3b676756314cd6619eaf9cff7bcc1d407e8543a4990378f6b,2015-08,Essex Police,Essex Police,0.236666,51.716384,On or near CRIPSEY AVENUE,E01021802,Epping Forest 004D,Unable to prosecute suspect
443822d1e618ecc8229c70fca32767e8affc325aafd324f4a16365590b5ad6fb,2015-08,Essex Police,Essex Police,0.462775,51.703003,On or near RUNNING MARE LANE,E01021559,Chelmsford 017E,Unable to prosecute suspect
9aad352c746564156ce58c75a282b2cf0975a364c306b399e4953b024bc80f25,2015-08,Essex Police,Essex Police,0.743905,51.550066,On or near VALLANCE CLOSE,E01015886,Southend-on-Sea 009D,Unable to prosecute suspect
104f54c0eb4614af73f7224c9eefc853606c13c639b573072408b978ffeb3e05,2015-08,Essex Police,Essex Police,0.371713,51.464752,On or near COWPER AVENUE,E01016009,Thurrock 018G,Unable to prosecute suspect
00682fd9501a6ac0457d79dcc647ebf81d74f37eb1f5679ab2af247439db40f3,2015-08,Essex Police,Essex Police,0.629481,51.578813,On or near LANCASTER GARDENS,E01021946,Rochford 009A,Suspect charged
191cf5787192731c5f77110a3f161710ba20379e188c3aca854bfebdaa67593f,2015-08,Essex Police,Essex Police,-0.000515,51.687110,On or near DARBY DRIVE,E01021818,Epping Forest 009C,Suspect charged
5fa490a40ce7bdc4a578eae7da66d79a4db923c3ba546e321e449167dfbcca8f,2015-08,Essex Police,Essex Police,0.712013,51.538486,On or near Nightclub,E01015852,Southend-on-Sea 015B,Offender given a caution
d9b311bf8304054cfeb518720efd699091ac756a5eac8e260264f0451db9a5e5,2015-08,Essex Police,Essex Police,0.716199,51.548714,On or near CEDAR CLOSE,E01015897,Southend-on-Sea 010C,Suspect charged
d9b311bf8304054cfeb518720efd699091ac756a5eac8e260264f0451db9a5e5,2015-08,Essex Police,Essex Police,0.716199,51.548714,On or near CEDAR CLOSE,E01015897,Southend-on-Sea 010C,Suspect charged
d9b311bf8304054cfeb518720efd699091ac756a5eac8e260264f0451db9a5e5,2015-08,Essex Police,Essex Police,0.716199,51.548714,On or near CEDAR CLOSE,E01015897,Southend-on-Sea 010C,Suspect charged
ad4f80cf5f4959a9d0755af006e1e0cb685240c74bce6f77718e29b1912b00ac,2015-08,Essex Police,Essex Police,0.471763,51.729820,On or near Supermarket,E01033140,Chelmsford 010F,Suspect charged
b0dd007921051996a9c6087e82ba597b0c95023f68e6f38cb8d46ab376e94fc3,2015-08,Essex Police,Essex Police,0.552537,51.878313,On or near MARKET PLACE,E01033459,Braintree 009F,Suspect charged
817b913acfafb5393325cd894aa7250c935826f0832defd5e62f46f5f7e32ae0,2015-08,Essex Police,Essex Police,1.154724,51.788722,On or near PALLISTER ROAD,E01022025,Tendring 016B,Suspect charged
c7d2d48589d58cb26431718a484789eade77bcd980936ce3f0a44448fee71a27,2015-08,Essex Police,Essex Police,0.083274,51.766631,On or near THE WRENS,E01021842,Harlow 004D,Suspect charged
1227a641fdc041dacf7f95ee7c7137da46dff8ca897a9ecabb8da1fb5ccd2593,2015-08,Essex Police,Essex Police,0.327036,51.475783,On or near THE RETREAT,E01015952,Thurrock 017B,Suspect charged
afd55f8d3dc3d86f76d5a1df31b216d37550387d55bcffde6a220f12c9f650e5,2015-08,Essex Police,Essex Police,0.841355,51.888111,On or near Petrol Station,E01021719,Colchester 012B,Suspect charged
afd55f8d3dc3d86f76d5a1df31b216d37550387d55bcffde6a220f12c9f650e5,2015-08,Essex Police,Essex Police,0.841355,51.888111,On or near Petrol Station,E01021719,Colchester 012B,Suspect charged
a5d318168e45ff1186d3c70adc6792796978d41eee8ebbfd8e3048caa4fe1018,2015-08,Essex Police,Essex Police,0.326444,51.480561,On or near HAMPDEN ROAD,E01015959,Thurrock 016C,Suspect charged
78b1bdac889e5fb52b7e328cea8d53627d3d82b49f5b0e13f201991296b4aa25,2015-08,Essex Police,Essex Police,0.081853,51.650922,On or near SANDFORD AVENUE,E01021775,Epping Forest 011B,Suspect charged
347e6b633e7b043f30cf95d258e7d61679810ca76142f02abd578737c90de289,2015-08,Essex Police,Essex Police,1.281389,51.937042,On or near BAGSHAW ROAD,E01022001,Tendring 001D,Local resolution
bc67dc8661d3f7e6b876acbf76141539648bde4528d59bfeabd5bbd2d94d26a6,2015-08,Essex Police,Essex Police,0.712497,51.540310,On or near Bus/Coach Station,E01015895,Southend-on-Sea 010A,Local resolution
8e101df7f68bdb727659a5c74a4bfe21279bc156c7b0e2e4cc871dbd920ea466,2015-08,Essex Police,Essex Police,1.155313,51.791756,On or near CARNARVON ROAD,E01022027,Tendring 016D,Suspect charged
550bc2729e258cbb3c06ccc182ab0b57ff4b05337b45c42cbab77c4ae9322519,2015-08,Essex Police,Essex Police,0.515601,51.716784,On or near MOLRAMS LANE,E01021561,Chelmsford 013C,Suspect charged
c42aa4bc19a7b8a14182037acd99df067f3717cf56b2d955adc2c7ec16c3618d,2015-08,Essex Police,Essex Police,0.656749,51.569682,On or near EASTWOOD PARK CLOSE,E01015833,Southend-on-Sea 001A,Suspect charged
fa8a6111039da200964ceb4107cb5f8f5916490c5747145f9fcc3c49970c8c35,2015-08,Essex Police,Essex Police,0.515601,51.716784,On or near MOLRAMS LANE,E01021561,Chelmsford 013C,Suspect charged
1022752940bedf4714d7194ca67848486544fbae9e5c167b143328bf466c8e27,2015-08,Essex Police,Essex Police,1.154883,51.790382,On or near HIGH STREET,E01022025,Tendring 016B,Suspect charged
7a91bb55c7e6c37344f73a5dfdce318641194a14c42a6dff367f817f34e96d1b,2015-08,Essex Police,Essex Police,0.293575,51.679144,On or near REEVES CLOSE,E01021470,Brentwood 001F,Suspect charged
267bab43d0260423f52a0afc77713f3820a4a88d8a063659f3fffda5446d3578,2015-08,Essex Police,Essex Police,0.482836,51.750837,On or near TAMAR RISE,E01021623,Chelmsford 004E,Suspect charged
e70017fcfba867f9cfe42b5931c8731eccdadec9af254ed8eb645cd9b6657a10,2015-08,Essex Police,Essex Police,1.260356,51.940955,On or near Petrol Station,E01022007,Tendring 002D,Local resolution
45e325dc7df3487f63f2d1c0a38a128e4acb57fcd5890cd3791dcbc967520fc8,2015-08,Essex Police,Essex Police,0.346690,51.873239,On or near Supermarket,E01033055,Uttlesford 007E,Suspect charged
a113ac63a316571f6a0fbbb45a16aca019b4faa1da38a272ab2ddbbd026da284,2015-08,Essex Police,Essex Police,0.580370,51.887319,On or near SHEENE GROVE,E01021351,Braintree 007B,Suspect charged
b641ce194d0751c09405b60ff7a0ff160da4c3e0828c476c620a17e43edcbbf5,2015-08,Essex Police,Essex Police,0.631272,51.550093,On or near HENRY DRIVE,E01015912,Southend-on-Sea 008E,Offender given a caution
58de8841a81bd22ad855d78d774d8b746a5e8f5c45197b4a3ce9fec3edaede77,2015-08,Essex Police,Essex Police,0.548409,51.764910,On or near SHEARERS WAY,E01021537,Chelmsford 005B,Suspect charged
e5697a91708d323b914d4ae6b068805c1eaebb985a51e0b176ce571ae5346253,2015-08,Essex Police,Essex Police,0.461621,51.777417,On or near WOODLANDS WAY,E01021542,Chelmsford 002A,Suspect charged
350cc5c626005defae7abbcef98aa2776fb29c910a35ab4ce570b801ad449af6,2015-08,Essex Police,Essex Police,0.730414,51.533886,On or near MANILLA ROAD,E01015841,Southend-on-Sea 014C,Suspect charged
3c0dac4d694f245664ef250885314f634c65f47caebbaa542e46ab2b7da70032,2015-08,Essex Police,Essex Police,0.470335,51.571490,On or near PRIORS EAST,E01021321,Basildon 015E,Suspect charged
3c0dac4d694f245664ef250885314f634c65f47caebbaa542e46ab2b7da70032,2015-08,Essex Police,Essex Police,0.470335,51.571490,On or near PRIORS EAST,E01021321,Basildon 015E,Suspect charged
a210872ab9776696bbd54bae11146360139816aa9ea5a879037789f9ddf436c6,2015-08,Essex Police,Essex Police,0.462457,51.585127,On or near Nightclub,E01021268,Basildon 015B,Suspect charged
d053106a49e22b706cf2beb178365272c905667451a8f5282811915a95799af6,2015-08,Essex Police,Essex Police,0.109402,51.778358,On or near ALTHAM GROVE,E01021853,Harlow 003E,Suspect charged
643260ed803a48f800a6a2a67bcc62a0c5af15d30bdde266487dfbc276913364,2015-08,Essex Police,Essex Police,0.094895,51.770021,On or near Nightclub,E01021872,Harlow 007E,Suspect charged
09d8da0124f8e0145b8e8b63fae6457f5db598fd3a3a10b069f02cdad3ef2215,2015-08,Essex Police,Essex Police,0.502267,51.562719,On or near Supermarket,E01021310,Basildon 022B,Suspect charged
31bc9ebfbf993ab44f3dc57de952efaef7d78b5f82b83b28645a685d5a23cf1e,2015-08,Essex Police,Essex Police,1.043718,51.883812,On or near MARY LANE SOUTH,E01022051,Tendring 005C,Suspect charged
69dc1db2c03a6ff79e20cb670ceec1b05e997b01e5fbe7127d6310617530c5c9,2015-08,Essex Police,Essex Police,-0.007321,51.677729,On or near CHRISTIE ROAD,E01021817,Epping Forest 008E,Suspect charged
f97e6331a14b5e4cf8b617ab4a7fafee36640b270b45c85f7e7a92d4cab348ed,2015-08,Essex Police,Essex Police,0.313019,51.575227,On or near Petrol Station,E01021473,Brentwood 008D,Suspect charged
d3a4aec3b8a5019f9f1e5e6fb25769098592119af9fe0fa83f7ce4ffefbc7271,2015-08,Essex Police,Essex Police,0.301804,51.622040,On or near William Hunter Way,E01021433,Brentwood 007A,Suspect charged
47f03675c3e7c10789bcfcf22656d997e432f64efd92b1dcf9123cc903ddaaea,2015-08,Essex Police,Essex Police,0.045084,51.625382,On or near Supermarket,E01021748,Epping Forest 015G,Local resolution
73601b2fe4aa2036bcfd7258b3fedcbfda546ba23a91a2a22045c3a19899a91a,2015-08,Essex Police,Essex Police,0.468590,51.572578,On or near PRIORS CLOSE,E01021318,Basildon 015C,Suspect charged
9bf198d70d456f51499595a26e09120f6e30bc0f74d6ea3aff340d7db030c68f,2015-08,Essex Police,Essex Police,0.131768,51.759547,On or near POTTER STREET,E01021836,Harlow 008D,Suspect charged
78d2e2e30de2d2880103f969cfb9d9c41e061841a891c994e7dfe5a23117cc62,2015-08,Essex Police,Essex Police,0.303574,51.623606,On or near WATES WAY,E01021433,Brentwood 007A,Suspect charged
d47a2ad5b0eb89b6ead96aadf890d15bc86eb6d61542d9f1038d891e252ea2ad,2015-08,Essex Police,Essex Police,0.474116,51.572552,On or near NAPIER CLOSE,E01021321,Basildon 015E,Suspect charged
61991d99466d30cebf6e7becf6210c3cf60f5b8f7cc7ce842667dee4fc1ad17c,2015-08,Essex Police,Essex Police,0.113929,51.775651,On or near THE STOW,E01021845,Harlow 002B,Suspect charged
3676eef4782418756b0034f617c7d797935156fc3272a563513924973ada63f7,2015-08,Essex Police,Essex Police,1.086477,51.938729,On or near Sports/Recreation Area,E01022021,Tendring 003G,Local resolution
185942cb26877130c1617e42d100be2eaca801e51d00e2d8800f7569462f2e9b,2015-08,Essex Police,Essex Police,0.416916,51.625455,On or near ROSE LANE,E01021240,Basildon 003B,Suspect charged as part of another case
3e0658357d810e9a526164ea059ddc588335fa5842e22e9799ba7f3a74333363,2015-08,Essex Police,Essex Police,0.008033,51.689338,On or near QUENDON DRIVE,E01021813,Epping Forest 007B,Suspect charged
10890c0af3a5ea26233c28ff09170a8ffe25b92ac87a8f971ae1f58e15f71dce,2015-08,Essex Police,Essex Police,0.791589,51.539578,On or near FRASER CLOSE,E01015880,Southend-on-Sea 013E,Suspect charged
05ea2e8a3c380bb835b777d9390f88e5a7a8259ef158611dced8b975561ed7bc,2015-08,Essex Police,Essex Police,0.899199,51.888534,On or near TRINITY STREET,E01021649,Colchester 007D,Suspect charged
4a7c1cabd4cac8072d2537a4d0df190f0ab642c2a25507e4c8e5da90cd20c130,2015-08,Essex Police,Essex Police,0.299223,51.619294,On or near HART STREET,E01021436,Brentwood 007B,Local resolution
e02eae07556ec832d73deeafcdabb1bad0a04995224b8cd3c99add60c7bd8448,2015-08,Essex Police,Essex Police,1.154883,51.790382,On or near HIGH STREET,E01022025,Tendring 016B,Suspect charged
e02eae07556ec832d73deeafcdabb1bad0a04995224b8cd3c99add60c7bd8448,2015-08,Essex Police,Essex Police,1.154883,51.790382,On or near HIGH STREET,E01022025,Tendring 016B,Suspect charged
ef08d69a55b52ba4a02ef0b5df57a4f2755f18d94703a65641fe2fb38fbf68e8,2015-08,Essex Police,Essex Police,0.656214,51.602071,On or near Supermarket,E01021937,Rochford 003E,Suspect charged as part of another case
3d31baaf58e27118c145b1838f350f0a4834f017794d6b49a7c83fd76938ba41,2015-08,Essex Police,Essex Police,0.656291,51.567273,On or near HUDSON CRESCENT,E01015835,Southend-on-Sea 001C,Suspect charged
f3e557c2d2b543a66f44a3c1c89f488d2da0cadccde2533d19511667334e0e85,2015-08,Essex Police,Essex Police,0.656291,51.567273,On or near HUDSON CRESCENT,E01015835,Southend-on-Sea 001C,Suspect charged
389914346ac36eb2f71cc0f8e675721d4cdf48d36642055885048df90b9bcd5d,2015-08,Essex Police,Essex Police,0.536885,51.611978,On or near Supermarket,E01021339,Basildon 005D,Suspect charged as part of another case
b9716e83d7a779dd11f7d33c337333cc887b16ffcd63613ad7420ff9aa2aad21,2015-08,Essex Police,Essex Police,0.561333,51.877114,On or near WICKHAM CRESCENT,E01033458,Braintree 009E,Local resolution
26cb3d9ce6d01d22fd453d65f6e178309e6bf74963cb6d1dc95363a64452d001,2015-08,Essex Police,Essex Police,0.593599,51.523835,On or near ELDER TREE ROAD,E01021493,Castle Point 009B,Offender given a caution
e62b1436b2b05a068066156f24ae67c5f4b41f84890d40a37b22aafc5914d630,2015-08,Essex Police,Essex Police,0.636839,51.944504,On or near HIGH STREET,E01021387,Braintree 004A,Suspect charged
b733bc5a6f87d62cbc8dc74b6c8ab12e6059c7c96bfa2115d510c0fb002b351a,2015-08,Essex Police,Essex Police,0.469663,51.575056,On or near GIPPESWYCK,E01021266,Basildon 015A,Suspect charged
27b60a2d72914755391d4ac0d078a45e4f903e961a8b2d274c906e5bbcbc03b6,2015-08,Essex Police,Essex Police,0.623816,51.850745,On or near WOOD GROVE,E01021361,Braintree 012B,Formal action is not in the public interest
b57c6c5b6c9c8ed3a258b5309711f0cf5163a9840122a989b65944f9d228b0ce,2015-08,Essex Police,Essex Police,0.498958,51.713749,On or near Sports/Recreation Area,E01021566,Chelmsford 014D,Unable to prosecute suspect
3f855fb03c624fa3bd52c190d56e561837367c4e9ffed6cccfd67ccabd4d1fd8,2015-08,Essex Police,Essex Police,0.717736,51.534325,On or near HERBERT GROVE,E01015852,Southend-on-Sea 015B,Investigation complete; no suspect identified
427ad8b9a312df8c4b8972a09f46f827188e898bd2a1ed5f62ccace6dc349dfe,2015-08,Essex Police,Essex Police,0.900874,51.891524,On or near TAYLOR COURT,E01021649,Colchester 007D,Investigation complete; no suspect identified
62a7576923d3f029adac8d1a946ad0328a36f8d0462d51a230f34d4017817b7e,2015-08,Essex Police,Essex Police,0.091222,51.607591,On or near TROTWOOD,E01021765,Epping Forest 017B,Suspect charged
1ab860165b2ac87ae3c3ccf72296baf429374f17b84a40fe7ad21e6f1e6ac838,2015-08,Essex Police,Essex Police,0.275564,51.489033,On or near Supermarket,E01016012,Thurrock 015C,Investigation complete; no suspect identified
aae3a4a451916d8df301485b0f06dfb5c70b1faa4e2015984911eac60bf3921d,2015-08,Essex Police,Essex Police,1.273035,51.936411,On or near Supermarket,E01022000,Tendring 002A,Investigation complete; no suspect identified
77a82b68a48b3e6bda5292b2d04d3c9dfdc17f33d1d6d8d7a3336c49e4428ff2,2015-08,Essex Police,Essex Police,0.470782,51.577856,On or near THE TURPINS,E01021268,Basildon 015B,Formal action is not in the public interest
eb172d02420e819d0504fd19511eeb5fe1e1e3a0876334d9be8260bf9c393b55,2015-08,Essex Police,Essex Police,0.505906,51.575879,On or near PLUMLEYS,E01021304,Basildon 013C,Investigation complete; no suspect identified
c382dbd2071c1aa7af603e5e2c4afb17734d39ac9ed4c3c7856c62f6df844fd6,2015-08,Essex Police,Essex Police,0.073161,51.753717,On or near A1169,E01021830,Harlow 009B,Investigation complete; no suspect identified
7e05aaa9768aae413b890b1ed099a439422eff13e262af9f502e36070754559b,2015-08,Essex Police,Essex Police,0.295458,51.605950,On or near WATER TOWER ROAD,E01021472,Brentwood 008C,Investigation complete; no suspect identified
a6039080c468ea83f21b78f5e9434894e36822a24e17d80997138aed6d31c799,2015-08,Essex Police,Essex Police,0.364274,51.487134,On or near ORSETT HEATH CRESCENT,E01015937,Thurrock 012E,Investigation complete; no suspect identified
b9511e113a059106602e567deff8b16e8eb70133a201c2db1a28427e6af4a8b9,2015-08,Essex Police,Essex Police,1.182383,51.803357,On or near Supermarket,E01022034,Tendring 012C,Investigation complete; no suspect identified
8561715ec64762b4c3e55e3c667a86d84241241a0c2874e67f0177dd9fa2ad89,2015-08,Essex Police,Essex Police,0.521172,51.864115,On or near FELBRIGG CLOSE,E01021383,Braintree 010C,Unable to prosecute suspect
d49bac4d41cc4448d7ee597ba21538c1dd4d0337269f47f671da09de59a28247,2015-08,Essex Police,Essex Police,0.935973,51.887442,On or near AFFLECK ROAD,E01021699,Colchester 008D,Suspect charged
174348af26b3610ce2887b1cd5544419a750d23a4a05bb6ee14952d4d8cb1cb0,2015-08,Essex Police,Essex Police,0.112398,51.774852,On or near HOWARD WAY,E01021850,Harlow 003B,Suspect charged
ccab96dc49a02606f13796fad1f508c30e06c2e9a4982bd04e06d60e483504b3,2015-08,Essex Police,Essex Police,0.096908,51.770291,On or near VELIZY AVENUE,E01021849,Harlow 003A,Unable to prosecute suspect
14d7ab7a0c855d1cde6d6041d055ba55b3a3320af54fdc2658ab850ed24b5cc8,2015-08,Essex Police,Essex Police,0.293498,51.636960,On or near IRIS CLOSE,E01021461,Brentwood 004D,Formal action is not in the public interest
ec9f7691bf6af7159a371831af1dec9e34f75f27355dd579042755860d6bcfc4,2015-08,Essex Police,Essex Police,0.526793,51.864381,On or near SHERINGHAM DRIVE,E01021384,Braintree 013C,Investigation complete; no suspect identified
64081212e5e9cb2fc63f810620095d6d6ccafc8f773b8cd0952c1e42a8eac46b,2015-08,Essex Police,Essex Police,0.233165,51.495721,On or near LONDON ROAD,E01015925,Thurrock 008D,Investigation complete; no suspect identified
5db77af105db03a38e31f469c6cf47d0d9e4bdb8145ce3c98a9c752be8ed0b19,2015-08,Essex Police,Essex Police,0.644631,51.839199,On or near PARK ROAD,E01021362,Braintree 015A,Investigation complete; no suspect identified
de07d6b5a651594224c3dc50dc76677c4fd1e5aa13bc70b5caf79d356a8e9e32,2015-08,Essex Police,Essex Police,1.140309,51.802717,On or near TOTTERIDGE CLOSE,E01022022,Tendring 013D,Offender given a drugs possession warning
d18bf6b8a5be5f7237bfbb65234e2d5407fe5db18ec2d32411ad0884f2ffad74,2015-08,Essex Police,Essex Police,0.473830,51.736629,On or near Chelmsford Police Station,E01033141,Chelmsford 010G,Suspect charged
691857c4e03ac5fb36eec13f626556b3d8e5e0541e21cb0be14b81bff495783c,2015-08,Essex Police,Essex Police,0.786921,51.529508,On or near WESTGATE,E01015876,Southend-on-Sea 013A,Investigation complete; no suspect identified
b9683289f51a5e4f2a35d2f985b9442f1d3f37164da3f9e75f6383c13f763ebb,2015-08,Essex Police,Essex Police,0.489949,51.723419,On or near Supermarket,E01021563,Chelmsford 014B,Investigation complete; no suspect identified
a63aaeb153ea1d31a6f6e5c77aad2b307af67182b6efe02367de3ba2a7d3df5f,2015-08,Essex Police,Essex Police,0.053376,51.644553,On or near Parking Area,E01021781,Epping Forest 014B,Unable to prosecute suspect
201caf013522a629f364dc2c419e998816d942389a895c7f30ee259146f5aaf1,2015-08,Essex Police,Essex Police,0.070517,51.643893,On or near PARKMEAD,E01021773,Epping Forest 013C,Unable to prosecute suspect
be3b871da4906dd1d02195fe06c4019f9c140eeea1ab7c431da4c9e367bd3187,2015-08,Essex Police,Essex Police,0.592050,51.522960,On or near WAARDEN ROAD,E01021498,Castle Point 011B,Investigation complete; no suspect identified
67f0ad5a1369828c1a150f3432a9b36797a8b4384a539044588734264b74073e,2015-08,Essex Police,Essex Police,0.071462,51.656996,On or near HILLCROFT,E01021779,Epping Forest 011F,Suspect charged
59a9aad7f7e865c86621d6465abc96554cf90fc07bd987387ef0c8d4c74030e5,2015-08,Essex Police,Essex Police,0.519420,51.600231,On or near Petrol Station,E01021344,Basildon 008D,Investigation complete; no suspect identified
1b81dba1ddd73a869643ef30773065a2018ab84bf84226c522d5e3724f8d9e70,2015-08,Essex Police,Essex Police,0.902854,51.945418,On or near ELLIS ROAD,E01021659,Colchester 001C,Suspect charged
3c1bb01306824f886d00c64a8cb884b0dd435bfe00e8d8ae6f77390656679594,2015-08,Essex Police,Essex Police,0.994059,51.962037,On or near DEDHAM ROAD,E01021656,Colchester 001B,Investigation complete; no suspect identified
042a9baaf5fd65589114d64dfd1bc810db16618b44f3269b8a0ce4202636413f,2015-08,Essex Police,Essex Police,-0.001630,51.665718,On or near BUTLERS DRIVE,E01021806,Epping Forest 009A,Investigation complete; no suspect identified
c7da624b080d80052ac9630011749a92abc309a9fc3aedd48cb05e5671805421,2015-08,Essex Police,Essex Police,0.916151,51.885012,On or near BARRACK STREET,E01021687,Colchester 011E,Unable to prosecute suspect
5d24a822221fbb6accc9f0bb02cb31dfbc374a0a1c5de447ceb4dbb68023c00d,2015-08,Essex Police,Essex Police,0.551053,51.892131,On or near NORMANDY WAY,E01021359,Braintree 008D,Investigation complete; no suspect identified
2fadc836b025defa531513a77567f88752af2ceb2210367700d5d305f7acd9df,2015-08,Essex Police,Essex Police,0.282026,51.488629,On or near Parking Area,E01016011,Thurrock 015B,Investigation complete; no suspect identified
8bdcb75078be2424f91e717b6f9a3fadd7b89c53ec3ab074d7afe1dfd1f6086d,2015-08,Essex Police,Essex Police,0.056189,51.634208,On or near SUTTON CLOSE,E01021785,Epping Forest 014D,Formal action is not in the public interest
8f474d26d6220f09d8d8eae535a2d9792c3cf5191036948ec3d0b8eb6a0a4c2e,2015-08,Essex Police,Essex Police,0.658685,51.555365,On or near HARRIDGE ROAD,E01015826,Southend-on-Sea 005G,Investigation complete; no suspect identified
6eddd5b6cf5712b481ec6c71d329da6c99aa026de7d3be82ba21872cc410bcd4,2015-08,Essex Police,Essex Police,0.926788,51.867543,On or near CHEVELING ROAD,E01021667,Colchester 016F,Formal action is not in the public interest
2831b480747c93343f426d9714d4f7521739689319054386db17c9297849c678,2015-08,Essex Police,Essex Police,0.319731,51.477969,On or near Parking Area,E01015953,Thurrock 017C,Local resolution
797a824c789865ad55e88843f7b04711dcdc7a2b2fab6dc7ef3fe9e55d02e2bc,2015-08,Essex Police,Essex Police,0.243639,51.486627,On or near A1306,E01015921,Thurrock 015A,Investigation complete; no suspect identified
c6aecb20505685e2285bb3638719d1576daf9d068a70f78954beedecfab4f4aa,2015-08,Essex Police,Essex Police,0.629401,51.548921,On or near Petrol Station,E01015911,Southend-on-Sea 008D,Investigation complete; no suspect identified
5e9ac2ae24dd636855c173530785b17390d62cca451d6be28800542a4a832f7e,2015-08,Essex Police,Essex Police,0.596131,51.713782,On or near DILSTON,E01021570,Chelmsford 016D,Unable to prosecute suspect
5dd3196c55ffd930db324b648000fccfd7e2a37907660ec726b1979771963ae8,2015-08,Essex Police,Essex Police,0.677199,51.731325,On or near Supermarket,E01021890,Maldon 004B,Investigation complete; no suspect identified
c7b4281ca7eb9359815c866c686ffe302b574816fcdc06ba6248f67433180089,2015-08,Essex Police,Essex Police,0.424388,51.576441,On or near ST JOHNS CLOSE,E01021290,Basildon 016D,Suspect charged
d8737042c5e2de251202fd2f7b3b9b125dfd3f04a1836d5bcada678166d33399,2015-08,Essex Police,Essex Police,0.247267,51.494202,On or near PEMBROKE DRIVE,E01015925,Thurrock 008D,Unable to prosecute suspect
6966cbc4ee31f24dfd0785e3e89a806f71287dd1df776511be006b9cdb496bce,2015-08,Essex Police,Essex Police,0.397253,51.509757,On or near Petrol Station,E01015979,Thurrock 004C,Investigation complete; no suspect identified
47f204845dd8445689e0d22b1ef8b102ea90662db6857f90c0a5597255142bde,2015-08,Essex Police,Essex Police,0.712013,51.538486,On or near Nightclub,E01015852,Southend-on-Sea 015B,Investigation complete; no suspect identified
c5cfb3f6c4a43781537b8350400edb2f71e5b859c65e1451ef3807027120ce82,2015-08,Essex Police,Essex Police,0.280536,51.482444,On or near Parking Area,E01016011,Thurrock 015B,Local resolution
d9bd370b183b3e1001ae1a472d49874a841d884d5622c794747a3849987ad20f,2015-08,Essex Police,Essex Police,0.688232,51.535805,On or near THE LEAS,E01015851,Southend-on-Sea 015A,Investigation complete; no suspect identified
d8b8609867d2c3df9d4e70a855e4c987d375e999042bda62eb39da619e6b01ae,2015-08,Essex Police,Essex Police,0.912379,51.883999,On or near WINSLEY ROAD,E01021687,Colchester 011E,Investigation complete; no suspect identified
90a886ae4392d9ae63022788cf2f17d64be2e58b506407b0177de35bae3e03ba,2015-08,Essex Police,Essex Police,0.562542,51.880757,On or near Petrol Station,E01021353,Braintree 009B,Investigation complete; no suspect identified
8b0b67f3a9a161eb8a920c2556c4d78f0c03fa7de66f7a36c597437c14baa07f,2015-08,Essex Police,Essex Police,0.672276,51.726922,On or near ORCHARD ROAD,E01021898,Maldon 005F,Formal action is not in the public interest
ea6501ee130562bfe1de7b536f36054c2547612d3b88e7a4afb40e7537a5e17c,2015-08,Essex Police,Essex Police,0.726058,51.532423,On or near Parking Area,E01015841,Southend-on-Sea 014C,Investigation complete; no suspect identified
4f98e882e4a521545956ce8f79e51e30f13cf0f9bf0056d23951b7e35e5c01a8,2015-08,Essex Police,Essex Police,0.232047,51.482568,On or near HIGH STREET,E01016014,Thurrock 015E,Formal action is not in the public interest
7da2b0fced0593893e2e238d594237a6bfd29d7325264b70fdaacbd34f0f8f6b,2015-08,Essex Police,Essex Police,0.253167,51.499907,On or near CHICHESTER CLOSE,E01015926,Thurrock 008E,Formal action is not in the public interest
42bbfb76ba96ac8632f9c31927b875cd9ace816b057bf328fb8fa128a6c7a959,2015-08,Essex Police,Essex Police,0.455972,51.594715,On or near Sports/Recreation Area,E01021260,Basildon 009D,Investigation complete; no suspect identified
59590690b8d0caca86ef3bcd04e660f4d8fda45dc2ed2294e4813a7a09f4e655,2015-08,Essex Police,Essex Police,0.559771,51.571766,On or near Petrol Station,E01021525,Castle Point 001D,Investigation complete; no suspect identified
934cabf4746a548ec4e84dd9c403d250c7bd267c864fc04830f2a52b4eafb666,2015-08,Essex Police,Essex Police,0.068922,51.607564,On or near NEW FOREST LANE,E01021766,Epping Forest 017C,Investigation complete; no suspect identified
5a29763d01ddd0bbdc53a873558dbb1d5bc1b0c55a8233fe41ab2fdeb4f3a1d0,2015-08,Essex Police,Essex Police,0.670917,51.562966,On or near EXFORD AVENUE,E01015824,Southend-on-Sea 005E,Investigation complete; no suspect identified
061c92774a58026c11de446876dd7f7644d75c45603fea86354a9d5b46948348,2015-08,Essex Police,Essex Police,0.763535,51.686228,On or near ORCHARD ROAD,E01021899,Maldon 007D,Formal action is not in the public interest
2fe1f65c6e38dc57756101e25519b7d6b8e4c9a13451a19623961cac2bdf33e8,2015-08,Essex Police,Essex Police,0.895335,51.889691,On or near BALKERNE GARDENS,E01021646,Colchester 007A,Unable to prosecute suspect
6145eac1946846b7715c39aaf143965d4969fbd34d86b8f13f8ac6e8deb3e57a,2015-08,Essex Police,Essex Police,0.664755,51.601931,On or near PARGETTERS HYAM,E01021939,Rochford 003G,Unable to prosecute suspect
5bdb7b09e7b0015f1402ee3d4187fa79d54dc2921d9540bebe81500dfee45004,2015-08,Essex Police,Essex Police,0.567095,51.525263,On or near THIRD AVENUE,E01021507,Castle Point 010E,Investigation complete; no suspect identified
67e1d0d23c73e01881a285413b0b0a4b584339ba331e7da56df46ef280392b56,2015-08,Essex Police,Essex Police,1.143031,51.803472,On or near STANMORE CLOSE,E01022022,Tendring 013D,Suspect charged
1e4ce44f08d15ad96c1d1bbe857aacbaacbcb99475063d1f9ad6f4224d3bf2f6,2015-08,Essex Police,Essex Police,0.078096,51.775679,On or near ASH TREE FIELD,E01021840,Harlow 004B,Suspect charged
ab16e2f04e13768c5479607530ce2635c12a165600701ab6fcf26c32e91f04a7,2015-08,Essex Police,Essex Police,0.502267,51.562719,On or near Supermarket,E01021310,Basildon 022B,Investigation complete; no suspect identified
31ffb12f93f71581f3c1562f2c81e096e34e0f4faf78ab6e8c97e5fc7dc6f70b,2015-08,Essex Police,Essex Police,0.902885,51.887993,On or near SHORT WYRE STREET,E01021649,Colchester 007D,Investigation complete; no suspect identified
f50edb5be97ee55cfefa726697fb771e4807c22c91428b77dcbfcbfa47c56f43,2015-08,Essex Police,Essex Police,1.171551,51.813561,On or near KEITH CLOSE,E01021984,Tendring 010A,Formal action is not in the public interest
503c4801921757bfb05f42af1262e13f220bfddb7e4e6c43d5f45f201e487497,2015-08,Essex Police,Essex Police,0.473830,51.736629,On or near Chelmsford Police Station,E01033141,Chelmsford 010G,Formal action is not in the public interest
d0c30eb805eea1c2e4d921217b075cfbf847c2be50940a53a45cd9b1e518ef4c,2015-08,Essex Police,Essex Police,1.265097,51.935310,On or near PRINCES ROAD,E01022000,Tendring 002A,Investigation complete; no suspect identified
2cf458a3e4b92e5746acb908ce0a255c3c6b536e07fb19071c38cdc137b8c56a,2015-08,Essex Police,Essex Police,0.459341,51.574742,On or near Supermarket,E01021318,Basildon 015C,Local resolution
f5a89f65127a8562a0cbc9d72b3ba8442d9955b9246bda7f992b4a97ec58e26f,2015-08,Essex Police,Essex Police,0.769138,51.679881,On or near MAYLAND GREEN,E01021900,Maldon 007E,Investigation complete; no suspect identified
f167546d5824a315bff33b1411351904d195aa1fa21f3e64a9216bc5d029800c,2015-08,Essex Police,Essex Police,0.656214,51.602071,On or near Supermarket,E01021937,Rochford 003E,Suspect charged
1aa1dd33b99cb28078cb04a0566164030328b3663efa634c63a5d4303f335310,2015-08,Essex Police,Essex Police,0.997340,51.853642,On or near POUNDFIELD CLOSE,E01021967,Tendring 009A,Suspect charged
04f28facbf3580aae48c15bcb57d46bb411117eba2c33c7f3d424eae85c58e78,2015-08,Essex Police,Essex Police,0.094481,51.770766,On or near EAST GATE,E01021872,Harlow 007E,Investigation complete; no suspect identified
1f92b75b9397c63f89bac2eee084ec60827ce1534e10c73933ee867d7b773911,2015-08,Essex Police,Essex Police,0.856115,51.890533,On or near Orchard View,E01021675,Colchester 009C,Investigation complete; no suspect identified
07e704b37ed213299b978003dcf58502e1aefd433c1fdb9f8dc473123c754719,2015-08,Essex Police,Essex Police,0.236950,52.024183,On or near MYDDYLTON PLACE,E01022076,Uttlesford 002B,Investigation complete; no suspect identified
64617a5afefd935fb7f8d7955c41c2e06b73c95447cf594f924b3cb37ce8c103,2015-08,Essex Police,Essex Police,0.538347,51.583051,On or near NORTH BENFLEET HALL ROAD,E01021312,Basildon 011F,Unable to prosecute suspect
ede10329f61226da4e9c19b94b95c73d547b60b3b3b62a309e887e102f6b319c,2015-08,Essex Police,Essex Police,0.446683,51.525283,On or near Supermarket,E01015983,Thurrock 002B,Investigation complete; no suspect identified
cb81277c9b5221148fbc03db2314c2aaf72d591dc6ce33a236bd86757f63ab26,2015-08,Essex Police,Essex Police,0.899199,51.888534,On or near TRINITY STREET,E01021649,Colchester 007D,Investigation complete; no suspect identified
3bc280d6be67d42082bbe9e0d1c2d9d44de00da7f5f0d9258f0f8cd0a619f862,2015-08,Essex Police,Essex Police,0.296350,51.523989,On or near PEARTREE CLOSE,E01015971,Thurrock 006B,Investigation complete; no suspect identified
08942cda8e58fd47d14c1a171fe3358ccd08cdc675075c6b39c71eece288cdbb,2015-08,Essex Police,Essex Police,0.474190,51.732359,On or near Shopping Area,E01033140,Chelmsford 010F,Local resolution
1c7f4c019cc943c063ea22f08755755d44a581f9371debafc06a17d3d6b90ef5,2015-08,Essex Police,Essex Police,0.117149,51.749677,On or near RADBURN CLOSE,E01021837,Harlow 008E,Investigation complete; no suspect identified
e94b558f746bcb8d3b993bb0e00aed934ec4e27673f06d20e0ecf4a60f0bf868,2015-08,Essex Police,Essex Police,0.830150,51.888121,On or near ESSEX YEOMANRY WAY,E01021718,Colchester 012A,Local resolution
b8f0e1381fa89c61be296daed5126c8d8d1d7e82f0835bbf5626adf3f46d4cb6,2015-08,Essex Police,Essex Police,0.577402,51.571425,On or near LANGFORD CRESCENT,E01021528,Castle Point 002D,Local resolution
09d7499c30417ef9f849437a76984e462497af295d0d01a8e1389cd28f18b896,2015-08,Essex Police,Essex Police,0.746325,51.531329,On or near WARWICK ROAD,E01015889,Southend-on-Sea 016A,Local resolution
6a10487b4d0a030baa123b6b9c4ee10ffa347470766d54e431689bc39a79f7b0,2015-08,Essex Police,Essex Police,1.030364,51.810811,On or near MARGARET CLOSE,E01021981,Tendring 011C,Suspect charged
1d708e694592b2d971c74ead7e649d6e106eac68118def7d17cc75bd83645462,2015-08,Essex Police,Essex Police,0.694077,51.540276,On or near Supermarket,E01015855,Southend-on-Sea 015E,Investigation complete; no suspect identified
2d1bdb11d0a74933e370ec0fd27427d7c49910fc931b749c1f498ddda9ea39b2,2015-08,Essex Police,Essex Police,1.182383,51.803357,On or near Supermarket,E01022034,Tendring 012C,Investigation complete; no suspect identified
908ab77e2b13cbe82a70d373397e265f73346aab6a28615fde912e05e7488414,2015-08,Essex Police,Essex Police,1.148102,51.802337,On or near LONDON ROAD,E01022042,Tendring 014A,Formal action is not in the public interest
a9c96428c97bf83b8a5830ac9cbd3b6abfaa81e7b611157fdf025e573aa5b8ac,2015-08,Essex Police,Essex Police,0.729422,51.544783,On or near SOUTH AVENUE,E01015870,Southend-on-Sea 006B,Investigation complete; no suspect identified
cca557f227f0b893dfb0749d1f87357cb26e52b4c425052c1f580e109b48a66d,2015-08,Essex Police,Essex Police,0.919605,51.890323,On or near EAST STREET,E01021706,Colchester 022H,Investigation complete; no suspect identified
138451ddd82290136badc0366ddc654aa029409bc50258b6809d375a23322062,2015-08,Essex Police,Essex Police,0.548517,51.888922,On or near CURRANTS FARM ROAD,E01021359,Braintree 008D,Suspect charged
dec8e07713db3236a2f93871beff7c2347ec47e0195c0c7ab15aa09b0830e99b,2015-08,Essex Police,Essex Police,0.490988,51.566232,On or near FEERING ROW,E01021328,Basildon 022E,Formal action is not in the public interest
f1b88a12a19dbe0d10d37ddc3fce8ba538ee18ce67b0b23ffa4874c6ab896e3d,2015-08,Essex Police,Essex Police,0.129177,51.762984,On or near OAKLANDS DRIVE,E01021836,Harlow 008D,Investigation complete; no suspect identified
bf7051a61340d2f9ce714ede33fd468c12fb0675072840dd31c657610a8f7221,2015-08,Essex Police,Essex Police,0.397253,51.509757,On or near Petrol Station,E01015979,Thurrock 004C,Suspect charged
728ce311048d2f967fdd6b2f67a4021b9f8c17a14a0c39288e2e6948fdd0d00c,2015-08,Essex Police,Essex Police,0.628769,51.630218,On or near KINGSMANS FARM ROAD,E01021942,Rochford 001A,Formal action is not in the public interest
de98731c2c5d9a0a96a42b75190a3872a584296bd5218781a70875a6c829dc92,2015-08,Essex Police,Essex Police,0.280536,51.482444,On or near Parking Area,E01016011,Thurrock 015B,Investigation complete; no suspect identified
70f7673fcd7d22a48c88a985afcea93c8b4c55034c68c56e7661478e6af9c15d,2015-08,Essex Police,Essex Police,0.227402,51.921150,On or near OLD MEAD ROAD,E01022063,Uttlesford 005B,Investigation complete; no suspect identified
93d7df5ac3b8c970b5f5ef23905a8a789f97ae683316f33d8deb56b2856d5df7,2015-08,Essex Police,Essex Police,0.494646,51.715631,On or near GOWERS AVENUE,E01021565,Chelmsford 014C,Investigation complete; no suspect identified
cbaa7130106b160fffe899b86b9932c01c0d2a52a9b62337f482d52fcad472f8,2015-08,Essex Police,Essex Police,0.442166,51.663522,On or near BACK LANE,E01033143,Chelmsford 018E,Investigation complete; no suspect identified
270105a3161fbd94624b0a8a243127daef7b2b15e31bb6af6f408354057a6335,2015-08,Essex Police,Essex Police,0.784991,51.879405,On or near Petrol Station,E01021678,Colchester 010E,Investigation complete; no suspect identified
3e1a80be53dae2d7ef2b13bcbdb0db1f6cdd434d555696a6c7db29db2594fbe6,2015-08,Essex Police,Essex Police,0.105174,51.770368,On or near MADDOX ROAD,E01021849,Harlow 003A,Investigation complete; no suspect identified
0e8cc53cd4a59d6516d442879321162d6335a8e6c9f9169e5994fae3eb170a82,2015-08,Essex Police,Essex Police,0.728202,51.546808,On or near SELWYN ROAD,E01015870,Southend-on-Sea 006B,Suspect charged
419aeb9181aceaa9c02ad5feca71a03b05760d59815c968cea302546e73b6fc5,2015-08,Essex Police,Essex Police,0.243209,51.877938,On or near TAYLORS END ROAD,E01022090,Uttlesford 006B,Offender given a drugs possession warning
cf9b5406dc5bb52c50f7890b9e5627dd657f31539bb66b1edd24eaa4aac47ae3,2015-08,Essex Police,Essex Police,0.284490,51.487772,On or near Shopping Area,E01016011,Thurrock 015B,Local resolution
b9bd4b5d5b29cb6be450ae127bf4359defaa5f3dda062f1e90abee8c3b36417f,2015-08,Essex Police,Essex Police,-0.002526,51.653566,On or near Park/Open Space,E01021806,Epping Forest 009A,Suspect charged
edad1f92cd4657f14bb74461b6c98af3fcc3bd1a8c6220ee09a2d9267c194c82,2015-08,Essex Police,Essex Police,0.680284,51.552463,On or near WESTBOURNE GROVE,E01015822,Southend-on-Sea 005C,Investigation complete; no suspect identified
b308b898c2fb3655f366d7631e7fcbc43f5003a553c85467dea912bbb748475a,2015-08,Essex Police,Essex Police,0.396053,51.693708,On or near IVY BARNS LANE,E01021602,Chelmsford 018B,Formal action is not in the public interest
e4b3c7e60a3f0acd3b804594bf51baa56cd84f2c55c547cced1c3f48277d1cc3,2015-08,Essex Police,Essex Police,0.635627,51.943704,On or near Shopping Area,E01021387,Braintree 004A,Investigation complete; no suspect identified
4d436964eaf2357e15b440ded304a72bb1ae4991c993108ca2a1e0e06e37997a,2015-08,Essex Police,Essex Police,0.735031,51.542817,On or near RICHMOND STREET,E01015873,Southend-on-Sea 006E,Suspect charged
7b6e4209bacbe484cb06610e7959f549366e454ea0241e6923d94662e5d91b6d,2015-08,Essex Police,Essex Police,0.108886,51.697003,On or near HIGH STREET,E01021757,Epping Forest 006B,Local resolution
9e23de1625c266e637928d9c8f3303c471a7e573f918b08a6cfb611e9c78bd65,2015-08,Essex Police,Essex Police,0.088758,51.607410,On or near COPPERFIELD,E01021764,Epping Forest 017A,Investigation complete; no suspect identified
8e105ef2ffb1f4a650baf57a4fe5d6d306e3dadffa73da6ef729eb440e54e707,2015-08,Essex Police,Essex Police,0.605828,51.585708,On or near Shopping Area,E01021962,Rochford 008C,Investigation complete; no suspect identified
b0b535b95671cae1454741f59eff7792626e37ee9bb7dd427524e88a5f08b2aa,2015-08,Essex Police,Essex Police,0.790290,51.555357,On or near LITTLE WAKERING ROAD,E01021922,Rochford 010C,Unable to prosecute suspect
8ab1f21aa50eabd9e364f2678dbfbeb80335e0f9eb89d09f5940fa6d33c5f940,2015-08,Essex Police,Essex Police,0.913179,51.885796,On or near SIMONS LANE MAGDALEN GREEN,E01021686,Colchester 011D,Formal action is not in the public interest
c3952fe718c5d3b1d5eb8ab7964496cb65c779edcfbb070e9d22a490ed55771d,2015-08,Essex Police,Essex Police,0.053376,51.644553,On or near Parking Area,E01021781,Epping Forest 014B,Formal action is not in the public interest
2a28f16a65c10eaafe631651cdaa042b64eb8196e08a8988009221040490dbdb,2015-08,Essex Police,Essex Police,0.790067,51.535693,On or near Pedestrian Subway,E01015877,Southend-on-Sea 013B,Investigation complete; no suspect identified
946be288c47fbf315d05d4dd72bacb1ac195effa3d17c8f4d3d956c7838bc2b7,2015-08,Essex Police,Essex Police,0.621648,51.809946,On or near BRYONY CLOSE,E01021425,Braintree 016B,Formal action is not in the public interest
2b7c25537284708e45ac95c663cb5e8d12fd4ab3c790fc5ef653cf3534e8c167,2015-08,Essex Police,Essex Police,0.344302,51.954930,On or near ORCHARD CLOSE,E01022093,Uttlesford 004B,Investigation complete; no suspect identified
2583a6ec3e24bb789c8732e8205553b42de6a6662342ecbb4949a7d07aecf7c6,2015-08,Essex Police,Essex Police,0.472536,51.736818,On or near COTTAGE PLACE,E01033141,Chelmsford 010G,Investigation complete; no suspect identified
0a396c4ed654e2d491a371ab9bf24a16b6eaa781e0ee30e32be44b4cbe433d49,2015-08,Essex Police,Essex Police,0.747228,51.549430,On or near ROYAL ARTILLERY WAY,E01015886,Southend-on-Sea 009D,Formal action is not in the public interest
1896f9d85a2951ac12333ec3469ee603c3e5a950347ea18aaec3b637c8f1ff0e,2015-08,Essex Police,Essex Police,0.895335,51.889691,On or near BALKERNE GARDENS,E01021646,Colchester 007A,Unable to prosecute suspect
ff3470d9efb46d6a9d21e0cd6bf4e204b4ea2a71c406a45115a974079b94de70,2015-08,Essex Police,Essex Police,0.436349,51.522099,On or near MOUNTFIELD CLOSE,E01015986,Thurrock 003C,Unable to prosecute suspect
e4a7e3b3dedd8d1db86b6e298f69cb9262a515cc3b6c6882db83be97126e9196,2015-08,Essex Police,Essex Police,0.281974,51.505753,On or near DAIGLEN DRIVE,E01015929,Thurrock 007C,Formal action is not in the public interest
e0e591fef4d02ee995edef7e3bbd507e15929adda781284dd61bc6eb9072ceac,2015-08,Essex Police,Essex Police,0.502267,51.562719,On or near Supermarket,E01021310,Basildon 022B,Local resolution
43404708ed0c468e1bd898646fa04926feba74a7cf7233e9a4668e893587c54d,2015-08,Essex Police,Essex Police,0.899875,51.890226,On or near Nightclub,E01021649,Colchester 007D,Unable to prosecute suspect
c770e17edf08194a010b0ecb669e002eaedbc971b126cc9691661b8db764fe64,2015-08,Essex Police,Essex Police,0.718808,51.537070,On or near TOLEDO ROAD,E01015841,Southend-on-Sea 014C,Investigation complete; no suspect identified
4f8cc12c390cfee5917152161aac1744999b7050501e55c1703a714fbbce3b5d,2015-08,Essex Police,Essex Police,0.959709,51.846546,On or near FRERE WAY,E01021694,Colchester 019D,Formal action is not in the public interest
97838674ddd625d731d280fe06874626b5295e565107e4253402614c14ce1843,2015-08,Essex Police,Essex Police,0.454862,51.747720,On or near ANDERSON AVENUE,E01021596,Chelmsford 006E,Investigation complete; no suspect identified
7c40eeadab6aadddb232b862747937d617980162ce4782762b74ef4dcd6ac1dd,2015-08,Essex Police,Essex Police,0.086303,51.771334,On or near Hospital,E01021843,Harlow 004E,Formal action is not in the public interest
ffe99e88ff265144830f7c346816dddae405c207f364212cef9f5162c1b29908,2015-08,Essex Police,Essex Police,0.444530,51.528152,On or near CROFTON AVENUE,E01015988,Thurrock 002D,Unable to prosecute suspect
ce4c980dd6109095ff09f78d1306f45dbdacb610b65959ccdf0daa77fc4ccb04,2015-08,Essex Police,Essex Police,1.142390,51.798641,On or near PATHFIELDS ROAD,E01022022,Tendring 013D,Formal action is not in the public interest
1e806214bdf4087309b9d9a5688698991f5697d89238e8e4c8eb216af91e43b1,2015-08,Essex Police,Essex Police,0.507362,51.575596,On or near LITTLE SEARLES,E01021303,Basildon 011B,Offender given a caution
36c73cf33d84369e6ee7f6bfa20a00e4452ca372903dab9fe75d4e24d9fdd6bd,2015-08,Essex Police,Essex Police,0.651700,51.542681,On or near RECTORY GROVE,E01015848,Southend-on-Sea 011D,Investigation complete; no suspect identified
58595fe2c97470f7d51087a3a80f1f9c85b8eec994e32a7b7f4922747700b908,2015-08,Essex Police,Essex Police,0.619447,51.579281,On or near Supermarket,E01021949,Rochford 009D,Formal action is not in the public interest
1027db9c68cdd81a8cf8db26dbb018564c8905dc13bf3f3839e4e132f8fc608a,2015-08,Essex Police,Essex Police,0.727502,51.535339,On or near WOODGRANGE DRIVE,E01015840,Southend-on-Sea 014B,Unable to prosecute suspect
116a602fbae2e78f5c7b0cd73e80605800e737cf19fa26c50d7ef85f732f73fd,2015-08,Essex Police,Essex Police,0.108431,51.784581,On or near Shopping Area,E01021845,Harlow 002B,Suspect charged
25b22b01f1189537f60b748eddcdc3049dffafb382f9b7fe225906e926d6be5f,2015-08,Essex Police,Essex Police,0.350172,51.635983,On or near WILKES ROAD,E01021451,Brentwood 003D,Suspect charged
8aac7392e6f2ca1a830f005bc1f5758a8ccd58ca72a9f6cb9be29021a801991a,2015-08,Essex Police,Essex Police,0.073257,51.651353,On or near HAMPTON MEAD,E01021790,Epping Forest 012E,Unable to prosecute suspect
42d8c38ad839c93b73724641168a08e528867bee914acbaaba891f76a0a1cc84,2015-08,Essex Police,Essex Police,0.069195,51.648808,On or near ST NICHOLAS PLACE,E01021790,Epping Forest 012E,Formal action is not in the public interest
984f714a418e9db98ab97876960c01e38948020feb2cb7e0aa8603675664e738,2015-08,Essex Police,Essex Police,0.475214,51.731744,On or near Shopping Area,E01033140,Chelmsford 010F,Investigation complete; no suspect identified
fde9412de37ff4c694a59ba499ea2aa54284974759047c4723dcde54b5e2a9e0,2015-08,Essex Police,Essex Police,0.292644,51.485787,On or near STAFFORD CLOSE,E01015982,Thurrock 019A,Formal action is not in the public interest
cec5d1e07af6223a51e10b420ddc1b89c3552e79187cd45ee2c32c0a521b5ce4,2015-08,Essex Police,Essex Police,1.234705,51.850830,On or near CHARTFIELD DRIVE,E01022009,Tendring 008E,Offender given a caution
e92451cd1870882ff3a31f0f0ea673b969b80f20a90a02e88e8a5a5d8a50d6fc,2015-08,Essex Police,Essex Police,0.489842,51.583551,On or near HOLDEN GARDENS,E01021269,Basildon 012C,Local resolution
10379da41370bb6d9c7063d5a1240c0160cd8a1067f37d795afb946d70618604,2015-08,Essex Police,Essex Police,0.637096,51.799951,On or near GUITHAVON STREET,E01021415,Braintree 017A,Unable to prosecute suspect
1b4a61fc2bf17066e5544833a8c336117552c880c44e2ac123b811398f3daf21,2015-08,Essex Police,Essex Police,0.895640,51.896024,On or near NORTH STATION ROAD,E01021650,Colchester 007E,Unable to prosecute suspect
5357d057e28de8854765a6fe556e15d652a8e966f7efd9f357bdcb2848c610f5,2015-08,Essex Police,Essex Police,0.475214,51.731744,On or near Shopping Area,E01033140,Chelmsford 010F,Investigation complete; no suspect identified
aa376bf28d9996324b48c1ba01f82c0e676fa58073d7d7244e8049000b2c82dd,2015-08,Essex Police,Essex Police,0.660721,51.554914,On or near SCHOOL WAY,E01015820,Southend-on-Sea 005A,Investigation complete; no suspect identified
576eee9536ee983960e1e117b164e32086242df020c8b79cd799116ba42d62cd,2015-08,Essex Police,Essex Police,0.093027,51.753436,On or near Supermarket,E01021859,Harlow 010C,Investigation complete; no suspect identified
5f3e989e9de1b60ccbbc6548ba8367f44a36d0b37f9743840188fd702edeb942,2015-08,Essex Police,Essex Police,1.146196,51.789968,On or near Supermarket,E01022038,Tendring 017E,Local resolution
b57477ce3b726377d1f8587b0393ce124fd0549431dc2954c0ddcb82faf93d8c,2015-08,Essex Police,Essex Police,0.102691,51.773722,On or near THE DASHES,E01021851,Harlow 003C,Formal action is not in the public interest
b42716741f5f2df6aac91c1bd38b651186830ca73c7e9dd1e14992eb4d30843f,2015-08,Essex Police,Essex Police,0.502805,51.748794,On or near WALLFLOWER COURT,E01021621,Chelmsford 007B,Unable to prosecute suspect
9ac13649c2a6c274b521b466c223efbb1972ca855537c786ce9067f595bfe1cd,2015-08,Essex Police,Essex Police,0.636821,51.937004,On or near TIDINGS HILL,E01021393,Braintree 004E,Suspect charged
24910d158a744a28e4b0e890a599722c64be3fd3f6641b4d2371b81967daa898,2015-08,Essex Police,Essex Police,0.560839,51.522972,On or near ST MICHAELS ROAD,E01021503,Castle Point 010D,Formal action is not in the public interest
48ddb2d28de0bffcca6077217807bae260fb64776b83272ae39be995e2307518,2015-08,Essex Police,Essex Police,0.083956,51.774181,On or near PARK MEAD,E01021839,Harlow 004A,Investigation complete; no suspect identified
eb368568939da8b018c1b4aaf2f78acc7fc83bff14adea95b7f56b71c20944b0,2015-08,Essex Police,Essex Police,0.474085,51.733089,On or near High Street Chelmsford,E01033140,Chelmsford 010F,Unable to prosecute suspect
d73f7effa8198652bc7dd0534a539cfb9019ae7c80ba17d27b42315b1d4b1cf9,2015-08,Essex Police,Essex Police,1.252621,51.942869,On or near ADELAIDE STREET,E01033051,Tendring 002F,Local resolution
af7e2a8cd1ef1d4608ceaca8075c13991c88f88775d2efd16134a2bbe3407f52,2015-08,Essex Police,Essex Police,0.093027,51.753436,On or near Supermarket,E01021859,Harlow 010C,Investigation complete; no suspect identified
2fbf347566aa815e20e8f01ed3e2bac5c4cd3fbc79cbed6fb219cb439ffd9596,2015-08,Essex Police,Essex Police,0.387174,51.916740,On or near Sports/Recreation Area,E01022088,Uttlesford 008E,Investigation complete; no suspect identified
a7f36a954f9264f3e8fdcfbf07e7278f3a16aae6f053ded8f7566d6311963c64,2015-08,Essex Police,Essex Police,0.897934,51.888970,On or near Shopping Area,E01021649,Colchester 007D,Investigation complete; no suspect identified
54a9699a3656ebff00c02a90ae02b8a722ac12c5036fc9c1e3100b1f9ab32513,2015-08,Essex Police,Essex Police,0.080654,51.652202,On or near PRESCOTT GREEN,E01021778,Epping Forest 011E,Formal action is not in the public interest
369f6badc992296eecd16e50feb56691d5c4df1f2cb39846bace7e4884cfada9,2015-08,Essex Police,Essex Police,0.404245,51.572989,On or near PALATINE PARK,E01021277,Basildon 014D,Formal action is not in the public interest
ea9f8a744e349bbe0732c85ad7c56fe315e43a82df51d0fcc22692632ed71c52,2015-08,Essex Police,Essex Police,0.423688,51.576024,On or near ST ANDREWS LANE,E01021290,Basildon 016D,Unable to prosecute suspect
228635883bc65f6ee964e627f06ecd6c6b15537c544f8d74ec619bf8cab65870,2015-08,Essex Police,Essex Police,0.360127,51.461767,On or near CALCUTTA ROAD,E01016003,Thurrock 018A,Formal action is not in the public interest
f2216ce89f760c0ab9623c5947cafecf54c351015980f286e86155038819e320,2015-08,Essex Police,Essex Police,1.080553,51.773584,On or near CLUB PARADE,E01022045,Tendring 018D,Unable to prosecute suspect
7cecf5e974f3feede495c807cfe89dfdc95c053b529e9057a819f7bba1f5b1b1,2015-08,Essex Police,Essex Police,0.261741,51.889938,On or near Airport/Airfield,E01022090,Uttlesford 006B,Investigation complete; no suspect identified
7b7c362b28a06e74938d785bc2d5e7faee2feaecd4d0f42e6efc61e2e73d839f,2015-08,Essex Police,Essex Police,0.053376,51.644553,On or near Parking Area,E01021781,Epping Forest 014B,Investigation complete; no suspect identified
bf1ea89aaa7d9254b2167eb73634cefdf53d43ab5c49cd7d25993c4808408ebf,2015-08,Essex Police,Essex Police,0.540814,51.873980,On or near SYCAMORE GROVE,E01021366,Braintree 010B,Formal action is not in the public interest
fbbe93a62b8c230750939960843be24fe4e01b624708b48c28683b59912ba9d2,2015-08,Essex Police,Essex Police,0.716176,51.536213,On or near YORK ROAD,E01015852,Southend-on-Sea 015B,Investigation complete; no suspect identified
5d5bbeeba07047e5964086a7edb8ac55ed009fb2936f028edd7266d5bb847fea,2015-08,Essex Police,Essex Police,0.903937,51.885827,On or near Pedestrian Subway,E01021683,Colchester 011A,Investigation complete; no suspect identified
19ebe96a72786bac2d44daaba7d3bc634449549411bc5dfff54f5ef0044ca0aa,2015-08,Essex Police,Essex Police,0.119436,51.762018,On or near PURFORD GREEN,E01021819,Harlow 006A,Formal action is not in the public interest
f3071a984acfff160197727629fd17814dad61985bfe638226eb3ab4c3293cbe,2015-08,Essex Police,Essex Police,0.855337,51.882394,On or near WOODLAND DRIVE,E01021691,Colchester 014C,Investigation complete; no suspect identified
502c38798a6ac2fc9b8155646000bbd98284ce7efee3986faaa304435ab65d46,2015-08,Essex Police,Essex Police,1.280609,51.936911,On or near KINGSWAY,E01022001,Tendring 001D,Investigation complete; no suspect identified
f0f7d5796c4037a3fc8e1582fd2b32987892fab2f2878614195aee5af53ca52d,2015-08,Essex Police,Essex Police,0.475214,51.731744,On or near Shopping Area,E01033140,Chelmsford 010F,Investigation complete; no suspect identified
d30e3f4aa8b18902c32781850bc62f446dc02e0d9e0972200477c3594b09d2bc,2015-08,Essex Police,Essex Police,0.678375,51.731127,On or near CHEQUERS LANE,E01021890,Maldon 004B,Suspect charged as part of another case
d5efad39f68797111777b8bf62c3843320fa7b99f5ef93edd7aa3506f2008a0a,2015-08,Essex Police,Essex Police,0.016193,51.737173,On or near LANGFIELD CLOSE,E01021793,Epping Forest 002C,Formal action is not in the public interest
930b6a5b8df372260c03f22e6155408c27015a1038a5462f40dd9b8f8e326914,2015-08,Essex Police,Essex Police,0.429073,51.511071,On or near CABBORNS CRESCENT,E01015992,Thurrock 005C,Formal action is not in the public interest
b43c388180fffcf23be8821ae0b7231ce495d50d540f52d5f1b31b79b020c8cf,2015-08,Essex Police,Essex Police,0.504477,51.568005,On or near WICKFORD AVENUE,E01021317,Basildon 018E,Formal action is not in the public interest
10e01a35f754ebad98af29e5ebbdc3510aebe6bc1eacf2aee193aa28f050b459,2015-08,Essex Police,Essex Police,0.583419,51.530427,On or near SUSSEX WAY,E01021506,Castle Point 008E,Unable to prosecute suspect
06caedd0801b85626bfc0550ab062ca025f0ea549343346ecee035b534a0efea,2015-08,Essex Police,Essex Police,0.078769,51.774237,On or near SPRING HILLS,E01021840,Harlow 004B,Local resolution
326f8b1b630fb4277e1bc780689f843a82258b25440648ca71392c3675f8b14b,2015-08,Essex Police,Essex Police,0.899434,51.912721,On or near BEAUMONT CLOSE,E01021682,Colchester 004D,Local resolution
99b7822f0f61e0e9547008c7fcc3eee434a40684b6797d7b5110b3a6b6ccf37d,2015-08,Essex Police,Essex Police,0.901260,51.888708,On or near Shopping Area,E01021649,Colchester 007D,Investigation complete; no suspect identified
4e82a0e88367fe6f947ae643b2abb3c7605449e45ca132e94e8ef344bcf342ba,2015-08,Essex Police,Essex Police,0.232047,51.482568,On or near HIGH STREET,E01016014,Thurrock 015E,Formal action is not in the public interest
702ac5e93b61adb764c4824950b92410c5aa2280e6e904ffa82afa61a1e25930,2015-08,Essex Police,Essex Police,0.940890,51.887292,On or near CYRIL CHILD CLOSE,E01021700,Colchester 008E,Unable to prosecute suspect
e4446893ec46c8f63b6bf37b9afb4f6bc18060a163715c3acc490988a4e0ec92,2015-08,Essex Police,Essex Police,0.111995,51.708134,On or near JAMES STREET,E01021760,Epping Forest 005A,Offender given a caution
5896abe4ef93788dbad37e6e445b0c8d8295377eaf8704dd5528389242ab184c,2015-08,Essex Police,Essex Police,0.082125,51.646763,On or near Petrol Station,E01021776,Epping Forest 011C,Investigation complete; no suspect identified
8c7f1c6ca7c57ad73a5ae6c0d1612fdb97d1ad64cf3acb2cc82a41571bb7d99c,2015-08,Essex Police,Essex Police,0.921912,51.874571,On or near LITTLEBURY GARDENS,E01021664,Colchester 016C,Formal action is not in the public interest
7bf1d8aef147ee1629ce56304cc86df02db4ae108e26d73f8a7acf74cf229c8a,2015-08,Essex Police,Essex Police,1.148267,51.786800,On or near Theatre/Concert Hall,E01022037,Tendring 017D,Formal action is not in the public interest
e7bcc561f871b427e09959244257e39d9ae8b32ee150c247690587cb1a6a323d,2015-08,Essex Police,Essex Police,0.926523,51.897013,On or near AYLOFFE ROAD,E01021703,Colchester 022E,Suspect charged
b8083151eec3105a68d585767ef28fb1b1269840f9d8d8d821708b8d72043349,2015-08,Essex Police,Essex Police,0.552537,51.878313,On or near MARKET PLACE,E01033459,Braintree 009F,Formal action is not in the public interest
56cda01dfe75834c717b377034ac21b6b818edf5a6f015844f6ebfabccb99b6f,2015-08,Essex Police,Essex Police,0.078086,51.655800,On or near SWANSHOPE,E01021779,Epping Forest 011F,Investigation complete; no suspect identified
f0c850b04d36786ec8e08b5f17075b9ba04f4b04421630862c642c6cc9987cc2,2015-08,Essex Police,Essex Police,1.244040,51.831595,On or near OLD ROAD,E01021987,Tendring 008A,Investigation complete; no suspect identified
4216f499a168edc3758924bf89904430903007e2a674a0102831d6c447d9a5d5,2015-08,Essex Police,Essex Police,0.489949,51.723419,On or near Supermarket,E01021563,Chelmsford 014B,Local resolution
0a396c4ed654e2d491a371ab9bf24a16b6eaa781e0ee30e32be44b4cbe433d49,2015-08,Essex Police,Essex Police,0.747228,51.549430,On or near ROYAL ARTILLERY WAY,E01015886,Southend-on-Sea 009D,Unable to prosecute suspect
c9d2646b53257d9639762d138f10f931da9eca6959f28f6faaeeba0622aed4ea,2015-08,Essex Police,Essex Police,0.353983,51.637840,On or near CHANCERY GATE,E01021452,Brentwood 003E,Investigation complete; no suspect identified
5e92a4ec7828b9f7eec9a8bc1cb71c30f6b926dfeb11e6ec05a89833671081bd,2015-08,Essex Police,Essex Police,0.918776,51.893455,On or near Supermarket,E01021704,Colchester 022F,Formal action is not in the public interest
6df78c23618622a7538045fddd8bbc5d02cbfb265549949052409c39ac0e2ebf,2015-08,Essex Police,Essex Police,0.550641,51.569807,On or near RUSH CLOSE,E01021513,Castle Point 001A,Investigation complete; no suspect identified
d6f1a2521b4b2b0dc6adb72d26066883a9a92ff7385ccc1e288b11e8eb21b8b9,2015-08,Essex Police,Essex Police,0.714564,51.577451,On or near BRICKFIELDS WAY,E01021956,Rochford 007E,Unable to prosecute suspect
24754d171e65f4e2d9d431faa9f7fbaa7638ba42dfe770828974b01b15440b94,2015-08,Essex Police,Essex Police,0.488889,51.724692,On or near MEADGATE AVENUE,E01021563,Chelmsford 014B,Formal action is not in the public interest
32bb19f7f7e0789c2a6d4e639b67627bd97cb4668647e52103e1c728523f9cde,2015-08,Essex Police,Essex Police,0.357752,51.875023,On or near ROSEMARY CRESCENT,E01033056,Uttlesford 007F,Formal action is not in the public interest
8ae1f1463e061f588cec7d6e6d8ced4419c8c05a03b717aec8a7a2324a1a0f7b,2015-08,Essex Police,Essex Police,0.505657,51.565066,On or near HIGH ROAD,E01021316,Basildon 018D,Investigation complete; no suspect identified
4d097facb9134e0c7b2ba9501df8018277d0a2c13952d94559bccb7c476d1b20,2015-08,Essex Police,Essex Police,0.433287,51.520634,On or near MARJORAM CLOSE,E01015986,Thurrock 003C,Offender given a caution
72009843831ba3fc86f0acca232abcff416899788628294a93ad290b1208dc69,2015-08,Essex Police,Essex Police,0.567412,51.519635,On or near Petrol Station,E01021501,Castle Point 011D,Investigation complete; no suspect identified
d15e3b1ad56b7e8284265aa57f6a677b1601cded835cf34e9e6f43650db6b748,2015-08,Essex Police,Essex Police,0.735950,51.551879,On or near HAMSTEL ROAD,E01015875,Southend-on-Sea 006G,Suspect charged
9c781c92f2a567ad77adb688ab9bd75f6b1b77b2007c4d89e8dd47c49d00c19b,2015-08,Essex Police,Essex Police,0.713596,51.539394,On or near Nightclub,E01015852,Southend-on-Sea 015B,Unable to prosecute suspect
5948147b4bbc6539ecbe1ef25d502e91f51c39b4300c2e3bfe8e5036a079fd45,2015-08,Essex Police,Essex Police,0.078086,51.655800,On or near SWANSHOPE,E01021779,Epping Forest 011F,Formal action is not in the public interest
faa3266f19c528d69fc2b9e0f42e8dfd0ce5ce3e736b2569c6f1cc912705b0f6,2015-08,Essex Police,Essex Police,0.460714,51.722642,On or near MOULSHAM STREET,E01021578,Chelmsford 010B,Investigation complete; no suspect identified
1778b4be549ee3bc155b63e6ff2424018f5ac1f4958cc272e18ee03994a52014,2015-08,Essex Police,Essex Police,0.679909,51.545583,On or near LONDON ROAD,E01015832,Southend-on-Sea 012F,Investigation complete; no suspect identified
931b23206b611c6040f02d04694b428e9e47d1f60e9a2589212d28028225d300,2015-08,Essex Police,Essex Police,1.060724,51.944529,On or near COLCHESTER ROAD,E01022020,Tendring 003F,Local resolution
660e4b78ba705fba758f8141531825066a56b1d4ad0bec249f9928072f988f45,2015-08,Essex Police,Essex Police,0.592084,51.520253,On or near Parking Area,E01021498,Castle Point 011B,Local resolution
ef73176558511f38e83dc187745833d26d774b49d3086cec0b7baabbcf0498c4,2015-08,Essex Police,Essex Police,0.714394,51.550618,On or near SUTTON ROAD,E01015897,Southend-on-Sea 010C,Unable to prosecute suspect
7f86c45b432b806bbbdd9cfa0a4661d84007510733c40afbd469fa6a98004eec,2015-08,Essex Police,Essex Police,1.164769,51.800657,On or near WYNDHAM CRESCENT,E01022049,Tendring 014D,Unable to prosecute suspect
09a811b3c2438be0c5668a69f7c27871d0931292be77db39c7531f2ee6760673,2015-08,Essex Police,Essex Police,0.382292,51.670310,On or near NORTON ROAD,E01021458,Brentwood 002B,Unable to prosecute suspect
dc188a7b5c30af29be87e9c8036a9c898f1cd09812fd21147eee6b0e9f4097f8,2015-08,Essex Police,Essex Police,0.432689,51.518614,On or near Pedestrian Subway,E01015989,Thurrock 005A,Investigation complete; no suspect identified
ebf8ad7864a5ea6101e24bce4adc8a737eb67bf245e9a9c7358e1e7d18711865,2015-08,Essex Police,Essex Police,0.830150,51.888121,On or near ESSEX YEOMANRY WAY,E01021718,Colchester 012A,Investigation complete; no suspect identified
92ee652f1bdf7db4c0b41647db243d2dbe50a368a208ab9176d4dbf7d640f314,2015-08,Essex Police,Essex Police,0.434478,51.584290,On or near HORNBEAM WAY,E01021263,Basildon 010C,Investigation complete; no suspect identified
447c55edc5854e2bce1dee61b5b244d47e62ae757312356ad41735312046bdf7,2015-08,Essex Police,Essex Police,0.417980,51.619659,On or near SCHOOL ROAD,E01021255,Basildon 004C,Investigation complete; no suspect identified
5a759c3f7e183cfa7e1d7320ec8317d82ccf67b38d4fae233c75e60eb3ee3e56,2015-08,Essex Police,Essex Police,0.117149,51.749677,On or near RADBURN CLOSE,E01021837,Harlow 008E,Investigation complete; no suspect identified
e4ab737ba35e1072acd5266934094a74ffecd18fd99d31aabd043173f9da942d,2015-08,Essex Police,Essex Police,0.446162,51.581979,On or near Shopping Area,E01021268,Basildon 015B,Formal action is not in the public interest
e5e3e268245d0078c7cc35be2a2b6a39c25304f6bb065c99208e5137bb60e6b9,2015-08,Essex Police,Essex Police,0.688761,51.877607,On or near HONEYWOOD AVENUE,E01021379,Braintree 014C,Formal action is not in the public interest
0221b33cd18da55e2b5dc06a0beb9d9b1414ea6f6e28a84ff92e54489e000c59,2015-08,Essex Police,Essex Police,0.349676,51.628340,On or near BYRON ROAD,E01021448,Brentwood 003A,Investigation complete; no suspect identified
44e0dee149375983404a949accc7f8fe88c0966b0857804da0b630be362746c6,2015-08,Essex Police,Essex Police,0.907553,51.879253,On or near CLAUDIUS ROAD,E01021684,Colchester 011B,Local resolution
1897539e2f04f596d57ad6e45d595dbf309ed6dc9d85e6573b75f29b792c89da,2015-08,Essex Police,Essex Police,0.713596,51.539394,On or near Nightclub,E01015852,Southend-on-Sea 015B,Investigation complete; no suspect identified
d8c6026ddf6c765caaf251e51a7395a5271662d01ee39e7892b99eefcd3ebd12,2015-08,Essex Police,Essex Police,0.518537,51.614271,On or near MARKET AVENUE,E01021331,Basildon 008A,Suspect charged
bf857a515ff9a298799c0c045c540a67b3b499d191bbda3b5cb7153d425e994c,2015-08,Essex Police,Essex Police,0.507143,51.566095,On or near CHURCH PARK ROAD,E01021316,Basildon 018D,Investigation complete; no suspect identified
d8906ed8653127eb259af74ea2b897060dd62f9a403927072bf64a32925aab4b,2015-08,Essex Police,Essex Police,0.487745,51.739456,On or near LLEWELLYN CLOSE,E01021626,Chelmsford 007E,Formal action is not in the public interest
d40c7384b1c7f1c06ffc0c914917184a6fd579348a87183dfffea3e3d14ff477,2015-08,Essex Police,Essex Police,0.094133,51.767643,On or near Shopping Area,E01021872,Harlow 007E,Investigation complete; no suspect identified
bee155a12872e3496d9030cda4dd4104ff6770545a4f1c8d77cdd0abe1a7280b,2015-08,Essex Police,Essex Police,0.548082,51.878913,On or near Supermarket,E01021365,Braintree 009D,Investigation complete; no suspect identified
a65da13745a7a0ed7c472cc30f74de3be527fb1656913a95c052433cca8c514b,2015-08,Essex Police,Essex Police,0.683429,51.730625,On or near Parking Area,E01021890,Maldon 004B,Investigation complete; no suspect identified
934e22c8927b5b31960a10ff775ed37e56e290635c0bff11ac4f3ada0c5de75d,2015-08,Essex Police,Essex Police,0.458379,51.567352,On or near CHERRYDOWN EAST,E01021296,Basildon 020C,Formal action is not in the public interest
15e3d945d38033fbd13c87e0bf7fcdde0c497d1866f5ac88915e6ccc1a8b8598,2015-08,Essex Police,Essex Police,0.369093,51.879345,On or near ST EDMUNDS FIELDS,E01033056,Uttlesford 007F,Formal action is not in the public interest
1aa1dd33b99cb28078cb04a0566164030328b3663efa634c63a5d4303f335310,2015-08,Essex Police,Essex Police,0.997340,51.853642,On or near POUNDFIELD CLOSE,E01021967,Tendring 009A,Suspect charged
cbeed3625a12de4f1c533b75c613339cca996c6ef93433d57cd30e242a0b9786,2015-08,Essex Police,Essex Police,0.350655,51.875165,On or near MAPLE WAY,E01033055,Uttlesford 007E,Local resolution
22d9704e861257c0aac5456fb3c083771f3d299b1987e87e0d9231798a9c5048,2015-08,Essex Police,Essex Police,0.715320,51.534677,On or near Shopping Area,E01015852,Southend-on-Sea 015B,Formal action is not in the public interest
ddf9a4c82e3a97db27fe541b3adfe1ba73b92f3ec302ca7a255cf944a1a1d458,2015-08,Essex Police,Essex Police,0.502473,51.711075,On or near PARK VIEW CRESCENT,E01021562,Chelmsford 014A,Unable to prosecute suspect
8b9052e1f92f28bdda5f617c534a3718045e9a6f00a5a6ee078a3a686ec17e29,2015-08,Essex Police,Essex Police,0.460775,51.569775,On or near Parking Area,E01021318,Basildon 015C,Investigation complete; no suspect identified
aa9e6552bdca1568550d67f7764ec7f847dff26f5d293f7933c69700d6662e3b,2015-08,Essex Police,Essex Police,0.324019,51.478460,On or near Theatre/Concert Hall,E01015956,Thurrock 016B,Unable to prosecute suspect
af5ded90f946ad29f6bb514e88dbe24083490edbb1abc1069da536ac037f7058,2015-08,Essex Police,Essex Police,0.552197,51.564089,On or near CROFT CLOSE,E01021477,Castle Point 003B,Local resolution
9e983afd922d9be1460a9b33a801f63a5aa723e01a3969d37aec8afb3e532a32,2015-08,Essex Police,Essex Police,0.324019,51.478460,On or near Theatre/Concert Hall,E01015956,Thurrock 016B,Unable to prosecute suspect
f07f40b25bc7ac4b073c2e515c7b8aebd9b2192cca08a43c775c6049664b3488,2015-08,Essex Police,Essex Police,0.744792,51.549469,On or near WELCH CLOSE,E01015886,Southend-on-Sea 009D,Local resolution
22552c94f31323fd3364ea9683480212c91674eefa611987cc778ca51aabd0ea,2015-08,Essex Police,Essex Police,0.243639,51.486627,On or near A1306,E01015921,Thurrock 015A,Investigation complete; no suspect identified
0e89007bfe54fe2313daee45cb27d4d7e359b2ffe9a35f2f21c56bc5da89b810,2015-08,Essex Police,Essex Police,0.809223,51.714157,On or near Park/Open Space,E01021901,Maldon 006A,Suspect charged
d90f12ec93df8f7027c4c782efbcb12699984763b98bf86b57d052b2d28d95b1,2015-08,Essex Police,Essex Police,0.411766,51.570847,On or near SPARKBRIDGE,E01021276,Basildon 014C,Formal action is not in the public interest
aef27a929bf648efe8a448d296b0238d703b7bfcdd056bf5e30a33565ce568ef,2015-08,Essex Police,Essex Police,0.463062,51.746118,On or near KIPLING CLOSE,E01021592,Chelmsford 006D,Offender given a caution
298738e0fdd6e588fe501f717c1d8a783c77336b0e34e63c0218784e15a1a3c4,2015-08,Essex Police,Essex Police,0.902706,51.887692,On or near VINEYARD STREET,E01021649,Colchester 007D,Investigation complete; no suspect identified
b5143960693a487b09c6652b506e11c42b528287f7152f367de7ff5639f61087,2015-08,Essex Police,Essex Police,0.219319,51.883175,On or near Bus/Coach Station,E01022086,Uttlesford 006A,Suspect charged
03c072d02786875f92f23edf07ee9d847d5b730acc2c709ae31cb19a73fc6072,2015-08,Essex Police,Essex Police,0.412996,51.570642,On or near EASTON END,E01021276,Basildon 014C,Formal action is not in the public interest
333fceb9a0a7ac3eaa4e423dbe0880ce72a497569322e88032d6a99d5543281c,2015-08,Essex Police,Essex Police,0.621338,51.801113,On or near NESS WALK,E01021429,Braintree 016D,Suspect charged
32644b8d00820fc2e269223eb1277c4e20c4be4c91c5d0bd326cab3bf0e5745c,2015-08,Essex Police,Essex Police,0.677916,51.550944,On or near SOUTHBOURNE GROVE,E01015905,Southend-on-Sea 007E,Unable to prosecute suspect
afd35c7498ae925d615758dd142ef97ac027a6edb1294180c1fa9c48c4e3e5b2,2015-08,Essex Police,Essex Police,0.510894,51.575521,On or near Pedestrian Subway,E01021303,Basildon 011B,Investigation complete; no suspect identified
9f46662a87ba84848e3ca9e896924147a80f6ca09a7a4f465d55520f0d44bd95,2015-08,Essex Police,Essex Police,0.469478,51.725353,On or near WELLMEADS,E01021580,Chelmsford 012D,Suspect charged
a48be58102919086ec4e0b025ddfe6b1f280aed9441a2cb27390c9e138ab6dbe,2015-08,Essex Police,Essex Police,0.283014,51.510418,On or near Supermarket,E01015976,Thurrock 007F,Investigation complete; no suspect identified
820330d5f1a33a21e597253da3cd79df8bdfcf15492be306a478c06c8618fc84,2015-08,Essex Police,Essex Police,0.177639,51.721144,On or near CUNNINGHAM RISE,E01021797,Epping Forest 001C,Local resolution
dae7d5a8011032932397915170fe899e3e7fc849bc54763b133d3b654ecd3548,2015-08,Essex Police,Essex Police,0.635152,51.816857,On or near VIRGIL ROAD,E01021418,Braintree 015C,Local resolution
ee9afc2cb52aa760442e0b79eb5cf1a914e80335ce3445c7b9d34bfa846d8969,2015-08,Essex Police,Essex Police,0.523808,51.599921,On or near SHAW CLOSE,E01021344,Basildon 008D,Investigation complete; no suspect identified
41feb9db7f430cf1d20f7efab4843a41033c160169234a7814ce395d23a9b407,2015-08,Essex Police,Essex Police,0.371105,51.488300,On or near DEFOE PARADE,E01015936,Thurrock 012D,Formal action is not in the public interest
510769dda01a916a85eda2c457e22949b87a841876acd206b9a0a929270b3148,2015-08,Essex Police,Essex Police,0.119667,51.774990,On or near COOKS SPINNEY,E01021844,Harlow 002A,Offender given a caution
5a70dca5c341d932ea53934edc8044141ffcd40b4662ca475c9364bc9e746c87,2015-08,Essex Police,Essex Police,0.472257,51.733569,On or near Shopping Area,E01033141,Chelmsford 010G,Local resolution
850027fd094a5540fc20eacb1d50bfbda3b52f47dad4c7902c9bcda0026ff608,2015-08,Essex Police,Essex Police,0.429258,51.571133,On or near ALBERT DRIVE,E01021289,Basildon 016C,Formal action is not in the public interest
78cb5227d9248dac2be685f7ffbae1e07d5d7a46c35c4345d5d62a4fde615092,2015-08,Essex Police,Essex Police,1.159181,51.804549,On or near PUFFINSDALE,E01022041,Tendring 010D,Investigation complete; no suspect identified
5aaeea6690ae84e1695afb2752b1e3305703d34c3b987da1e2231f100a0a170a,2015-08,Essex Police,Essex Police,0.504052,51.566305,On or near Supermarket,E01021316,Basildon 018D,Investigation complete; no suspect identified
f564c1d1f457d90f631d029a382ee3a3908742ede4baf11a76416e4c76b15394,2015-08,Essex Police,Essex Police,0.873753,51.864678,On or near ARAKAN CLOSE,E01021714,Colchester 015D,Unable to prosecute suspect
f8c42ece85ce8e6e904cad195854ce13130ce3bbcca264716986309b482f6041,2015-08,Essex Police,Essex Police,0.609835,51.554115,On or near Parking Area,E01021520,Castle Point 006C,Investigation complete; no suspect identified
6d89c3059544f7a7a49fea1538816554fc15f1f69c27d474558ac146f87ca00b,2015-08,Essex Police,Essex Police,0.612844,51.552492,On or near OAK ROAD NORTH,E01021518,Castle Point 006B,Offender given a caution
79732df03fb5d40af88632c00033e1d7734617966486a2af06f46b7913c3bc34,2015-08,Essex Police,Essex Police,0.775447,51.536444,On or near STAPLEGROVE,E01015915,Southend-on-Sea 017B,Formal action is not in the public interest
72c0aaa2347e04790a696b62576f33449b3ffa7fcaea9d21d7a5afec66831d56,2015-08,Essex Police,Essex Police,0.474190,51.732359,On or near Shopping Area,E01033140,Chelmsford 010F,Offender given penalty notice
8990050367e40637eb73c5cd85b946b302e3b9ad357650dd01dcc382b4542c8a,2015-08,Essex Police,Essex Police,0.610962,51.550367,On or near BRANCH ROAD,E01021518,Castle Point 006B,Investigation complete; no suspect identified
da0c9519a4a1482381c1f3c0d64edc48a6da4a0af859c1f64aedbe19e9330a6e,2015-08,Essex Police,Essex Police,0.289670,51.489685,On or near Supermarket,E01015982,Thurrock 019A,Investigation complete; no suspect identified
f3a9721e8adfcaee928fa165bac6ee4499855be94cbb66d9749701ec5cbbb50f,2015-08,Essex Police,Essex Police,0.016193,51.737173,On or near LANGFIELD CLOSE,E01021793,Epping Forest 002C,Formal action is not in the public interest
3ed03680c32680d466e626ada513fd4127c33c5be541d8a31b5566de9eacb002,2015-08,Essex Police,Essex Police,0.305006,51.492703,On or near DANIEL CLOSE,E01015941,Thurrock 020B,Formal action is not in the public interest
c295583b7bdc14fde8ee27891e0c99d21a16c1d21df5dedfab07786907824c4b,2015-08,Essex Police,Essex Police,0.866678,51.877676,On or near PLUME AVENUE,E01021689,Colchester 014A,Investigation complete; no suspect identified
56998e49f0e74aeaa970c0d07a1702920993d39bbd148e0c7dccdf61b397eca3,2015-08,Essex Police,Essex Police,0.297242,51.638983,On or near MARCONI GARDENS,E01021462,Brentwood 006B,Formal action is not in the public interest
a945ff45d455a156b7b7e2dcbf7b3696d570e94b0356cf68513e8ae0297b82a6,2015-08,Essex Police,Essex Police,0.324934,51.477776,On or near CLARENCE ROAD,E01015956,Thurrock 016B,Investigation complete; no suspect identified
d53455c29faf67d34fc58a0a6ef8187abdd0312c5e18fb14f9aa0b037828cdb1,2015-08,Essex Police,Essex Police,0.496694,51.734931,On or near BINLEY ROAD,E01021547,Chelmsford 008D,Investigation complete; no suspect identified
8b2ac486c6c93ec9fae3d4f8de561df27ec835b835ec84beea75b4749c477bae,2015-08,Essex Police,Essex Police,-0.003188,51.682569,On or near BROOKER ROAD,E01021817,Epping Forest 008E,Local resolution
4af69291403dd2933a2a6b834c494a714b56fe7fb8611b71897defcd1310572c,2015-08,Essex Police,Essex Police,0.710081,51.539700,On or near Further/Higher Educational Building,E01015854,Southend-on-Sea 015D,Investigation complete; no suspect identified
9d57f284c0ed93b3c8c3da4c2bd0c75f3d4a961dfbf9d80a40b7fce54b338290,2015-08,Essex Police,Essex Police,0.664324,51.720250,On or near Supermarket,E01021896,Maldon 005D,Investigation complete; no suspect identified
34581ce879aa98b257ecbe26d2b25042e5bd67e464988e3aae6633b5a10d3ff6,2015-08,Essex Police,Essex Police,0.702103,51.547700,On or near Petrol Station,E01015861,Southend-on-Sea 004E,Suspect charged as part of another case
b9b14dce12c494e29778cff99e9510658e3689754146341d280b3dbf12500c52,2015-08,Essex Police,Essex Police,0.638049,51.802610,On or near COLLINGWOOD ROAD,E01021416,Braintree 017B,Investigation complete; no suspect identified
039395e4767789ae4a7424e5c047206b0d6a3bae561f944ed076409413ff2b80,2015-08,Essex Police,Essex Police,0.596881,51.602994,On or near PRIORY CHASE,E01021920,Rochford 006A,Investigation complete; no suspect identified
7a6b35427dec8aadb7c4527d454888eea67ceae21d57c71c9b53847624f517b0,2015-08,Essex Police,Essex Police,0.323992,51.477085,On or near Shopping Area,E01015954,Thurrock 017D,Investigation complete; no suspect identified
4014064473658c8a121603e6af8b705e6748011cda67d016b352ee73289b5040,2015-08,Essex Police,Essex Police,1.152101,51.791878,On or near HAYES ROAD,E01022026,Tendring 016C,Formal action is not in the public interest
838af14b0ebdc58577e553f12c1a7e3a05faeeea861761f3ef993877ee460e34,2015-08,Essex Police,Essex Police,0.702103,51.547700,On or near Petrol Station,E01015861,Southend-on-Sea 004E,Suspect charged
ec37a5e15682c3367d3621d1c8045b3dffcaf647a344669288bfafb57e115a4a,2015-08,Essex Police,Essex Police,0.840033,51.759895,On or near THURSTABLE WAY,E01021908,Maldon 001A,Suspect charged
6a5c1b85155b43c56aca899abb763341f18b3467721e8a831b41fce22e91cf17,2015-08,Essex Police,Essex Police,1.284066,51.942013,On or near CANNING STREET,E01021998,Tendring 001B,Unable to prosecute suspect
e4257b8bc3b1aa5f828ee78d36e709ac8c1774c33aab8ed9c4875572c997288a,2015-08,Essex Police,Essex Police,0.455359,51.745920,On or near LANGTON AVENUE,E01021576,Chelmsford 006A,Offender given a caution
993ef3ec10637d91e175d20834df42081b37f03b93e230d9dc91017831d0a9fe,2015-08,Essex Police,Essex Police,0.076800,51.649483,On or near Further/Higher Educational Building,E01021790,Epping Forest 012E,Investigation complete; no suspect identified
72fda830ce64c121fd685c435235ef60f9cb7d21b48e5da7004aa4fbe2bd6b9e,2015-08,Essex Police,Essex Police,0.441899,51.573812,On or near TEAGLES,E01021291,Basildon 016E,Formal action is not in the public interest
c854a9f517744f20cd00ef3c68c7020c6d36582678f96f6c4b9a9db203c953d7,2015-08,Essex Police,Essex Police,0.001181,51.688160,On or near CROOKED MILE,E01021812,Epping Forest 009B,Investigation complete; no suspect identified
025de1d3f47e317fd2cf9f37fd8b5e554868ef9934da08b5d57a3b703be6ed8e,2015-08,Essex Police,Essex Police,0.565974,51.523282,On or near SECOND AVENUE,E01021486,Castle Point 010B,Investigation complete; no suspect identified
19b185682cfc93de2b882d094be5fc8ec0e5d3232ed0715394fd72a0e4550d92,2015-08,Essex Police,Essex Police,0.591896,51.592555,On or near HATFIELD ROAD,E01021926,Rochford 006B,Investigation complete; no suspect identified
2f838ed41c7f8b0ff8ebe4e09ffcaad8d3d508ddbb8f9b80335ac42a153323a5,2015-08,Essex Police,Essex Police,0.213922,51.986761,On or near BELMONT HILL,E01022073,Uttlesford 003D,Local resolution
74b0b55f7f037bf62940487bed4a02a177271b440fb0b9d561643106aa8eca51,2015-08,Essex Police,Essex Police,0.133688,51.783963,On or near Parking Area,E01021855,Harlow 001B,Suspect charged
2f50fa0116d68e288424df11d12f2fd788fb200f47f21b352893292b80e6f0a9,2015-08,Essex Police,Essex Police,0.702343,51.588714,On or near ORMONDE AVENUE,E01021953,Rochford 004C,Unable to prosecute suspect
fa9db51abef141420f8f5f6590910657f4615d0b0ec50596c885ce7a90f6d8db,2015-08,Essex Police,Essex Police,0.461544,51.747229,On or near BROWNINGS AVENUE,E01021592,Chelmsford 006D,Investigation complete; no suspect identified
2244df9e96945bbb0da81df5620bc058b35bd079571fb3b633b20b04419e6cb5,2015-08,Essex Police,Essex Police,0.560540,51.576462,On or near WOODSIDE VIEW,E01021515,Castle Point 001C,Investigation complete; no suspect identified
6f41071027c563daf9e3d5799cad2e81308cebfbc46b04d0249948f15f054fd3,2015-08,Essex Police,Essex Police,0.552410,51.879134,On or near Tofts Walk,E01021365,Braintree 009D,Investigation complete; no suspect identified
e1248cc84d9320512f6f0f0e5211b2b6da0ecad06326cdcf4f95a60b5f78fe3e,2015-08,Essex Police,Essex Police,1.269737,51.934281,On or near BIRCH AVENUE,E01021999,Tendring 001C,Unable to prosecute suspect
7ead6fb5e14dbf015f3be838fcaba4f160f500520f0ce2849d733e78fe6ea7a5,2015-08,Essex Police,Essex Police,0.275564,51.489033,On or near Supermarket,E01016012,Thurrock 015C,Investigation complete; no suspect identified
39b31e2c38415a5eba0a098cd6eaf6c2e742b463854391c9b501bd31e2005259,2015-08,Essex Police,Essex Police,0.856421,51.888475,On or near BYRON AVENUE,E01021675,Colchester 009C,Investigation complete; no suspect identified
85d04bc5cc5e9ebc8c653bcabd6019d4680fc5c54f11d96a4c9fd4233dbd8626,2015-08,Essex Police,Essex Police,0.567412,51.519635,On or near Petrol Station,E01021501,Castle Point 011D,Local resolution
0a6390eba11ab2d355beed3333626a27976ca7d1122fcf340cbcee848d17d3e9,2015-08,Essex Police,Essex Police,0.558641,51.553966,On or near HIGH ROAD,E01021522,Castle Point 007C,Suspect charged as part of another case
c3301793a4bb8f14a4033c301bf63761a78dd384a3052a81c2931695ce4e09f4,2015-08,Essex Police,Essex Police,0.519420,51.600231,On or near Petrol Station,E01021344,Basildon 008D,Suspect charged
b6faf3fd25594044c8094fae5df7075f5d75db857aea606eab36055f5306cfb2,2015-08,Essex Police,Essex Police,0.363628,51.464043,On or near CHRISTCHURCH ROAD,E01016010,Thurrock 018H,Offender given penalty notice
fde9412de37ff4c694a59ba499ea2aa54284974759047c4723dcde54b5e2a9e0,2015-08,Essex Police,Essex Police,0.292644,51.485787,On or near STAFFORD CLOSE,E01015982,Thurrock 019A,Formal action is not in the public interest
a2ae2020b0dc02f03e701a9dba36b649e92486fa1e3a45d46e3bd99c444ea548,2015-08,Essex Police,Essex Police,0.472257,51.733569,On or near Shopping Area,E01033141,Chelmsford 010G,Suspect charged
44081f9f968edd2b9f51cd4c0e177a101a2e4e31ee5a95d002421f13dbbbd070,2015-08,Essex Police,Essex Police,0.485313,51.753725,On or near Capio Springfield Hospital,E01021620,Chelmsford 004D,Investigation complete; no suspect identified
cf9becbd3bf4fd748c3df069603da86498a1e3f0d8a560d74bcc9d478b4b14d8,2015-08,Essex Police,Essex Police,0.939753,51.899030,On or near ORWELL CLOSE,E01021708,Colchester 022A,Investigation complete; no suspect identified
b05747b6ae476d3544300625d8ff3c92c90deaf5303590825b83fd05634e6f0f,2015-08,Essex Police,Essex Police,1.152845,51.797551,On or near WELLESLEY ROAD,E01022043,Tendring 014B,Formal action is not in the public interest
03b071552bd7c58b3ac2e2ec720eb84ff8e180588cc4d36526f1a46400e515f3,2015-08,Essex Police,Essex Police,0.235330,52.017425,On or near COPPERFIELDS,E01022075,Uttlesford 001B,Unable to prosecute suspect
81af34cc030538910867d4e58181c9c59a34c685e81449aac225bb4493595987,2015-08,Essex Police,Essex Police,0.472257,51.733569,On or near Shopping Area,E01033141,Chelmsford 010G,Suspect charged
683cf0732fd983d21a93469a449467e0e388cc6210544f92bbb94ca7d117be74,2015-08,Essex Police,Essex Police,0.863591,51.877580,On or near KING HAROLD ROAD,E01021689,Colchester 014A,Unable to prosecute suspect
b945e8cc3244593dc9d68d7e4c91b2b5d55ed101814c366bd6a33993eed9a033,2015-08,Essex Police,Essex Police,0.290441,51.622748,On or near BORROMEO WAY,E01021432,Brentwood 004B,Investigation complete; no suspect identified
5d489c97ff0736c810292fa62c832efd9112080b642c7cd6c74deb0bb07d9ad8,2015-08,Essex Police,Essex Police,0.491041,51.588840,On or near PAYCOCKE ROAD,E01021269,Basildon 012C,Local resolution
e5d48741c28afc2ba53a99060085a8e3c0d31937527497878c0b130505229195,2015-08,Essex Police,Essex Police,0.133837,51.755481,On or near LONDON ROAD,E01021835,Harlow 008C,Offender given a caution
83eed591c0c77325375452a10e1a19fafeb182b4f90d4b906b10217999b26fb2,2015-08,Essex Police,Essex Police,0.614321,51.640829,On or near LITTLECROFT,E01021608,Chelmsford 020D,Investigation complete; no suspect identified
9a3b9bafd34aa8342c129233478987f79a3f375971fd056777bcc56d192c091c,2015-08,Essex Police,Essex Police,0.095357,51.767783,On or near Shopping Area,E01021872,Harlow 007E,Investigation complete; no suspect identified
f2c215d3660eb0f2aab4d454fe7801c073c46f5fd5945a6aaa54663b5bab8d61,2015-08,Essex Police,Essex Police,0.097001,51.781044,On or near Parking Area,E01021853,Harlow 003E,Investigation complete; no suspect identified
707478ba228197a06d6b674a8a022fadfd0b763704478bfed86d7050dcd01a55,2015-08,Essex Police,Essex Police,0.705914,51.840224,On or near FEERING HILL,E01021402,Braintree 014E,Investigation complete; no suspect identified
fd20db06428e22be7ebf448f0d4e49d5522cb8468bdf369399b76a2058e90b42,2015-08,Essex Police,Essex Police,0.312588,51.488803,On or near DEVEREUX ROAD,E01033612,Thurrock 020D,Investigation complete; no suspect identified
7e30066f7508f004731432c8ee95f32d226f33a2e0c7ba5d19ab2fb41cc94cb7,2015-08,Essex Police,Essex Police,0.717404,51.535043,On or near CHANCELLOR ROAD,E01015852,Southend-on-Sea 015B,Formal action is not in the public interest
9b458b10a81eb5ad51d3dd7173e629432911916e61914b05fac786fbbcd3d3ad,2015-08,Essex Police,Essex Police,0.460282,51.576674,On or near LANDERMERE,E01021319,Basildon 017E,Suspect charged
6095979e44f104d332ede91ba4f008cb1dea658b70f0e38d633ad053d7c25fcb,2015-08,Essex Police,Essex Police,0.596881,51.602994,On or near PRIORY CHASE,E01021920,Rochford 006A,Investigation complete; no suspect identified
e0b2ffb6490500994863e1a8bc0c12a318b85a84ccb1142f216a45d8464063e8,2015-08,Essex Police,Essex Police,0.341638,51.491779,On or near Parking Area,E01015966,Thurrock 010D,Investigation complete; no suspect identified
bdb49868ab5f93c8b3ab86513b65001b60d6ad5f0151b1d6c11316ef063b486d,2015-08,Essex Police,Essex Police,1.151333,51.789380,On or near Supermarket,E01022025,Tendring 016B,Formal action is not in the public interest
78b78f72341716574342a4a5fda341fc9ca76044ecd881bc2bb431a17c02e329,2015-08,Essex Police,Essex Police,0.521172,51.864115,On or near FELBRIGG CLOSE,E01021383,Braintree 010C,Formal action is not in the public interest
9685273c8f04f711f69ca54ffed00b9a27b00716b8f152ad24d9396221c2f5e9,2015-08,Essex Police,Essex Police,0.319334,51.495127,On or near NUTBERRY CLOSE,E01015994,Thurrock 009D,Investigation complete; no suspect identified
eed4db2d5f4746f9f21f3f52592e17a54adb308191fd0fda6a07e2790747f5b8,2015-08,Essex Police,Essex Police,0.326420,51.482909,On or near DELL ROAD,E01015959,Thurrock 016C,Suspect charged
b641340f719eb897be0a7ad8c325b50b65bfc3d03ea7b7562845ef65399aef1e,2015-08,Essex Police,Essex Police,0.628769,51.630218,On or near KINGSMANS FARM ROAD,E01021942,Rochford 001A,Formal action is not in the public interest
0e7b6518c5a336d7669ed428f71268c9fb551c74d4d3bb3cbb1619bacb6dfe2d,2015-08,Essex Police,Essex Police,0.899183,51.910173,On or near Hospital,E01021682,Colchester 004D,Local resolution
bdc0a6be8c8503f09d64e8801b0e0710be0dbb9d40243ed557fb52adead9a76c,2015-08,Essex Police,Essex Police,0.345558,51.495748,On or near JESMOND ROAD,E01015963,Thurrock 010A,Investigation complete; no suspect identified
73fc48f1ed05bf89f0fabe9e28d0ee1bbc66cba901ef3ace6e030bd77e4c4f12,2015-08,Essex Police,Essex Police,1.149490,51.790419,On or near ROSEMARY ROAD WEST,E01022026,Tendring 016C,Suspect charged
12d3b52fec5d2534a6a64bf7ce3e774e67a6d7c6444d9390e4f4cc012aea7ce7,2015-08,Essex Police,Essex Police,0.261159,51.867630,On or near ORCHID CLOSE,E01022091,Uttlesford 006C,Formal action is not in the public interest
0601cb04c1d36dec379a583a46fed82ff9642677d12b21e709fb97adac8ce7bc,2015-08,Essex Police,Essex Police,0.713214,51.535158,On or near Nightclub,E01015852,Southend-on-Sea 015B,Suspect charged
4d60779010aaff7069c7295332a0b9d0b0e67a4b5ac6c0225843222317b8f7c5,2015-08,Essex Police,Essex Police,0.771709,51.535921,On or near GOLDMER CLOSE,E01015916,Southend-on-Sea 017C,Investigation complete; no suspect identified
44e3c6a1d1016c569d119214b3fb1b3b89111503e195a91631f20bd846bec77b,2015-08,Essex Police,Essex Police,0.485939,51.567041,On or near LINDSELL GREEN,E01021327,Basildon 019E,Formal action is not in the public interest
a6f9b26c98ecffd6e626449e50239138bd7b8192233f62e3cf8d89072f701b0f,2015-08,Essex Police,Essex Police,0.793316,51.539519,On or near Parking Area,E01015880,Southend-on-Sea 013E,Unable to prosecute suspect
d2a8167b34dcceb73fccebfb9e0e944914ed7a5e6a9b24c9b296eab11db587fe,2015-08,Essex Police,Essex Police,0.880032,51.871998,On or near REED HALL AVENUE,E01033723,Colchester 015G,Offender given a caution
6f00725f91fa08a253e3bc471694e20c054f606885ed8678dd84268dc70a30b2,2015-08,Essex Police,Essex Police,0.611507,51.518581,On or near CORSEL ROAD,E01021490,Castle Point 012B,Local resolution
1aa1dd33b99cb28078cb04a0566164030328b3663efa634c63a5d4303f335310,2015-08,Essex Police,Essex Police,0.997340,51.853642,On or near POUNDFIELD CLOSE,E01021967,Tendring 009A,Suspect charged
67d7f47a98d031d3dd9ccfae4d2afc4a05e6a33e69f3fd3fbb3d1053b1c9646c,2015-08,Essex Police,Essex Police,1.233028,51.926023,On or near ALDON CLOSE,E01022002,Tendring 004C,Formal action is not in the public interest
292142aefd897c757ba85deb3393ae8a45c80f9e9c7aea159f278b6ba5e86894,2015-08,Essex Police,Essex Police,0.600016,51.579758,On or near ORCHARD AVENUE,E01021966,Rochford 008F,Formal action is not in the public interest
2a44f4a9a660e4ebd27f92659ff4ab512daea803cc311026725e1410f2bca78f,2015-08,Essex Police,Essex Police,0.450040,51.754457,On or near WARDLE WAY,E01021601,Chelmsford 003E,Unable to prosecute suspect
e90a938e5861bca74f88b2eeb302eb1d6ae7cb864720606b192494b1bca425d2,2015-08,Essex Police,Essex Police,0.903936,51.888057,On or near Bus/Coach Station,E01021648,Colchester 007C,Offender given a caution
c5c47decdb7e7fcfc4d44ebfeb29e5b0dd467ffd79ffde189d425d8df9172501,2015-08,Essex Police,Essex Police,0.466470,51.736073,On or near Bus/Coach Station,E01021574,Chelmsford 010A,Investigation complete; no suspect identified
9991557ae9e3c64b2531f87d4b75b3fb50aef99f213f5f673f93fc582dfe980a,2015-08,Essex Police,Essex Police,0.652747,51.811317,On or near EASTWAYS,E01021362,Braintree 015A,Investigation complete; no suspect identified
6a301761ae7634641bbff55a453e31c3e55cbb30f543e113c171c7848319351a,2015-08,Essex Police,Essex Police,0.708147,51.546967,On or near TUNBRIDGE ROAD,E01015899,Southend-on-Sea 010E,Suspect charged
8d54729c6b8a36cb78dc19faea2e0b32cdb075a333361412ef68095c7ae370aa,2015-08,Essex Police,Essex Police,0.929648,51.885162,On or near Supermarket,E01033722,Colchester 008H,Offender given a caution
312bde561e1bb188703c49c9b8b6034feea78fd85787237df52d49eaa45f2b08,2015-08,Essex Police,Essex Police,0.608490,51.598915,On or near BRIXHAM CLOSE,E01021919,Rochford 005B,Investigation complete; no suspect identified
842ca098aa50f91274c33d70207eb0fa3dc5c7dac80dacc1ea5a6a98dcec9394,2015-08,Essex Police,Essex Police,1.153340,51.787393,On or near Nightclub,E01022025,Tendring 016B,Investigation complete; no suspect identified
16e5f4bc7a9eab533cc120ded32e9e606347cae3c9d23e7f1c9d9aed7dec0d23,2015-08,Essex Police,Essex Police,0.050757,51.630400,On or near LOUGHTON WAY,E01021742,Epping Forest 015A,Formal action is not in the public interest
d9edf4007998bf511445432968186fb4fc9b0206f2f5a4d7fbe1f9f970c108a7,2015-08,Essex Police,Essex Police,0.489980,51.579996,On or near SOUTHCOTE CRESCENT,E01021269,Basildon 012C,Formal action is not in the public interest
85c3503da4b64c2ab4c8cf57ef373633330e9378ceb7a406eadb9fe86973775a,2015-08,Essex Police,Essex Police,0.895390,51.894168,On or near MARKET CLOSE,E01021650,Colchester 007E,Investigation complete; no suspect identified
050ac692cb84631adefec0d5f937ff9c420ca78121eb5f99ae4e622f4edc9b89,2015-08,Essex Police,Essex Police,0.388280,51.671690,On or near Parking Area,E01021458,Brentwood 002B,Investigation complete; no suspect identified
a4573270ca52753521872218010d4fcbdace6c87ce1d5b5897f292861c09a105,2015-08,Essex Police,Essex Police,0.211905,51.808479,On or near ARDLEY CRESCENT,E01022070,Uttlesford 009C,Unable to prosecute suspect
bfe70fe6e593bbdaeef283fac0ade3aff445cfdc2159378c660fcbd9bc9b386b,2015-08,Essex Police,Essex Police,0.902706,51.887692,On or near VINEYARD STREET,E01021649,Colchester 007D,Investigation complete; no suspect identified
fd2ae23bde459f04a1a618ed967b406d7db1bd0b2b4ada45f456b438b72bc830,2015-08,Essex Police,Essex Police,0.575618,51.532460,On or near Petrol Station,E01021505,Castle Point 008D,Investigation complete; no suspect identified
860dce0dec581dbca8b717ad40cb9d387ab8e4a3fe5d8759c7452988ab31d754,2015-08,Essex Police,Essex Police,1.142265,51.793095,On or near FORD ROAD,E01021968,Tendring 017A,Investigation complete; no suspect identified
92a9316169f24162c7e78c277cf6607b86f52f2c1db8e5ef8b23894434485f97,2015-08,Essex Police,Essex Police,0.434880,51.946967,On or near HIGH STREET,E01021411,Braintree 005B,Investigation complete; no suspect identified
b2086399dca8d50ff0eb36a7fda8d50385e6484879b088ef287ec0c9d621fa3c,2015-08,Essex Police,Essex Police,1.154354,51.788616,On or near COLNE ROAD,E01022025,Tendring 016B,Investigation complete; no suspect identified
cbddafd57f34dc441b72ebb98f6a0507381c0be300834baca0eeed683ff74491,2015-08,Essex Police,Essex Police,0.642363,51.815112,On or near WILLOW RISE,E01021419,Braintree 015D,Investigation complete; no suspect identified
9875d070c5fb12dd92090a834f1df27fc2b87dbcf30fd050f9ee22c61117dde3,2015-08,Essex Police,Essex Police,0.688940,51.598663,On or near AVON CLOSE,E01021928,Rochford 002C,Investigation complete; no suspect identified
4e30fddac0d81b9973f6203ac24e4d2f2591280bb3c2326833cc414167fb35de,2015-08,Essex Police,Essex Police,0.475214,51.731744,On or near Shopping Area,E01033140,Chelmsford 010F,Suspect charged
a1ba779cdad83053e9f3548a91803401a1290c895051038b9631d2d6aaa0fc5e,2015-08,Essex Police,Essex Police,0.777996,51.534963,On or near DELAWARE CRESCENT,E01015917,Southend-on-Sea 017D,Suspect charged
b2a10449890efec1788ac8b20e23bf76d71324a2134fbbd05bc73128b65b7275,2015-08,Essex Police,Essex Police,0.929648,51.885162,On or near Supermarket,E01033722,Colchester 008H,Formal action is not in the public interest
fc8b2fa57d0b3126a1f4c11b20c901cfafea05ec887a82b2335a8cb335cc902d,2015-08,Essex Police,Essex Police,0.427463,51.567789,On or near BEESTON COURT,E01021286,Basildon 016A,Suspect charged
57a3660ee19004e5823b44a4aa84cee09ff0cd85e5b871c0545d19c20e035b79,2015-08,Essex Police,Essex Police,0.282488,51.487496,On or near Shopping Area,E01016011,Thurrock 015B,Investigation complete; no suspect identified
c400f8b26e1f388334cdecc93cc61007398a6a5a18077480b69e50a6f59a762f,2015-08,Essex Police,Essex Police,0.417873,51.629320,On or near Petrol Station,E01021247,Basildon 003E,Formal action is not in the public interest
bf5dea62988a31eb3d81e5feecd06c52b52e8e8aaee6d0029ebf30d3eaef453e,2015-08,Essex Police,Essex Police,1.248772,51.844290,On or near Supermarket,E01021994,Tendring 008B,Suspect charged
fcc4cdfcb2a5c0fb21871ea2ff5617724ab003b8718e084e53dba2381511d55f,2015-08,Essex Police,Essex Police,0.477029,51.572769,On or near FAIRLOP GARDENS,E01021321,Basildon 015E,Investigation complete; no suspect identified
ad88bcb4fb8713d7bf77db70d7860726818fdb144a20b0b0df0a06aa70d9aaff,2015-08,Essex Police,Essex Police,1.172795,51.802564,On or near SHRUBLAND COURT,E01022050,Tendring 014E,Offender given a caution
b5ad364da56b0ac556a17129bba174fc4fb12059831bd95b4cb2f20146f4333a,2015-08,Essex Police,Essex Police,0.902854,51.945418,On or near ELLIS ROAD,E01021659,Colchester 001C,Suspect charged
e074066cc10da5f4455221dd1bc08f2cd0312cda0e08f3ba376ac73692e6e595,2015-08,Essex Police,Essex Police,0.619663,51.810252,On or near CORNEL CLOSE,E01021425,Braintree 016B,Investigation complete; no suspect identified
6f2787674a0572049d140632159c8fa8458c4225687b34c558078beb7ed47f68,2015-08,Essex Police,Essex Police,0.275564,51.489033,On or near Supermarket,E01016012,Thurrock 015C,Local resolution
693c9e2d0362e6a09f68535985175bc75dd92e6ad2c0e5f4e7bfa97d98a8af41,2015-08,Essex Police,Essex Police,0.648260,51.558695,On or near Supermarket,E01015819,Southend-on-Sea 003F,Suspect charged
e6a7de47e32f7071bdedadbc5999abcfc418ef02e484c6d78ed90b670a2a86e5,2015-08,Essex Police,Essex Police,0.428020,51.638311,On or near Supermarket,E01021250,Basildon 001D,Formal action is not in the public interest
71f94b30477115c86fe6da5081ca2ce7a7a3c9ebbd21459dd35a9959660ac81d,2015-08,Essex Police,Essex Police,0.931071,51.888940,On or near ASHDOWN WAY,E01021699,Colchester 008D,Investigation complete; no suspect identified
2c7b2c72bc18e485d08ab0d9df473ad496f75903eb04691c87fe60e4bed3937f,2015-08,Essex Police,Essex Police,0.129375,51.947118,On or near BENSKINS CLOSE,E01022089,Uttlesford 005G,Investigation complete; no suspect identified
2239a4a87aa617cffefdcc7a420dae1347b38b9595204b90f806a4ca8e51c121,2015-08,Essex Police,Essex Police,0.159716,51.713876,On or near BLENHEIM SQUARE,E01021799,Epping Forest 001E,Suspect charged
098c0ff809875a11a8400eab240d8fd9b1f0510b89ff20626f83d8dbe40b46fb,2015-08,Essex Police,Essex Police,0.665118,51.551640,On or near KENT AVENUE,E01015820,Southend-on-Sea 005A,Investigation complete; no suspect identified
b7f239baa2348c3eeb1dd57bc1b611a3ad0023c63c48d6b6921d408306933038,2015-08,Essex Police,Essex Police,0.304821,51.493885,On or near ARTERIAL ROAD NORTH STIFFORD,E01015942,Thurrock 020C,Formal action is not in the public interest
e948a308c2e880a42702b80a220c394aea8336f52bfa147b22c90c85892d94c0,2015-08,Essex Police,Essex Police,0.094133,51.767643,On or near Shopping Area,E01021872,Harlow 007E,Local resolution
16ce289a97b5e660f11348d3b41e9232dff76906ad7a9b208d89e7465f56ea8d,2015-08,Essex Police,Essex Police,1.146196,51.789968,On or near Supermarket,E01022038,Tendring 017E,Investigation complete; no suspect identified
f167546d5824a315bff33b1411351904d195aa1fa21f3e64a9216bc5d029800c,2015-08,Essex Police,Essex Police,0.656214,51.602071,On or near Supermarket,E01021937,Rochford 003E,Suspect charged
77649b02c69f311578ed866066e5495ff85c30cfe6654555606a399038570542,2015-08,Essex Police,Essex Police,0.934588,51.885147,On or near ALEFOUNDER CLOSE,E01033722,Colchester 008H,Investigation complete; no suspect identified
d859129e4dcfe8e7f63c1b2c3383c74d089b628008a94205c0b7cab1244f9327,2015-08,Essex Police,Essex Police,0.631275,51.760763,On or near MALDON ROAD,E01021913,Maldon 002D,Investigation complete; no suspect identified
475fb9de13b8f72fd04178a346baf1799f661f6972900a3012649d702da14bb2,2015-08,Essex Police,Essex Police,0.480520,51.580682,On or near MAPLESTEAD,E01021267,Basildon 012B,Investigation complete; no suspect identified
15a7a56661f7192b3e713e45ed7340cb903f8f201c674bf986f908064ecd3192,2015-08,Essex Police,Essex Police,0.361679,51.461709,On or near CALCUTTA ROAD,E01016009,Thurrock 018G,Investigation complete; no suspect identified
c8790f0ef9519b492c86efee2ec21baa014db135e9d9f9f8447efa2ca373094f,2015-08,Essex Police,Essex Police,0.091838,51.768151,On or near PLAYHOUSE SQUARE,E01021872,Harlow 007E,Suspect charged
b689552a6c6abc4498dfb1ebd9595eadd46134cc5ccd226b2e79ec75670f24ca,2015-08,Essex Police,Essex Police,0.471939,51.696677,On or near MORETONS,E01021554,Chelmsford 017C,Formal action is not in the public interest
5dedc193feb42a76f692d53b389fa88276cc4c51d6f273c7ef565adc3b5d05de,2015-08,Essex Police,Essex Police,0.453841,51.570981,On or near WESTGATE,E01021318,Basildon 015C,Suspect charged
af6e7f087595141f8fdf66129d5c7859552f2cb27937b800142e1d9b7d5fc43a,2015-08,Essex Police,Essex Police,1.148481,51.805277,On or near LONDON ROAD,E01022044,Tendring 013E,Local resolution
09ef61b39d0ed69433debbf1565c8ee3b4ec07c59b5c352e5cdd562bc731b133,2015-08,Essex Police,Essex Police,0.261741,51.889938,On or near Airport/Airfield,E01022090,Uttlesford 006B,Offender given a caution
74acb1f073160a53180614af9e938fce113dda9b313e27d89e8ccfeb6d9496a1,2015-08,Essex Police,Essex Police,1.149490,51.790419,On or near ROSEMARY ROAD WEST,E01022026,Tendring 016C,Offender given a caution
24871a71ee67269e0d9996489fc51660d88d460fe838524c6ee210cd9794b38b,2015-08,Essex Police,Essex Police,0.119694,51.648636,On or near FIELD CLOSE,E01021770,Epping Forest 010A,Formal action is not in the public interest
e107517942cf8686a7fe0ace440e713f52bb9142f16a5e44d20322546311929d,2015-08,Essex Police,Essex Police,0.174365,51.723804,On or near Sports/Recreation Area,E01021797,Epping Forest 001C,Local resolution
3fb8bd2d8b94ae340dd8ecc0576301c7890a7715f9ef0e9b8be2c263ae4fbd02,2015-08,Essex Police,Essex Police,0.468593,51.736218,On or near DUKE STREET,E01033141,Chelmsford 010G,Investigation complete; no suspect identified
0db3dca271559b35fcfdeeb573b22988640e63a53fa5920dba26e3235507729c,2015-08,Essex Police,Essex Police,0.408678,51.490286,On or near HAMPSHIRE GARDENS,E01015950,Thurrock 013D,Investigation complete; no suspect identified
74b0b55f7f037bf62940487bed4a02a177271b440fb0b9d561643106aa8eca51,2015-08,Essex Police,Essex Police,0.133688,51.783963,On or near Parking Area,E01021855,Harlow 001B,Suspect charged
417b3cabc788c34c227027ee366f17d2aeaf689f13d1958a6082cb5f10d8af80,2015-08,Essex Police,Essex Police,0.472257,51.733569,On or near Shopping Area,E01033141,Chelmsford 010G,Formal action is not in the public interest
7d5d770b4a668b70d6befba824559838b351254a326547cbd84984d4b3b0df29,2015-08,Essex Police,Essex Police,0.703299,51.583674,On or near Hospital,E01021955,Rochford 004D,Unable to prosecute suspect
7f8f58aa5d480d99e259db047e8561e417d311d2d4993f12e2408ea06b22518c,2015-08,Essex Police,Essex Police,0.596014,51.513565,On or near LOVENS CLOSE,E01021500,Castle Point 012E,Suspect charged
3696870d2d3d35294a461b21fb029df025f68e28307422f92867a434c598f103,2015-08,Essex Police,Essex Police,0.676354,51.565864,On or near Sports/Recreation Area,E01015865,Southend-on-Sea 002C,Suspect charged
